1181,31,1317,31,1317,68,1181,68
1328,31,1428,31,1428,63,1328,63
1443,36,1575,36,1575,63,1443,63
1270,78,1491,78,1491,99,1270,99
1501,78,1575,78,1575,99,1501,99
1176,84,1260,84,1260,99,1176,99
1307,116,1450,123,1448,158,1306,152
1454,120,1543,120,1543,152,1454,152
1548,120,1648,120,1648,152,1548,152
1653,120,1727,120,1727,152,1653,152
987,126,1102,126,1102,157,987,157
1107,126,1186,126,1186,157,1107,157
1191,126,1291,126,1291,157,1191,157
1428,152,1496,152,1496,189,1428,189
1501,152,1554,152,1554,183,1501,183
1732,152,1806,152,1806,189,1732,189
955,155,1067,163,1065,198,953,191
1067,163,1138,154,1142,187,1071,196
1144,157,1212,157,1212,189,1144,189
1218,157,1302,157,1302,189,1218,189
1312,157,1422,157,1422,189,1312,189
1559,157,1622,157,1622,183,1559,183
1627,157,1727,157,1727,189,1627,189
1333,194,1417,194,1417,225,1333,225
1470,273,1611,273,1611,325,1470,325
1134,278,1286,278,1286,330,1134,330
1291,278,1464,278,1464,325,1291,325
1228,357,1533,357,1533,404,1228,404
924,362,981,362,981,409,924,409
1165,362,1233,362,1233,404,1165,404
981,367,1050,367,1050,409,981,409
1169,417,1364,410,1366,451,1170,458
1375,414,1470,414,1470,451,1375,451
924,420,1023,420,1023,467,924,467
1029,425,1092,425,1092,462,1029,462
1275,462,1365,462,1365,509,1275,509
1375,463,1498,469,1496,510,1373,503
1029,472,1113,472,1113,509,1029,509
1165,467,1207,467,1207,509,1165,509
1212,467,1270,467,1270,509,1212,509
924,472,1023,472,1023,514,924,514
1748,561,1832,561,1832,609,1748,609
1323,567,1391,567,1391,614,1323,614
1396,567,1475,567,1475,609,1396,609
1617,567,1743,567,1743,609,1617,609
1018,577,1071,577,1071,614,1018,614
1569,635,1638,635,1638,687,1569,687
1401,640,1517,640,1517,687,1401,687
918,645,1034,645,1034,693,918,693
1039,645,1134,645,1134,693,1039,693
1139,645,1239,645,1239,687,1139,687
1239,645,1396,645,1396,687,1239,687
1517,645,1569,645,1569,687,1517,687
1354,714,1412,714,1412,756,1354,756
1412,714,1480,714,1480,750,1412,750
1701,708,1753,708,1753,750,1701,750
1758,714,1827,714,1827,750,1758,750
918,771,1071,771,1071,819,918,819
1076,771,1139,771,1139,813,1076,813
1149,777,1239,777,1239,813,1149,813
1244,771,1401,771,1401,819,1244,819
1401,771,1501,771,1501,813,1401,813
1506,771,1606,771,1606,813,1506,813
1706,834,1753,834,1753,876,1706,876
1758,840,1832,840,1832,876,1758,876
1354,845,1412,845,1412,882,1354,882
1407,840,1480,840,1480,882,1407,882
918,897,981,897,981,945,918,945
987,897,1092,897,1092,945,987,945
1092,897,1165,897,1165,945,1092,945
1165,903,1244,903,1244,945,1165,945
1727,971,1758,971,1758,1008,1727,1008
1758,971,1832,971,1832,1008,1758,1008
1375,976,1480,976,1480,1013,1375,1013
918,1029,987,1029,987,1076,918,1076
981,1029,1086,1029,1086,1076,981,1076
1092,1029,1207,1029,1207,1076,1092,1076
1207,1029,1281,1029,1281,1076,1207,1076
1281,1034,1333,1034,1333,1081,1281,1081
1338,1039,1401,1039,1401,1076,1338,1076
1375,1097,1480,1097,1480,1144,1375,1144
1727,1102,1832,1102,1832,1144,1727,1144
971,1155,1065,1155,1065,1207,971,1207
1065,1155,1160,1155,1160,1207,1065,1207
918,1160,971,1160,971,1207,918,1207
1160,1160,1254,1160,1254,1207,1160,1207
1470,1165,1548,1165,1548,1207,1470,1207
1260,1165,1375,1165,1375,1207,1260,1207
1375,1165,1464,1165,1464,1207,1375,1207
1375,1228,1480,1228,1480,1275,1375,1275
1701,1228,1753,1228,1753,1270,1701,1270
1758,1233,1832,1233,1832,1270,1758,1270
971,1286,1065,1286,1065,1333,971,1333
918,1291,971,1291,971,1333,918,1333
1065,1291,1160,1291,1160,1338,1065,1338
1160,1291,1254,1291,1254,1338,1160,1338
1260,1291,1349,1291,1349,1338,1260,1338
1470,1291,1590,1291,1590,1344,1470,1344
1590,1291,1674,1291,1674,1338,1590,1338
1349,1296,1464,1296,1464,1338,1349,1338
1375,1359,1480,1359,1480,1407,1375,1407
1701,1359,1753,1359,1753,1407,1701,1407
1758,1365,1832,1365,1832,1401,1758,1401
918,1417,1050,1417,1050,1464,918,1464
1055,1422,1107,1422,1107,1470,1055,1470
1118,1422,1197,1422,1197,1470,1118,1470
1202,1422,1317,1422,1317,1470,1202,1470
1317,1422,1475,1422,1475,1470,1317,1470
1480,1422,1627,1422,1627,1470,1480,1470
918,1470,1176,1470,1176,1517,918,1517
1753,1533,1827,1533,1827,1580,1753,1580
1380,1543,1417,1543,1417,1580,1380,1580
1412,1543,1480,1543,1480,1580,1412,1580
1727,1543,1753,1543,1753,1580,1727,1580
918,1596,1050,1596,1050,1643,918,1643
1055,1596,1170,1596,1170,1643,1055,1643
1391,1596,1480,1596,1480,1643,1391,1643
1170,1601,1265,1601,1265,1648,1170,1648
1265,1601,1391,1601,1391,1643,1265,1643
1485,1601,1564,1601,1564,1648,1485,1648
1569,1601,1690,1601,1690,1643,1569,1643
1034,1669,1060,1669,1060,1706,1034,1706
1359,1669,1480,1669,1480,1711,1359,1711
1753,1664,1827,1664,1827,1711,1753,1711
1706,1674,1753,1674,1753,1706,1706,1706
916,1725,1049,1718,1052,1769,919,1776
1055,1727,1176,1727,1176,1774,1055,1774
1176,1727,1260,1727,1260,1774,1176,1774
1265,1727,1412,1727,1412,1774,1265,1774
1412,1727,1512,1727,1512,1774,1412,1774
1517,1732,1638,1732,1638,1774,1517,1774
1359,1800,1407,1800,1407,1837,1359,1837
1401,1800,1480,1800,1480,1842,1401,1842
1711,1800,1753,1800,1753,1837,1711,1837
1764,1800,1832,1800,1832,1837,1764,1837
918,1853,1002,1853,1002,1900,918,1900
1008,1858,1186,1858,1186,1900,1008,1900
1197,1863,1291,1863,1291,1900,1197,1900
1302,1863,1380,1863,1380,1900,1302,1900
1391,1863,1506,1863,1506,1900,1391,1900
1359,1926,1417,1926,1417,1968,1359,1968
1407,1921,1480,1921,1480,1968,1407,1968
1706,1926,1753,1926,1753,1963,1706,1963
1758,1921,1832,1921,1832,1963,1758,1963
1034,1932,1060,1932,1060,1968,1034,1968
918,1984,987,1984,987,2031,918,2031
987,1984,1107,1984,1107,2031,987,2031
1113,1984,1270,1984,1270,2031,1113,2031
1275,1984,1365,1984,1365,2031,1275,2031
1365,1984,1485,1984,1485,2031,1365,2031
1491,1984,1606,1984,1606,2031,1491,2031
1606,1984,1816,1984,1816,2031,1606,2031
1407,2047,1480,2047,1480,2094,1407,2094
1333,2052,1417,2052,1417,2094,1333,2094
1690,2058,1758,2058,1758,2094,1690,2094
1758,2052,1832,2052,1832,2094,1758,2094
913,2110,1044,2110,1044,2163,913,2163
1050,2110,1149,2110,1149,2157,1050,2157
1155,2115,1249,2115,1249,2157,1155,2157
1254,2115,1349,2115,1349,2157,1254,2157
1354,2115,1454,2115,1454,2157,1354,2157
1464,2121,1580,2121,1580,2157,1464,2157
1354,2178,1480,2178,1480,2226,1354,2226
1711,2184,1764,2184,1764,2220,1711,2220
1764,2178,1837,2178,1837,2226,1764,2226
1396,2241,1659,2241,1659,2289,1396,2289
908,2247,976,2247,976,2294,908,2294
981,2252,1008,2252,1008,2289,981,2289
1013,2247,1128,2247,1128,2294,1013,2294
1134,2247,1244,2247,1244,2289,1134,2289
1254,2247,1391,2247,1391,2289,1254,2289
1664,2247,1800,2247,1800,2289,1664,2289
903,2294,1018,2294,1018,2341,903,2341
1218,2357,1349,2357,1349,2404,1218,2404
1354,2357,1485,2357,1485,2404,1354,2404
1711,2357,1764,2357,1764,2399,1711,2399
1769,2357,1842,2357,1842,2404,1769,2404
1192,2452,1295,2461,1290,2511,1188,2503
1296,2457,1370,2457,1370,2504,1296,2504
1371,2451,1484,2463,1479,2513,1365,2500
1695,2478,1848,2478,1848,2525,1695,2525
1060,2504,1134,2504,1134,2551,1060,2551
1139,2504,1212,2504,1212,2551,1139,2551
1218,2504,1307,2504,1307,2556,1218,2556
1307,2504,1401,2504,1401,2556,1307,2556
1401,2509,1480,2509,1480,2556,1401,2556
1202,2562,1344,2562,1344,2614,1202,2614
1349,2562,1470,2562,1470,2614,1349,2614
1664,2583,1853,2583,1853,2640,1664,2640
1224,2620,1306,2611,1311,2661,1229,2669
1307,2614,1386,2614,1386,2661,1307,2661
1391,2614,1480,2614,1480,2661,1391,2661
1302,2688,1391,2688,1391,2735,1302,2735
1391,2688,1480,2688,1480,2740,1391,2740
1701,2688,1779,2688,1779,2735,1701,2735
1779,2688,1858,2688,1858,2735,1779,2735
1249,2745,1338,2745,1338,2798,1249,2798
1338,2745,1417,2745,1417,2798,1338,2798
1727,2745,1785,2745,1785,2798,1727,2798
1785,2745,1863,2745,1863,2798,1785,2798
1417,2751,1485,2751,1485,2798,1417,2798
1365,2803,1459,2803,1459,2866,1365,2866
1459,2808,1548,2808,1548,2856,1459,2856
1554,2808,1690,2808,1690,2861,1554,2861
1050,2814,1139,2814,1139,2866,1050,2866
1139,2814,1223,2814,1223,2861,1139,2861
1228,2814,1281,2814,1281,2861,1228,2861
1286,2814,1365,2814,1365,2861,1286,2861
1023,3129,1128,3129,1128,3192,1023,3192
1282,3134,1431,3125,1435,3184,1286,3193
1128,3134,1202,3134,1202,3186,1128,3186
1202,3134,1281,3134,1281,3192,1202,3192
1433,3134,1611,3134,1611,3186,1433,3186
1617,3134,1716,3134,1716,3181,1617,3181
1438,3239,1538,3239,1538,3291,1438,3291
1013,3249,1050,3249,1050,3302,1013,3302
1055,3244,1165,3244,1165,3291,1055,3291
1165,3244,1254,3244,1254,3291,1165,3291
1260,3244,1370,3244,1370,3291,1260,3291
1375,3244,1438,3244,1438,3291,1375,3291
1538,3244,1617,3244,1617,3291,1538,3291
1622,3244,1706,3244,1706,3291,1622,3291
1706,3242,1819,3250,1816,3299,1703,3291
924,3249,1008,3249,1008,3291,924,3291
1753,3291,1811,3291,1811,3344,1753,3344
1139,3297,1265,3297,1265,3349,1139,3349
1334,3293,1432,3303,1426,3358,1328,3347
1428,3297,1506,3297,1506,3344,1428,3344
1512,3297,1569,3297,1569,3349,1512,3349
1569,3297,1638,3297,1638,3344,1569,3344
1643,3297,1748,3297,1748,3349,1643,3349
924,3302,1044,3302,1044,3354,924,3354
1044,3302,1134,3302,1134,3354,1044,3354
1265,3302,1333,3302,1333,3349,1265,3349
1034,3349,1086,3349,1086,3402,1034,3402
1265,3349,1391,3349,1391,3402,1265,3402
1449,3349,1522,3349,1522,3402,1449,3402
1575,3349,1653,3349,1653,3402,1575,3402
1737,3349,1821,3349,1821,3396,1737,3396
913,3354,1029,3354,1029,3407,913,3407
1176,3354,1260,3354,1260,3407,1176,3407
1396,3354,1449,3354,1449,3402,1396,3402
1527,3354,1569,3354,1569,3396,1527,3396
1659,3354,1737,3354,1737,3402,1659,3402
1092,3360,1165,3360,1165,3407,1092,3407
1233,3407,1328,3407,1328,3454,1233,3454
1501,3407,1590,3407,1590,3454,1501,3454
1144,3412,1233,3412,1233,3454,1144,3454
1333,3412,1386,3412,1386,3459,1333,3459
1391,3412,1501,3412,1501,3459,1391,3459
1063,3465,1296,3456,1298,3511,1066,3520
1296,3459,1569,3459,1569,3512,1296,3512
1575,3470,1674,3470,1674,3507,1575,3507
1758,3559,1837,3559,1837,3606,1758,3606
1449,3564,1522,3564,1522,3612,1449,3612
1522,3564,1648,3564,1648,3612,1522,3612
1648,3564,1753,3564,1753,3612,1648,3612
897,3570,987,3570,987,3622,897,3622
992,3570,1118,3570,1118,3617,992,3617
1187,3566,1284,3574,1280,3624,1183,3616
1380,3570,1449,3570,1449,3612,1380,3612
1128,3580,1186,3580,1186,3617,1128,3617
1286,3575,1380,3575,1380,3617,1286,3617
1671,3617,1773,3609,1777,3658,1675,3666
1344,3617,1417,3617,1417,3669,1344,3669
1475,3617,1559,3617,1559,3664,1475,3664
1559,3613,1671,3621,1668,3671,1556,3663
1008,3619,1115,3626,1112,3676,1004,3669
1118,3620,1236,3627,1232,3678,1115,3671
1233,3622,1338,3622,1338,3669,1233,3669
1412,3622,1470,3622,1470,3664,1412,3664
945,3627,1002,3627,1002,3669,945,3669
1653,3664,1722,3664,1722,3717,1653,3717
1254,3669,1333,3669,1333,3722,1254,3722
1338,3669,1464,3669,1464,3717,1338,3717
1480,3669,1569,3669,1569,3717,1480,3717
1569,3669,1653,3669,1653,3722,1569,3722
1018,3675,1092,3675,1092,3717,1018,3717
1097,3680,1186,3680,1186,3717,1097,3717
1191,3680,1249,3680,1249,3717,1191,3717
1034,3780,1123,3780,1123,3816,1034,3816
1124,3771,1231,3778,1228,3823,1121,3816
1239,3780,1312,3780,1312,3816,1239,3816
1323,3780,1407,3780,1407,3822,1323,3822
1417,3780,1543,3780,1543,3816,1417,3816
1548,3780,1601,3780,1601,3811,1548,3811
1606,3780,1716,3780,1716,3816,1606,3816
1056,3812,1157,3820,1154,3861,1053,3853
1496,3816,1580,3816,1580,3853,1496,3853
1591,3814,1697,3822,1694,3860,1588,3852
1701,3816,1774,3816,1774,3853,1701,3853
971,3822,1050,3822,1050,3853,971,3853
1218,3822,1317,3822,1317,3858,1218,3858
1323,3822,1401,3822,1401,3853,1323,3853
1412,3822,1491,3822,1491,3858,1412,3858
1155,3822,1207,3822,1207,3890,1155,3890
1417,3853,1564,3853,1564,3890,1417,3890
1585,3853,1664,3853,1664,3890,1585,3890
1076,3858,1155,3858,1155,3890,1076,3890
1218,3858,1302,3858,1302,3890,1218,3890
1312,3858,1412,3858,1412,3890,1312,3890
1203,3902,1289,3912,1285,3945,1199,3936
1291,3906,1365,3906,1365,3937,1291,3937
1370,3906,1422,3906,1422,3937,1370,3937
1433,3906,1627,3906,1627,3937,1433,3937
1128,3911,1186,3911,1186,3932,1128,3932
992,3932,1060,3932,1060,3953,992,3953
1076,3932,1149,3932,1149,3953,1076,3953
1496,3932,1564,3932,1564,3953,1496,3953
1575,3932,1643,3932,1643,3953,1575,3953
1659,3932,1753,3932,1753,3958,1659,3958
1160,3937,1275,3937,1275,3953,1160,3953
1286,3937,1401,3937,1401,3958,1286,3958
1417,3937,1485,3937,1485,3958,1417,3958
