1144,246,1260,246,1260,294,1144,294
1260,246,1344,246,1344,294,1260,294
1354,252,1459,252,1459,288,1354,288
1218,309,1401,309,1401,341,1218,341
1401,309,1464,309,1464,336,1401,336
1144,315,1207,315,1207,336,1144,336
992,351,1086,351,1086,383,992,383
1092,357,1155,357,1155,388,1092,388
1155,357,1244,357,1244,388,1155,388
1249,352,1361,359,1359,394,1247,388
1365,357,1438,357,1438,388,1365,388
1438,357,1517,357,1517,383,1438,383
1522,357,1580,357,1580,383,1522,383
971,382,1062,389,1060,424,968,417
1401,383,1443,383,1443,420,1401,420
1060,388,1118,388,1118,420,1060,420
1118,388,1176,388,1176,420,1118,420
1344,388,1396,388,1396,420,1344,420
1449,388,1501,388,1501,420,1449,420
1501,388,1575,388,1575,420,1501,420
1585,388,1643,388,1643,420,1585,420
1176,393,1249,393,1249,420,1176,420
1249,393,1338,393,1338,420,1249,420
1270,425,1338,425,1338,451,1270,451
1118,498,1233,498,1233,535,1118,535
1244,498,1375,498,1375,535,1244,535
1375,493,1491,493,1491,535,1375,535
950,561,992,561,992,598,950,598
997,567,1050,567,1050,598,997,598
1139,567,1197,567,1197,598,1139,598
1191,567,1428,567,1428,598,1191,598
1139,603,1296,603,1296,640,1139,640
950,609,1029,609,1029,640,950,640
1029,609,1081,609,1081,640,1029,640
1296,609,1375,609,1375,640,1296,640
950,651,1029,651,1029,682,950,682
1029,651,1102,651,1102,682,1029,682
1144,651,1223,651,1223,682,1144,682
1228,651,1302,651,1302,682,1228,682
1307,651,1354,651,1354,682,1307,682
1023,735,1065,735,1065,766,1023,766
1265,735,1317,735,1317,766,1265,766
1323,735,1386,735,1386,766,1323,766
1596,735,1653,735,1653,771,1596,771
1491,740,1590,740,1590,771,1491,771
950,792,1065,792,1065,829,950,829
1071,792,1149,792,1149,829,1071,829
1233,792,1354,792,1354,829,1233,829
1155,798,1228,798,1228,829,1155,829
1359,798,1522,798,1522,829,1359,829
1533,798,1606,798,1606,829,1533,829
1291,845,1386,845,1386,882,1291,882
1559,850,1653,850,1653,882,1559,882
1008,892,1118,892,1118,929,1008,929
950,897,1002,897,1002,929,950,929
1123,897,1244,897,1244,929,1123,929
1249,897,1370,897,1370,929,1249,929
1375,897,1459,897,1459,929,1375,929
1464,897,1543,897,1543,929,1464,929
950,929,1144,929,1144,960,950,960
1286,981,1328,981,1328,1013,1286,1013
1328,981,1386,981,1386,1013,1328,1013
1559,987,1596,987,1596,1013,1559,1013
1601,987,1653,987,1653,1013,1601,1013
950,1029,1060,1029,1060,1065,950,1065
1060,1029,1134,1029,1134,1060,1060,1060
1139,1029,1223,1029,1223,1065,1139,1065
1228,1029,1296,1029,1296,1065,1228,1065
1302,1029,1401,1029,1401,1065,1302,1065
1407,1034,1564,1034,1564,1065,1407,1065
1286,1081,1328,1081,1328,1113,1286,1113
1328,1081,1386,1081,1386,1113,1328,1113
1559,1081,1653,1081,1653,1118,1559,1118
948,1132,1060,1126,1062,1160,950,1166
1065,1128,1244,1128,1244,1165,1065,1165
1349,1128,1412,1128,1412,1165,1349,1165
1449,1128,1548,1128,1548,1165,1449,1165
1249,1134,1344,1134,1344,1165,1249,1165
1412,1134,1438,1134,1438,1165,1412,1165
950,1165,1076,1165,1076,1197,950,1197
1076,1165,1144,1165,1144,1197,1076,1197
1149,1165,1254,1165,1254,1197,1149,1197
1260,1170,1454,1170,1454,1202,1260,1202
1291,1218,1328,1218,1328,1249,1291,1249
1328,1218,1386,1218,1386,1254,1328,1254
1559,1223,1601,1223,1601,1254,1559,1254
1601,1223,1653,1223,1653,1254,1601,1254
955,1265,1060,1265,1060,1302,955,1302
1286,1265,1391,1265,1391,1302,1286,1302
1396,1265,1454,1265,1454,1302,1396,1302
1065,1270,1149,1270,1149,1302,1065,1302
1155,1270,1286,1270,1286,1302,1155,1302
955,1302,1207,1302,1207,1338,955,1338
1307,1359,1386,1359,1386,1391,1307,1391
1559,1359,1653,1359,1653,1391,1559,1391
955,1401,1065,1401,1065,1438,955,1438
1065,1407,1149,1407,1149,1438,1065,1438
1155,1407,1281,1407,1281,1438,1155,1438
1286,1407,1380,1407,1380,1438,1286,1438
1386,1407,1417,1407,1417,1438,1386,1438
1417,1407,1485,1407,1485,1438,1417,1438
1491,1407,1580,1407,1580,1438,1491,1438
1585,1407,1627,1407,1627,1438,1585,1438
955,1438,1044,1438,1044,1470,955,1470
1044,1438,1113,1438,1113,1470,1044,1470
1113,1438,1181,1438,1181,1470,1113,1470
1181,1443,1244,1443,1244,1470,1181,1470
1291,1491,1386,1491,1386,1522,1291,1522
1559,1491,1653,1491,1653,1527,1559,1527
955,1538,1076,1538,1076,1575,955,1575
1076,1538,1123,1538,1123,1575,1076,1575
1128,1538,1249,1538,1249,1575,1128,1575
1249,1538,1317,1538,1317,1575,1249,1575
1328,1543,1407,1543,1407,1575,1328,1575
1191,1590,1286,1590,1286,1622,1191,1622
1291,1590,1328,1590,1328,1622,1291,1622
1333,1590,1386,1590,1386,1622,1333,1622
1559,1596,1596,1596,1596,1627,1559,1627
1601,1596,1653,1596,1653,1627,1601,1627
955,1638,1023,1638,1023,1674,955,1674
1029,1643,1134,1643,1134,1674,1029,1674
1139,1643,1202,1643,1202,1674,1139,1674
1218,1643,1391,1643,1391,1674,1218,1674
1391,1643,1512,1643,1512,1674,1391,1674
1517,1643,1596,1643,1596,1674,1517,1674
1596,1643,1643,1643,1643,1674,1596,1674
955,1680,1018,1680,1018,1706,955,1706
1291,1727,1386,1727,1386,1758,1291,1758
1559,1727,1653,1727,1653,1758,1559,1758
955,1774,1018,1774,1018,1806,955,1806
1023,1774,1113,1774,1113,1811,1023,1811
1113,1774,1197,1774,1197,1811,1113,1811
1197,1779,1307,1779,1307,1811,1197,1811
1312,1779,1386,1779,1386,1811,1312,1811
1391,1779,1580,1779,1580,1811,1391,1811
1223,1827,1307,1827,1307,1858,1223,1858
1333,1827,1386,1827,1386,1858,1333,1858
1601,1827,1653,1827,1653,1858,1601,1858
955,1874,1018,1874,1018,1911,955,1911
1023,1874,1092,1874,1092,1911,1023,1911
1139,1874,1265,1874,1265,1911,1139,1911
1265,1874,1333,1874,1333,1911,1265,1911
1338,1874,1412,1874,1412,1911,1338,1911
1097,1879,1139,1879,1139,1911,1097,1911
1417,1879,1611,1879,1611,1911,1417,1911
1223,1926,1307,1926,1307,1958,1223,1958
1307,1926,1386,1926,1386,1958,1307,1958
1575,1926,1653,1926,1653,1958,1575,1958
1023,1974,1097,1974,1097,2010,1023,2010
1170,1974,1323,1974,1323,2010,1170,2010
1323,1974,1454,1974,1454,2010,1323,2010
1485,1974,1575,1974,1575,2010,1485,2010
1580,1974,1638,1974,1638,2005,1580,2005
955,1979,1018,1979,1018,2010,955,2010
1097,1979,1170,1979,1170,2010,1097,2010
955,2016,1034,2016,1034,2042,955,2042
1191,2063,1291,2063,1291,2094,1191,2094
1291,2063,1333,2063,1333,2094,1291,2094
1333,2063,1386,2063,1386,2094,1333,2094
1559,2063,1606,2063,1606,2094,1559,2094
1601,2063,1653,2063,1653,2094,1601,2094
1029,2110,1123,2110,1123,2147,1029,2147
1123,2110,1239,2110,1239,2147,1123,2147
1244,2110,1323,2110,1323,2142,1244,2142
1328,2110,1391,2110,1391,2142,1328,2142
955,2115,1023,2115,1023,2147,955,2147
955,2147,1270,2147,1270,2178,955,2178
1291,2199,1391,2199,1391,2231,1291,2231
1564,2199,1653,2199,1653,2231,1564,2231
955,2247,1065,2247,1065,2283,955,2283
1065,2247,1170,2247,1170,2278,1065,2278
1176,2247,1323,2247,1323,2278,1176,2278
1323,2247,1512,2247,1512,2278,1323,2278
1296,2299,1333,2299,1333,2331,1296,2331
1333,2299,1391,2299,1391,2331,1333,2331
1564,2299,1659,2299,1659,2331,1564,2331
1107,2346,1181,2346,1181,2378,1107,2378
1186,2346,1228,2346,1228,2378,1186,2378
955,2352,1029,2352,1029,2383,955,2383
1029,2352,1107,2352,1107,2383,1029,2383
1233,2352,1312,2352,1312,2378,1233,2378
1291,2399,1386,2399,1386,2430,1291,2430
1559,2399,1659,2399,1659,2430,1559,2430
1176,2446,1265,2446,1265,2483,1176,2483
955,2451,1023,2451,1023,2483,955,2483
1029,2451,1102,2451,1102,2483,1029,2483
1107,2451,1170,2451,1170,2488,1107,2488
1270,2451,1349,2451,1349,2483,1270,2483
1291,2499,1328,2499,1328,2530,1291,2530
1333,2499,1386,2499,1386,2530,1333,2530
1559,2499,1659,2499,1659,2530,1559,2530
1275,2546,1386,2546,1386,2583,1275,2583
1391,2546,1459,2546,1459,2583,1391,2583
950,2551,1018,2551,1018,2588,950,2588
1029,2551,1086,2551,1086,2588,1029,2588
1086,2551,1176,2551,1176,2583,1086,2583
1181,2551,1270,2551,1270,2588,1181,2588
1464,2551,1622,2551,1622,2583,1464,2583
1601,2598,1659,2598,1659,2635,1601,2635
1275,2604,1328,2604,1328,2635,1275,2635
1333,2604,1386,2604,1386,2635,1333,2635
1543,2604,1601,2604,1601,2635,1543,2635
1566,2650,1652,2642,1656,2682,1570,2690
1086,2651,1291,2651,1291,2688,1086,2688
1296,2651,1370,2651,1370,2688,1296,2688
1375,2651,1470,2651,1470,2688,1375,2688
1475,2651,1564,2651,1564,2688,1475,2688
950,2656,1018,2656,1018,2688,950,2688
1023,2656,1086,2656,1086,2693,1023,2693
950,2693,1029,2693,1029,2724,950,2724
1275,2740,1386,2740,1386,2777,1275,2777
1548,2740,1659,2740,1659,2777,1548,2777
950,2793,1018,2793,1018,2829,950,2829
1023,2793,1097,2793,1097,2829,1023,2829
1170,2793,1265,2793,1265,2829,1170,2829
1270,2793,1338,2793,1338,2824,1270,2824
1344,2793,1433,2793,1433,2824,1344,2824
1454,2793,1569,2793,1569,2824,1454,2824
1097,2798,1170,2798,1170,2829,1097,2829
950,2835,1050,2835,1050,2866,950,2866
1291,2882,1386,2882,1386,2919,1291,2919
1564,2882,1664,2882,1664,2913,1564,2913
1186,2887,1286,2887,1286,2919,1186,2919
950,2934,1018,2934,1018,2966,950,2966
1023,2934,1081,2934,1081,2971,1023,2971
1081,2934,1218,2934,1218,2971,1081,2971
1218,2934,1296,2934,1296,2971,1218,2971
1302,2934,1401,2934,1401,2971,1302,2971
1407,2934,1485,2934,1485,2971,1407,2971
1485,2934,1517,2934,1517,2966,1485,2966
1522,2934,1601,2934,1601,2966,1522,2966
950,2971,1029,2971,1029,3003,950,3003
1275,3024,1328,3024,1328,3060,1275,3060
1328,3024,1386,3024,1386,3060,1328,3060
1548,3024,1611,3024,1611,3060,1548,3060
1606,3024,1664,3024,1664,3055,1606,3055
950,3071,1018,3071,1018,3108,950,3108
1023,3071,1233,3071,1233,3113,1023,3113
1428,3071,1496,3071,1496,3108,1428,3108
1233,3076,1328,3076,1328,3113,1233,3113
1333,3076,1428,3076,1428,3113,1333,3113
1501,3076,1596,3076,1596,3108,1501,3108
1155,3129,1270,3129,1270,3165,1155,3165
1275,3129,1328,3129,1328,3160,1275,3160
1323,3129,1386,3129,1386,3160,1323,3160
1548,3129,1664,3129,1664,3165,1548,3165
1170,3207,1244,3207,1244,3244,1170,3244
1244,3202,1387,3210,1385,3246,1242,3238
1522,3228,1664,3228,1664,3260,1522,3260
1071,3244,1128,3244,1128,3276,1071,3276
1128,3244,1186,3244,1186,3276,1128,3276
1186,3244,1254,3244,1254,3281,1186,3281
1254,3244,1328,3244,1328,3281,1254,3281
1328,3244,1386,3244,1386,3281,1328,3281
1223,3286,1286,3286,1286,3323,1223,3323
1286,3291,1323,3291,1323,3323,1286,3323
1328,3291,1386,3291,1386,3323,1328,3323
1522,3291,1664,3291,1664,3328,1522,3328
1176,3333,1281,3333,1281,3370,1176,3370
1286,3333,1375,3333,1375,3370,1286,3370
1197,3375,1254,3375,1254,3412,1197,3412
1254,3375,1312,3375,1312,3412,1254,3412
1312,3381,1386,3381,1386,3412,1312,3412
1065,3433,1128,3433,1128,3470,1065,3470
1134,3433,1191,3433,1191,3470,1134,3470
1197,3433,1233,3433,1233,3465,1197,3465
1296,3433,1365,3433,1365,3475,1296,3475
1365,3433,1433,3433,1433,3470,1365,3470
1438,3433,1533,3433,1533,3470,1438,3470
1239,3438,1296,3438,1296,3470,1239,3470
1050,3664,1128,3664,1128,3706,1050,3706
1134,3669,1181,3669,1181,3701,1134,3701
1181,3669,1239,3669,1239,3706,1181,3706
1239,3669,1344,3669,1344,3706,1239,3706
1349,3675,1417,3675,1417,3706,1349,3706
1417,3675,1475,3675,1475,3706,1417,3706
1480,3675,1548,3675,1548,3706,1480,3706
981,3743,1044,3743,1044,3774,981,3774
1076,3743,1155,3743,1155,3774,1076,3774
1155,3743,1218,3743,1218,3774,1155,3774
1223,3743,1302,3743,1302,3780,1223,3780
1302,3743,1475,3743,1475,3780,1302,3780
1044,3748,1076,3748,1076,3780,1044,3780
1480,3748,1543,3748,1543,3780,1480,3780
1491,3748,1622,3748,1622,3822,1491,3822
1055,3774,1134,3774,1134,3848,1055,3848
987,3785,1060,3785,1060,3816,987,3816
1139,3785,1228,3785,1228,3816,1139,3816
1228,3785,1344,3785,1344,3822,1228,3822
1338,3785,1438,3785,1438,3822,1338,3822
1443,3785,1496,3785,1496,3816,1443,3816
982,3814,1062,3822,1059,3856,979,3849
1359,3816,1412,3816,1412,3853,1359,3853
1102,3822,1155,3822,1155,3853,1102,3853
1160,3822,1223,3822,1223,3853,1160,3853
1228,3822,1317,3822,1317,3853,1228,3853
1317,3822,1359,3822,1359,3853,1317,3853
1407,3822,1443,3822,1443,3853,1407,3853
1443,3822,1501,3822,1501,3853,1443,3853
1506,3827,1564,3827,1564,3853,1506,3853
1564,3827,1622,3827,1622,3853,1564,3853
1144,3853,1202,3853,1202,3885,1144,3885
1207,3848,1309,3856,1306,3892,1205,3884
1317,3858,1396,3858,1396,3890,1317,3890
1396,3858,1459,3858,1459,3890,1396,3890
1086,3890,1506,3890,1506,3921,1086,3921
1572,3951,1626,3943,1629,3968,1576,3976
976,3953,1034,3953,1034,3979,976,3979
1039,3953,1128,3953,1128,3979,1039,3979
1128,3953,1170,3953,1170,3974,1128,3974
1176,3953,1233,3953,1233,3974,1176,3974
1312,3953,1354,3953,1354,3974,1312,3974
1359,3953,1407,3953,1407,3979,1359,3979
1412,3953,1501,3953,1501,3979,1412,3979
1501,3953,1569,3953,1569,3974,1501,3974
1244,3958,1302,3958,1302,3974,1244,3974
1517,3974,1585,3974,1585,3995,1517,3995
1008,3979,1050,3979,1050,4005,1008,4005
1050,3979,1123,3979,1123,4005,1050,4005
1128,3979,1202,3979,1202,4000,1128,4000
1207,3979,1275,3979,1275,4000,1207,4000
1281,3979,1370,3979,1370,4000,1281,4000
1375,3979,1428,3979,1428,4000,1375,4000
1438,3979,1506,3979,1506,4000,1438,4000
1443,3995,1496,3995,1496,4016,1443,4016
1286,4000,1365,4000,1365,4021,1286,4021
1380,4000,1438,4000,1438,4016,1380,4016
1060,4005,1102,4005,1102,4021,1060,4021
1113,4005,1170,4005,1170,4021,1113,4021
1223,4005,1275,4005,1275,4021,1223,4021
