1270,120,1443,120,1443,204,1270,204
1027,128,1253,121,1256,204,1029,211
1459,131,1680,131,1680,204,1459,204
1165,246,1548,246,1548,304,1165,304
1559,246,1680,246,1680,299,1559,299
1023,257,1165,257,1165,304,1023,304
1806,336,1926,336,1926,404,1806,404
1239,336,1471,343,1469,415,1237,409
1482,334,1627,349,1620,412,1475,398
1643,341,1795,341,1795,399,1643,399
1937,341,1984,341,1984,399,1937,399
714,346,908,346,908,409,714,409
1050,346,1223,346,1223,409,1050,409
918,351,1039,351,1039,404,918,404
1559,404,1638,404,1638,467,1559,467
1932,404,2047,404,2047,467,1932,467
846,415,960,407,965,476,851,485
1433,409,1548,409,1548,477,1433,477
1653,409,1753,409,1753,467,1653,467
1770,401,1926,414,1921,474,1765,461
661,414,840,414,840,472,661,472
971,414,1081,414,1081,472,971,472
1092,411,1231,418,1228,478,1089,471
1244,414,1422,414,1422,467,1244,467
1286,477,1417,477,1417,535,1286,535
960,630,1202,630,1202,714,960,714
1512,630,1737,630,1737,708,1512,708
1218,640,1496,640,1496,714,1218,714
609,761,698,761,698,829,609,829
703,766,813,766,813,834,703,834
1008,766,1113,766,1113,829,1008,829
1118,766,1606,766,1606,834,1118,834
609,850,761,850,761,929,609,929
766,850,876,850,876,913,766,913
1134,850,1333,850,1333,918,1134,918
1002,855,1128,855,1128,913,1002,913
1338,855,1438,855,1438,913,1338,913
1433,855,1506,855,1506,918,1433,918
603,939,761,939,761,1008,603,1008
766,939,913,939,913,1008,766,1008
1008,939,1176,939,1176,1013,1008,1013
1186,939,1344,939,1344,1013,1186,1013
1354,945,1454,945,1454,1018,1354,1018
750,1118,845,1118,845,1186,750,1186
1958,1118,2094,1118,2094,1197,1958,1197
1260,1123,1375,1123,1375,1191,1260,1191
1386,1123,1512,1123,1512,1191,1386,1191
1748,1128,1953,1128,1953,1197,1748,1197
603,1239,693,1239,693,1312,603,1312
708,1239,850,1239,850,1317,708,1317
855,1249,1002,1249,1002,1328,855,1328
719,1354,887,1354,887,1422,719,1422
1312,1365,1512,1365,1512,1433,1312,1433
1884,1370,2084,1370,2084,1438,1884,1438
609,1459,719,1459,719,1527,609,1527
735,1464,918,1464,918,1538,735,1538
929,1470,1076,1470,1076,1543,929,1543
724,1569,892,1569,892,1638,724,1638
1102,1575,1307,1575,1307,1648,1102,1648
1317,1580,1512,1580,1512,1648,1317,1648
1874,1580,2073,1580,2073,1648,1874,1648
614,1669,745,1669,745,1743,614,1743
756,1669,871,1669,871,1743,756,1743
882,1674,1060,1674,1060,1743,882,1743
1065,1680,1212,1680,1212,1753,1065,1753
735,1779,892,1779,892,1842,735,1842
1312,1785,1512,1785,1512,1853,1312,1853
1863,1785,2058,1785,2058,1848,1863,1848
624,1874,777,1874,777,1947,624,1947
782,1879,855,1879,855,1947,782,1947
861,1884,992,1884,992,1958,861,1958
740,1984,903,1984,903,2047,740,2047
1317,1989,1506,1989,1506,2047,1317,2047
1863,1989,2058,1989,2058,2058,1863,2058
635,2079,834,2079,834,2147,635,2147
845,2084,987,2084,987,2147,845,2147
997,2084,1134,2084,1134,2147,997,2147
745,2184,908,2184,908,2241,745,2241
1286,2184,1506,2184,1506,2252,1286,2252
1858,2189,1947,2189,1947,2252,1858,2252
1942,2189,2047,2189,2047,2247,1942,2247
871,2273,1013,2273,1013,2341,871,2341
1023,2273,1149,2273,1149,2336,1023,2336
1166,2269,1351,2276,1349,2348,1163,2341
640,2277,857,2283,855,2345,638,2338
1354,2283,1422,2283,1422,2352,1354,2352
1428,2283,1512,2283,1512,2346,1428,2346
1512,2283,1559,2283,1559,2336,1512,2336
1575,2283,1858,2283,1858,2357,1575,2357
1317,2373,1501,2373,1501,2436,1317,2436
1853,2383,1942,2383,1942,2441,1853,2441
1937,2383,2047,2383,2047,2446,1937,2446
1084,2506,1234,2522,1227,2597,1076,2581
1233,2514,1338,2514,1338,2583,1233,2583
1350,2513,1506,2530,1499,2593,1342,2576
1816,2556,2037,2556,2037,2619,1816,2619
1118,2583,1244,2583,1244,2661,1118,2661
892,2588,1002,2588,1002,2656,892,2656
1008,2588,1113,2588,1113,2651,1008,2651
1243,2595,1388,2579,1396,2650,1250,2665
1391,2593,1501,2593,1501,2661,1391,2661
1102,2672,1307,2672,1307,2740,1102,2740
1312,2672,1485,2672,1485,2740,1312,2740
1764,2702,2038,2709,2036,2786,1762,2779
1254,2740,1365,2740,1365,2798,1254,2798
1149,2745,1254,2745,1254,2803,1149,2803
1370,2745,1496,2745,1496,2803,1370,2803
903,2840,1018,2840,1018,2898,903,2898
1029,2840,1134,2840,1134,2898,1029,2898
1149,2840,1218,2840,1218,2898,1149,2898
1228,2840,1333,2840,1333,2898,1228,2898
1338,2840,1464,2840,1464,2913,1338,2913
1470,2840,1590,2840,1590,2898,1470,2898
1602,2830,1794,2845,1789,2916,1597,2902
885,3233,1030,3256,1018,3333,873,3310
1023,3255,1113,3255,1113,3312,1023,3312
1118,3255,1228,3255,1228,3328,1118,3328
1231,3259,1427,3252,1429,3323,1233,3329
1533,3260,1664,3260,1664,3318,1533,3318
1680,3260,1806,3260,1806,3323,1680,3323
1433,3265,1533,3265,1533,3323,1433,3323
752,3383,863,3391,860,3446,748,3438
929,3386,1065,3386,1065,3444,929,3444
866,3391,918,3391,918,3449,866,3449
1081,3391,1191,3391,1191,3449,1081,3449
1202,3391,1338,3391,1338,3449,1202,3449
1438,3391,1564,3391,1564,3449,1438,3449
1354,3396,1438,3396,1438,3449,1354,3449
1569,3396,1669,3396,1669,3449,1569,3449
1680,3396,1790,3396,1790,3449,1680,3449
1795,3402,1942,3402,1942,3522,1795,3522
758,3454,911,3444,915,3511,762,3521
918,3454,1034,3454,1034,3517,918,3517
1039,3454,1202,3454,1202,3512,1039,3512
1298,3447,1423,3464,1415,3527,1289,3510
1212,3459,1296,3459,1296,3512,1212,3512
1422,3459,1522,3459,1522,3512,1422,3512
1533,3459,1606,3459,1606,3528,1533,3528
1611,3459,1701,3459,1701,3517,1611,3517
1711,3459,1842,3459,1842,3528,1711,3528
751,3509,900,3521,896,3580,747,3569
903,3512,981,3512,981,3575,903,3575
1088,3514,1204,3523,1200,3584,1083,3576
1207,3517,1375,3517,1375,3585,1207,3585
1454,3517,1548,3517,1548,3585,1454,3585
981,3522,1076,3522,1076,3580,981,3580
1380,3522,1443,3522,1443,3580,1380,3580
1611,3522,1716,3522,1716,3580,1611,3580
1548,3528,1601,3528,1601,3580,1548,3580
1832,3528,1937,3528,1937,3585,1832,3585
1722,3533,1827,3533,1827,3580,1722,3580
1050,3585,1160,3585,1160,3643,1050,3643
1170,3585,1286,3585,1286,3638,1170,3638
1296,3591,1365,3591,1365,3643,1296,3643
1375,3589,1514,3596,1511,3660,1372,3653
1522,3596,1632,3596,1632,3648,1522,3648
950,3648,1244,3648,1244,3711,950,3711
1234,3652,1618,3663,1616,3721,1232,3711
1606,3669,1743,3669,1743,3717,1606,3717
735,3780,850,3780,850,3848,735,3848
855,3780,1013,3780,1013,3837,855,3837
1023,3790,1102,3790,1102,3843,1023,3843
1107,3790,1223,3790,1223,3853,1107,3853
1449,3790,1543,3790,1543,3858,1449,3858
1843,3795,1954,3785,1960,3851,1849,3861
1233,3795,1349,3795,1349,3848,1233,3848
1359,3795,1443,3795,1443,3848,1359,3848
1543,3795,1706,3795,1706,3858,1543,3858
1711,3801,1842,3801,1842,3853,1711,3853
787,3848,866,3848,866,3900,787,3900
876,3848,1008,3848,1008,3916,876,3916
1020,3844,1169,3865,1161,3925,1011,3904
1307,3853,1396,3853,1396,3916,1307,3916
1170,3858,1302,3858,1302,3911,1170,3911
1477,3854,1588,3862,1584,3918,1473,3910
1596,3855,1732,3870,1725,3930,1590,3915
1401,3864,1470,3864,1470,3916,1401,3916
1737,3864,1869,3864,1869,3916,1737,3916
887,3911,976,3911,976,3969,887,3969
987,3911,1097,3911,1097,3969,987,3969
1302,3916,1464,3916,1464,3974,1302,3974
1191,3921,1291,3921,1291,3979,1191,3979
1491,3921,1596,3921,1596,3979,1491,3979
1606,3921,1711,3921,1711,3984,1606,3984
1107,3927,1186,3927,1186,3974,1107,3974
1716,3927,1800,3927,1800,3979,1716,3979
