1123,47,1349,47,1349,131,1123,131
1365,52,1533,52,1533,136,1365,136
1549,65,1772,75,1768,151,1546,140
1255,167,1645,182,1642,247,1253,232
1118,176,1261,183,1259,232,1116,225
1648,194,1764,194,1764,252,1648,252
808,262,1002,262,1002,330,808,330
1013,267,1139,267,1139,336,1013,336
1149,273,1328,273,1328,346,1149,346
1336,265,1571,292,1562,366,1327,339
1573,276,1726,301,1715,373,1561,348
1727,294,1874,294,1874,357,1727,357
2010,294,2063,294,2063,351,2010,351
1890,299,2005,299,2005,367,1890,367
756,336,939,336,939,404,756,404
950,336,1060,336,1060,409,950,409
1071,338,1190,347,1184,417,1066,408
1188,342,1340,356,1333,427,1182,413
1344,351,1522,351,1522,420,1344,420
1522,363,1636,354,1642,424,1528,433
1648,362,1732,362,1732,430,1648,430
2010,362,2131,362,2131,430,2010,430
1737,367,1837,367,1837,425,1737,425
1848,372,2000,372,2000,435,1848,435
1380,430,1512,430,1512,488,1380,488
1071,593,1302,593,1302,677,1071,677
1323,600,1592,609,1590,686,1320,677
1606,603,1821,603,1821,687,1606,687
724,714,813,714,813,787,724,787
819,724,929,724,929,792,819,792
1123,735,1228,735,1228,798,1123,798
1228,732,1707,744,1705,817,1226,804
729,813,887,813,887,887,729,887
887,819,997,819,997,876,887,876
1123,824,1249,824,1249,882,1123,882
1250,820,1440,826,1437,899,1247,892
1443,829,1606,829,1606,897,1443,897
735,903,887,903,887,971,735,971
892,908,1029,908,1029,966,892,966
1128,913,1291,913,1291,987,1128,987
1302,918,1454,918,1454,981,1302,981
1464,924,1554,924,1554,992,1464,992
882,1076,971,1076,971,1144,882,1144
2026,1081,2152,1081,2152,1160,2026,1160
1349,1092,1459,1092,1459,1160,1349,1160
1470,1092,1590,1092,1590,1160,1470,1160
1821,1097,2021,1097,2021,1160,1821,1160
735,1202,840,1202,840,1260,735,1260
934,1202,1113,1202,1113,1275,934,1275
861,1207,918,1207,918,1265,861,1265
1123,1207,1323,1207,1323,1281,1123,1281
1932,1212,2052,1212,2052,1281,1932,1281
1333,1218,1554,1218,1554,1281,1333,1281
1564,1218,1732,1218,1732,1275,1564,1275
1743,1223,1916,1223,1916,1281,1743,1281
735,1270,855,1270,855,1338,735,1338
1981,1391,2146,1381,2150,1453,1985,1462
1475,1391,1590,1391,1590,1454,1475,1454
740,1480,981,1480,981,1548,740,1548
992,1480,1086,1480,1086,1548,992,1548
1092,1485,1333,1485,1333,1554,1092,1554
1338,1491,1480,1491,1480,1548,1338,1548
1496,1496,1648,1496,1648,1559,1496,1559
1202,1590,1396,1590,1396,1664,1202,1664
1396,1590,1590,1590,1590,1659,1396,1659
1942,1590,2136,1590,2136,1653,1942,1653
887,1680,1018,1680,1018,1748,887,1748
740,1685,882,1685,882,1753,740,1753
1023,1685,1223,1685,1223,1753,1023,1753
1433,1790,1475,1790,1475,1848,1433,1848
1459,1790,1585,1790,1585,1853,1459,1853
1974,1790,2021,1790,2021,1848,1974,1848
2026,1790,2136,1790,2136,1858,2026,1858
892,1879,1076,1879,1076,1953,892,1953
745,1884,876,1884,876,1942,745,1942
1081,1890,1202,1890,1202,1963,1081,1963
855,1984,1018,1984,1018,2047,855,2047
1396,1984,1585,1984,1585,2047,1396,2047
1974,1989,2131,1989,2131,2052,1974,2052
1506,2073,1685,2073,1685,2147,1506,2147
1317,2079,1501,2079,1501,2147,1317,2147
745,2084,887,2084,887,2152,745,2152
892,2084,1160,2084,1160,2147,892,2147
1170,2084,1307,2084,1307,2147,1170,2147
1202,2178,1396,2178,1396,2247,1202,2247
1401,2178,1480,2178,1480,2241,1401,2241
1459,2178,1585,2178,1585,2241,1459,2241
924,2189,955,2189,955,2241,924,2241
1937,2184,2016,2184,2016,2241,1937,2241
2021,2184,2136,2184,2136,2252,2021,2252
1349,2268,1443,2268,1443,2336,1349,2336
1511,2268,1748,2268,1748,2341,1511,2341
1207,2273,1344,2273,1344,2341,1207,2341
1443,2273,1506,2273,1506,2336,1443,2336
918,2278,1202,2278,1202,2336,918,2336
1758,2278,1937,2278,1937,2336,1758,2336
750,2283,903,2283,903,2341,750,2341
750,2346,939,2346,939,2420,750,2420
1202,2441,1391,2441,1391,2504,1202,2504
1396,2441,1480,2441,1480,2504,1396,2504
1475,2441,1580,2441,1580,2499,1475,2499
1937,2446,2126,2446,2126,2509,1937,2509
924,2457,960,2457,960,2504,924,2504
1173,2570,1319,2585,1311,2660,1165,2644
1317,2577,1422,2577,1422,2646,1317,2646
1429,2576,1580,2592,1573,2656,1422,2639
1911,2619,2032,2630,2026,2695,1906,2684
2021,2630,2131,2630,2131,2698,2021,2698
1202,2646,1328,2646,1328,2724,1202,2724
1327,2657,1462,2643,1469,2708,1334,2722
1475,2651,1580,2651,1580,2724,1475,2724
981,2656,1086,2656,1086,2730,981,2730
1092,2656,1197,2656,1197,2714,1092,2714
1396,2730,1564,2730,1564,2798,1396,2798
1186,2735,1391,2735,1391,2798,1186,2798
1859,2767,2129,2782,2125,2863,1854,2849
1454,2803,1580,2803,1580,2871,1454,2871
1233,2808,1338,2808,1338,2871,1233,2871
1344,2808,1443,2808,1443,2861,1344,2861
1433,2903,1559,2903,1559,2976,1433,2976
1564,2903,1685,2903,1685,2966,1564,2966
1002,2908,1123,2908,1123,2976,1002,2976
1128,2908,1233,2908,1233,2966,1128,2966
1244,2908,1317,2908,1317,2961,1244,2961
1324,2905,1431,2913,1427,2968,1319,2960
1695,2908,1879,2908,1879,2982,1695,2982
1326,3306,1516,3300,1518,3365,1328,3371
982,3303,1127,3311,1123,3383,978,3374
1218,3307,1328,3307,1328,3381,1218,3381
1128,3312,1212,3312,1212,3365,1128,3365
1527,3312,1753,3312,1753,3375,1527,3375
1769,3318,1895,3318,1895,3375,1769,3375
1034,3438,1170,3438,1170,3501,1034,3501
1181,3438,1291,3438,1291,3491,1181,3491
1302,3438,1438,3438,1438,3496,1302,3496
1449,3438,1533,3438,1533,3496,1449,3496
1538,3438,1653,3438,1653,3501,1538,3501
855,3449,966,3449,966,3507,855,3507
971,3449,1023,3449,1023,3512,971,3512
1659,3449,1764,3449,1764,3507,1659,3507
1769,3454,1879,3454,1879,3507,1769,3507
1890,3457,2030,3467,2025,3535,1885,3525
1144,3501,1302,3501,1302,3559,1144,3559
1398,3494,1524,3511,1515,3579,1389,3563
1023,3507,1134,3507,1134,3570,1023,3570
1312,3507,1391,3507,1391,3559,1312,3559
1518,3504,1621,3512,1616,3572,1513,3563
866,3512,1013,3512,1013,3580,866,3580
1627,3517,1701,3517,1701,3580,1627,3580
1701,3517,1790,3517,1790,3575,1701,3575
1942,3517,2021,3517,2021,3585,1942,3585
1800,3522,1937,3522,1937,3585,1800,3585
1008,3564,1081,3564,1081,3633,1008,3633
1307,3560,1467,3567,1464,3628,1305,3621
1191,3570,1302,3570,1302,3627,1191,3627
1086,3575,1181,3575,1181,3633,1086,3633
1475,3575,1543,3575,1543,3627,1475,3627
1548,3575,1638,3575,1638,3633,1548,3633
855,3580,997,3580,997,3638,855,3638
1706,3580,1806,3580,1806,3638,1706,3638
1643,3585,1695,3585,1695,3633,1643,3633
1926,3591,2026,3591,2026,3648,1926,3648
1816,3596,1916,3596,1916,3643,1816,3643
1275,3627,1386,3627,1386,3685,1275,3685
1155,3633,1260,3633,1260,3690,1155,3690
1396,3638,1464,3638,1464,3696,1396,3696
1470,3641,1610,3651,1605,3709,1466,3699
1617,3648,1727,3648,1727,3701,1617,3701
1047,3706,1343,3689,1347,3751,1050,3769
1344,3694,1714,3713,1711,3773,1341,3754
1701,3722,1821,3722,1821,3774,1701,3774
1212,3832,1328,3832,1328,3890,1212,3890
1339,3830,1451,3837,1448,3887,1335,3879
1459,3832,1538,3832,1538,3885,1459,3885
1543,3832,1638,3832,1638,3900,1543,3900
840,3837,950,3837,950,3900,840,3900
960,3837,1118,3837,1118,3890,960,3890
1128,3837,1207,3837,1207,3890,1128,3890
1638,3835,1798,3844,1795,3904,1635,3894
1806,3848,1932,3848,1932,3906,1806,3906
1942,3848,2047,3848,2047,3911,1942,3911
1275,3890,1401,3890,1401,3948,1275,3948
1407,3890,1496,3890,1496,3953,1407,3953
897,3900,971,3900,971,3953,897,3953
982,3895,1117,3906,1112,3966,977,3955
1123,3900,1265,3900,1265,3958,1123,3958
1496,3900,1564,3900,1564,3958,1496,3958
1575,3900,1680,3900,1680,3958,1575,3958
1689,3895,1828,3917,1818,3978,1679,3956
1832,3909,1965,3916,1962,3971,1829,3963
1092,3958,1202,3958,1202,4011,1092,4011
1296,3958,1396,3958,1396,4016,1296,4016
1402,3954,1561,3961,1558,4017,1399,4010
992,3963,1081,3963,1081,4011,992,4011
1212,3963,1286,3963,1286,4011,1212,4011
1585,3963,1695,3963,1695,4021,1585,4021
1701,3969,1806,3969,1806,4026,1701,4026
1811,3974,1895,3974,1895,4021,1811,4021
