1395,87,1568,63,1576,123,1403,147
1244,96,1388,81,1396,152,1251,167
1060,94,1244,94,1244,162,1060,162
1480,152,1580,152,1580,204,1480,204
1173,189,1474,165,1478,219,1177,243
1680,194,1774,194,1774,252,1680,252
1779,194,1821,194,1821,241,1779,241
1065,204,1170,204,1170,236,1065,236
1543,220,1674,220,1674,273,1543,273
1417,236,1538,236,1538,288,1417,288
1779,236,1879,236,1879,294,1779,294
1226,255,1417,248,1418,304,1228,310
808,257,966,257,966,309,808,309
1645,262,1773,254,1776,304,1648,312
976,262,1076,262,1076,315,976,315
1086,262,1223,262,1223,315,1086,315
1559,273,1643,273,1643,325,1559,325
1485,278,1554,278,1554,336,1485,336
1377,303,1473,283,1484,338,1388,357
1239,309,1386,309,1386,357,1239,357
771,315,918,315,918,362,771,362
920,321,1016,312,1021,366,925,375
1023,320,1113,320,1113,367,1023,367
1118,320,1233,320,1233,367,1118,367
1270,362,1380,362,1380,409,1270,409
1453,468,1636,448,1644,519,1461,539
1224,494,1443,474,1448,536,1229,556
1029,493,1218,493,1218,567,1029,567
1067,609,1542,567,1547,622,1072,665
750,598,819,598,819,656,750,656
829,603,913,603,913,656,829,656
1329,653,1463,642,1468,696,1333,707
1068,672,1327,656,1330,711,1072,728
756,672,876,672,876,729,756,729
882,672,971,672,971,724,882,724
1336,716,1501,710,1503,766,1338,773
1218,729,1333,729,1333,782,1218,782
1134,735,1212,735,1212,787,1134,787
756,740,882,740,882,792,756,792
887,740,1002,740,1002,792,887,792
1076,740,1128,740,1128,787,1076,787
1832,792,1937,792,1937,850,1832,850
1654,819,1821,805,1825,859,1659,873
1359,845,1459,845,1459,903,1359,903
1265,855,1354,855,1354,908,1265,908
876,876,950,876,950,924,876,924
1769,892,1884,892,1884,955,1769,955
1895,897,1926,897,1926,939,1895,939
1627,919,1762,904,1768,959,1634,975
1512,924,1622,924,1622,981,1512,981
1297,947,1500,929,1505,988,1302,1005
1244,955,1291,955,1291,1008,1244,1008
756,966,871,966,871,1023,756,1023
1039,966,1113,966,1113,1023,1039,1023
1123,966,1239,966,1239,1018,1123,1018
882,971,1029,971,1029,1023,882,1023
750,1034,861,1034,861,1086,750,1086
1853,1034,1947,1034,1947,1092,1853,1092
1779,1044,1858,1044,1858,1097,1779,1097
1380,1081,1470,1081,1470,1139,1380,1139
1307,1092,1386,1092,1386,1144,1307,1144
1676,1136,1889,1118,1894,1176,1681,1195
1559,1144,1674,1144,1674,1202,1559,1202
1433,1160,1554,1160,1554,1212,1433,1212
1161,1182,1416,1163,1421,1222,1166,1241
761,1186,929,1186,929,1244,761,1244
1044,1186,1155,1186,1155,1244,1044,1244
934,1197,1039,1197,1039,1244,934,1244
1585,1202,1690,1202,1690,1260,1585,1260
1496,1212,1575,1212,1575,1270,1496,1270
1380,1223,1491,1223,1491,1281,1380,1281
1333,1233,1375,1233,1375,1281,1333,1281
1249,1239,1328,1239,1328,1291,1249,1291
1128,1244,1244,1244,1244,1296,1128,1296
761,1249,876,1249,876,1307,761,1307
887,1249,1013,1249,1013,1307,887,1307
1023,1249,1092,1249,1092,1302,1023,1302
1858,1265,1958,1265,1958,1317,1858,1317
1790,1270,1858,1270,1858,1323,1790,1323
1386,1307,1480,1307,1480,1359,1386,1359
1145,1329,1311,1315,1316,1373,1150,1387
1317,1317,1380,1317,1380,1365,1317,1365
1120,1412,1296,1401,1300,1457,1124,1468
892,1412,976,1412,976,1470,892,1470
766,1417,882,1417,882,1470,766,1470
987,1417,1113,1417,1113,1470,987,1470
1790,1444,1967,1427,1973,1486,1796,1504
1391,1475,1485,1475,1485,1533,1391,1533
1323,1480,1386,1480,1386,1533,1323,1533
861,1501,997,1501,997,1554,861,1554
1487,1554,1620,1543,1625,1597,1491,1608
1351,1565,1479,1556,1483,1610,1355,1619
1162,1575,1348,1563,1352,1619,1166,1632
891,1585,1154,1578,1156,1635,892,1643
771,1585,887,1585,887,1643,771,1643
1874,1606,1974,1606,1974,1664,1874,1664
1806,1617,1874,1617,1874,1669,1806,1669
1396,1643,1491,1643,1491,1701,1396,1701
1328,1653,1391,1653,1391,1701,1328,1701
1687,1706,1968,1689,1971,1750,1690,1767
1514,1722,1679,1711,1682,1765,1518,1776
1396,1727,1512,1727,1512,1785,1396,1785
1270,1737,1386,1737,1386,1790,1270,1790
994,1754,1254,1739,1257,1796,998,1811
861,1753,987,1753,987,1811,861,1811
771,1758,850,1758,850,1811,771,1811
1816,1779,1984,1779,1984,1842,1816,1842
1333,1816,1496,1816,1496,1874,1333,1874
1619,1888,1758,1880,1761,1936,1622,1944
1471,1895,1616,1885,1620,1945,1475,1955
1323,1900,1464,1900,1464,1958,1323,1958
1134,1911,1312,1911,1312,1968,1134,1968
771,1921,981,1921,981,1984,771,1984
992,1921,1123,1921,1123,1974,992,1974
1827,1958,1995,1958,1995,2016,1827,2016
1340,1995,1500,1981,1505,2040,1344,2053
1454,2063,1559,2063,1559,2131,1454,2131
1564,2063,1701,2063,1701,2121,1564,2121
1143,2090,1443,2075,1445,2131,1145,2145
1023,2089,1139,2089,1139,2147,1023,2147
777,2100,892,2100,892,2168,777,2168
897,2100,1013,2100,1013,2152,897,2152
1829,2144,2004,2132,2008,2195,1833,2206
1417,2163,1506,2163,1506,2220,1417,2220
1349,2168,1422,2168,1422,2220,1349,2220
1464,2247,1585,2247,1585,2315,1464,2315
1323,2252,1459,2252,1459,2310,1323,2310
1244,2257,1317,2257,1317,2315,1244,2315
1043,2268,1233,2261,1235,2320,1045,2326
903,2268,1034,2268,1034,2331,903,2331
777,2273,897,2273,897,2341,777,2341
1916,2320,2016,2320,2016,2378,1916,2378
1837,2325,1911,2325,1911,2383,1837,2383
1417,2341,1517,2341,1517,2399,1417,2399
1344,2346,1417,2346,1417,2399,1344,2399
1076,2441,1197,2441,1197,2504,1076,2504
1202,2441,1265,2441,1265,2493,1202,2493
987,2446,1065,2446,1065,2504,987,2504
777,2451,981,2451,981,2520,777,2520
1848,2509,2026,2509,2026,2572,1848,2572
1423,2526,1521,2517,1526,2576,1428,2585
1349,2525,1433,2525,1433,2583,1349,2583
1150,2657,1284,2665,1280,2737,1146,2729
1281,2661,1380,2661,1380,2730,1281,2730
1381,2657,1525,2666,1521,2727,1377,2718
1827,2682,2037,2682,2037,2745,1827,2745
1181,2730,1291,2730,1291,2798,1181,2798
1290,2736,1419,2721,1427,2785,1298,2801
1428,2730,1527,2730,1527,2798,1428,2798
1081,2735,1176,2735,1176,2793,1081,2793
981,2740,1076,2740,1076,2803,981,2803
1165,2808,1354,2808,1354,2877,1165,2877
1354,2808,1512,2808,1512,2871,1354,2871
1790,2829,2047,2829,2047,2908,1790,2908
1413,2873,1530,2880,1527,2941,1409,2934
1207,2882,1302,2882,1302,2945,1207,2945
1307,2882,1407,2882,1407,2934,1307,2934
1842,2966,2052,2966,2052,3029,1842,3029
1302,2976,1412,2976,1412,3034,1302,3034
1422,2976,1533,2976,1533,3039,1422,3039
1354,3050,1459,3050,1459,3123,1354,3123
1879,3050,2063,3050,2063,3118,1879,3118
1239,3055,1354,3055,1354,3123,1239,3123
1454,3060,1538,3060,1538,3118,1454,3118
1407,3134,1522,3134,1522,3213,1407,3213
1527,3134,1643,3134,1643,3197,1527,3197
1650,3124,1836,3139,1830,3210,1644,3196
1008,3139,1113,3139,1113,3197,1008,3197
1123,3139,1218,3139,1218,3197,1123,3197
1228,3139,1291,3139,1291,3197,1228,3197
1302,3144,1396,3144,1396,3197,1302,3197
994,3530,1128,3546,1120,3615,986,3599
1318,3547,1500,3534,1504,3600,1323,3613
1128,3543,1212,3543,1212,3606,1128,3606
1218,3543,1317,3543,1317,3617,1218,3617
1601,3543,1732,3543,1732,3601,1601,3601
1743,3543,1869,3543,1869,3601,1743,3601
1512,3549,1606,3549,1606,3606,1512,3606
1522,3669,1643,3669,1643,3732,1522,3732
1044,3675,1176,3675,1176,3732,1044,3732
1186,3675,1286,3675,1286,3732,1186,3732
1296,3675,1433,3675,1433,3732,1296,3732
1438,3675,1522,3675,1522,3732,1438,3732
1643,3675,1748,3675,1748,3732,1643,3732
882,3680,981,3680,981,3732,882,3732
987,3680,1039,3680,1039,3738,987,3738
1753,3680,1858,3680,1858,3732,1753,3732
1869,3680,2010,3680,2010,3801,1869,3801
892,3738,1034,3738,1034,3801,892,3801
1040,3735,1148,3744,1143,3803,1035,3794
1149,3738,1302,3738,1302,3795,1149,3795
1512,3738,1606,3738,1606,3795,1512,3795
1617,3738,1690,3738,1690,3806,1617,3806
1391,3743,1506,3743,1506,3806,1391,3806
1690,3743,1779,3743,1779,3795,1690,3795
1790,3743,1921,3743,1921,3806,1790,3806
1312,3748,1391,3748,1391,3795,1312,3795
1023,3795,1097,3795,1097,3864,1023,3864
887,3801,1023,3801,1023,3858,887,3858
1543,3801,1632,3801,1632,3858,1543,3858
1097,3806,1191,3806,1191,3864,1097,3864
1197,3806,1307,3806,1307,3864,1197,3864
1312,3806,1464,3806,1464,3858,1312,3858
1475,3806,1538,3806,1538,3858,1475,3858
1701,3806,1800,3806,1800,3858,1701,3858
1911,3806,2016,3806,2016,3858,1911,3858
1638,3811,1690,3811,1690,3858,1638,3858
1806,3811,1905,3811,1905,3858,1806,3858
1170,3864,1270,3864,1270,3916,1170,3916
1281,3864,1391,3864,1391,3916,1281,3916
1396,3869,1470,3869,1470,3921,1396,3921
1470,3867,1608,3874,1605,3928,1467,3921
1611,3869,1722,3869,1722,3916,1611,3916
1075,3926,1354,3918,1355,3974,1076,3981
1354,3927,1695,3927,1695,3974,1354,3974
1706,3937,1827,3937,1827,3974,1706,3974
