1265,99,1391,99,1391,147,1265,147
1396,99,1496,99,1496,147,1396,147
1512,115,1632,115,1632,152,1512,152
1349,168,1632,168,1632,199,1349,199
1265,173,1338,173,1338,194,1265,194
1086,210,1197,210,1197,246,1086,246
1197,215,1270,215,1270,246,1197,246
1281,213,1378,221,1375,255,1278,247
1386,215,1514,223,1511,258,1384,250
1518,216,1604,224,1601,259,1514,251
1606,220,1701,220,1701,252,1606,252
1701,220,1769,220,1769,252,1701,252
1060,245,1161,252,1159,287,1058,280
1165,246,1228,246,1228,283,1165,283
1233,252,1296,252,1296,283,1233,283
1302,249,1383,257,1380,291,1299,283
1386,257,1491,257,1491,288,1386,288
1496,257,1559,257,1559,294,1496,294
1559,257,1611,257,1611,288,1559,288
1617,257,1674,257,1674,288,1617,288
1680,257,1769,257,1769,294,1680,294
1774,257,1842,257,1842,294,1774,294
1407,294,1485,294,1485,325,1407,325
1223,367,1365,367,1365,420,1223,420
1370,372,1527,372,1527,420,1370,420
1533,372,1664,372,1664,425,1533,425
1029,441,1081,441,1081,483,1029,483
1086,446,1149,446,1149,483,1086,483
1265,448,1596,454,1595,494,1264,488
1029,493,1118,493,1118,540,1029,540
1123,498,1186,498,1186,535,1123,535
1260,498,1438,498,1438,540,1260,540
1449,504,1538,504,1538,540,1449,540
1035,543,1126,553,1121,592,1030,582
1123,551,1207,551,1207,588,1123,588
1254,546,1296,546,1296,588,1254,588
1302,551,1354,551,1354,588,1302,588
1360,548,1446,556,1442,595,1356,587
1449,548,1563,561,1558,600,1445,587
1118,651,1165,651,1165,687,1118,687
1412,651,1475,651,1475,693,1412,693
1485,656,1554,656,1554,693,1485,693
1664,656,1779,656,1779,693,1664,693
1779,651,1853,651,1853,698,1779,698
1029,714,1113,714,1113,761,1029,761
1118,724,1223,724,1223,761,1118,761
1223,724,1281,724,1281,761,1223,761
1286,724,1365,724,1365,761,1286,761
1370,719,1501,719,1501,766,1370,766
1506,719,1648,719,1648,766,1506,766
1653,724,1737,724,1737,766,1653,766
1743,729,1832,729,1832,766,1743,766
1023,756,1107,756,1107,803,1023,803
1113,766,1134,766,1134,798,1113,798
1139,761,1212,761,1212,808,1139,808
1443,834,1485,834,1485,866,1443,866
1491,834,1554,834,1554,871,1491,871
1737,834,1785,834,1785,871,1737,871
1779,829,1848,829,1848,871,1779,871
1029,882,1107,882,1107,924,1029,924
1113,882,1197,882,1197,924,1113,924
1207,886,1355,892,1354,932,1206,926
1359,887,1485,887,1485,929,1359,929
1590,882,1695,882,1695,929,1590,929
1485,887,1590,887,1590,934,1485,934
1701,897,1842,897,1842,934,1701,934
1034,934,1107,934,1107,966,1034,966
1286,997,1417,997,1417,1034,1286,1034
1422,997,1485,997,1485,1034,1422,1034
1480,992,1548,992,1548,1034,1480,1034
1716,1002,1785,1002,1785,1039,1716,1039
1785,1002,1842,1002,1842,1039,1785,1039
1034,1044,1113,1044,1113,1086,1034,1086
1123,1055,1165,1055,1165,1086,1123,1086
1165,1050,1275,1050,1275,1092,1165,1092
1275,1050,1422,1050,1422,1092,1275,1092
1422,1050,1475,1050,1475,1097,1422,1097
1480,1055,1611,1055,1611,1097,1480,1097
1611,1060,1690,1060,1690,1097,1611,1097
1695,1060,1769,1060,1769,1097,1695,1097
1328,1118,1433,1118,1433,1155,1328,1155
1443,1118,1485,1118,1485,1155,1443,1155
1485,1118,1548,1118,1548,1155,1485,1155
1727,1118,1774,1118,1774,1160,1727,1160
1779,1123,1842,1123,1842,1160,1779,1160
1039,1170,1107,1170,1107,1207,1039,1207
1118,1170,1149,1170,1149,1207,1118,1207
1165,1176,1270,1176,1270,1212,1165,1212
1275,1176,1412,1176,1412,1212,1275,1212
1417,1181,1606,1181,1606,1218,1417,1218
1611,1181,1695,1181,1695,1218,1611,1218
1328,1239,1433,1239,1433,1275,1328,1275
1438,1233,1480,1233,1480,1275,1438,1275
1485,1239,1548,1239,1548,1275,1485,1275
1727,1239,1837,1239,1837,1281,1727,1281
1034,1281,1118,1281,1118,1328,1034,1328
1118,1286,1202,1286,1202,1333,1118,1333
1207,1291,1333,1291,1333,1333,1207,1333
1333,1291,1470,1291,1470,1333,1333,1333
1480,1296,1622,1296,1622,1333,1480,1333
1622,1291,1701,1291,1701,1338,1622,1338
1711,1302,1811,1302,1811,1338,1711,1338
1034,1323,1118,1323,1118,1370,1034,1370
1139,1396,1165,1396,1165,1428,1139,1428
1433,1391,1480,1391,1480,1433,1433,1433
1485,1396,1543,1396,1543,1433,1485,1433
1722,1401,1769,1401,1769,1438,1722,1438
1769,1401,1832,1401,1832,1438,1769,1438
1041,1449,1127,1440,1131,1481,1045,1489
1128,1438,1202,1438,1202,1485,1128,1485
1207,1449,1281,1449,1281,1485,1207,1485
1281,1443,1359,1443,1359,1491,1281,1491
1359,1443,1443,1443,1443,1491,1359,1491
1443,1443,1512,1443,1512,1491,1443,1491
1517,1454,1601,1454,1601,1491,1517,1491
1433,1506,1480,1506,1480,1548,1433,1548
1485,1512,1543,1512,1543,1548,1485,1548
1716,1517,1827,1517,1827,1554,1716,1554
1044,1559,1144,1559,1144,1596,1044,1596
1149,1559,1218,1559,1218,1601,1149,1601
1113,1617,1202,1617,1202,1659,1113,1659
1438,1622,1543,1622,1543,1659,1438,1659
1737,1627,1821,1627,1821,1664,1737,1664
1050,1674,1170,1674,1170,1711,1050,1711
1170,1674,1270,1674,1270,1711,1170,1711
1113,1732,1202,1732,1202,1764,1113,1764
1438,1737,1543,1737,1543,1769,1438,1769
1716,1737,1758,1737,1758,1774,1716,1774
1758,1737,1821,1737,1821,1774,1758,1774
1055,1785,1123,1785,1123,1821,1055,1821
1123,1779,1165,1779,1165,1821,1123,1821
1165,1785,1244,1785,1244,1821,1165,1821
1249,1790,1491,1790,1491,1827,1249,1827
1496,1790,1580,1790,1580,1827,1496,1827
1580,1795,1685,1795,1685,1827,1580,1827
1480,1842,1538,1842,1538,1879,1480,1879
1716,1848,1758,1848,1758,1884,1716,1884
1758,1848,1816,1848,1816,1884,1758,1884
1055,1890,1160,1890,1160,1932,1055,1932
1165,1895,1239,1895,1239,1932,1165,1932
1244,1895,1312,1895,1312,1932,1244,1932
1317,1895,1391,1895,1391,1937,1317,1937
1396,1895,1501,1895,1501,1937,1396,1937
1512,1900,1590,1900,1590,1937,1512,1937
1596,1900,1727,1900,1727,1937,1596,1937
1732,1900,1795,1900,1795,1937,1732,1937
1055,1932,1149,1932,1149,1968,1055,1968
1155,1937,1254,1937,1254,1968,1155,1968
1328,1989,1433,1989,1433,2026,1328,2026
1433,1995,1475,1995,1475,2026,1433,2026
1470,1995,1538,1995,1538,2026,1470,2026
1711,1995,1816,1995,1816,2031,1711,2031
1050,2037,1149,2037,1149,2079,1050,2079
1155,2042,1249,2042,1249,2079,1155,2079
1254,2042,1428,2042,1428,2079,1254,2079
1433,2047,1470,2047,1470,2084,1433,2084
1475,2047,1632,2047,1632,2084,1475,2084
1632,2047,1774,2047,1774,2084,1632,2084
1050,2084,1123,2084,1123,2121,1050,2121
1433,2142,1475,2142,1475,2173,1433,2173
1480,2142,1538,2142,1538,2173,1480,2173
1706,2142,1748,2142,1748,2178,1706,2178
1753,2142,1811,2142,1811,2178,1753,2178
1050,2189,1149,2189,1149,2226,1050,2226
1149,2189,1191,2189,1191,2226,1149,2226
1197,2189,1265,2189,1265,2226,1197,2226
1270,2184,1370,2184,1370,2226,1270,2226
1512,2189,1590,2189,1590,2231,1512,2231
1375,2194,1512,2194,1512,2226,1375,2226
1596,2194,1685,2194,1685,2231,1596,2231
1685,2194,1790,2194,1790,2231,1685,2231
1050,2231,1113,2231,1113,2262,1050,2262
1118,2231,1186,2231,1186,2268,1118,2268
1449,2289,1538,2289,1538,2320,1449,2320
1711,2289,1811,2289,1811,2325,1711,2325
1044,2336,1118,2336,1118,2373,1044,2373
1123,2341,1207,2341,1207,2373,1123,2373
1212,2341,1286,2341,1286,2378,1212,2378
1291,2341,1349,2341,1349,2378,1291,2378
1354,2341,1428,2341,1428,2378,1354,2378
1433,2341,1527,2341,1527,2378,1433,2378
1533,2341,1596,2341,1596,2378,1533,2378
1596,2341,1680,2341,1680,2378,1596,2378
1685,2346,1753,2346,1753,2383,1685,2383
1433,2399,1533,2399,1533,2436,1433,2436
1701,2394,1748,2394,1748,2436,1701,2436
1753,2399,1811,2399,1811,2436,1753,2436
1244,2441,1323,2441,1323,2488,1244,2488
1044,2451,1107,2451,1107,2488,1044,2488
1113,2451,1191,2451,1191,2488,1113,2488
1191,2451,1244,2451,1244,2483,1191,2483
1323,2451,1401,2451,1401,2488,1323,2488
1107,2509,1191,2509,1191,2541,1107,2541
1338,2509,1443,2509,1443,2546,1338,2546
1449,2509,1475,2509,1475,2541,1449,2541
1475,2509,1533,2509,1533,2541,1475,2541
1727,2509,1811,2509,1811,2546,1727,2546
1044,2562,1107,2562,1107,2598,1044,2598
1113,2562,1186,2562,1186,2598,1113,2598
1191,2562,1265,2562,1265,2598,1191,2598
1270,2562,1375,2562,1375,2598,1270,2598
1380,2562,1443,2562,1443,2598,1380,2598
1443,2567,1506,2567,1506,2604,1443,2604
1102,2619,1191,2619,1191,2651,1102,2651
1338,2619,1443,2619,1443,2656,1338,2656
1443,2619,1533,2619,1533,2656,1443,2656
1753,2625,1811,2625,1811,2656,1753,2656
1044,2672,1102,2672,1102,2709,1044,2709
1260,2667,1365,2667,1365,2709,1260,2709
1365,2667,1438,2667,1438,2714,1365,2714
1107,2677,1181,2677,1181,2709,1107,2709
1191,2677,1265,2677,1265,2709,1191,2709
1102,2730,1186,2730,1186,2766,1102,2766
1333,2730,1438,2730,1438,2766,1333,2766
1443,2730,1533,2730,1533,2766,1443,2766
1727,2735,1811,2735,1811,2772,1727,2772
1039,2782,1102,2782,1102,2819,1039,2819
1191,2782,1265,2782,1265,2819,1191,2819
1355,2778,1477,2785,1474,2825,1353,2819
1107,2787,1186,2787,1186,2824,1107,2824
1275,2787,1349,2787,1349,2824,1275,2824
1480,2787,1611,2787,1611,2824,1480,2824
1617,2787,1758,2787,1758,2824,1617,2824
1039,2824,1113,2824,1113,2861,1039,2861
1118,2824,1223,2824,1223,2861,1118,2861
1223,2819,1302,2819,1302,2861,1223,2861
1296,2961,1375,2961,1375,3003,1296,3003
1375,2961,1438,2961,1438,2997,1375,2997
1438,2966,1517,2966,1517,3003,1438,3003
1685,2987,1811,2987,1811,3018,1685,3018
1186,3003,1244,3003,1244,3039,1186,3039
1249,3003,1312,3003,1312,3039,1249,3039
1312,3003,1386,3003,1386,3045,1312,3045
1386,3003,1464,3003,1464,3039,1386,3039
1464,3003,1527,3003,1527,3039,1464,3039
1349,3045,1417,3045,1417,3081,1349,3081
1422,3050,1464,3050,1464,3081,1422,3081
1464,3050,1517,3050,1517,3081,1464,3081
1685,3055,1811,3055,1811,3087,1685,3087
1302,3092,1417,3092,1417,3134,1302,3134
1422,3092,1517,3092,1517,3134,1422,3134
1328,3139,1386,3139,1386,3171,1328,3171
1391,3139,1449,3139,1449,3171,1391,3171
1454,3139,1527,3139,1527,3176,1454,3176
1170,3197,1239,3197,1239,3228,1170,3228
1244,3197,1307,3197,1307,3228,1244,3228
1307,3197,1349,3197,1349,3228,1307,3228
1354,3197,1412,3197,1412,3228,1354,3228
1417,3197,1485,3197,1485,3234,1417,3234
1491,3197,1559,3197,1559,3228,1491,3228
1559,3192,1669,3192,1669,3239,1559,3239
1160,3423,1233,3423,1233,3465,1160,3465
1239,3428,1291,3428,1291,3459,1239,3459
1291,3428,1349,3428,1349,3470,1291,3470
1352,3432,1464,3426,1466,3464,1354,3471
1470,3433,1601,3433,1601,3470,1470,3470
1606,3438,1680,3438,1680,3470,1606,3470
1081,3507,1144,3507,1144,3538,1081,3538
1144,3507,1181,3507,1181,3543,1144,3543
1181,3507,1265,3507,1265,3543,1181,3543
1265,3507,1328,3507,1328,3543,1265,3543
1338,3507,1417,3507,1417,3543,1338,3543
1422,3512,1543,3512,1543,3549,1422,3549
1543,3512,1606,3512,1606,3549,1543,3549
1606,3517,1669,3517,1669,3549,1606,3549
1669,3512,1753,3512,1753,3591,1669,3591
1176,3543,1244,3543,1244,3580,1176,3580
1086,3549,1170,3549,1170,3580,1086,3580
1244,3549,1338,3549,1338,3585,1244,3585
1338,3554,1459,3554,1459,3591,1338,3591
1459,3554,1564,3554,1564,3585,1459,3585
1569,3554,1622,3554,1622,3585,1569,3585
1622,3554,1706,3554,1706,3591,1622,3591
1160,3575,1207,3575,1207,3622,1160,3622
1076,3583,1162,3591,1159,3625,1073,3617
1212,3591,1265,3591,1265,3622,1212,3622
1270,3591,1333,3591,1333,3627,1270,3627
1338,3591,1433,3591,1433,3627,1338,3627
1480,3591,1533,3591,1533,3627,1480,3627
1569,3591,1627,3591,1627,3627,1569,3627
1438,3596,1475,3596,1475,3627,1438,3627
1533,3596,1564,3596,1564,3627,1533,3627
1695,3596,1753,3596,1753,3627,1695,3627
1632,3601,1690,3601,1690,3627,1632,3627
1249,3627,1312,3627,1312,3664,1249,3664
1317,3627,1386,3627,1386,3664,1317,3664
1391,3633,1433,3633,1433,3664,1391,3664
1433,3638,1512,3638,1512,3669,1433,3669
1517,3638,1585,3638,1585,3664,1517,3664
1186,3665,1564,3671,1564,3707,1185,3701
1569,3675,1643,3675,1643,3706,1569,3706
1065,3743,1128,3743,1128,3774,1065,3774
1134,3743,1228,3743,1228,3774,1134,3774
1275,3743,1349,3743,1349,3780,1275,3780
1475,3743,1527,3743,1527,3780,1475,3780
1233,3748,1281,3748,1281,3774,1233,3774
1428,3748,1475,3748,1475,3780,1428,3780
1527,3748,1622,3748,1622,3785,1527,3785
1706,3748,1764,3748,1764,3785,1706,3785
1354,3753,1422,3753,1422,3780,1354,3780
1627,3753,1701,3753,1701,3785,1627,3785
1144,3780,1223,3780,1223,3816,1144,3816
1097,3785,1139,3785,1139,3811,1097,3811
1228,3785,1312,3785,1312,3816,1228,3816
1312,3785,1391,3785,1391,3816,1312,3816
1391,3785,1449,3785,1449,3816,1391,3816
1443,3785,1480,3785,1480,3822,1443,3822
1491,3785,1554,3785,1554,3816,1491,3816
1559,3790,1638,3790,1638,3822,1559,3822
1643,3790,1716,3790,1716,3822,1643,3822
1149,3816,1207,3816,1207,3848,1149,3848
1207,3822,1275,3822,1275,3853,1207,3853
1281,3822,1328,3822,1328,3853,1281,3853
1328,3822,1386,3822,1386,3853,1328,3853
1391,3822,1485,3822,1485,3853,1391,3853
1496,3822,1564,3822,1564,3858,1496,3858
1564,3827,1627,3827,1627,3858,1564,3858
1632,3827,1680,3827,1680,3858,1632,3858
1160,3895,1228,3895,1228,3921,1160,3921
1228,3895,1307,3895,1307,3927,1228,3927
1312,3895,1370,3895,1370,3921,1312,3921
1375,3895,1438,3895,1438,3927,1375,3927
1443,3895,1543,3895,1543,3927,1443,3927
1539,3901,1578,3892,1583,3915,1545,3925
1585,3900,1669,3900,1669,3927,1585,3927
1113,3918,1174,3926,1170,3955,1109,3947
1176,3921,1249,3921,1249,3953,1176,3953
1254,3927,1286,3927,1286,3948,1254,3948
1296,3927,1370,3927,1370,3953,1296,3953
1375,3927,1438,3927,1438,3953,1375,3953
1443,3927,1627,3927,1627,3979,1443,3979
1506,3927,1569,3927,1569,3953,1506,3953
1575,3927,1653,3927,1653,3958,1575,3958
1659,3927,1716,3927,1716,3953,1659,3953
1245,3954,1284,3944,1289,3968,1251,3977
1191,3953,1244,3953,1244,3974,1191,3974
1296,3953,1359,3953,1359,3974,1296,3974
1365,3953,1428,3953,1428,3974,1365,3974
1281,3984,1344,3984,1344,4016,1281,4016
1365,3984,1407,3984,1407,4016,1365,4016
1407,3984,1449,3984,1449,4021,1407,4021
1475,3984,1601,3984,1601,4021,1475,4021
