1020,184,1320,194,1317,303,1016,293
1336,192,1567,184,1571,293,1339,301
1591,202,1876,212,1873,307,1588,298
1029,352,1880,361,1879,442,1028,433
609,483,866,483,866,567,609,567
887,488,1050,488,1050,567,887,567
1071,488,1302,488,1302,572,1071,572
1318,476,1621,495,1615,585,1313,566
1634,478,1825,501,1815,587,1624,564
2047,488,2194,488,2194,572,2047,572
2210,488,2294,488,2294,567,2210,567
1837,493,2031,493,2031,572,1837,572
2210,567,2362,567,2362,656,2210,656
788,585,946,566,959,664,800,684
1561,584,1713,567,1724,659,1572,677
1732,577,1837,577,1837,661,1732,661
966,577,1113,577,1113,666,966,666
1123,582,1312,582,1312,666,1123,666
1328,582,1564,582,1564,661,1328,661
546,588,792,588,792,666,546,666
1853,588,1984,588,1984,666,1853,666
2000,588,2199,588,2199,666,2000,666
1386,682,1559,682,1559,756,1386,756
971,892,1286,892,1286,1002,971,1002
1683,896,1968,889,1970,997,1686,1004
1307,903,1664,903,1664,1002,1307,1002
509,1081,630,1081,630,1176,509,1176
1202,1081,1837,1081,1837,1170,1202,1170
645,1092,787,1092,787,1176,645,1176
1065,1092,1207,1092,1207,1170,1065,1170
1233,1207,1485,1207,1485,1291,1233,1291
1501,1207,1706,1207,1706,1286,1501,1286
519,1207,729,1207,729,1307,519,1307
740,1212,882,1212,882,1296,740,1296
1071,1212,1233,1212,1233,1291,1071,1291
1527,1323,1643,1323,1643,1412,1527,1412
1082,1326,1299,1334,1296,1420,1079,1413
1317,1328,1512,1328,1512,1407,1317,1407
530,1333,735,1333,735,1412,530,1412
745,1333,934,1333,934,1412,745,1412
2262,1506,2436,1506,2436,1606,2262,1606
2000,1533,2257,1533,2257,1617,2000,1617
1412,1548,1554,1548,1554,1632,1412,1632
1564,1543,1722,1543,1722,1632,1564,1632
745,1559,866,1559,866,1643,745,1643
855,1722,1050,1722,1050,1821,855,1821
535,1732,845,1732,845,1816,535,1816
2181,1827,2440,1814,2444,1900,2185,1913
1478,1848,1732,1841,1734,1928,1481,1935
701,1869,923,1862,926,1947,704,1954
1370,2037,1512,2037,1512,2131,1370,2131
1534,2036,1736,2049,1731,2135,1528,2122
1170,2042,1365,2042,1365,2142,1170,2142
2191,2071,2445,2059,2449,2146,2195,2157
1392,2148,1585,2124,1597,2217,1404,2242
1590,2131,1737,2131,1737,2231,1590,2231
1223,2136,1396,2136,1396,2241,1223,2241
1071,2157,1218,2157,1218,2236,1071,2236
913,2163,1060,2163,1060,2252,913,2252
1485,2241,1716,2241,1716,2336,1485,2336
1195,2258,1474,2250,1477,2343,1197,2350
2136,2262,2451,2262,2451,2373,2136,2373
1569,2346,1748,2346,1748,2430,1569,2430
1422,2352,1564,2352,1564,2430,1422,2430
1275,2357,1417,2357,1417,2446,1275,2446
1690,2457,1863,2457,1863,2556,1690,2556
1869,2457,2121,2457,2121,2551,1869,2551
1517,2472,1690,2472,1690,2583,1517,2583
1260,2499,1359,2499,1359,2577,1260,2577
1370,2499,1512,2499,1512,2577,1370,2577
1092,2509,1244,2509,1244,2588,1092,2588
913,2521,1080,2510,1086,2601,919,2611
2000,3029,2168,3029,2168,3113,2000,3113
1667,3061,1977,3031,1985,3117,1676,3148
1381,3073,1654,3040,1666,3143,1393,3175
1233,3076,1386,3076,1386,3181,1233,3181
899,3083,1105,3090,1101,3193,895,3186
1107,3087,1228,3087,1228,3176,1107,3176
2157,3207,2352,3207,2352,3375,2157,3375
2005,3218,2152,3218,2152,3291,2005,3291
1858,3223,1995,3223,1995,3307,1858,3307
1683,3242,1851,3227,1858,3311,1691,3326
1569,3249,1680,3249,1680,3328,1569,3328
1356,3268,1552,3257,1557,3336,1360,3347
1191,3276,1344,3276,1344,3354,1191,3354
981,3286,1176,3286,1176,3365,981,3365
892,3302,971,3302,971,3386,892,3386
2052,3302,2231,3302,2231,3391,2052,3391
729,3307,882,3307,882,3386,729,3386
1921,3318,2037,3318,2037,3391,1921,3391
1816,3323,1911,3323,1911,3407,1816,3407
1669,3333,1800,3333,1800,3417,1669,3417
1496,3349,1659,3349,1659,3433,1496,3433
1370,3362,1489,3352,1496,3432,1377,3442
1135,3376,1363,3362,1368,3443,1140,3457
966,3375,1128,3375,1128,3470,966,3470
2220,3391,2362,3391,2362,3470,2220,3470
745,3391,955,3391,955,3491,745,3491
1926,3402,2063,3402,2063,3486,1926,3486
2073,3402,2210,3402,2210,3475,2073,3475
1706,3418,1830,3409,1836,3495,1712,3504
1842,3417,1911,3417,1911,3491,1842,3491
1611,3428,1701,3428,1701,3512,1611,3512
1371,3450,1595,3436,1600,3516,1376,3530
1202,3454,1365,3454,1365,3543,1202,3543
945,3465,1044,3465,1044,3559,945,3559
1060,3475,1181,3475,1181,3554,1060,3554
735,3496,934,3496,934,3575,735,3575
1799,3516,1955,3496,1964,3573,1808,3592
1601,3522,1790,3522,1790,3601,1601,3601
1496,3533,1596,3533,1596,3612,1496,3612
1328,3543,1485,3543,1485,3622,1328,3622
1157,3565,1311,3557,1315,3632,1161,3640
1423,3633,2087,3578,2093,3661,1430,3715
1013,3660,1427,3630,1433,3717,1020,3747
2257,3753,2404,3753,2404,3837,2257,3837
2068,3759,2241,3759,2241,3837,2068,3837
1844,3775,2057,3766,2060,3851,1848,3860
1716,3780,1837,3780,1837,3864,1716,3864
1596,3801,1711,3801,1711,3879,1596,3879
1428,3816,1585,3816,1585,3885,1428,3885
1254,3827,1412,3827,1412,3906,1254,3906
1128,3832,1244,3832,1244,3900,1128,3900
897,3837,1118,3837,1118,3911,897,3911
729,3848,882,3848,882,3927,729,3927
2110,3848,2294,3848,2294,3927,2110,3927
1916,3858,2094,3858,2094,3942,1916,3942
1758,3874,1900,3874,1900,3953,1758,3953
1527,3885,1648,3885,1648,3974,1527,3974
1653,3885,1748,3885,1748,3963,1653,3963
1338,3900,1517,3900,1517,3974,1338,3974
1129,3909,1329,3916,1327,3988,1126,3980
804,3927,912,3918,918,3989,810,3998
929,3921,1113,3921,1113,3995,929,3995
2079,3942,2194,3942,2194,4021,2079,4021
1926,3942,2073,3942,2073,4026,1926,4026
1774,3963,1921,3963,1921,4026,1774,4026
1522,3969,1743,3969,1743,4026,1522,4026
1375,3979,1501,3979,1501,4026,1375,4026
1081,3990,1239,3990,1239,4026,1081,4026
1254,3995,1359,3995,1359,4026,1254,4026
955,4005,1071,4005,1071,4026,955,4026
