1144,157,1344,157,1344,236,1144,236
1359,157,1512,157,1512,231,1359,231
1527,168,1727,168,1727,231,1527,231
1270,267,1722,267,1722,320,1270,320
1139,273,1265,273,1265,320,1139,320
1165,351,1323,351,1323,414,1165,414
1544,349,1672,357,1669,416,1540,409
1832,351,1937,351,1937,404,1832,404
866,357,1034,357,1034,414,866,414
1044,357,1155,357,1155,409,1044,409
1329,348,1536,361,1532,421,1325,409
1685,357,1827,357,1827,409,1685,409
1947,357,1989,357,1989,404,1947,404
1501,414,1606,414,1606,488,1501,488
1611,414,1690,414,1690,477,1611,477
1942,414,2047,414,2047,472,1942,472
824,420,981,420,981,477,824,477
987,420,1086,420,1086,483,987,483
1097,420,1191,420,1191,472,1097,472
1202,420,1328,420,1328,477,1202,477
1333,420,1496,420,1496,472,1333,472
1695,420,1785,420,1785,472,1695,472
1800,420,1937,420,1937,477,1800,477
1370,488,1491,488,1491,540,1370,540
1092,630,1302,630,1302,708,1092,708
1572,635,1773,625,1777,703,1576,713
1317,640,1564,640,1564,708,1317,708
787,750,866,750,866,813,787,813
871,756,966,756,966,808,871,808
1134,756,1223,756,1223,813,1134,813
1228,756,1659,756,1659,813,1228,813
787,834,924,834,924,897,787,897
929,834,1023,834,1023,887,929,887
1134,834,1244,834,1244,887,1134,887
1244,834,1412,834,1412,892,1244,892
1422,834,1564,834,1564,892,1422,892
787,908,924,908,924,966,787,966
929,913,1055,913,1055,966,929,966
1134,913,1281,913,1281,971,1134,971
1296,913,1428,913,1428,971,1296,971
1438,918,1517,918,1517,976,1438,976
1963,1055,2079,1055,2079,1128,1963,1128
913,1065,992,1065,992,1118,913,1118
1774,1065,1958,1065,1958,1128,1774,1128
1354,1071,1449,1071,1449,1128,1354,1128
1464,1071,1575,1071,1575,1134,1464,1134
787,1165,966,1165,966,1233,787,1233
971,1170,1055,1170,1055,1233,971,1233
1060,1173,1339,1181,1338,1241,1058,1233
1606,1176,1737,1176,1737,1244,1606,1244
1743,1176,1837,1176,1837,1233,1743,1233
1354,1181,1428,1181,1428,1239,1354,1239
1848,1181,1963,1181,1963,1233,1848,1233
1449,1186,1596,1186,1596,1244,1449,1244
1968,1265,2073,1265,2073,1333,1968,1333
1155,1270,1365,1270,1365,1338,1155,1338
1863,1270,1968,1270,1968,1328,1863,1328
1370,1275,1569,1275,1569,1333,1370,1333
787,1349,966,1349,966,1417,787,1417
972,1351,1110,1359,1106,1431,968,1423
1113,1359,1265,1359,1265,1422,1113,1422
1727,1359,1848,1359,1848,1428,1727,1428
1853,1359,1958,1359,1958,1428,1853,1428
1275,1365,1496,1365,1496,1428,1275,1428
1506,1370,1606,1370,1606,1422,1506,1422
1617,1370,1716,1370,1716,1433,1617,1433
776,1422,1112,1422,1112,1480,776,1480
1186,1522,1396,1522,1396,1590,1186,1590
1396,1521,1566,1527,1563,1589,1394,1582
1890,1522,1974,1522,1974,1580,1890,1580
1968,1522,2068,1522,2068,1580,1968,1580
918,1601,1134,1601,1134,1674,918,1674
782,1606,908,1606,908,1669,782,1669
1144,1606,1323,1606,1323,1674,1144,1674
876,1701,1023,1701,1023,1758,876,1758
1396,1706,1564,1706,1564,1764,1396,1764
1916,1706,2063,1706,2063,1764,1916,1764
782,1785,992,1785,992,1853,782,1853
1002,1790,1086,1790,1086,1853,1002,1853
1097,1790,1223,1790,1223,1858,1097,1858
1228,1795,1291,1795,1291,1853,1228,1853
1391,1883,1566,1890,1563,1951,1389,1945
1884,1890,2063,1890,2063,1947,1884,1947
1182,2008,1319,2024,1311,2093,1174,2077
1317,2021,1412,2021,1412,2079,1317,2079
1422,2026,1559,2026,1559,2089,1422,2089
1853,2055,1977,2063,1973,2122,1850,2115
1958,2058,2063,2058,2063,2115,1958,2115
1002,2084,1097,2084,1097,2142,1002,2142
1107,2084,1202,2084,1202,2142,1107,2142
1212,2084,1323,2084,1323,2152,1212,2152
1322,2091,1456,2076,1463,2140,1329,2155
1464,2089,1564,2089,1564,2157,1464,2157
1197,2157,1338,2157,1338,2226,1197,2226
1338,2163,1412,2163,1412,2220,1338,2220
1418,2160,1563,2173,1557,2235,1413,2222
1916,2173,2063,2173,2063,2231,1916,2231
1191,2241,1380,2241,1380,2304,1191,2304
1386,2241,1543,2241,1543,2299,1386,2299
1806,2278,2068,2278,2068,2352,1806,2352
1233,2310,1333,2310,1333,2367,1233,2367
1333,2310,1433,2310,1433,2362,1333,2362
1438,2310,1559,2310,1559,2367,1438,2367
1328,2399,1438,2399,1438,2462,1328,2462
1449,2404,1559,2404,1559,2467,1449,2467
1853,2415,1974,2415,1974,2472,1853,2472
1963,2415,2068,2415,2068,2478,1963,2478
1260,2472,1375,2472,1375,2541,1260,2541
1380,2478,1480,2478,1480,2546,1380,2546
1480,2483,1559,2483,1559,2541,1480,2541
1853,2488,1963,2488,1963,2556,1853,2556
1963,2493,2068,2493,2068,2556,1963,2556
1412,2556,1533,2556,1533,2630,1412,2630
1533,2556,1653,2556,1653,2625,1533,2625
997,2562,1113,2562,1113,2625,997,2625
1118,2562,1223,2562,1223,2619,1118,2619
1228,2562,1302,2562,1302,2614,1228,2614
1307,2562,1407,2562,1407,2619,1307,2619
1654,2558,1835,2566,1831,2637,1651,2629
977,2948,1117,2962,1109,3033,970,3019
1305,2960,1490,2953,1492,3018,1307,3025
1113,2961,1197,2961,1197,3013,1113,3013
1202,2961,1307,2961,1307,3029,1202,3029
1496,2966,1596,2966,1596,3024,1496,3024
1590,2966,1716,2966,1716,3024,1590,3024
1727,2966,1848,2966,1848,3024,1727,3024
1018,3087,1149,3087,1149,3144,1018,3144
850,3092,955,3092,955,3144,850,3144
960,3092,1013,3092,1013,3150,960,3150
1165,3092,1265,3092,1265,3150,1165,3150
1275,3092,1412,3092,1412,3150,1275,3150
1417,3092,1496,3092,1496,3150,1417,3150
1506,3092,1617,3092,1617,3150,1506,3150
1622,3097,1722,3097,1722,3155,1622,3155
1732,3102,1837,3102,1837,3155,1732,3155
1843,3101,1983,3114,1977,3178,1837,3166
855,3155,1002,3155,1002,3218,855,3218
1009,3151,1127,3161,1121,3226,1003,3217
1123,3155,1275,3155,1275,3213,1123,3213
1366,3155,1485,3166,1479,3226,1360,3215
1485,3160,1585,3160,1585,3218,1485,3218
1590,3160,1659,3160,1659,3223,1590,3223
1286,3165,1365,3165,1365,3213,1286,3213
1664,3165,1748,3165,1748,3218,1664,3218
1895,3165,1968,3165,1968,3228,1895,3228
1758,3171,1890,3171,1890,3234,1758,3234
992,3213,1065,3213,1065,3281,992,3281
845,3216,989,3224,985,3285,842,3277
1065,3223,1160,3223,1160,3281,1065,3281
1165,3223,1275,3223,1275,3281,1165,3281
1286,3223,1438,3223,1438,3276,1286,3276
1443,3223,1506,3223,1506,3281,1443,3281
1517,3223,1601,3223,1601,3281,1517,3281
1611,3228,1659,3228,1659,3281,1611,3281
1669,3228,1764,3228,1764,3286,1669,3286
1879,3234,1979,3234,1979,3291,1879,3291
1774,3239,1874,3239,1874,3286,1774,3286
1134,3286,1239,3286,1239,3344,1134,3344
1249,3286,1354,3286,1354,3344,1249,3344
1365,3291,1433,3291,1433,3344,1365,3344
1438,3290,1572,3297,1569,3356,1435,3349
1580,3297,1690,3297,1690,3349,1580,3349
1034,3349,1317,3349,1317,3412,1034,3412
1318,3350,1780,3363,1779,3421,1316,3407
825,3477,943,3486,938,3552,820,3543
939,3480,1092,3480,1092,3538,939,3538
1188,3474,1303,3490,1295,3552,1180,3536
1512,3480,1601,3480,1601,3543,1512,3543
1107,3486,1181,3486,1181,3538,1107,3538
1428,3486,1506,3486,1506,3538,1428,3538
1601,3486,1753,3486,1753,3543,1601,3543
1895,3486,1995,3486,1995,3549,1895,3549
1307,3491,1417,3491,1417,3538,1307,3538
1764,3491,1884,3491,1884,3549,1764,3549
1375,3543,1470,3543,1470,3617,1375,3617
876,3549,950,3549,950,3606,876,3606
957,3542,1091,3555,1086,3614,951,3602
1097,3547,1241,3554,1237,3615,1094,3607
1244,3549,1370,3549,1370,3601,1244,3601
1464,3549,1533,3549,1533,3606,1464,3606
1538,3549,1643,3549,1643,3606,1538,3606
1649,3547,1783,3560,1777,3620,1643,3607
1790,3554,1916,3554,1916,3612,1790,3612
1065,3612,1176,3612,1176,3669,1065,3669
1370,3612,1527,3612,1527,3669,1370,3669
971,3617,1055,3617,1055,3669,971,3669
1265,3617,1365,3617,1365,3685,1265,3685
1548,3617,1653,3617,1653,3680,1548,3680
1186,3622,1254,3622,1254,3669,1186,3669
1659,3622,1764,3622,1764,3685,1659,3685
1769,3622,1848,3622,1848,3680,1769,3680
1098,3752,1237,3765,1231,3836,1092,3823
1233,3759,1333,3759,1333,3816,1233,3816
1338,3759,1454,3759,1454,3832,1338,3832
1459,3759,1617,3759,1617,3816,1459,3816
976,3764,1086,3764,1086,3816,976,3816
1627,3764,1690,3764,1690,3822,1627,3822
1701,3761,1845,3772,1841,3832,1697,3821
1002,3822,1134,3822,1134,3890,1002,3890
892,3827,992,3827,992,3885,892,3885
1204,3821,1343,3833,1337,3904,1197,3891
1338,3827,1443,3827,1443,3885,1338,3885
1682,3816,1825,3840,1813,3911,1670,3887
1134,3832,1197,3832,1197,3890,1134,3890
1559,3832,1669,3832,1669,3885,1559,3885
1821,3832,1916,3832,1916,3890,1821,3890
1454,3837,1554,3837,1554,3895,1454,3895
1023,3895,1123,3895,1123,3953,1023,3953
1128,3895,1191,3895,1191,3948,1128,3948
1202,3895,1312,3895,1312,3953,1202,3953
1323,3895,1449,3895,1449,3953,1323,3953
1454,3895,1785,3895,1785,3953,1454,3953
1086,3990,1170,3990,1170,4026,1086,4026
1480,3990,1722,3990,1722,4026,1480,4026
1181,4000,1291,4000,1291,4026,1181,4026
1302,4000,1391,4000,1391,4026,1302,4026
1401,4000,1470,4000,1470,4026,1401,4026
