1275,194,1428,194,1428,246,1275,246
1438,199,1554,199,1554,246,1438,246
1570,200,1719,209,1716,255,1567,246
1375,267,1627,267,1627,304,1375,304
1270,273,1380,273,1380,304,1270,304
1638,278,1722,278,1722,304,1638,304
1291,325,1401,325,1401,367,1291,367
1418,317,1572,329,1569,374,1414,362
1585,323,1683,333,1679,371,1581,361
1050,325,1186,325,1186,367,1050,367
1197,330,1281,330,1281,367,1197,367
1690,330,1795,330,1795,367,1690,367
1800,325,1884,325,1884,367,1800,367
1895,336,1921,336,1921,367,1895,367
1417,362,1543,362,1543,409,1417,409
1543,362,1627,362,1627,409,1543,409
1627,362,1690,362,1690,404,1627,404
1144,367,1223,367,1223,414,1144,414
1228,367,1307,367,1307,409,1228,409
1317,372,1412,372,1412,409,1317,409
1701,372,1769,372,1769,409,1701,409
1779,372,1874,372,1874,409,1779,409
1891,369,1973,380,1968,419,1885,408
1023,378,1144,378,1144,414,1023,414
1443,414,1538,414,1538,451,1443,451
1223,514,1386,514,1386,572,1223,572
1596,514,1753,514,1753,567,1596,567
1396,519,1590,519,1590,567,1396,567
987,603,1044,603,1044,656,987,656
1328,603,1669,603,1669,651,1328,651
1050,609,1123,609,1123,656,1050,656
1254,609,1333,609,1333,656,1254,656
1254,666,1475,666,1475,714,1254,714
1480,666,1596,666,1596,714,1480,714
987,672,1092,672,1092,724,987,724
1097,672,1170,672,1170,719,1097,719
1254,729,1302,729,1302,777,1254,777
1307,729,1375,729,1375,777,1307,777
1380,729,1480,729,1480,782,1380,782
1480,729,1627,729,1627,777,1480,777
987,735,1092,735,1092,782,987,782
1097,735,1197,735,1197,782,1097,782
1900,840,1995,840,1995,892,1900,892
1753,845,1895,845,1895,892,1753,892
1412,850,1491,850,1491,897,1412,897
1501,850,1585,850,1585,897,1501,897
1092,861,1149,861,1149,897,1092,897
1779,929,1869,929,1869,981,1779,981
981,934,1034,934,1034,981,981,981
1039,934,1191,934,1191,981,1039,981
1412,934,1506,934,1506,981,1412,981
1512,934,1585,934,1585,981,1512,981
1701,934,1779,934,1779,981,1701,981
1197,939,1344,939,1344,987,1197,987
1349,939,1407,939,1407,981,1349,981
1592,932,1700,946,1694,995,1586,981
1905,1002,1984,1002,1984,1055,1905,1055
1102,1013,1128,1013,1128,1050,1102,1050
1475,1013,1512,1013,1512,1055,1475,1055
1506,1008,1585,1008,1585,1055,1506,1055
1842,1008,1905,1008,1905,1055,1842,1055
976,1076,1029,1076,1029,1123,976,1123
1034,1076,1128,1076,1128,1128,1034,1128
1134,1072,1257,1079,1254,1130,1131,1123
1265,1076,1365,1076,1365,1123,1265,1123
1370,1081,1459,1081,1459,1123,1370,1123
1680,1076,1769,1076,1769,1128,1680,1128
1465,1078,1572,1086,1569,1135,1461,1127
1580,1081,1674,1081,1674,1128,1580,1128
1443,1149,1501,1149,1501,1197,1443,1197
1501,1149,1585,1149,1585,1197,1501,1197
1848,1149,1900,1149,1900,1202,1848,1202
1905,1149,1984,1149,1984,1202,1905,1202
981,1218,1034,1218,1034,1270,981,1270
1034,1218,1202,1218,1202,1270,1034,1270
1312,1218,1401,1218,1401,1270,1312,1270
1701,1218,1785,1218,1785,1270,1701,1270
1207,1223,1302,1223,1302,1270,1207,1270
1522,1223,1695,1223,1695,1270,1522,1270
1790,1223,1900,1223,1900,1270,1790,1270
1412,1228,1517,1228,1517,1270,1412,1270
1443,1296,1580,1296,1580,1349,1443,1349
1842,1302,1984,1302,1984,1349,1842,1349
976,1365,1029,1365,1029,1412,976,1412
1034,1365,1165,1365,1165,1417,1034,1417
1170,1365,1281,1365,1281,1417,1170,1417
1286,1370,1407,1370,1407,1417,1286,1417
1417,1370,1664,1370,1664,1422,1417,1422
1669,1370,1764,1370,1764,1422,1669,1422
1769,1370,1837,1370,1837,1422,1769,1422
1842,1370,1942,1370,1942,1422,1842,1422
976,1417,1065,1417,1065,1464,976,1464
1065,1417,1176,1417,1176,1464,1065,1464
1464,1496,1580,1496,1580,1543,1464,1543
1832,1501,1890,1501,1890,1548,1832,1548
1895,1501,1974,1501,1974,1548,1895,1548
976,1559,1029,1559,1029,1611,976,1611
1034,1559,1134,1559,1134,1611,1034,1611
1139,1559,1239,1559,1239,1611,1139,1611
1239,1559,1328,1559,1328,1611,1239,1611
1338,1564,1417,1564,1417,1611,1338,1611
1506,1564,1601,1564,1601,1617,1506,1617
1606,1564,1737,1564,1737,1617,1606,1617
1743,1564,1832,1564,1832,1617,1743,1617
1422,1569,1501,1569,1501,1617,1422,1617
1832,1569,1921,1569,1921,1617,1832,1617
1456,1643,1574,1634,1578,1685,1460,1694
1890,1643,1968,1643,1968,1690,1890,1690
1858,1653,1890,1653,1890,1690,1858,1690
981,1701,1071,1701,1071,1748,981,1748
1076,1706,1207,1706,1207,1758,1076,1758
1212,1706,1396,1706,1396,1753,1212,1753
1401,1706,1522,1706,1522,1758,1401,1758
1527,1711,1674,1711,1674,1758,1527,1758
1680,1711,1748,1711,1748,1758,1680,1758
1748,1711,1858,1711,1858,1764,1748,1764
1496,1779,1575,1779,1575,1832,1496,1832
1438,1785,1501,1785,1501,1827,1438,1827
1827,1785,1963,1785,1963,1832,1827,1832
981,1842,1034,1842,1034,1890,981,1890
1039,1842,1134,1842,1134,1895,1039,1895
1139,1842,1239,1842,1239,1895,1139,1895
1244,1842,1344,1842,1344,1895,1244,1895
1349,1846,1472,1853,1469,1901,1346,1895
1475,1853,1564,1853,1564,1900,1475,1900
1569,1853,1659,1853,1659,1900,1569,1900
1480,1921,1575,1921,1575,1968,1480,1968
1464,1932,1491,1932,1491,1963,1464,1963
1853,1932,1890,1932,1890,1974,1853,1974
1884,1926,1963,1926,1963,1974,1884,1974
981,1984,1039,1984,1039,2031,981,2031
1039,1984,1170,1984,1170,2031,1039,2031
1176,1983,1397,1990,1396,2039,1174,2033
1401,1989,1485,1989,1485,2037,1401,2037
1102,2063,1128,2063,1128,2100,1102,2100
1344,2058,1459,2058,1459,2105,1344,2105
1464,2063,1485,2063,1485,2100,1464,2100
1496,2058,1569,2058,1569,2105,1496,2105
1821,2063,1879,2063,1879,2110,1821,2110
1879,2068,1958,2068,1958,2110,1879,2110
1081,2115,1176,2115,1176,2168,1081,2168
981,2121,1076,2121,1076,2173,981,2173
1181,2121,1281,2121,1281,2173,1181,2173
1286,2126,1380,2126,1380,2173,1286,2173
1386,2126,1464,2126,1464,2173,1386,2173
1470,2131,1533,2131,1533,2173,1470,2173
1538,2131,1648,2131,1648,2178,1538,2178
1296,2194,1433,2194,1433,2241,1296,2241
1438,2199,1491,2199,1491,2241,1438,2241
1491,2199,1569,2199,1569,2241,1491,2241
1816,2205,1953,2205,1953,2252,1816,2252
987,2252,1107,2252,1107,2304,987,2304
1107,2252,1202,2252,1202,2304,1107,2304
1212,2268,1365,2268,1365,2304,1212,2304
1365,2262,1459,2262,1459,2310,1365,2310
1554,2262,1632,2262,1632,2310,1554,2310
1470,2268,1548,2268,1548,2310,1470,2310
981,2304,1333,2304,1333,2352,981,2352
1459,2383,1491,2383,1491,2420,1459,2420
1491,2378,1569,2378,1569,2425,1491,2425
1842,2394,1869,2394,1869,2430,1842,2430
1874,2388,1947,2388,1947,2436,1874,2436
987,2436,1039,2436,1039,2483,987,2483
1044,2436,1170,2436,1170,2483,1044,2483
1176,2436,1281,2436,1281,2483,1176,2483
1286,2441,1401,2441,1401,2488,1286,2488
1407,2440,1639,2448,1637,2498,1405,2490
1648,2446,1743,2446,1743,2493,1648,2493
1743,2446,1811,2446,1811,2493,1743,2493
1816,2451,1916,2451,1916,2499,1816,2499
987,2483,1081,2483,1081,2535,987,2535
1086,2488,1191,2488,1191,2530,1086,2530
1433,2562,1491,2562,1491,2609,1433,2609
1491,2562,1564,2562,1564,2609,1491,2609
1811,2567,1874,2567,1874,2614,1811,2614
1874,2577,1947,2577,1947,2614,1874,2614
1270,2656,1370,2656,1370,2709,1270,2709
1375,2656,1449,2656,1449,2709,1375,2709
1450,2656,1563,2669,1558,2718,1444,2706
1785,2693,1869,2693,1869,2740,1785,2740
1874,2703,1947,2703,1947,2740,1874,2740
1291,2703,1380,2703,1380,2761,1291,2761
1139,2709,1212,2709,1212,2756,1139,2756
1218,2709,1291,2709,1291,2751,1218,2751
1386,2709,1480,2709,1480,2761,1386,2761
1485,2714,1559,2714,1559,2761,1485,2761
1281,2761,1422,2761,1422,2814,1281,2814
1428,2766,1548,2766,1548,2819,1428,2819
1748,2798,1942,2798,1942,2856,1748,2856
1312,2819,1386,2819,1386,2866,1312,2866
1391,2824,1464,2824,1464,2861,1391,2861
1464,2824,1559,2824,1559,2866,1464,2866
1144,2887,1233,2887,1233,2934,1144,2934
1239,2887,1317,2887,1317,2934,1239,2934
1454,2887,1543,2887,1543,2945,1454,2945
1317,2892,1375,2892,1375,2934,1317,2934
1380,2898,1454,2898,1454,2934,1380,2934
1548,2898,1632,2898,1632,2940,1548,2940
1638,2888,1771,2897,1768,2947,1635,2939
1130,3169,1234,3182,1227,3237,1123,3224
1233,3181,1296,3181,1296,3228,1233,3228
1375,3181,1512,3181,1512,3234,1375,3234
1296,3186,1375,3186,1375,3234,1296,3234
1517,3192,1590,3192,1590,3239,1517,3239
1590,3197,1685,3197,1685,3234,1590,3234
1685,3192,1785,3192,1785,3239,1685,3239
1044,3276,1118,3276,1118,3318,1044,3318
1161,3268,1268,3277,1264,3327,1157,3318
1123,3281,1160,3281,1160,3323,1123,3323
1265,3276,1349,3276,1349,3323,1265,3323
1354,3276,1459,3276,1459,3323,1354,3323
1459,3281,1527,3281,1527,3323,1459,3323
1517,3281,1611,3281,1611,3328,1517,3328
1606,3281,1685,3281,1685,3328,1606,3328
1695,3291,1769,3291,1769,3328,1695,3328
1769,3291,1874,3291,1874,3375,1769,3375
1039,3323,1149,3323,1149,3375,1039,3375
1155,3323,1239,3323,1239,3370,1155,3370
1239,3323,1359,3323,1359,3370,1239,3370
1365,3333,1422,3333,1422,3370,1365,3370
1418,3323,1511,3334,1505,3383,1413,3373
1506,3328,1585,3328,1585,3375,1506,3375
1585,3333,1638,3333,1638,3381,1585,3381
1643,3333,1706,3333,1706,3375,1643,3375
1706,3333,1811,3333,1811,3386,1706,3386
1139,3365,1191,3365,1191,3417,1139,3417
1034,3370,1139,3370,1139,3417,1034,3417
1197,3375,1260,3375,1260,3423,1197,3423
1270,3375,1354,3375,1354,3423,1270,3423
1354,3375,1475,3375,1475,3423,1354,3423
1527,3375,1596,3375,1596,3423,1527,3423
1480,3386,1527,3386,1527,3423,1480,3423
1606,3386,1638,3386,1638,3423,1606,3423
1643,3381,1716,3381,1716,3428,1643,3428
1795,3381,1874,3381,1874,3428,1795,3428
1727,3391,1795,3391,1795,3428,1727,3428
1249,3428,1328,3428,1328,3465,1249,3465
1333,3428,1417,3428,1417,3465,1333,3465
1422,3433,1470,3433,1470,3470,1422,3470
1480,3438,1575,3438,1575,3475,1480,3475
1580,3438,1659,3438,1659,3470,1580,3470
1176,3473,1727,3479,1727,3522,1175,3516
1018,3559,1102,3559,1102,3606,1018,3606
1107,3570,1223,3570,1223,3606,1107,3606
1288,3565,1374,3576,1369,3619,1282,3608
1522,3564,1590,3564,1590,3612,1522,3612
1228,3575,1286,3575,1286,3606,1228,3606
1380,3575,1459,3575,1459,3612,1380,3612
1464,3570,1522,3570,1522,3612,1464,3612
1590,3570,1711,3570,1711,3617,1590,3617
1806,3570,1884,3570,1884,3617,1806,3617
1711,3575,1806,3575,1806,3617,1711,3617
1055,3606,1113,3606,1113,3654,1055,3654
1119,3603,1221,3616,1214,3668,1112,3655
1218,3607,1331,3617,1326,3669,1214,3658
1333,3617,1422,3617,1422,3659,1333,3659
1428,3617,1543,3617,1543,3664,1428,3664
1548,3622,1627,3622,1627,3664,1548,3664
1727,3617,1821,3617,1821,3664,1727,3664
1627,3622,1722,3622,1722,3669,1627,3669
1123,3659,1191,3659,1191,3701,1123,3701
1191,3659,1281,3659,1281,3706,1191,3706
1286,3669,1344,3669,1344,3706,1286,3706
1344,3664,1417,3664,1417,3711,1344,3711
1422,3664,1538,3664,1538,3706,1422,3706
1548,3664,1632,3664,1632,3717,1548,3717
1632,3669,1711,3669,1711,3717,1632,3717
1716,3669,1774,3669,1774,3717,1716,3717
1128,3769,1218,3769,1218,3816,1128,3816
1218,3767,1320,3775,1317,3824,1214,3816
1317,3769,1396,3769,1396,3816,1317,3816
1398,3766,1485,3775,1478,3830,1391,3820
1485,3774,1606,3774,1606,3822,1485,3822
1606,3774,1659,3774,1659,3822,1606,3822
1669,3780,1774,3780,1774,3822,1669,3822
1144,3816,1244,3816,1244,3869,1144,3869
1065,3822,1144,3822,1144,3869,1065,3869
1296,3822,1396,3822,1396,3874,1296,3874
1559,3822,1643,3822,1643,3869,1559,3869
1649,3819,1752,3827,1748,3881,1644,3873
1244,3832,1291,3832,1291,3927,1244,3927
1396,3827,1480,3827,1480,3869,1396,3869
1753,3827,1827,3827,1827,3874,1753,3874
1480,3832,1559,3832,1559,3874,1480,3874
1291,3874,1380,3874,1380,3927,1291,3927
1485,3874,1727,3874,1727,3927,1485,3927
1160,3879,1239,3879,1239,3921,1160,3921
1386,3879,1480,3879,1480,3927,1386,3927
1207,3953,1275,3953,1275,4000,1207,4000
1365,3953,1438,3953,1438,4005,1365,4005
1496,3953,1690,3953,1690,4005,1496,4005
1271,3953,1364,3964,1358,4013,1266,4003
1438,3958,1496,3958,1496,4005,1438,4005
1155,4011,1186,4011,1186,4026,1155,4026
