1149,78,1338,78,1338,152,1149,152
1344,78,1491,78,1491,152,1344,152
1501,94,1685,94,1685,152,1501,152
1145,169,1264,182,1259,227,1140,214
1254,173,1580,173,1580,225,1254,225
1585,189,1685,189,1685,231,1585,231
882,216,1048,228,1043,285,877,273
1895,236,1932,236,1932,283,1895,283
1055,233,1164,242,1159,296,1051,287
1777,255,1882,236,1892,291,1787,310
1166,240,1315,249,1312,305,1162,296
1323,243,1515,256,1511,311,1319,299
1523,249,1648,265,1642,318,1516,303
1653,262,1785,262,1785,309,1653,309
841,263,999,289,989,345,832,318
1882,281,1982,263,1993,321,1892,340
997,288,1092,288,1092,346,997,346
1102,299,1197,299,1197,351,1102,351
1202,301,1326,311,1322,364,1198,354
1328,303,1482,310,1480,362,1326,354
1752,315,1881,299,1887,351,1759,367
1485,309,1580,309,1580,362,1485,362
1585,309,1653,309,1653,362,1585,362
1664,315,1748,315,1748,367,1664,367
1359,367,1475,367,1475,414,1359,414
1097,483,1302,483,1302,556,1097,556
1312,496,1546,508,1543,573,1309,561
1554,504,1737,504,1737,572,1554,572
803,561,876,561,876,619,803,619
882,567,976,567,976,624,882,624
1139,588,1228,588,1228,645,1139,645
1228,595,1634,609,1632,669,1226,655
803,640,934,640,934,703,803,703
939,645,1034,645,1034,698,939,698
1139,661,1244,661,1244,714,1139,714
1244,672,1407,672,1407,724,1244,724
1412,677,1548,677,1548,729,1412,729
803,705,938,716,934,771,799,760
940,715,1063,722,1060,778,937,771
1140,725,1286,746,1278,802,1132,782
1291,740,1417,740,1417,798,1291,798
1428,750,1506,750,1506,803,1428,803
1926,855,2031,855,2031,918,1926,918
924,861,1002,861,1002,918,924,918
1744,888,1919,870,1925,928,1750,946
1349,882,1443,882,1443,939,1349,939
1454,887,1559,887,1559,939,1454,939
798,955,971,955,971,1018,798,1018
981,966,1055,966,1055,1023,981,1023
1066,968,1336,986,1332,1043,1062,1025
1727,981,1816,981,1816,1039,1727,1039
1821,981,1932,981,1932,1034,1821,1034
1349,987,1422,987,1422,1039,1349,1039
1596,987,1716,987,1716,1039,1596,1039
1438,992,1585,992,1585,1044,1438,1044
1934,1056,2035,1039,2044,1096,1944,1113
1842,1060,1937,1060,1937,1118,1842,1118
1155,1065,1354,1065,1354,1128,1155,1128
1365,1071,1559,1071,1559,1128,1365,1128
793,1121,969,1132,965,1193,790,1183
982,1137,1110,1144,1106,1205,978,1198
1837,1144,1932,1144,1932,1212,1837,1212
1118,1149,1270,1149,1270,1207,1118,1207
1281,1155,1485,1155,1485,1212,1281,1212
1716,1155,1827,1155,1827,1212,1716,1212
1501,1160,1596,1160,1596,1212,1501,1212
1606,1160,1701,1160,1701,1218,1606,1218
787,1190,999,1199,997,1258,785,1249
992,1207,1118,1207,1118,1265,992,1265
1947,1286,2042,1286,2042,1344,1947,1344
1874,1296,1958,1296,1958,1354,1874,1354
1186,1302,1386,1302,1386,1359,1186,1359
1391,1307,1459,1307,1459,1359,1391,1359
1470,1307,1564,1307,1564,1359,1470,1359
788,1367,911,1376,907,1432,784,1423
924,1375,1139,1375,1139,1443,924,1443
1149,1380,1323,1380,1323,1449,1149,1449
887,1464,1029,1464,1029,1527,887,1527
1953,1464,2047,1464,2047,1522,1953,1522
1396,1475,1564,1475,1564,1538,1396,1538
1905,1475,1958,1475,1958,1527,1905,1527
788,1542,999,1555,996,1616,784,1603
1008,1559,1092,1559,1092,1622,1008,1622
1097,1559,1223,1559,1223,1622,1097,1622
1233,1564,1296,1564,1296,1622,1233,1622
1958,1643,2052,1643,2052,1701,1958,1701
1879,1648,1963,1648,1963,1706,1879,1706
1396,1653,1564,1653,1564,1711,1396,1711
1187,1772,1318,1787,1311,1851,1180,1836
1323,1785,1417,1785,1417,1837,1323,1837
1424,1779,1569,1792,1563,1852,1418,1839
1851,1811,2057,1803,2059,1866,1853,1874
1008,1848,1107,1848,1107,1905,1008,1905
1114,1845,1215,1853,1211,1908,1109,1899
1218,1848,1328,1848,1328,1911,1218,1911
1338,1848,1459,1848,1459,1911,1338,1911
1460,1853,1563,1844,1568,1904,1465,1913
1916,1916,2063,1916,2063,1979,1916,1979
1202,1921,1338,1921,1338,1979,1202,1979
1344,1926,1417,1926,1417,1979,1344,1979
1423,1924,1567,1933,1563,1992,1419,1983
1391,1995,1548,1995,1548,2058,1391,2058
1202,2000,1391,2000,1391,2063,1202,2063
1809,2026,2067,2019,2070,2096,1811,2104
1244,2068,1338,2068,1338,2126,1244,2126
1344,2068,1443,2068,1443,2121,1344,2121
1449,2068,1564,2068,1564,2126,1449,2126
1863,2152,2068,2152,2068,2215,1863,2215
1333,2157,1449,2157,1449,2215,1333,2215
1459,2163,1569,2163,1569,2220,1459,2220
1270,2231,1380,2231,1380,2294,1270,2294
1386,2231,1485,2231,1485,2294,1386,2294
1863,2236,1968,2236,1968,2294,1863,2294
1974,2236,2079,2236,2079,2299,1974,2299
1491,2241,1569,2241,1569,2299,1491,2299
1422,2310,1543,2310,1543,2388,1422,2388
1543,2310,1659,2310,1659,2373,1543,2373
1669,2315,1842,2315,1842,2383,1669,2383
1008,2320,1123,2320,1123,2378,1008,2378
1128,2320,1228,2320,1228,2378,1128,2378
1239,2320,1307,2320,1307,2373,1239,2373
1317,2320,1417,2320,1417,2378,1317,2378
1313,2728,1510,2714,1515,2787,1318,2800
978,2715,1124,2732,1115,2808,969,2790
1515,2728,1737,2720,1739,2782,1517,2789
1748,2724,1874,2724,1874,2782,1748,2782
1118,2730,1207,2730,1207,2787,1118,2787
1207,2730,1317,2730,1317,2803,1207,2803
1522,2856,1648,2856,1648,2929,1522,2929
1648,2861,1753,2861,1753,2929,1648,2929
1018,2866,1160,2866,1160,2934,1018,2934
1170,2866,1281,2866,1281,2929,1170,2929
1286,2866,1433,2866,1433,2929,1286,2929
1438,2866,1522,2866,1522,2929,1438,2929
1758,2866,1869,2866,1869,2929,1758,2929
1874,2865,2013,2872,2009,2936,1870,2929
845,2871,950,2871,950,2929,845,2929
955,2871,1008,2871,1008,2934,955,2934
1932,2924,2005,2924,2005,2997,1932,2997
1617,2934,1690,2934,1690,3008,1617,3008
1790,2934,1926,2934,1926,3008,1790,3008
850,2940,1002,2940,1002,3013,850,3013
1008,2940,1123,2940,1123,3013,1008,3013
1128,2940,1291,2940,1291,3003,1128,3003
1296,2940,1380,2940,1380,2997,1296,2997
1380,2940,1506,2940,1506,3013,1380,3013
1506,2940,1606,2940,1606,2997,1506,2997
1690,2940,1779,2940,1779,2992,1690,2992
987,3003,1065,3003,1065,3076,987,3076
1538,3003,1632,3003,1632,3071,1538,3071
1695,3003,1795,3003,1795,3066,1695,3066
1916,3003,2021,3003,2021,3066,1916,3066
1170,3008,1291,3008,1291,3081,1170,3081
1291,3008,1459,3008,1459,3071,1291,3071
1464,3008,1527,3008,1527,3066,1464,3066
1632,3008,1685,3008,1685,3066,1632,3066
835,3011,989,3019,985,3085,831,3077
1065,3013,1160,3013,1160,3076,1065,3076
1806,3013,1905,3013,1905,3066,1806,3066
1134,3081,1244,3081,1244,3139,1134,3139
1254,3081,1375,3081,1375,3144,1254,3144
1380,3081,1454,3081,1454,3150,1380,3150
1459,3080,1599,3087,1595,3151,1456,3144
1606,3081,1716,3081,1716,3139,1606,3139
1029,3155,1333,3155,1333,3223,1029,3223
1317,3155,1690,3155,1690,3213,1317,3213
1695,3155,1816,3155,1816,3207,1695,3207
1942,3281,2052,3281,2052,3354,1942,3354
1538,3291,1632,3291,1632,3360,1538,3360
1632,3291,1800,3291,1800,3360,1632,3360
1800,3291,1937,3291,1937,3360,1800,3360
929,3297,1097,3297,1097,3365,929,3365
1449,3297,1533,3297,1533,3360,1449,3360
803,3302,924,3302,924,3375,803,3375
1102,3302,1186,3302,1186,3360,1102,3360
1191,3302,1312,3302,1312,3375,1191,3375
1317,3307,1438,3307,1438,3360,1317,3360
1391,3365,1491,3365,1491,3444,1391,3444
1832,3365,1968,3365,1968,3428,1832,3428
1254,3370,1391,3370,1391,3438,1254,3438
1485,3370,1564,3370,1564,3438,1485,3438
1564,3370,1674,3370,1674,3428,1564,3428
1685,3370,1827,3370,1827,3444,1685,3444
855,3375,934,3375,934,3438,855,3438
945,3369,1096,3381,1090,3452,940,3440
1093,3373,1246,3381,1243,3442,1090,3434
1811,3438,1900,3438,1900,3512,1811,3512
1386,3444,1569,3444,1569,3507,1386,3507
1580,3444,1695,3444,1695,3512,1580,3512
1701,3444,1811,3444,1811,3517,1701,3517
955,3449,1050,3449,1050,3507,955,3507
1055,3449,1176,3449,1176,3507,1055,3507
1275,3449,1380,3449,1380,3522,1275,3522
1186,3454,1265,3454,1265,3507,1186,3507
1485,3601,1659,3601,1659,3669,1485,3669
1664,3601,1737,3601,1737,3669,1664,3669
1743,3599,1897,3607,1894,3673,1740,3665
1098,3599,1245,3615,1237,3689,1090,3673
1239,3606,1344,3606,1344,3669,1239,3669
1354,3606,1480,3606,1480,3680,1354,3680
966,3612,1086,3612,1086,3669,966,3669
1870,3675,1972,3666,1977,3727,1876,3736
992,3675,1128,3675,1128,3748,992,3748
1596,3675,1716,3675,1716,3743,1596,3743
1723,3668,1873,3681,1867,3751,1717,3739
1210,3674,1359,3686,1353,3757,1204,3744
1359,3680,1470,3680,1470,3738,1359,3738
876,3685,987,3685,987,3748,876,3748
1134,3690,1202,3690,1202,3743,1134,3743
1475,3690,1585,3690,1585,3748,1475,3748
1128,3743,1202,3743,1202,3806,1128,3806
1480,3743,1832,3743,1832,3811,1480,3811
1207,3748,1328,3748,1328,3811,1207,3811
1339,3747,1477,3753,1474,3813,1336,3807
1018,3753,1123,3753,1123,3806,1018,3806
1506,3843,1769,3843,1769,3900,1506,3900
1081,3848,1176,3848,1176,3900,1081,3900
1182,3844,1305,3854,1300,3913,1177,3903
1312,3848,1412,3848,1412,3900,1312,3900
1422,3848,1496,3848,1496,3906,1422,3906
1811,3900,1958,3900,1958,3953,1811,3953
892,3906,997,3906,997,3958,892,3958
1307,3902,1472,3909,1469,3965,1305,3958
1590,3906,1690,3906,1690,3958,1590,3958
1701,3906,1806,3906,1806,3953,1701,3953
1008,3911,1123,3911,1123,3963,1008,3963
1128,3911,1296,3911,1296,3958,1128,3958
1480,3911,1580,3911,1580,3963,1480,3963
