896,306,976,306,976,350,896,350
796,310,893,310,893,350,796,350
976,310,1073,310,1073,346,976,346
859,370,1013,366,1013,392,860,396
1020,370,1073,370,1073,393,1020,393
813,373,856,373,856,393,813,393
663,397,748,403,746,435,661,429
750,410,803,410,803,433,750,433
806,406,880,406,880,436,806,436
886,409,984,413,983,440,885,436
986,405,1052,410,1049,441,984,436
1053,410,1120,410,1120,436,1053,436
1120,406,1173,406,1173,436,1120,436
1180,410,1200,410,1200,436,1180,436
643,430,720,430,720,460,643,460
717,437,769,431,772,462,720,468
1013,433,1053,433,1053,463,1013,463
776,440,810,440,810,463,776,463
824,438,885,443,883,468,821,462
890,440,963,440,963,466,890,466
963,436,1010,436,1010,470,963,470
1056,436,1103,436,1103,466,1056,466
1106,440,1173,440,1173,466,1106,466
1176,440,1226,440,1226,466,1176,466
903,470,960,470,960,493,903,493
796,530,866,530,866,566,796,566
1000,530,1090,530,1090,566,1000,566
763,533,803,533,803,566,763,566
870,533,990,533,990,566,870,566
620,586,656,586,656,616,620,616
660,586,706,586,706,616,660,616
806,586,1000,586,1000,616,806,616
1000,586,1056,586,1056,613,1000,613
616,623,683,623,683,653,616,653
686,626,730,626,730,650,686,650
810,626,940,626,940,650,810,650
943,626,1013,626,1013,650,943,650
617,658,684,663,682,688,615,683
806,660,830,660,830,686,806,686
876,656,936,656,936,690,876,690
686,663,743,663,743,686,686,686
833,660,873,660,873,686,833,686
943,663,1000,663,1000,686,943,686
1000,666,1030,666,1030,690,1000,690
683,730,720,730,720,753,683,753
880,726,930,726,930,756,880,756
1080,726,1170,726,1170,756,1080,756
1173,726,1230,726,1230,756,1173,756
933,730,986,730,986,756,933,756
603,770,686,770,686,800,603,800
683,773,720,773,720,803,683,803
723,776,783,776,783,806,723,806
656,813,730,813,730,843,656,843
900,826,933,826,933,850,900,850
933,823,983,823,983,850,933,850
1176,823,1226,823,1226,850,1176,850
596,853,696,853,696,883,596,883
700,853,743,853,743,886,700,886
743,856,806,856,806,886,743,886
810,860,846,860,846,890,810,890
893,910,933,910,933,933,893,933
930,910,980,910,980,933,930,933
1133,906,1170,906,1170,936,1133,936
1173,910,1223,910,1223,936,1173,936
586,933,626,933,626,963,586,963
633,936,683,936,683,970,633,970
683,943,746,943,746,973,683,973
643,983,716,983,716,1013,643,1013
886,993,923,993,923,1016,886,1016
923,990,973,990,973,1016,923,1016
1150,1000,1170,1000,1170,1023,1150,1023
1170,996,1220,996,1220,1023,1170,1023
576,1020,610,1020,610,1050,576,1050
610,1023,693,1023,693,1053,610,1053
636,1070,656,1070,656,1096,636,1096
656,1066,706,1066,706,1096,656,1096
880,1073,916,1073,916,1103,880,1103
916,1076,970,1076,970,1103,916,1103
1130,1080,1166,1080,1166,1106,1130,1106
1166,1080,1220,1080,1220,1110,1166,1110
566,1106,610,1106,610,1136,566,1136
613,1106,693,1106,693,1136,613,1136
696,1110,750,1110,750,1140,696,1140
626,1156,643,1156,643,1180,626,1180
646,1153,696,1153,696,1180,646,1180
873,1160,910,1160,910,1190,873,1190
910,1163,963,1163,963,1190,910,1190
1123,1166,1163,1166,1163,1196,1123,1196
1163,1166,1216,1166,1216,1196,1163,1196
556,1193,623,1193,623,1223,556,1223
623,1196,686,1196,686,1226,623,1226
616,1243,636,1243,636,1270,616,1270
633,1240,686,1240,686,1270,633,1270
863,1246,903,1246,903,1276,863,1276
903,1250,956,1250,956,1276,903,1276
1136,1256,1216,1256,1216,1286,1136,1286
757,1301,827,1311,822,1342,752,1332
830,1313,876,1313,876,1336,830,1336
883,1314,948,1319,946,1344,881,1339
1116,1333,1156,1333,1156,1363,1116,1363
670,1336,720,1336,720,1363,670,1363
726,1340,746,1340,746,1363,726,1363
773,1336,836,1336,836,1370,773,1370
1156,1336,1213,1336,1213,1366,1156,1366
750,1343,773,1343,773,1363,750,1363
836,1340,903,1340,903,1370,836,1370
903,1343,953,1343,953,1373,903,1373
766,1371,864,1377,862,1409,764,1403
866,1380,946,1380,946,1410,866,1410
1096,1400,1140,1400,1140,1433,1096,1433
1133,1403,1210,1403,1210,1436,1133,1436
786,1410,840,1410,840,1440,786,1440
844,1410,895,1416,892,1442,841,1436
893,1413,956,1413,956,1443,893,1443
836,1453,896,1453,896,1486,836,1486
893,1460,953,1460,953,1490,893,1490
1103,1466,1153,1466,1153,1496,1103,1496
1156,1466,1206,1466,1206,1496,1156,1496
803,1493,860,1493,860,1523,803,1523
863,1493,913,1493,913,1523,863,1523
913,1496,953,1496,953,1526,913,1526
1116,1503,1153,1503,1153,1533,1116,1533
1153,1506,1206,1506,1206,1536,1153,1536
670,1530,730,1530,730,1560,670,1560
750,1530,786,1530,786,1560,750,1560
876,1530,936,1530,936,1566,876,1566
790,1536,823,1536,823,1560,790,1560
826,1536,876,1536,876,1563,826,1563
936,1533,996,1533,996,1566,936,1566
1000,1531,1092,1539,1088,1575,997,1566
658,1711,730,1722,724,1759,652,1748
730,1730,746,1730,746,1753,730,1753
743,1726,770,1726,770,1753,743,1753
770,1726,820,1726,820,1760,770,1760
818,1729,912,1725,914,1759,820,1764
916,1736,960,1736,960,1766,916,1766
963,1736,1026,1736,1026,1766,963,1766
1030,1736,1096,1736,1096,1770,1030,1770
593,1784,648,1790,646,1818,590,1812
653,1790,670,1790,670,1820,653,1820
676,1786,740,1786,740,1820,676,1820
746,1793,803,1793,803,1823,746,1823
803,1796,873,1796,873,1826,803,1826
876,1800,916,1800,916,1826,876,1826
916,1800,976,1800,976,1830,916,1830
973,1803,1030,1803,1030,1836,973,1836
1030,1806,1086,1806,1086,1836,1030,1836
1086,1810,1160,1810,1160,1876,1086,1876
596,1820,666,1820,666,1853,596,1853
670,1823,726,1823,726,1856,670,1856
740,1826,806,1826,806,1856,740,1856
848,1825,911,1836,905,1870,842,1858
806,1833,850,1833,850,1860,806,1860
906,1833,956,1833,956,1863,906,1863
960,1836,996,1836,996,1870,960,1870
996,1840,1043,1840,1043,1870,996,1870
1043,1843,1113,1843,1113,1876,1043,1876
663,1850,696,1850,696,1883,663,1883
590,1853,660,1853,660,1883,590,1883
700,1860,736,1860,736,1890,700,1890
747,1857,805,1863,802,1895,744,1889
806,1863,883,1863,883,1896,806,1896
886,1870,920,1870,920,1896,886,1896
920,1870,953,1870,953,1900,920,1900
970,1873,996,1873,996,1900,970,1900
996,1873,1050,1873,1050,1903,996,1903
1053,1883,1103,1883,1103,1906,1053,1906
1103,1880,1156,1880,1156,1910,1103,1910
736,1893,783,1893,783,1923,736,1923
786,1896,843,1896,843,1923,786,1923
843,1900,880,1900,880,1930,843,1930
883,1899,953,1907,949,1938,880,1931
956,1910,1010,1910,1010,1936,956,1936
676,1926,736,1926,736,1956,676,1956
740,1927,825,1934,822,1961,738,1953
823,1932,955,1942,953,1969,821,1959
950,1943,993,1943,993,1970,950,1970
996,1950,1060,1950,1060,1973,996,1973
570,1986,630,1986,630,2020,570,2020
630,1986,710,1986,710,2020,630,2020
713,2000,730,2000,730,2020,713,2020
736,2000,753,2000,753,2023,736,2023
753,1996,810,1996,810,2030,753,2030
813,2003,870,2003,870,2030,813,2030
873,2003,913,2003,913,2033,873,2033
913,2003,960,2003,960,2036,913,2036
960,2006,1043,2006,1043,2040,960,2040
1043,2013,1106,2013,1106,2043,1043,2043
1110,2013,1163,2013,1163,2046,1110,2046
596,2023,636,2023,636,2053,596,2053
637,2018,709,2028,704,2062,633,2052
710,2030,730,2030,730,2056,710,2056
733,2033,780,2033,780,2060,733,2060
780,2033,846,2033,846,2063,780,2063
846,2033,893,2033,893,2066,846,2066
886,2040,926,2040,926,2070,886,2070
946,2040,983,2040,983,2073,946,2073
930,2046,950,2046,950,2070,930,2070
983,2041,1053,2048,1049,2082,980,2074
1053,2046,1120,2046,1120,2076,1053,2076
640,2056,686,2056,686,2086,640,2086
690,2060,723,2060,723,2090,690,2090
750,2070,786,2070,786,2093,750,2093
786,2066,840,2066,840,2100,786,2100
840,2070,923,2070,923,2100,840,2100
930,2073,986,2073,986,2106,930,2106
990,2080,1043,2080,1043,2113,990,2113
1043,2080,1086,2080,1086,2113,1043,2113
526,2163,610,2163,610,2200,526,2200
613,2166,660,2166,660,2200,613,2200
663,2166,706,2166,706,2200,663,2200
726,2170,763,2170,763,2200,726,2200
763,2170,836,2170,836,2206,763,2206
836,2176,880,2176,880,2210,836,2210
523,2210,660,2210,660,2243,523,2243
663,2210,720,2210,720,2243,663,2243
723,2213,753,2213,753,2243,723,2243
756,2216,823,2216,823,2250,756,2250
827,2216,915,2223,912,2258,824,2251
518,2254,606,2250,607,2286,520,2290
610,2253,716,2253,716,2290,610,2290
720,2253,806,2253,806,2290,720,2290
813,2263,926,2263,926,2300,813,2300
606,2296,693,2296,693,2333,606,2333
716,2296,783,2296,783,2333,716,2333
556,2300,600,2300,600,2333,556,2333
516,2303,553,2303,553,2333,516,2333
696,2306,716,2306,716,2333,696,2333
786,2303,856,2303,856,2336,786,2336
660,2390,710,2390,710,2430,660,2430
756,2390,806,2390,806,2423,756,2423
550,2393,596,2393,596,2426,550,2426
596,2393,656,2393,656,2430,596,2430
713,2393,753,2393,753,2423,713,2423
813,2396,906,2396,906,2470,813,2470
893,2403,933,2403,933,2433,893,2433
934,2401,1022,2411,1018,2445,930,2436
1020,2413,1076,2413,1076,2446,1020,2446
1080,2416,1150,2416,1150,2450,1080,2450
666,2430,703,2430,703,2463,666,2463
710,2430,763,2430,763,2463,710,2463
763,2430,833,2430,833,2460,763,2460
580,2433,663,2433,663,2466,580,2466
903,2443,950,2443,950,2473,903,2473
950,2443,986,2443,986,2473,950,2473
986,2446,1046,2446,1046,2480,986,2480
1046,2450,1116,2450,1116,2483,1046,2483
