1118,120,1265,120,1265,168,1118,168
1275,120,1391,120,1391,173,1275,173
1396,131,1543,131,1543,178,1396,178
1118,194,1207,194,1207,225,1118,225
1212,191,1544,199,1543,237,1212,229
903,241,1034,241,1034,288,903,288
1044,252,1123,252,1123,288,1044,288
1134,252,1244,252,1244,294,1134,294
1255,246,1405,262,1401,301,1251,285
1412,253,1509,261,1506,301,1409,293
1517,257,1617,257,1617,294,1517,294
1622,262,1701,262,1701,299,1622,299
1706,267,1737,267,1737,299,1706,299
871,283,997,283,997,330,871,330
997,283,1071,283,1071,336,997,336
1076,288,1149,288,1149,330,1076,330
1161,290,1254,303,1249,343,1155,330
1254,288,1375,288,1375,336,1254,336
1375,294,1454,294,1454,341,1375,341
1459,299,1517,299,1517,336,1459,336
1522,304,1590,304,1590,341,1522,341
1596,301,1698,308,1695,347,1594,340
1701,299,1785,299,1785,346,1701,346
1281,346,1370,346,1370,383,1281,383
1071,441,1228,441,1228,498,1071,498
1239,451,1417,451,1417,504,1239,504
1428,451,1569,451,1569,509,1428,509
845,530,903,530,903,577,845,577
908,530,981,530,981,577,908,577
1102,535,1170,535,1170,582,1102,582
1170,535,1492,544,1490,594,1169,585
845,588,950,588,950,645,845,645
950,593,1023,593,1023,640,950,640
1097,598,1186,598,1186,640,1097,640
1181,598,1307,598,1307,645,1181,645
1312,603,1417,603,1417,645,1312,645
845,651,950,651,950,698,845,698
955,661,1044,661,1044,698,955,698
1102,656,1212,656,1212,703,1102,703
1218,661,1317,661,1317,703,1218,703
1323,661,1386,661,1386,714,1323,714
939,771,1002,771,1002,819,939,819
1260,777,1333,777,1333,824,1260,824
1344,782,1422,782,1422,829,1344,829
1564,787,1701,787,1701,834,1564,834
1701,787,1785,787,1785,840,1701,840
845,850,939,850,939,897,845,897
945,855,1071,855,1071,903,945,903
1071,855,1128,855,1128,903,1071,903
1139,861,1223,861,1223,908,1139,908
1228,866,1323,866,1323,908,1228,908
1328,866,1391,866,1391,913,1328,913
1391,866,1506,866,1506,913,1391,913
1512,871,1685,871,1685,918,1512,918
1690,871,1779,871,1779,924,1690,924
845,903,992,903,992,950,845,950
1291,981,1354,981,1354,1029,1291,1029
1349,987,1422,987,1422,1029,1349,1029
1648,992,1701,992,1701,1039,1648,1039
1701,997,1774,997,1774,1039,1701,1039
850,1034,945,1034,945,1086,850,1086
945,1039,1044,1039,1044,1086,945,1086
1050,1043,1261,1049,1259,1098,1048,1091
1265,1050,1344,1050,1344,1097,1265,1097
1349,1050,1428,1050,1428,1102,1349,1102
1433,1055,1522,1055,1522,1102,1433,1102
1606,1055,1695,1055,1695,1107,1606,1107
1527,1060,1606,1060,1606,1102,1527,1102
850,1086,971,1086,971,1134,850,1134
971,1092,1029,1092,1029,1139,971,1139
1029,1090,1198,1096,1196,1145,1027,1138
1202,1102,1281,1102,1281,1149,1202,1149
966,1165,992,1165,992,1202,966,1202
1291,1170,1417,1170,1417,1218,1291,1218
1643,1181,1695,1181,1695,1223,1643,1223
1695,1181,1769,1181,1769,1223,1695,1223
855,1218,918,1218,918,1265,855,1265
924,1223,1029,1223,1029,1270,924,1270
1034,1228,1102,1228,1102,1275,1034,1275
1102,1233,1186,1233,1186,1275,1102,1275
1317,1312,1354,1312,1354,1349,1317,1349
1349,1312,1417,1312,1417,1349,1349,1349
1664,1323,1690,1323,1690,1359,1664,1359
1690,1317,1764,1317,1764,1359,1690,1359
855,1359,945,1359,945,1401,855,1401
950,1359,1071,1359,1071,1407,950,1407
1071,1365,1155,1365,1155,1417,1071,1417
924,1428,1034,1428,1034,1470,924,1470
1291,1438,1344,1438,1344,1480,1291,1480
1344,1438,1412,1438,1412,1480,1344,1480
1685,1443,1758,1443,1758,1491,1685,1491
1659,1454,1695,1454,1695,1485,1659,1485
861,1485,987,1485,987,1533,861,1533
992,1491,1149,1491,1149,1538,992,1538
929,1564,966,1564,966,1601,929,1601
960,1559,1029,1559,1029,1601,960,1601
1286,1564,1338,1564,1338,1611,1286,1611
1338,1569,1412,1569,1412,1611,1338,1611
1638,1580,1685,1580,1685,1617,1638,1617
1685,1575,1753,1575,1753,1622,1685,1622
861,1617,955,1617,955,1664,861,1664
955,1622,1039,1622,1039,1669,955,1669
955,1695,1013,1695,1013,1732,955,1732
1286,1695,1412,1695,1412,1743,1286,1743
1653,1711,1753,1711,1753,1748,1653,1748
861,1748,950,1748,950,1795,861,1795
955,1748,1034,1748,1034,1795,955,1795
1029,1753,1123,1753,1123,1795,1029,1795
945,1821,1023,1821,1023,1858,945,1858
1265,1821,1344,1821,1344,1869,1265,1869
1338,1821,1407,1821,1407,1869,1338,1869
1627,1832,1674,1832,1674,1874,1627,1874
1680,1832,1748,1832,1748,1874,1680,1874
861,1874,945,1874,945,1916,861,1916
1029,1874,1118,1874,1118,1921,1029,1921
950,1884,1023,1884,1023,1921,950,1921
1118,1879,1176,1879,1176,1926,1118,1926
1181,1884,1296,1884,1296,1932,1181,1932
1302,1884,1401,1884,1401,1932,1302,1932
1401,1890,1501,1890,1501,1932,1401,1932
1287,1950,1348,1958,1343,1996,1282,1989
1333,1947,1407,1947,1407,1995,1333,1995
1622,1958,1674,1958,1674,2000,1622,2000
1674,1958,1748,1958,1748,2000,1674,2000
861,2000,908,2000,908,2047,861,2047
913,2000,1023,2000,1023,2047,913,2047
1029,2005,1113,2005,1113,2047,1029,2047
1149,2005,1249,2005,1249,2052,1149,2052
1254,2010,1412,2010,1412,2058,1254,2058
1438,2016,1538,2016,1538,2058,1438,2058
1286,2079,1344,2079,1344,2115,1286,2115
1333,2073,1407,2073,1407,2121,1333,2121
1622,2089,1669,2089,1669,2126,1622,2126
1674,2089,1743,2089,1743,2126,1674,2126
855,2126,950,2126,950,2173,855,2173
955,2136,1050,2136,1050,2173,955,2173
1050,2131,1134,2131,1134,2178,1050,2178
1139,2142,1254,2142,1254,2178,1139,2178
1254,2136,1354,2136,1354,2178,1254,2178
1281,2199,1401,2199,1401,2247,1281,2247
1622,2215,1743,2215,1743,2252,1622,2252
855,2247,966,2247,966,2299,855,2299
966,2252,1081,2252,1081,2299,966,2299
924,2325,955,2325,955,2362,924,2362
950,2320,1023,2320,1023,2362,950,2362
1281,2331,1333,2331,1333,2373,1281,2373
1328,2325,1396,2325,1396,2373,1328,2373
1622,2341,1737,2341,1737,2383,1622,2383
855,2388,929,2388,929,2425,855,2425
929,2383,1023,2383,1023,2430,929,2430
1029,2383,1118,2383,1118,2430,1029,2430
1118,2383,1197,2383,1197,2430,1118,2430
1197,2388,1286,2388,1286,2430,1197,2430
939,2457,997,2457,997,2488,939,2488
851,2512,926,2519,922,2558,847,2551
924,2505,1022,2515,1017,2565,919,2555
1018,2509,1107,2509,1107,2556,1018,2556
1113,2514,1207,2514,1207,2562,1113,2562
1212,2520,1417,2520,1417,2562,1212,2562
1417,2520,1496,2520,1496,2567,1417,2567
1501,2520,1580,2520,1580,2567,1501,2567
1580,2525,1669,2525,1669,2572,1580,2572
845,2556,918,2556,918,2598,845,2598
918,2556,1008,2556,1008,2604,918,2604
1008,2556,1123,2556,1123,2604,1008,2604
1123,2567,1181,2567,1181,2604,1123,2604
1181,2562,1344,2562,1344,2609,1181,2609
1349,2572,1428,2572,1428,2614,1349,2614
1115,2711,1213,2728,1204,2782,1106,2765
1207,2724,1281,2724,1281,2772,1207,2772
1281,2724,1390,2737,1384,2786,1275,2773
1585,2761,1669,2761,1669,2808,1585,2808
1664,2772,1737,2772,1737,2808,1664,2808
981,2772,1055,2772,1055,2814,981,2814
1062,2774,1132,2782,1127,2821,1057,2813
1134,2777,1218,2777,1218,2824,1134,2824
1218,2782,1307,2782,1307,2824,1218,2824
1307,2782,1380,2782,1380,2829,1307,2829
1113,2829,1249,2829,1249,2877,1113,2877
1254,2835,1370,2835,1370,2882,1254,2882
1549,2860,1734,2866,1732,2927,1546,2921
1144,2882,1218,2882,1218,2929,1144,2929
1218,2887,1291,2887,1291,2929,1218,2929
1291,2887,1380,2887,1380,2934,1291,2934
1207,2950,1291,2950,1291,3003,1207,3003
1291,2955,1375,2955,1375,3003,1291,3003
1585,2966,1659,2966,1659,3013,1585,3013
1659,2966,1732,2966,1732,3013,1659,3013
1155,3008,1239,3008,1239,3055,1155,3055
1239,3008,1317,3008,1317,3060,1239,3060
1312,3018,1375,3018,1375,3060,1312,3060
1580,3024,1653,3024,1653,3071,1580,3071
1659,3024,1732,3024,1732,3071,1659,3071
971,3060,1055,3060,1055,3108,971,3108
1060,3071,1134,3071,1134,3108,1060,3108
1134,3071,1186,3071,1186,3113,1134,3113
1186,3071,1260,3071,1260,3118,1186,3118
1265,3071,1349,3071,1349,3123,1265,3123
1349,3071,1438,3071,1438,3118,1349,3118
1438,3076,1564,3076,1564,3129,1438,3129
950,3344,1044,3344,1044,3402,950,3402
1050,3354,1113,3354,1113,3396,1050,3396
1107,3360,1181,3360,1181,3407,1107,3407
1181,3360,1317,3360,1317,3412,1181,3412
1323,3381,1480,3381,1480,3417,1323,3417
1485,3375,1575,3375,1575,3423,1485,3423
871,3438,939,3438,939,3480,871,3480
945,3444,981,3444,981,3486,945,3486
981,3444,1076,3444,1076,3491,981,3491
1081,3449,1160,3449,1160,3496,1081,3496
1160,3454,1260,3454,1260,3501,1160,3501
1270,3470,1328,3470,1328,3507,1270,3507
1323,3465,1412,3465,1412,3512,1323,3512
1407,3470,1485,3470,1485,3517,1407,3517
1491,3477,1567,3486,1563,3525,1487,3517
1566,3477,1673,3492,1661,3577,1554,3562
871,3486,966,3486,966,3533,871,3533
976,3491,1055,3491,1055,3538,976,3538
1055,3496,1165,3496,1165,3543,1055,3543
1170,3512,1228,3512,1228,3543,1170,3543
1229,3507,1316,3518,1311,3562,1224,3551
1312,3512,1386,3512,1386,3554,1312,3554
1380,3517,1438,3517,1438,3564,1380,3564
1443,3528,1506,3528,1506,3564,1443,3564
867,3530,964,3541,960,3580,862,3569
1506,3528,1606,3528,1606,3575,1506,3575
960,3533,1013,3533,1013,3580,960,3580
1018,3549,1076,3549,1076,3585,1018,3585
1086,3543,1165,3543,1165,3591,1086,3591
1170,3554,1281,3554,1281,3596,1170,3596
1286,3564,1333,3564,1333,3596,1286,3596
1333,3559,1396,3559,1396,3601,1333,3601
1401,3570,1438,3570,1438,3606,1401,3606
1443,3564,1517,3564,1517,3612,1443,3612
1522,3580,1590,3580,1590,3612,1522,3612
1596,3580,1669,3580,1669,3617,1596,3617
1065,3596,1139,3596,1139,3633,1065,3633
1144,3587,1226,3596,1222,3640,1140,3632
1228,3606,1275,3606,1275,3643,1228,3643
1282,3603,1379,3614,1374,3656,1277,3645
1386,3617,1459,3617,1459,3648,1386,3648
997,3633,1202,3633,1202,3675,997,3675
1197,3642,1440,3659,1438,3698,1194,3681
1443,3664,1533,3664,1533,3696,1443,3696
855,3711,934,3711,934,3748,855,3748
939,3717,1044,3717,1044,3753,939,3753
1107,3722,1186,3722,1186,3764,1107,3764
1050,3727,1102,3727,1102,3759,1050,3759
1192,3730,1272,3738,1269,3771,1189,3764
1275,3732,1333,3732,1333,3769,1275,3769
1338,3732,1396,3732,1396,3774,1338,3774
1402,3736,1514,3743,1511,3782,1399,3775
1517,3748,1606,3748,1606,3785,1517,3785
1611,3748,1685,3748,1685,3785,1611,3785
897,3753,945,3753,945,3790,897,3790
950,3753,1044,3764,1039,3803,946,3791
1050,3762,1146,3770,1144,3804,1047,3797
1150,3765,1241,3772,1238,3808,1147,3800
1239,3774,1307,3774,1307,3811,1239,3811
1302,3780,1354,3780,1354,3811,1302,3811
1359,3780,1433,3780,1433,3811,1359,3811
1433,3785,1527,3785,1527,3822,1433,3822
1538,3781,1624,3788,1622,3823,1536,3816
960,3795,1023,3795,1023,3832,960,3832
1029,3801,1107,3801,1107,3832,1029,3832
1113,3811,1165,3811,1165,3837,1113,3837
1170,3811,1233,3811,1233,3843,1170,3843
1244,3811,1349,3811,1349,3843,1244,3843
1365,3816,1443,3816,1443,3853,1365,3853
1449,3822,1517,3822,1517,3858,1449,3858
1527,3822,1580,3822,1580,3858,1527,3858
976,3874,1055,3874,1055,3906,976,3906
1056,3875,1152,3884,1149,3914,1053,3905
1155,3879,1218,3879,1218,3911,1155,3911
1228,3885,1302,3885,1302,3916,1228,3916
1307,3883,1424,3890,1422,3923,1305,3916
1428,3890,1470,3890,1470,3921,1428,3921
1475,3895,1569,3895,1569,3921,1475,3921
924,3900,992,3900,992,3932,924,3932
998,3901,1088,3909,1086,3939,995,3931
1086,3911,1123,3911,1123,3932,1086,3932
1140,3907,1226,3916,1222,3946,1136,3937
1228,3916,1302,3916,1302,3942,1228,3942
1307,3921,1370,3921,1370,3942,1307,3942
1380,3921,1454,3921,1454,3942,1380,3942
1465,3917,1562,3927,1558,3958,1462,3947
1564,3921,1627,3921,1627,3953,1564,3953
1092,3932,1128,3932,1128,3953,1092,3953
1018,3937,1076,3937,1076,3953,1018,3953
1139,3937,1212,3937,1212,3958,1139,3958
1223,3942,1302,3942,1302,3963,1223,3963
1312,3939,1523,3947,1522,3970,1311,3963
