1272,92,1426,84,1430,157,1276,164
1438,94,1632,94,1632,157,1438,157
1065,99,1260,99,1260,168,1065,168
1186,189,1522,189,1522,241,1186,241
1527,194,1638,194,1638,241,1527,241
1058,202,1185,195,1188,241,1061,248
1086,273,1239,273,1239,330,1086,330
1251,261,1458,280,1452,343,1245,325
1460,269,1593,276,1590,332,1457,325
1601,273,1737,273,1737,325,1601,325
1743,273,1848,273,1848,325,1743,325
1853,278,1900,278,1900,325,1853,325
792,283,960,283,960,336,792,336
971,283,1076,283,1076,330,971,330
1124,328,1252,335,1249,394,1120,387
1428,330,1522,330,1522,393,1428,393
1527,330,1606,330,1606,383,1527,383
1611,330,1701,330,1701,388,1611,388
1853,330,1958,330,1958,388,1853,388
905,347,1006,331,1015,386,915,403
1018,336,1118,336,1118,388,1018,388
1260,336,1417,336,1417,388,1260,388
1716,336,1848,336,1848,388,1716,388
745,341,908,341,908,393,745,393
1296,399,1412,399,1412,451,1296,451
1023,535,1233,535,1233,609,1023,609
1501,535,1695,535,1695,609,1501,609
1249,541,1492,549,1490,616,1247,608
719,656,798,656,798,719,719,719
803,656,897,656,897,714,803,714
1071,661,1590,661,1590,714,1071,714
861,735,955,735,955,792,861,792
1076,735,1354,735,1354,792,1076,792
719,740,855,740,855,798,719,798
1359,740,1496,740,1496,792,1359,792
724,813,855,813,855,866,724,866
866,813,987,813,987,866,866,866
1076,813,1134,813,1134,866,1076,866
1144,813,1223,813,1223,866,1144,866
1233,813,1359,813,1359,871,1233,871
1366,805,1547,818,1542,879,1361,865
1895,950,2010,950,2010,1018,1895,1018
1711,955,1884,955,1884,1013,1711,1013
1317,960,1412,960,1412,1018,1317,1018
1428,960,1533,960,1533,1018,1428,1018
855,966,934,966,934,1018,855,1018
724,1065,824,1065,824,1128,724,1128
1155,1065,1328,1065,1328,1134,1155,1134
829,1071,929,1071,929,1128,829,1128
945,1071,1144,1071,1144,1128,945,1128
1837,1155,2010,1155,2010,1212,1837,1212
1363,1165,1537,1159,1540,1219,1365,1226
824,1165,971,1165,971,1223,824,1223
1144,1249,1244,1249,1244,1317,1144,1317
735,1254,819,1254,819,1317,735,1317
824,1254,966,1254,966,1317,824,1317
1244,1254,1312,1254,1312,1312,1244,1312
1323,1254,1412,1254,1412,1317,1323,1317
976,1260,1134,1260,1134,1312,976,1312
1874,1344,1911,1344,1911,1391,1874,1391
1916,1338,2010,1338,2010,1391,1916,1391
1401,1344,1543,1344,1543,1401,1401,1401
908,1438,1002,1438,1002,1496,908,1496
740,1443,892,1443,892,1501,740,1501
1842,1522,2016,1522,2016,1580,1842,1580
1375,1533,1543,1533,1543,1590,1375,1590
834,1538,981,1538,981,1596,834,1596
945,1627,1065,1627,1065,1685,945,1685
745,1632,824,1632,824,1695,745,1695
829,1632,934,1632,934,1690,829,1690
1842,1706,2016,1706,2016,1764,1842,1764
1349,1716,1459,1716,1459,1774,1349,1774
1454,1716,1548,1716,1548,1769,1454,1769
845,1722,987,1722,987,1779,845,1779
1123,1806,1249,1806,1249,1869,1123,1869
1254,1806,1412,1806,1412,1863,1254,1863
1417,1806,1559,1806,1559,1863,1417,1863
1569,1806,1643,1806,1643,1858,1569,1858
1653,1806,1764,1806,1764,1863,1653,1863
748,1813,902,1806,905,1868,751,1875
918,1811,981,1811,981,1869,918,1869
992,1811,1113,1811,1113,1869,992,1869
1842,1884,2016,1884,2016,1942,1842,1942
1202,1895,1380,1895,1380,1963,1202,1963
1380,1895,1554,1895,1554,1953,1380,1953
1307,2026,1407,2026,1407,2094,1307,2094
1170,2031,1307,2031,1307,2100,1170,2100
1412,2031,1554,2031,1554,2094,1412,2094
1848,2052,1916,2052,1916,2105,1848,2105
1905,2052,2010,2052,2010,2105,1905,2105
1207,2094,1317,2094,1317,2163,1207,2163
1323,2094,1449,2094,1449,2157,1323,2157
1454,2094,1554,2094,1554,2157,1454,2157
1002,2100,1097,2100,1097,2157,1002,2157
1102,2100,1202,2100,1202,2152,1102,2152
1386,2168,1538,2168,1538,2226,1386,2226
1191,2173,1380,2173,1380,2236,1191,2236
1811,2189,2021,2189,2021,2262,1811,2262
1239,2236,1333,2236,1333,2299,1239,2299
1338,2236,1433,2236,1433,2294,1338,2294
1438,2236,1559,2236,1559,2294,1438,2294
1926,2315,2026,2315,2026,2373,1926,2373
1832,2320,1926,2320,1926,2373,1832,2373
1333,2325,1438,2325,1438,2383,1333,2383
1449,2331,1559,2331,1559,2388,1449,2388
1916,2394,2026,2394,2026,2451,1916,2451
1270,2399,1375,2399,1375,2457,1270,2457
1386,2399,1480,2399,1480,2457,1386,2457
1884,2399,1926,2399,1926,2451,1884,2451
1480,2404,1559,2404,1559,2462,1480,2462
1396,2472,1512,2472,1512,2541,1396,2541
1517,2472,1627,2472,1627,2530,1517,2530
1638,2472,1811,2472,1811,2541,1638,2541
1002,2478,1107,2478,1107,2535,1002,2535
1223,2478,1291,2478,1291,2530,1223,2530
1296,2478,1391,2478,1391,2530,1296,2530
1118,2483,1218,2483,1218,2530,1118,2530
994,2837,1130,2853,1121,2928,985,2912
1309,2851,1484,2842,1488,2906,1312,2915
1123,2850,1207,2850,1207,2908,1123,2908
1207,2850,1307,2850,1307,2919,1207,2919
1580,2850,1701,2850,1701,2908,1580,2908
1491,2856,1585,2856,1585,2913,1491,2913
1716,2856,1832,2856,1832,2908,1716,2908
1501,2971,1617,2971,1617,3029,1501,3029
1039,2976,1165,2976,1165,3029,1039,3029
1176,2976,1275,2976,1275,3029,1176,3029
1286,2976,1417,2976,1417,3029,1286,3029
1422,2976,1501,2976,1501,3029,1422,3029
1617,2976,1711,2976,1711,3029,1617,3029
1722,2976,1821,2976,1821,3029,1722,3029
876,2982,976,2982,976,3034,876,3034
981,2982,1029,2982,1029,3039,981,3039
1827,2982,1963,2982,1963,3092,1827,3092
1139,3034,1286,3034,1286,3092,1139,3092
1375,3034,1480,3034,1480,3097,1375,3097
1491,3034,1580,3034,1580,3087,1491,3087
1590,3034,1653,3034,1653,3092,1590,3092
1748,3034,1874,3034,1874,3097,1748,3097
1029,3039,1134,3039,1134,3097,1029,3097
1296,3039,1375,3039,1375,3092,1296,3092
1659,3039,1743,3039,1743,3092,1659,3092
887,3045,1023,3045,1023,3102,887,3102
1517,3092,1601,3092,1601,3150,1517,3150
1018,3097,1086,3097,1086,3160,1018,3160
1291,3097,1438,3097,1438,3150,1291,3150
1449,3097,1512,3097,1512,3150,1449,3150
1664,3097,1758,3097,1758,3150,1664,3150
1863,3097,1963,3097,1963,3150,1863,3150
876,3102,1013,3102,1013,3160,876,3160
1086,3102,1176,3102,1176,3160,1086,3160
1186,3102,1286,3102,1286,3160,1186,3160
1606,3102,1653,3102,1653,3150,1606,3150
1764,3102,1858,3102,1858,3150,1764,3150
1260,3160,1365,3160,1365,3213,1260,3213
1444,3159,1572,3166,1569,3219,1441,3212
1580,3160,1685,3160,1685,3213,1580,3213
1155,3165,1254,3165,1254,3218,1155,3218
1375,3165,1438,3165,1438,3213,1375,3213
1053,3229,1327,3218,1330,3279,1055,3289
1333,3223,1653,3223,1653,3276,1333,3276
1664,3223,1769,3223,1769,3270,1664,3270
1884,3333,1984,3333,1984,3391,1884,3391
1517,3344,1601,3344,1601,3402,1517,3402
1606,3344,1753,3344,1753,3396,1606,3396
1758,3344,1879,3344,1879,3396,1758,3396
866,3349,971,3349,971,3407,866,3407
976,3349,1123,3349,1123,3402,976,3402
1208,3345,1321,3355,1316,3415,1202,3404
1438,3349,1512,3349,1512,3402,1438,3402
1128,3354,1202,3354,1202,3402,1128,3402
1323,3354,1433,3354,1433,3402,1323,3402
1391,3402,1475,3402,1475,3470,1391,3470
1785,3402,1905,3402,1905,3454,1785,3454
1543,3407,1648,3407,1648,3459,1543,3459
1653,3407,1774,3407,1774,3465,1653,3465
918,3412,987,3412,987,3465,918,3465
994,3406,1122,3418,1117,3478,988,3466
1124,3410,1262,3418,1259,3473,1121,3466
1265,3412,1386,3412,1386,3465,1265,3465
1475,3412,1538,3412,1538,3465,1475,3465
1559,3465,1659,3465,1659,3522,1559,3522
1664,3465,1764,3465,1764,3522,1664,3522
1764,3465,1842,3465,1842,3517,1764,3517
1008,3470,1086,3470,1086,3522,1008,3522
1097,3470,1202,3470,1202,3522,1097,3522
1286,3470,1380,3470,1380,3528,1286,3528
1386,3470,1538,3470,1538,3522,1386,3522
1207,3480,1281,3480,1281,3522,1207,3522
1632,3591,1701,3591,1701,3648,1632,3648
1706,3591,1837,3591,1837,3648,1706,3648
1265,3596,1354,3596,1354,3654,1265,3654
1366,3593,1468,3601,1463,3661,1361,3653
1475,3596,1632,3596,1632,3648,1475,3648
1134,3599,1257,3607,1254,3666,1131,3658
1018,3606,1128,3606,1128,3659,1018,3659
1691,3648,1820,3660,1814,3724,1685,3713
1821,3654,1911,3654,1911,3711,1821,3711
1044,3659,1165,3659,1165,3717,1044,3717
1365,3659,1464,3659,1464,3717,1365,3717
1575,3659,1680,3659,1680,3717,1575,3717
1239,3664,1359,3664,1359,3727,1239,3727
1470,3664,1569,3664,1569,3722,1470,3722
945,3669,1039,3669,1039,3722,945,3722
1170,3669,1228,3669,1228,3722,1170,3722
1475,3722,1695,3722,1695,3785,1475,3785
1685,3722,1785,3722,1785,3780,1685,3780
1239,3727,1344,3727,1344,3785,1239,3785
1349,3727,1470,3727,1470,3785,1349,3785
1071,3732,1160,3732,1160,3785,1071,3785
1165,3732,1228,3732,1228,3780,1165,3780
1328,3827,1417,3827,1417,3885,1328,3885
1501,3827,1743,3827,1743,3890,1501,3890
1123,3832,1207,3832,1207,3885,1123,3885
1212,3832,1323,3832,1323,3900,1212,3900
1422,3832,1491,3832,1491,3890,1422,3890
1779,3885,1905,3885,1905,3948,1779,3948
950,3890,1055,3890,1055,3963,950,3963
1580,3890,1669,3890,1669,3948,1580,3948
1055,3895,1165,3895,1165,3969,1055,3969
1165,3895,1312,3895,1312,3953,1165,3953
1323,3895,1475,3895,1475,3963,1323,3963
1680,3895,1774,3895,1774,3948,1680,3948
1475,3900,1569,3900,1569,3958,1475,3958
