1503,125,1710,113,1714,185,1507,197
1118,126,1323,126,1323,199,1118,199
1333,131,1493,118,1499,195,1339,207
1243,231,1590,225,1591,283,1244,289
1596,225,1706,225,1706,273,1596,273
1113,236,1239,236,1239,283,1113,283
1821,299,1932,299,1932,351,1821,351
1942,299,1984,299,1984,351,1942,351
829,301,1005,310,1002,370,826,361
1523,305,1661,313,1658,374,1519,366
1669,309,1811,309,1811,362,1669,362
1013,315,1128,315,1128,372,1013,372
1139,320,1296,320,1296,378,1139,378
1307,320,1517,320,1517,378,1307,378
1937,357,2047,357,2047,414,1937,414
782,365,947,374,944,430,779,421
1596,367,1669,367,1669,425,1596,425
1677,373,1774,365,1778,420,1681,428
1790,367,1932,367,1932,420,1790,420
951,378,1054,370,1059,429,956,438
1480,378,1584,369,1589,429,1485,438
1065,378,1165,378,1165,435,1065,435
1312,378,1475,378,1475,430,1312,430
1176,379,1305,386,1301,442,1173,435
1349,441,1470,441,1470,493,1349,493
1060,582,1275,582,1275,656,1060,656
1559,582,1764,582,1764,656,1559,656
1291,588,1543,588,1543,656,1291,656
740,698,824,698,824,761,740,761
824,703,924,703,924,761,824,761
1197,703,1638,703,1638,761,1197,761
1097,708,1197,708,1197,761,1097,761
740,774,880,784,875,847,736,836
887,779,989,787,985,841,883,834
1212,782,1386,782,1386,840,1212,840
1396,782,1485,782,1485,834,1396,834
1480,782,1548,782,1548,840,1480,840
1097,787,1212,787,1212,840,1097,840
735,848,879,856,876,915,732,907
882,861,1013,861,1013,913,882,913
1265,861,1401,861,1401,918,1265,918
1415,856,1506,869,1497,929,1406,916
1102,866,1249,866,1249,924,1102,924
1963,997,2089,997,2089,1071,1963,1071
866,1008,945,1008,945,1065,866,1065
1769,1013,1958,1013,1958,1076,1769,1076
1328,1018,1428,1018,1428,1076,1328,1076
1438,1018,1554,1018,1554,1076,1438,1076
724,1113,813,1113,813,1181,724,1181
824,1113,950,1113,950,1186,824,1186
955,1123,1092,1123,1092,1197,955,1197
824,1218,976,1218,976,1275,824,1275
1900,1218,2084,1218,2084,1275,1900,1275
1370,1228,1554,1228,1554,1286,1370,1286
719,1307,824,1307,824,1370,719,1370
834,1312,1008,1312,1008,1386,834,1386
1013,1314,1153,1321,1149,1392,1010,1385
1895,1407,2084,1407,2084,1470,1895,1470
819,1412,971,1412,971,1470,819,1470
1170,1417,1365,1417,1365,1485,1170,1485
1370,1417,1548,1417,1548,1480,1370,1480
714,1496,840,1496,840,1564,714,1564
845,1501,950,1501,950,1569,845,1569
960,1506,1134,1506,1134,1569,960,1569
1139,1512,1270,1512,1270,1585,1139,1585
819,1601,966,1601,966,1659,819,1659
1893,1607,2083,1598,2086,1664,1896,1673
1365,1611,1548,1611,1548,1674,1365,1674
708,1690,850,1690,850,1758,708,1758
855,1695,924,1695,924,1753,855,1753
934,1701,1055,1701,1055,1774,934,1774
808,1795,966,1795,966,1853,808,1853
1900,1800,2089,1800,2089,1869,1900,1869
1365,1806,1548,1806,1548,1863,1365,1863
698,1884,892,1884,892,1953,698,1953
903,1895,1039,1895,1039,1958,903,1958
1050,1895,1181,1895,1181,1958,1050,1958
803,1989,960,1989,960,2047,803,2047
1328,1995,1449,1995,1449,2058,1328,2058
1443,2000,1548,2000,1548,2063,1443,2063
1895,2000,1984,2000,1984,2063,1895,2063
1984,2000,2089,2000,2089,2058,1984,2058
1071,2084,1197,2084,1197,2152,1071,2152
693,2089,903,2089,903,2152,693,2152
918,2089,1060,2089,1060,2152,918,2152
1208,2085,1393,2092,1390,2164,1205,2157
1396,2094,1459,2094,1459,2163,1396,2163
1617,2090,1902,2102,1899,2178,1614,2167
1470,2100,1548,2100,1548,2152,1470,2152
1554,2100,1601,2100,1601,2152,1554,2152
1359,2194,1548,2194,1548,2262,1359,2262
1895,2199,2094,2199,2094,2268,1895,2268
1125,2323,1276,2339,1268,2419,1116,2403
1270,2336,1380,2336,1380,2409,1270,2409
1388,2333,1549,2351,1541,2425,1379,2407
1863,2383,1984,2383,1984,2451,1863,2451
1963,2388,2094,2388,2094,2451,1963,2451
929,2409,1039,2409,1039,2478,929,2478
1039,2409,1155,2409,1155,2478,1039,2478
1155,2409,1286,2409,1286,2488,1155,2488
1286,2415,1428,2415,1428,2488,1286,2488
1433,2420,1543,2420,1543,2488,1433,2488
1139,2493,1344,2493,1344,2567,1139,2567
1349,2499,1527,2499,1527,2572,1349,2572
1811,2538,2101,2546,2099,2629,1809,2621
1181,2577,1296,2577,1296,2646,1181,2646
1291,2577,1401,2577,1401,2635,1291,2635
1407,2577,1543,2577,1543,2646,1407,2646
924,2677,1050,2677,1050,2745,924,2745
1375,2677,1506,2677,1506,2761,1375,2761
1055,2682,1170,2682,1170,2745,1055,2745
1176,2682,1254,2682,1254,2745,1176,2745
1260,2682,1370,2682,1370,2745,1260,2745
1506,2682,1638,2682,1638,2751,1506,2751
1649,2678,1846,2692,1841,2769,1644,2755
892,3106,1048,3130,1036,3208,880,3183
1044,3129,1139,3129,1139,3192,1044,3192
1139,3129,1254,3129,1254,3207,1139,3207
1260,3129,1464,3129,1464,3207,1260,3207
1470,3144,1585,3144,1585,3213,1470,3213
1569,3144,1716,3144,1716,3213,1569,3213
1727,3144,1869,3144,1869,3218,1727,3218
939,3270,1086,3270,1086,3339,939,3339
750,3276,861,3276,861,3333,750,3333
871,3276,929,3276,929,3339,871,3339
1097,3276,1212,3276,1212,3339,1097,3339
1223,3281,1375,3281,1375,3349,1223,3349
1380,3291,1475,3291,1475,3354,1380,3354
1475,3291,1606,3291,1606,3360,1475,3360
1611,3297,1727,3297,1727,3365,1611,3365
1732,3302,1853,3302,1853,3370,1732,3370
1860,3301,2023,3325,2012,3397,1849,3373
752,3355,915,3343,921,3421,757,3432
924,3349,1050,3349,1050,3423,924,3423
1055,3345,1226,3352,1223,3424,1052,3417
1233,3360,1317,3360,1317,3417,1233,3417
1325,3352,1459,3372,1447,3449,1314,3428
1454,3370,1564,3370,1564,3438,1454,3438
1575,3370,1653,3370,1653,3449,1575,3449
1653,3375,1753,3375,1753,3438,1653,3438
1764,3381,1916,3381,1916,3459,1764,3459
1921,3386,2005,3386,2005,3454,1921,3454
903,3417,981,3417,981,3491,903,3491
740,3421,904,3428,901,3500,737,3492
987,3423,1092,3423,1092,3496,987,3496
1103,3424,1227,3434,1221,3510,1097,3500
1228,3433,1401,3433,1401,3507,1228,3507
1485,3438,1585,3438,1585,3512,1485,3512
1407,3444,1485,3444,1485,3512,1407,3512
1659,3449,1774,3449,1774,3522,1659,3522
1590,3454,1648,3454,1648,3512,1590,3512
1900,3459,2016,3459,2016,3533,1900,3533
1779,3465,1890,3465,1890,3522,1779,3522
1060,3501,1176,3501,1176,3570,1060,3570
1186,3507,1312,3507,1312,3575,1186,3575
1317,3517,1396,3517,1396,3585,1317,3585
1401,3520,1557,3531,1552,3604,1397,3593
1564,3533,1685,3533,1685,3596,1564,3596
945,3573,1267,3582,1265,3655,943,3646
1260,3586,1672,3607,1669,3679,1257,3658
1653,3617,1785,3617,1785,3669,1653,3669
714,3722,840,3722,840,3795,714,3795
845,3722,1018,3722,1018,3795,845,3795
1023,3738,1113,3738,1113,3801,1023,3801
1119,3730,1253,3749,1242,3826,1108,3807
1480,3748,1580,3748,1580,3822,1480,3822
1249,3753,1375,3753,1375,3816,1249,3816
1386,3753,1480,3753,1480,3822,1386,3822
1585,3753,1764,3753,1764,3827,1585,3827
1921,3759,2042,3759,2042,3832,1921,3832
1769,3764,1916,3764,1916,3827,1769,3827
766,3801,850,3801,850,3864,766,3864
863,3796,1016,3817,1005,3895,852,3873
1014,3807,1180,3823,1173,3897,1007,3881
1181,3822,1323,3822,1323,3890,1181,3890
1328,3822,1428,3822,1428,3900,1328,3900
1428,3832,1501,3832,1501,3890,1428,3890
1512,3832,1627,3832,1627,3890,1512,3890
1639,3826,1794,3839,1789,3909,1633,3896
1800,3837,1942,3837,1942,3890,1800,3890
871,3879,971,3879,971,3953,871,3953
976,3885,1102,3885,1102,3958,976,3958
1323,3895,1512,3895,1512,3953,1323,3953
1107,3900,1191,3900,1191,3953,1107,3953
1202,3900,1312,3900,1312,3974,1202,3974
1527,3900,1643,3900,1643,3958,1527,3958
1653,3900,1769,3900,1769,3969,1653,3969
1774,3900,1863,3900,1863,3958,1774,3958
