649,70,743,75,741,114,647,110
789,73,889,73,889,110,789,110
899,76,1023,76,1023,117,899,117
652,133,728,133,728,157,652,157
736,121,955,140,952,177,733,157
956,147,1026,147,1026,177,956,177
605,173,695,173,695,207,605,207
511,177,575,177,575,207,511,207
725,177,785,177,785,217,725,217
417,183,478,183,478,210,417,210
794,180,904,198,898,237,787,219
1144,197,1209,192,1212,230,1147,235
906,197,976,197,976,234,906,234
1073,200,1143,200,1143,230,1073,230
1213,200,1240,200,1240,230,1213,230
983,203,1063,203,1063,234,983,234
576,204,645,214,640,250,571,240
428,207,569,212,568,248,427,243
648,214,718,214,718,254,648,254
733,217,840,233,835,272,727,257
842,234,906,234,906,270,842,270
1174,237,1236,232,1240,270,1177,275
912,237,976,237,976,277,912,277
1070,237,1170,237,1170,270,1070,270
979,240,1063,240,1063,274,979,274
658,257,708,257,708,294,658,294
715,264,772,264,772,300,715,300
783,270,865,278,862,312,779,305
876,277,942,277,942,314,876,314
946,280,993,280,993,310,946,310
621,361,762,361,762,411,621,411
772,371,932,371,932,414,772,414
939,371,1066,371,1066,417,939,417
411,421,468,421,468,461,411,461
468,424,535,424,535,464,468,464
655,440,900,448,899,489,654,481
892,448,999,448,999,484,892,484
414,478,508,478,508,521,414,521
514,484,578,484,578,521,514,521
655,491,840,500,839,540,653,531
869,501,942,501,942,535,869,535
417,531,508,531,508,568,417,568
514,535,601,535,601,571,514,571
658,545,732,545,732,581,658,581
739,546,828,553,825,589,736,583
832,548,882,548,882,591,832,591
511,638,565,638,565,678,511,678
1197,645,1273,645,1273,692,1197,692
795,652,859,652,859,688,795,688
869,650,941,655,939,693,867,688
1080,652,1197,652,1197,692,1080,692
434,715,571,715,571,755,434,755
575,715,658,715,658,752,575,752
665,714,860,725,858,763,663,751
862,725,952,725,952,762,862,762
956,725,1049,725,1049,762,956,762
1207,775,1273,775,1273,822,1207,822
879,785,946,785,946,822,879,822
1180,785,1213,785,1213,819,1180,819
849,789,886,789,886,825,849,825
652,839,732,839,732,886,652,886
451,842,508,842,508,882,451,882
514,842,645,842,645,879,514,879
735,842,809,842,809,879,735,879
1183,899,1280,899,1280,936,1183,936
856,906,949,906,949,942,856,942
906,952,1277,952,1277,1003,906,1003
461,959,575,959,575,1003,461,1003
578,963,712,963,712,999,578,999
715,963,795,963,795,1003,715,1003
805,963,909,963,909,999,805,999
1059,993,1130,993,1130,1066,1059,1066
986,999,1026,999,1026,1029,986,1029
464,1003,548,1003,548,1039,464,1039
892,1003,946,1003,946,1033,892,1033
555,1004,663,1008,661,1043,553,1039
979,1023,1039,1023,1039,1093,979,1093
1223,1056,1287,1056,1287,1093,1223,1093
1177,1059,1230,1059,1230,1096,1177,1096
845,1063,956,1063,956,1100,845,1100
1059,1083,1110,1083,1110,1113,1059,1113
893,1118,1175,1098,1179,1156,897,1176
1175,1119,1256,1114,1258,1153,1177,1158
471,1120,548,1120,548,1160,471,1160
555,1120,662,1120,662,1156,555,1156
773,1122,851,1117,854,1156,776,1161
668,1123,769,1123,769,1160,668,1160
856,1123,892,1123,892,1160,856,1160
886,1170,963,1170,963,1233,886,1233
969,1170,1029,1170,1029,1233,969,1233
1220,1173,1280,1173,1280,1210,1220,1210
849,1177,892,1177,892,1210,849,1210
1177,1177,1213,1177,1213,1210,1177,1210
471,1233,548,1233,548,1273,471,1273
555,1233,642,1233,642,1270,555,1270
775,1233,1083,1233,1083,1297,775,1297
648,1237,769,1237,769,1273,648,1273
849,1290,963,1290,963,1340,849,1340
1220,1290,1287,1290,1287,1327,1220,1327
1173,1294,1217,1294,1217,1324,1173,1324
824,1349,955,1344,957,1384,826,1389
1046,1347,1116,1347,1116,1387,1046,1387
474,1350,568,1350,568,1391,474,1391
718,1350,815,1350,815,1387,718,1387
1116,1350,1210,1350,1210,1384,1116,1384
575,1354,655,1354,655,1387,575,1387
658,1354,712,1354,712,1387,658,1387
1035,1379,1103,1382,1089,1654,1021,1651
876,1384,932,1384,932,1447,876,1447
471,1394,548,1394,548,1437,471,1437
952,1411,1013,1411,1013,1514,952,1514
849,1451,963,1451,963,1487,849,1487
1173,1451,1220,1451,1220,1484,1173,1484
1223,1451,1290,1451,1290,1484,1223,1484
872,1519,1013,1539,1005,1596,864,1576
799,1534,862,1534,862,1574,799,1574
716,1533,803,1543,798,1587,711,1577
1160,1558,1223,1558,1223,1594,1160,1594
1230,1558,1290,1558,1290,1594,1230,1594
732,1581,809,1581,809,1628,732,1628
809,1581,1006,1581,1006,1625,809,1625
598,1584,662,1584,662,1625,598,1625
665,1584,728,1584,728,1618,665,1618
722,1631,845,1631,845,1675,722,1675
849,1631,952,1631,952,1675,849,1675
1130,1651,1297,1651,1297,1701,1130,1701
752,1678,815,1678,815,1722,752,1722
815,1678,879,1678,879,1712,815,1712
882,1678,963,1678,963,1715,882,1715
807,1740,881,1736,884,1775,810,1780
889,1738,959,1738,959,1778,889,1778
1233,1738,1300,1738,1300,1778,1233,1778
1163,1742,1227,1742,1227,1775,1163,1775
845,1788,912,1788,912,1832,845,1832
769,1792,839,1792,839,1829,769,1829
909,1792,963,1792,963,1832,909,1832
1163,1792,1233,1792,1233,1832,1163,1832
1233,1792,1300,1792,1300,1829,1233,1829
876,1839,952,1839,952,1892,876,1892
952,1839,1029,1839,1029,1882,952,1882
1036,1842,1153,1842,1153,1885,1036,1885
611,1845,682,1845,682,1882,611,1882
685,1845,752,1845,752,1882,685,1882
759,1845,802,1845,802,1879,759,1879
805,1845,869,1845,869,1882,805,1882
811,2092,931,2079,936,2122,816,2135
996,2083,1076,2083,1076,2116,996,2116
1086,2083,1163,2083,1163,2116,1086,2116
936,2086,999,2086,999,2123,936,2123
745,2093,815,2093,815,2140,745,2140
603,2091,692,2102,687,2149,597,2138
688,2099,742,2099,742,2136,688,2136
946,2163,1016,2163,1016,2200,946,2200
1019,2163,1083,2163,1083,2200,1019,2200
1090,2163,1156,2163,1156,2200,1090,2200
1160,2163,1247,2163,1247,2243,1160,2243
889,2166,942,2166,942,2203,889,2203
799,2173,886,2173,886,2206,799,2206
725,2176,792,2176,792,2210,725,2210
631,2180,718,2180,718,2213,631,2213
525,2181,593,2186,591,2218,522,2213
595,2183,628,2183,628,2220,595,2220
1110,2203,1190,2203,1190,2247,1110,2247
936,2206,996,2206,996,2243,936,2243
999,2206,1046,2206,1046,2247,999,2247
859,2208,932,2214,929,2251,856,2245
1046,2210,1103,2210,1103,2243,1046,2243
700,2218,801,2212,803,2248,702,2254
805,2213,856,2213,856,2247,805,2247
531,2220,621,2220,621,2260,531,2260
628,2220,695,2220,695,2257,628,2257
952,2247,1009,2247,1009,2287,952,2287
1187,2247,1250,2247,1250,2283,1187,2283
805,2250,902,2250,902,2287,805,2287
1049,2250,1113,2250,1113,2287,1049,2287
732,2253,799,2253,799,2293,732,2293
909,2253,949,2253,949,2287,909,2287
1013,2253,1043,2253,1043,2283,1013,2283
1120,2253,1180,2253,1180,2287,1120,2287
618,2257,662,2257,662,2293,618,2293
525,2259,616,2263,614,2299,523,2294
668,2263,725,2263,725,2297,668,2297
782,2293,852,2293,852,2330,782,2330
712,2297,775,2297,775,2330,712,2330
859,2297,902,2297,902,2330,859,2330
906,2296,991,2300,989,2338,904,2333
996,2297,1063,2297,1063,2330,996,2330
648,2337,825,2337,825,2374,648,2374
829,2337,1046,2337,1046,2374,829,2374
1050,2341,1125,2346,1123,2379,1048,2373
1203,2420,1270,2420,1270,2467,1203,2467
591,2424,688,2424,688,2461,591,2461
750,2419,824,2432,817,2470,743,2458
952,2424,1009,2424,1009,2464,952,2464
514,2427,588,2427,588,2471,514,2471
695,2427,745,2427,745,2461,695,2461
1013,2427,1113,2427,1113,2464,1013,2464
825,2430,896,2430,896,2461,825,2461
899,2430,952,2430,952,2461,899,2461
1116,2430,1197,2430,1197,2467,1116,2467
604,2460,694,2475,687,2521,596,2506
785,2467,866,2467,866,2511,785,2511
869,2467,926,2467,926,2517,869,2517
551,2471,595,2471,595,2504,551,2504
689,2469,780,2474,778,2513,687,2508
1048,2464,1136,2478,1129,2524,1040,2510
926,2474,969,2474,969,2511,926,2511
973,2474,1039,2474,1039,2511,973,2511
1136,2474,1220,2474,1220,2514,1136,2514
608,2514,665,2514,665,2551,608,2551
668,2514,742,2514,742,2554,668,2554
866,2517,969,2517,969,2561,866,2561
1053,2517,1123,2517,1123,2564,1053,2564
745,2521,792,2521,792,2554,745,2554
795,2521,862,2521,862,2564,795,2564
979,2521,1053,2521,1053,2561,979,2561
1123,2521,1177,2521,1177,2561,1123,2561
