722,180,812,180,812,230,722,230
598,183,715,183,715,230,598,230
819,183,932,183,932,227,819,227
674,248,865,243,866,279,675,285
869,250,929,250,929,280,869,280
601,254,672,254,672,284,601,284
1029,294,1083,294,1083,334,1029,334
1090,300,1110,300,1110,331,1090,331
726,295,822,304,818,342,723,333
822,300,886,300,886,334,822,334
892,300,959,300,959,331,892,331
969,300,1026,300,1026,331,969,331
489,308,547,302,550,337,492,342
571,304,648,304,648,337,571,337
668,304,722,304,722,334,668,334
414,310,464,310,464,341,414,341
1046,335,1105,329,1109,367,1050,373
772,334,825,334,825,374,772,374
963,333,1051,338,1049,373,961,369
829,337,882,337,882,371,829,371
889,337,956,337,956,371,889,371
551,341,605,341,605,374,551,374
608,341,668,341,668,374,608,374
678,341,769,341,769,371,678,371
428,341,546,345,544,381,426,377
799,374,856,374,856,411,799,411
859,374,926,374,926,407,859,407
618,377,662,377,662,411,618,411
665,377,715,377,715,411,665,411
722,377,795,377,795,411,722,411
852,458,959,458,959,501,852,501
591,461,705,461,705,501,591,501
715,464,845,464,845,498,715,498
644,523,929,517,929,550,645,555
431,528,468,528,468,548,431,548
474,528,524,528,524,551,474,551
428,558,498,558,498,581,428,581
504,561,555,561,555,585,504,585
645,558,799,558,799,588,645,588
802,558,879,558,879,585,802,585
421,588,494,588,494,611,421,611
501,591,568,591,568,615,501,615
645,598,708,598,708,621,645,621
712,595,769,595,769,621,712,621
775,595,815,595,815,621,775,621
498,652,545,652,545,682,498,682
912,655,966,655,966,755,912,755
1066,658,1130,658,1130,688,1066,688
738,662,795,662,795,692,738,692
802,665,876,665,876,692,802,692
966,662,1063,662,1063,692,966,692
979,688,1033,688,1033,738,979,738
404,695,484,695,484,728,404,728
488,698,551,698,551,732,488,732
558,705,601,705,601,735,558,735
665,705,735,705,735,738,665,738
605,708,665,708,665,735,605,735
738,708,792,708,792,738,738,738
797,703,891,718,885,753,791,738
973,742,1036,742,1036,795,973,795
779,749,862,749,862,782,779,782
1039,755,1083,755,1083,782,1039,782
1076,752,1130,752,1130,785,1076,785
394,779,491,779,491,812,394,812
494,782,568,782,568,815,494,815
572,784,666,789,664,821,570,816
672,787,830,794,829,827,670,820
889,789,979,789,979,862,889,862
974,784,1117,800,1112,838,970,821
829,795,896,795,896,842,829,842
765,839,809,839,809,866,765,866
802,835,882,835,882,866,802,866
1034,844,1124,855,1119,893,1029,881
488,866,561,866,561,906,488,906
387,869,484,869,484,906,387,906
675,862,745,880,738,908,668,891
565,872,642,872,642,906,565,906
746,862,995,881,992,921,743,902
760,926,875,918,878,956,763,965
902,922,949,922,949,1006,902,1006
1027,945,1117,957,1112,993,1022,981
822,956,879,956,879,1019,822,1019
394,976,444,976,444,1016,394,1016
491,983,541,983,541,1019,491,1019
541,983,575,983,575,1013,541,1013
444,986,488,986,488,1019,444,1019
966,989,1023,989,1023,1076,966,1076
899,1013,949,1013,949,1076,899,1076
765,1033,805,1033,805,1066,765,1066
809,1033,869,1033,869,1066,809,1066
471,1036,555,1036,555,1070,471,1070
1037,1036,1125,1053,1118,1086,1030,1068
829,1080,1073,1080,1073,1120,829,1120
601,1083,672,1083,672,1120,601,1120
678,1083,749,1083,749,1120,678,1120
755,1083,829,1083,829,1120,755,1120
444,1086,518,1086,518,1123,444,1123
524,1086,598,1086,598,1120,524,1120
401,1090,438,1090,438,1120,401,1120
966,1126,1016,1126,1016,1190,966,1190
752,1140,815,1140,815,1173,752,1173
809,1140,866,1140,866,1170,809,1170
1026,1140,1133,1140,1133,1177,1026,1177
645,1211,724,1216,721,1255,643,1249
725,1213,782,1213,782,1247,725,1247
786,1212,867,1218,865,1252,783,1247
1027,1226,1134,1239,1129,1276,1022,1263
665,1250,732,1250,732,1290,665,1290
735,1250,809,1250,809,1287,735,1287
809,1250,866,1250,866,1287,809,1287
542,1257,601,1252,604,1286,545,1292
605,1253,662,1253,662,1287,605,1287
769,1290,859,1290,859,1327,769,1327
655,1294,765,1294,765,1330,655,1330
1000,1303,1138,1309,1136,1355,998,1349
802,1330,869,1330,869,1364,802,1364
682,1334,738,1334,738,1370,682,1370
742,1334,799,1334,799,1364,742,1364
1026,1380,1083,1380,1083,1414,1026,1414
1083,1380,1136,1380,1136,1414,1083,1414
735,1384,802,1384,802,1417,735,1417
805,1384,869,1384,869,1417,805,1417
769,1424,822,1424,822,1461,769,1461
1026,1424,1083,1424,1083,1457,1026,1457
1083,1424,1140,1424,1140,1457,1083,1457
698,1427,765,1427,765,1464,698,1464
825,1427,872,1427,872,1461,825,1461
849,1464,912,1464,912,1501,849,1501
916,1467,1013,1467,1013,1501,916,1501
779,1471,845,1471,845,1511,779,1511
675,1477,715,1477,715,1511,675,1511
722,1477,775,1477,775,1508,722,1508
611,1481,672,1481,672,1511,611,1511
541,1484,608,1484,608,1514,541,1514
882,1681,952,1681,952,1715,882,1715
959,1681,1026,1681,1026,1715,959,1715
721,1692,827,1681,831,1719,725,1730
832,1688,886,1688,886,1722,832,1722
536,1690,615,1700,610,1737,531,1727
615,1695,662,1695,662,1728,615,1728
665,1695,722,1695,722,1735,665,1735
833,1759,902,1752,905,1787,836,1793
902,1755,959,1755,959,1788,902,1788
963,1755,1019,1755,1019,1788,963,1788
1023,1758,1100,1758,1100,1825,1023,1825
789,1762,835,1762,835,1792,789,1792
565,1765,642,1765,642,1795,565,1795
645,1765,705,1765,705,1795,645,1795
708,1765,785,1765,785,1795,708,1795
471,1768,531,1768,531,1798,471,1798
531,1768,561,1768,561,1802,531,1802
886,1792,926,1792,926,1825,886,1825
926,1792,973,1792,973,1822,926,1822
976,1792,1049,1792,1049,1829,976,1829
762,1793,828,1798,825,1833,760,1828
829,1795,882,1795,882,1825,829,1825
625,1798,712,1798,712,1829,625,1829
715,1798,762,1798,762,1829,715,1829
478,1802,558,1802,558,1839,478,1839
561,1802,621,1802,621,1835,561,1835
845,1825,892,1825,892,1859,845,1859
929,1825,983,1825,983,1859,929,1859
1043,1825,1100,1825,1100,1859,1043,1859
896,1829,926,1829,926,1859,896,1859
551,1832,591,1832,591,1865,551,1865
652,1832,712,1832,712,1869,652,1869
715,1832,802,1832,802,1862,715,1862
805,1832,842,1832,842,1862,805,1862
986,1832,1039,1832,1039,1862,986,1862
471,1839,551,1839,551,1869,471,1869
595,1839,642,1839,642,1869,595,1869
882,1865,942,1865,942,1895,882,1895
631,1869,692,1869,692,1902,631,1902
695,1869,755,1869,755,1899,695,1899
762,1869,799,1869,799,1902,762,1902
802,1869,876,1869,876,1902,802,1902
735,1902,922,1902,922,1936,735,1936
574,1908,735,1902,736,1935,575,1942
926,1905,993,1905,993,1932,926,1932
842,1972,892,1972,892,2009,842,2009
1056,1972,1113,1972,1113,2009,1056,2009
892,1976,979,1976,979,2009,892,2009
983,1976,1053,1976,1053,2009,983,2009
662,1976,728,1983,724,2021,658,2014
795,1979,842,1979,842,2012,795,2012
458,1982,521,1982,521,2019,458,2019
524,1982,611,1982,611,2016,524,2016
615,1982,658,1982,658,2016,615,2016
728,1982,792,1982,792,2012,728,2012
765,2012,815,2012,815,2056,765,2056
859,2012,916,2012,916,2046,859,2046
920,2009,996,2016,992,2055,916,2047
996,2012,1070,2012,1070,2046,996,2046
815,2016,856,2016,856,2049,815,2049
609,2018,690,2023,688,2058,606,2053
692,2019,762,2019,762,2053,692,2053
484,2022,528,2022,528,2053,484,2053
528,2022,605,2022,605,2059,528,2059
762,2053,852,2053,852,2089,762,2089
926,2053,986,2053,986,2093,926,2093
986,2053,1033,2053,1033,2086,986,2086
702,2056,759,2056,759,2096,702,2096
862,2056,922,2056,922,2089,862,2089
535,2059,585,2059,585,2093,535,2093
588,2059,652,2059,652,2093,588,2093
658,2063,698,2063,698,2093,658,2093
762,2180,812,2180,812,2220,762,2220
561,2183,611,2183,611,2226,561,2226
615,2183,675,2183,675,2220,615,2220
678,2183,759,2183,759,2220,678,2220
407,2186,504,2186,504,2230,407,2230
504,2190,558,2190,558,2230,504,2230
752,2233,845,2233,845,2270,752,2270
565,2236,665,2236,665,2273,565,2273
672,2236,745,2236,745,2270,672,2270
403,2243,558,2237,559,2275,404,2282
628,2283,728,2283,728,2327,628,2327
735,2283,862,2283,862,2320,735,2320
501,2287,625,2287,625,2330,501,2330
401,2293,498,2293,498,2337,401,2337
605,2337,705,2337,705,2380,605,2380
708,2337,782,2337,782,2370,708,2370
498,2340,601,2340,601,2384,498,2384
438,2347,489,2341,494,2379,443,2386
397,2350,438,2350,438,2384,397,2384
976,2430,1043,2430,1043,2467,976,2467
1043,2430,1120,2430,1120,2464,1043,2464
883,2431,974,2436,972,2475,881,2470
835,2437,879,2437,879,2474,835,2474
739,2438,837,2442,835,2482,737,2477
675,2444,735,2444,735,2484,675,2484
618,2447,668,2447,668,2481,618,2481
561,2450,618,2450,618,2491,561,2491
434,2454,488,2454,488,2491,434,2491
488,2451,561,2458,557,2496,485,2489
1009,2471,1086,2471,1086,2507,1009,2507
942,2474,1006,2474,1006,2511,942,2511
769,2477,845,2477,845,2524,769,2524
902,2477,939,2477,939,2514,902,2514
845,2481,899,2481,899,2517,845,2517
682,2487,762,2487,762,2524,682,2524
571,2491,611,2491,611,2527,571,2527
615,2491,682,2491,682,2531,615,2531
471,2494,568,2494,568,2534,471,2534
