1212,99,1359,99,1359,157,1212,157
1370,99,1485,99,1485,152,1370,152
1496,105,1643,105,1643,152,1496,152
1312,178,1559,178,1559,215,1312,215
1564,178,1648,178,1648,210,1564,210
1210,194,1301,187,1304,220,1212,227
1512,223,1614,231,1611,280,1508,272
1622,231,1727,231,1727,267,1622,267
1732,231,1811,231,1811,267,1732,267
1354,236,1506,236,1506,278,1354,278
1816,236,1848,236,1848,267,1816,267
1228,246,1344,246,1344,283,1228,283
997,246,1128,246,1128,294,997,294
1139,252,1223,252,1223,288,1139,288
1559,267,1622,267,1622,315,1559,315
1817,270,1898,279,1894,318,1812,309
1481,283,1557,275,1562,314,1486,322
1627,278,1695,278,1695,315,1627,315
1706,278,1800,278,1800,309,1706,309
1359,283,1475,283,1475,320,1359,320
1260,288,1338,288,1338,325,1260,325
1092,288,1170,288,1170,341,1092,341
1176,294,1249,294,1249,330,1176,330
971,304,1092,304,1092,341,971,341
1380,330,1475,330,1475,367,1380,367
1530,426,1684,415,1688,477,1534,487
1170,435,1328,435,1328,493,1170,493
1338,435,1527,435,1527,488,1338,488
1205,529,1606,514,1608,564,1207,580
945,535,1002,535,1002,588,945,588
1002,535,1081,535,1081,582,1002,582
1205,587,1422,579,1424,629,1207,637
1422,582,1538,582,1538,630,1422,630
1055,598,1128,598,1128,645,1055,645
945,603,1050,603,1050,651,945,651
1428,640,1564,640,1564,687,1428,687
1260,645,1323,645,1323,693,1260,693
1328,645,1422,645,1422,693,1328,693
1207,651,1254,651,1254,693,1207,693
1055,656,1149,656,1149,703,1055,703
950,661,1050,661,1050,708,950,708
1837,735,1921,735,1921,787,1837,787
1690,745,1832,745,1832,792,1690,792
1449,756,1533,756,1533,803,1449,803
1365,761,1438,761,1438,808,1365,808
1050,777,1107,777,1107,813,1050,813
1722,829,1806,829,1806,876,1722,876
1459,834,1533,834,1533,882,1459,882
1643,834,1716,834,1716,876,1643,876
1365,840,1459,840,1459,887,1365,887
1538,840,1638,840,1638,887,1538,887
1160,850,1296,850,1296,892,1160,892
1302,845,1359,845,1359,887,1302,887
945,850,997,850,997,892,945,892
1002,850,1149,850,1149,892,1002,892
1842,892,1921,892,1921,939,1842,939
1785,897,1853,897,1853,945,1785,945
1454,903,1533,903,1533,950,1454,950
1422,913,1459,913,1459,950,1422,950
1527,971,1622,971,1622,1018,1527,1018
1627,971,1711,971,1711,1018,1627,1018
1218,976,1317,976,1317,1023,1218,1023
1323,976,1412,976,1412,1023,1323,1023
1417,976,1522,976,1522,1023,1417,1023
945,981,997,981,997,1029,945,1029
997,981,1092,981,1092,1029,997,1029
1097,981,1212,981,1212,1029,1097,1029
1790,1034,1842,1034,1842,1081,1790,1081
1848,1034,1926,1034,1926,1081,1848,1081
1454,1039,1533,1039,1533,1086,1454,1086
1401,1044,1454,1044,1454,1092,1401,1092
1648,1102,1732,1102,1732,1155,1648,1155
1734,1107,1847,1100,1850,1150,1738,1158
1473,1111,1642,1104,1644,1154,1475,1161
997,1113,1165,1113,1165,1165,997,1165
1270,1113,1359,1113,1359,1160,1270,1160
1365,1113,1470,1113,1470,1160,1365,1160
945,1118,997,1118,997,1165,945,1165
1170,1118,1265,1118,1265,1165,1170,1165
1848,1176,1926,1176,1926,1223,1848,1223
1401,1181,1533,1181,1533,1228,1401,1228
1790,1181,1848,1181,1848,1223,1790,1223
1622,1244,1711,1244,1711,1296,1622,1296
1716,1244,1785,1244,1785,1296,1716,1296
1790,1244,1890,1244,1890,1296,1790,1296
1002,1254,1128,1254,1128,1307,1002,1307
1134,1254,1244,1254,1244,1307,1134,1307
1249,1254,1365,1254,1365,1302,1249,1302
1375,1254,1617,1254,1617,1302,1375,1302
945,1260,997,1260,997,1307,945,1307
945,1307,1029,1307,1029,1359,945,1359
1034,1307,1139,1307,1139,1354,1034,1354
1790,1370,1842,1370,1842,1417,1790,1417
1848,1370,1926,1370,1926,1417,1848,1417
1459,1375,1538,1375,1538,1422,1459,1422
1065,1386,1092,1386,1092,1422,1065,1422
1428,1386,1454,1386,1454,1422,1428,1422
1564,1438,1695,1438,1695,1491,1564,1491
1701,1438,1785,1438,1785,1491,1701,1491
1002,1443,1102,1443,1102,1496,1002,1496
1107,1443,1202,1443,1202,1496,1107,1496
1207,1443,1291,1443,1291,1496,1207,1496
1470,1443,1559,1443,1559,1491,1470,1491
1785,1443,1874,1443,1874,1491,1785,1491
950,1449,997,1449,997,1496,950,1496
1302,1449,1380,1449,1380,1496,1302,1496
1386,1449,1459,1449,1459,1496,1386,1496
1848,1512,1921,1512,1921,1559,1848,1559
1459,1517,1538,1517,1538,1564,1459,1564
1816,1522,1848,1522,1848,1559,1816,1559
1181,1585,1359,1585,1359,1638,1181,1638
1365,1585,1485,1585,1485,1632,1365,1632
1491,1585,1632,1585,1632,1632,1491,1632
1638,1585,1706,1585,1706,1632,1638,1632
1711,1585,1816,1585,1816,1632,1711,1632
950,1590,1039,1590,1039,1638,950,1638
1050,1590,1176,1590,1176,1638,1050,1638
1785,1653,1853,1653,1853,1701,1785,1701
1848,1653,1921,1653,1921,1701,1848,1701
1401,1659,1459,1659,1459,1706,1401,1706
1459,1659,1538,1659,1538,1706,1459,1706
1008,1727,1107,1727,1107,1774,1008,1774
1107,1727,1207,1727,1207,1774,1107,1774
1212,1727,1312,1727,1312,1774,1212,1774
1312,1727,1438,1727,1438,1774,1312,1774
1538,1727,1622,1727,1622,1774,1538,1774
955,1732,1008,1732,1008,1779,955,1779
1443,1732,1533,1732,1533,1774,1443,1774
1811,1795,1921,1795,1921,1842,1811,1842
1433,1806,1464,1806,1464,1842,1433,1842
1449,1800,1538,1800,1538,1848,1449,1848
955,1869,1008,1869,1008,1916,955,1916
1013,1869,1139,1869,1139,1916,1013,1916
1144,1869,1365,1869,1365,1916,1144,1916
1370,1869,1454,1869,1454,1911,1370,1911
1790,1932,1842,1932,1842,1979,1790,1979
1848,1932,1921,1932,1921,1979,1848,1979
1317,1937,1428,1937,1428,1984,1317,1984
1464,1937,1543,1937,1543,1984,1464,1984
1076,1947,1097,1947,1097,1979,1076,1979
1055,2000,1149,2000,1149,2052,1055,2052
1155,2000,1254,2000,1254,2052,1155,2052
1359,2000,1433,2000,1433,2052,1359,2052
955,2005,1050,2005,1050,2058,955,2058
1260,2005,1354,2005,1354,2052,1260,2052
1438,2005,1506,2005,1506,2052,1438,2052
1512,2005,1617,2005,1617,2047,1512,2047
1848,2068,1926,2068,1926,2115,1848,2115
1270,2073,1407,2073,1407,2121,1270,2121
1407,2073,1459,2073,1459,2115,1407,2115
1464,2073,1543,2073,1543,2121,1464,2121
1790,2073,1842,2073,1842,2115,1790,2115
1086,2136,1176,2136,1176,2189,1086,2189
1344,2136,1433,2136,1433,2189,1344,2189
1522,2136,1606,2136,1606,2184,1522,2184
960,2142,1081,2142,1081,2189,960,2189
1186,2142,1338,2142,1338,2189,1186,2189
1443,2142,1522,2142,1522,2189,1443,2189
960,2192,1312,2186,1313,2236,960,2242
1438,2262,1475,2262,1475,2304,1438,2304
1464,2257,1543,2257,1543,2304,1464,2304
1816,2262,1848,2262,1848,2299,1816,2299
1848,2257,1921,2257,1921,2299,1848,2299
1627,2320,1716,2320,1716,2367,1627,2367
1722,2320,1790,2320,1790,2367,1722,2367
1795,2320,1890,2320,1890,2367,1795,2367
966,2325,1018,2325,1018,2373,966,2373
1018,2325,1149,2325,1149,2373,1018,2373
1155,2325,1260,2325,1260,2373,1155,2373
1265,2325,1380,2325,1380,2373,1265,2373
1386,2325,1622,2325,1622,2367,1386,2367
966,2373,1060,2373,1060,2425,966,2425
1065,2373,1170,2373,1170,2420,1065,2420
1412,2441,1475,2441,1475,2488,1412,2488
1470,2441,1548,2441,1548,2488,1470,2488
1795,2441,1853,2441,1853,2488,1795,2488
1848,2441,1926,2441,1926,2488,1848,2488
1254,2541,1354,2541,1354,2593,1254,2593
1354,2541,1433,2541,1433,2588,1354,2588
1433,2542,1546,2550,1542,2596,1430,2588
1769,2567,1853,2567,1853,2614,1769,2614
1848,2567,1926,2567,1926,2614,1848,2614
1202,2598,1275,2598,1275,2640,1202,2640
1275,2593,1365,2593,1365,2646,1275,2646
1365,2593,1464,2593,1464,2646,1365,2646
1464,2593,1543,2593,1543,2646,1464,2646
1118,2598,1191,2598,1191,2646,1118,2646
1260,2651,1407,2651,1407,2698,1260,2698
1412,2651,1533,2651,1533,2698,1412,2698
1732,2672,1926,2672,1926,2730,1732,2730
1296,2703,1370,2703,1370,2756,1296,2756
1380,2709,1449,2709,1449,2751,1380,2751
1449,2703,1543,2703,1543,2751,1449,2751
1443,2772,1527,2772,1527,2829,1443,2829
1533,2772,1622,2772,1622,2819,1533,2819
1627,2772,1753,2772,1753,2824,1627,2824
1223,2777,1302,2777,1302,2824,1223,2824
1307,2777,1359,2777,1359,2824,1307,2824
1365,2777,1438,2777,1438,2824,1365,2824
1134,2782,1218,2782,1218,2829,1134,2829
1362,3075,1506,3069,1508,3123,1365,3130
1572,3077,1674,3069,1677,3118,1576,3126
1118,3076,1218,3076,1218,3129,1118,3129
1223,3076,1286,3076,1286,3123,1223,3123
1286,3076,1365,3076,1365,3129,1286,3129
1685,3081,1779,3081,1779,3118,1685,3118
1512,3081,1585,3081,1585,3123,1512,3123
1517,3165,1606,3165,1606,3218,1517,3218
1155,3171,1254,3171,1254,3218,1155,3218
1260,3171,1344,3171,1344,3218,1260,3218
1344,3171,1454,3171,1454,3218,1344,3218
1454,3171,1517,3171,1517,3218,1454,3218
1606,3171,1685,3171,1685,3218,1606,3218
1690,3176,1769,3176,1769,3218,1690,3218
1034,3181,1107,3181,1107,3223,1034,3223
1113,3181,1149,3181,1149,3223,1113,3223
1769,3176,1874,3176,1874,3270,1769,3270
1706,3218,1806,3218,1806,3270,1706,3270
1144,3223,1228,3223,1228,3276,1144,3276
1233,3223,1354,3223,1354,3270,1233,3270
1355,3234,1417,3226,1422,3265,1360,3273
1412,3223,1501,3223,1501,3276,1412,3276
1506,3223,1580,3223,1580,3265,1506,3265
1580,3223,1638,3223,1638,3270,1580,3270
1638,3223,1706,3223,1706,3265,1638,3265
1034,3228,1144,3228,1144,3276,1034,3276
1134,3265,1186,3265,1186,3318,1134,3318
1527,3265,1596,3265,1596,3312,1527,3312
1795,3265,1874,3265,1874,3312,1795,3312
1354,3270,1470,3270,1470,3318,1354,3318
1596,3270,1638,3270,1638,3312,1596,3312
1643,3270,1716,3270,1716,3318,1643,3318
1023,3276,1134,3276,1134,3323,1023,3323
1265,3276,1349,3276,1349,3323,1265,3323
1480,3281,1527,3281,1527,3318,1480,3318
1727,3281,1795,3281,1795,3318,1727,3318
1191,3281,1254,3281,1254,3323,1191,3323
1244,3328,1323,3328,1323,3365,1244,3365
1328,3323,1412,3323,1412,3365,1328,3365
1422,3328,1459,3328,1459,3370,1422,3370
1475,3326,1572,3333,1569,3373,1472,3365
1580,3328,1659,3328,1659,3365,1580,3365
1165,3370,1380,3370,1380,3417,1165,3417
1386,3375,1648,3375,1648,3412,1386,3412
1643,3381,1737,3381,1737,3412,1643,3412
1811,3459,1890,3459,1890,3507,1811,3507
1522,3465,1596,3465,1596,3512,1522,3512
1596,3465,1711,3465,1711,3512,1596,3512
1716,3465,1811,3465,1811,3512,1716,3512
1013,3470,1097,3470,1097,3517,1013,3517
1102,3470,1218,3470,1218,3512,1102,3512
1287,3466,1373,3475,1369,3520,1282,3511
1380,3475,1459,3475,1459,3512,1380,3512
1464,3470,1527,3470,1527,3512,1464,3512
1228,3480,1281,3480,1281,3512,1228,3512
1422,3512,1496,3512,1496,3564,1422,3564
1548,3512,1627,3512,1627,3559,1548,3559
1732,3512,1832,3512,1832,3559,1732,3559
1055,3517,1113,3517,1113,3564,1055,3564
1113,3513,1216,3521,1212,3571,1109,3564
1218,3517,1323,3517,1323,3564,1218,3564
1328,3522,1422,3522,1422,3559,1328,3559
1491,3517,1543,3517,1543,3559,1491,3559
1632,3517,1732,3517,1732,3564,1632,3564
1123,3564,1191,3564,1191,3612,1123,3612
1191,3564,1281,3564,1281,3612,1191,3612
1344,3564,1417,3564,1417,3612,1344,3612
1422,3564,1538,3564,1538,3606,1422,3606
1554,3564,1638,3564,1638,3612,1554,3612
1638,3564,1716,3564,1716,3617,1638,3617
1722,3564,1785,3564,1785,3612,1722,3612
1286,3575,1344,3575,1344,3612,1286,3612
1401,3669,1485,3669,1485,3722,1401,3722
1491,3669,1611,3669,1611,3717,1491,3717
1617,3669,1669,3669,1669,3717,1617,3717
1669,3667,1782,3675,1779,3720,1666,3712
1128,3675,1218,3675,1218,3722,1128,3722
1219,3669,1322,3680,1316,3730,1214,3718
1323,3675,1396,3675,1396,3722,1323,3722
1569,3717,1653,3717,1653,3764,1569,3764
1659,3717,1758,3717,1758,3769,1659,3769
1764,3717,1837,3717,1837,3764,1764,3764
1149,3722,1249,3722,1249,3774,1149,3774
1407,3727,1485,3727,1485,3769,1407,3769
1071,3727,1144,3727,1144,3774,1071,3774
1302,3727,1401,3727,1401,3774,1302,3774
1485,3727,1564,3727,1564,3769,1485,3769
1249,3732,1296,3732,1296,3774,1249,3774
1244,3769,1296,3769,1296,3822,1244,3822
1491,3769,1732,3769,1732,3816,1491,3816
1302,3774,1386,3774,1386,3827,1302,3827
1391,3774,1475,3774,1475,3822,1391,3822
1165,3780,1244,3780,1244,3827,1165,3827
1506,3843,1695,3843,1695,3895,1506,3895
1370,3848,1449,3848,1449,3895,1370,3895
1443,3848,1501,3848,1501,3900,1443,3900
1212,3853,1281,3853,1281,3900,1212,3900
1281,3853,1365,3853,1365,3906,1281,3906
1727,3895,1827,3895,1827,3937,1727,3937
1569,3895,1643,3895,1643,3942,1569,3942
1643,3895,1722,3895,1722,3942,1643,3942
1076,3900,1155,3900,1155,3953,1076,3953
1160,3900,1239,3900,1239,3953,1160,3953
1244,3900,1365,3900,1365,3948,1244,3948
1365,3900,1485,3900,1485,3948,1365,3948
1485,3900,1564,3900,1564,3948,1485,3948
