823,100,866,100,866,153,823,153
873,100,933,100,933,156,873,156
940,106,1000,106,1000,156,940,156
1003,106,1080,106,1080,163,1003,163
1086,116,1160,116,1160,166,1086,166
876,170,933,170,933,223,876,223
936,170,1016,170,1016,226,936,226
1020,173,1116,173,1116,233,1020,233
743,230,786,230,786,283,743,283
790,226,853,226,853,286,790,286
860,230,920,230,920,290,860,290
920,233,1020,233,1020,293,920,293
1023,240,1083,240,1083,296,1023,296
1090,246,1130,246,1130,300,1090,300
1133,246,1193,246,1193,303,1133,303
1196,250,1256,250,1256,306,1196,306
776,296,836,296,836,353,776,353
840,300,903,300,903,360,840,360
906,303,986,303,986,363,906,363
993,306,1050,306,1050,363,993,363
1053,310,1146,310,1146,370,1053,370
1150,313,1210,313,1210,373,1150,373
831,506,972,501,974,557,833,562
1026,510,1180,510,1180,570,1026,570
980,513,1020,513,1020,553,980,553
1280,713,1323,713,1323,766,1280,766
1156,716,1210,716,1210,766,1156,766
1216,716,1276,716,1276,763,1216,763
1326,716,1383,716,1383,766,1326,766
1043,806,1306,806,1306,863,1043,863
1343,810,1380,810,1380,856,1343,856
1078,876,1309,870,1311,923,1080,929
1316,873,1386,873,1386,920,1316,920
1253,936,1310,936,1310,986,1253,986
1320,936,1390,936,1390,983,1320,983
1096,940,1170,940,1170,990,1096,990
1176,940,1246,940,1246,990,1176,990
1256,993,1383,993,1383,1056,1256,1056
1100,996,1233,996,1233,1060,1100,1060
620,1010,723,1010,723,1063,620,1063
750,1010,916,1010,916,1063,750,1063
1243,1123,1346,1123,1346,1176,1243,1176
1353,1123,1396,1123,1396,1170,1353,1170
1038,1131,1249,1124,1251,1176,1040,1183
786,1136,843,1136,843,1190,786,1190
850,1136,940,1136,940,1186,850,1186
946,1136,986,1136,986,1186,946,1186
616,1136,726,1136,726,1193,616,1193
1313,1183,1400,1183,1400,1233,1313,1233
1058,1193,1226,1187,1228,1239,1060,1245
916,1196,990,1196,990,1253,916,1253
623,1206,763,1206,763,1260,623,1260
1363,1246,1403,1246,1403,1296,1363,1296
1303,1250,1356,1250,1356,1300,1303,1300
1046,1256,1153,1256,1153,1306,1046,1306
920,1266,940,1266,940,1310,920,1310
950,1263,993,1263,993,1310,950,1310
853,1266,913,1266,913,1316,853,1316
623,1270,733,1270,733,1323,623,1323
1048,1319,1209,1313,1211,1365,1050,1371
886,1320,1020,1320,1020,1380,886,1380
1310,1376,1326,1376,1326,1420,1310,1420
1336,1373,1410,1373,1410,1423,1336,1423
1240,1376,1303,1376,1303,1426,1240,1426
626,1406,716,1406,716,1440,626,1440
1228,1440,1336,1435,1338,1487,1230,1492
1343,1436,1413,1436,1413,1486,1343,1486
1133,1443,1220,1443,1220,1493,1133,1493
1036,1446,1126,1446,1126,1496,1036,1496
1363,1500,1416,1500,1416,1550,1363,1550
1266,1503,1340,1503,1340,1553,1266,1553
831,1531,996,1522,998,1555,833,1564
630,1533,756,1533,756,1586,630,1586
753,1533,836,1533,836,1566,753,1566
1336,1630,1430,1630,1430,1680,1336,1680
1273,1633,1333,1633,1333,1683,1273,1683
1130,1636,1203,1636,1203,1690,1130,1690
1206,1633,1270,1633,1270,1686,1206,1686
633,1660,776,1660,776,1720,633,1720
1296,1693,1433,1693,1433,1746,1296,1746
1233,1700,1286,1700,1286,1750,1233,1750
631,1731,896,1718,899,1778,634,1791
1298,1762,1436,1754,1439,1808,1301,1816
1236,1766,1290,1766,1290,1816,1236,1816
634,1798,779,1792,782,1852,637,1858
926,1853,1000,1853,1000,1906,926,1906
838,1860,919,1855,922,1909,841,1914
1013,1860,1030,1860,1030,1896,1013,1896
743,1863,833,1863,833,1920,743,1920
713,1870,733,1870,733,1916,713,1916
640,1866,706,1866,706,1923,640,1923
1386,1880,1450,1880,1450,1940,1386,1940
1326,1893,1386,1893,1386,1946,1326,1946
1256,1893,1320,1893,1320,1953,1256,1953
1210,1906,1253,1906,1253,1956,1210,1956
860,1923,990,1923,990,1976,860,1976
813,1930,866,1930,866,1980,813,1980
644,1937,736,1931,739,1983,647,1989
746,1933,806,1933,806,1980,746,1980
1396,1956,1453,1956,1453,2010,1396,2010
1326,1956,1390,1956,1390,2013,1326,2013
1270,1966,1323,1966,1323,2020,1270,2020
651,2001,793,1995,795,2046,653,2052
1024,2142,1225,2134,1228,2212,1027,2220
