830,416,863,416,863,456,830,456
873,420,926,420,926,463,873,463
930,420,983,420,983,466,930,466
986,423,1056,423,1056,470,986,470
1057,425,1129,430,1125,478,1053,472
870,476,923,476,923,523,870,523
927,475,999,479,996,527,924,522
1000,480,1083,480,1083,530,1000,530
753,526,790,526,790,570,753,570
796,530,850,530,850,576,796,576
856,530,910,530,910,576,856,576
910,533,996,533,996,583,910,583
1000,540,1053,540,1053,586,1000,586
1056,543,1093,543,1093,586,1056,586
1100,546,1153,546,1153,590,1100,590
1156,550,1210,550,1210,596,1156,596
783,586,836,586,836,633,783,633
836,590,893,590,893,640,836,640
896,593,963,593,963,643,896,643
970,596,1023,596,1023,643,970,643
1026,600,1106,600,1106,650,1026,650
1110,603,1163,603,1163,653,1110,653
876,763,946,763,946,810,876,810
823,766,886,766,886,813,823,813
950,773,983,773,983,806,950,806
993,773,1130,773,1130,826,993,826
1096,953,1146,953,1146,1000,1096,1000
1150,953,1206,953,1206,1000,1150,1000
1206,966,1243,966,1243,1000,1206,1000
1253,983,1296,983,1296,1003,1253,1003
620,990,710,990,710,1036,620,1036
736,995,884,999,883,1047,735,1043
1043,1006,1160,1006,1160,1060,1043,1060
1183,1008,1297,1013,1295,1068,1181,1064
616,1103,713,1103,713,1153,616,1153
746,1110,810,1110,810,1156,746,1156
813,1113,896,1113,896,1160,813,1160
900,1116,933,1116,933,1160,900,1160
983,1114,1167,1118,1166,1167,982,1163
1160,1120,1256,1120,1256,1166,1160,1166
1260,1123,1300,1123,1300,1166,1260,1166
616,1163,740,1163,740,1210,616,1210
870,1170,936,1170,936,1220,870,1220
996,1173,1143,1173,1143,1220,996,1220
1220,1180,1296,1180,1296,1226,1220,1226
973,1216,1073,1216,1073,1276,973,1276
613,1220,710,1220,710,1266,613,1266
810,1226,866,1226,866,1273,810,1273
870,1230,890,1230,890,1266,870,1266
896,1230,933,1230,933,1270,896,1270
1206,1236,1256,1236,1256,1283,1206,1283
1260,1236,1293,1236,1293,1276,1260,1276
843,1280,956,1280,956,1333,843,1333
983,1286,1123,1286,1123,1330,983,1330
613,1336,686,1336,686,1366,613,1366
1136,1343,1203,1343,1203,1390,1136,1390
1206,1346,1223,1346,1223,1386,1206,1386
1233,1343,1300,1343,1300,1390,1233,1390
963,1396,1026,1396,1026,1440,963,1440
1063,1400,1113,1400,1113,1443,1063,1443
1120,1400,1213,1400,1213,1446,1120,1446
1236,1403,1300,1403,1300,1450,1236,1450
1036,1410,1050,1410,1050,1436,1036,1436
606,1446,720,1446,720,1496,606,1496
720,1456,856,1456,856,1483,720,1483
863,1460,926,1460,926,1483,863,1483
1160,1456,1230,1456,1230,1503,1160,1503
1246,1463,1300,1463,1300,1506,1246,1506
600,1560,723,1560,723,1610,600,1610
1020,1570,1100,1570,1100,1616,1020,1616
1103,1570,1156,1570,1156,1616,1103,1616
1160,1573,1213,1573,1213,1620,1160,1620
1216,1573,1300,1573,1300,1620,1216,1620
600,1620,823,1620,823,1670,600,1670
1176,1625,1302,1631,1299,1682,1174,1676
1120,1630,1166,1630,1166,1676,1120,1676
596,1676,720,1676,720,1726,596,1726
1120,1690,1166,1690,1166,1733,1120,1733
1176,1690,1296,1690,1296,1736,1176,1736
593,1734,679,1739,676,1787,590,1783
680,1736,763,1736,763,1786,680,1786
840,1740,906,1740,906,1786,840,1786
766,1743,836,1743,836,1786,766,1786
913,1750,933,1750,933,1783,913,1783
593,1796,673,1796,673,1840,593,1840
680,1796,733,1796,733,1843,680,1843
736,1796,786,1796,786,1843,736,1843
780,1796,893,1796,893,1846,780,1846
1083,1800,1120,1800,1120,1843,1083,1843
1130,1800,1183,1800,1183,1846,1130,1846
1243,1800,1296,1800,1296,1846,1243,1846
1186,1803,1240,1803,1240,1846,1186,1846
590,1853,716,1853,716,1900,590,1900
1183,1853,1236,1853,1236,1900,1183,1900
1240,1856,1290,1856,1290,1900,1240,1900
1140,1860,1180,1860,1180,1900,1140,1900
906,1993,1080,1993,1080,2056,906,2056
