840,273,876,273,876,316,840,316
886,273,940,273,940,320,886,320
946,273,1000,273,1000,323,946,323
1006,276,1076,276,1076,323,1006,323
1080,280,1150,280,1150,326,1080,326
883,333,936,333,936,386,883,386
943,333,1016,333,1016,390,943,390
1020,340,1106,340,1106,390,1020,390
763,396,800,396,800,443,763,443
806,396,863,396,863,446,806,446
866,393,923,393,923,446,866,446
926,400,1016,400,1016,450,926,450
1020,406,1076,406,1076,453,1020,453
1080,406,1120,406,1120,456,1080,456
1123,406,1180,406,1180,460,1123,460
1180,410,1236,410,1236,460,1180,460
793,460,850,460,850,510,793,510
850,460,910,460,910,516,850,516
913,463,983,463,983,516,913,516
990,466,1043,466,1043,516,990,516
1046,470,1133,470,1133,520,1046,520
1133,466,1190,466,1190,523,1133,523
840,646,966,646,966,696,840,696
1065,658,1121,642,1131,677,1076,694
970,653,1006,653,1006,686,970,686
1016,652,1079,656,1076,694,1013,689
1130,833,1180,833,1180,880,1130,880
1186,833,1240,833,1240,880,1186,880
1246,833,1286,833,1286,880,1246,880
1286,833,1343,833,1343,883,1286,883
1043,950,1096,950,1096,996,1043,996
1100,950,1136,950,1136,1000,1100,1000
1143,950,1210,950,1210,1003,1143,1003
1213,950,1283,950,1283,1000,1213,1000
1290,950,1343,950,1343,1000,1290,1000
1273,1033,1343,1033,1343,1083,1273,1083
1000,1036,1066,1036,1066,1083,1000,1083
1060,1036,1240,1036,1240,1083,1060,1083
1060,1093,1270,1093,1270,1143,1060,1143
1276,1093,1343,1093,1343,1140,1276,1140
1100,1150,1183,1150,1183,1196,1100,1196
1186,1150,1270,1150,1270,1196,1186,1196
1276,1150,1340,1150,1340,1196,1276,1196
643,1205,741,1210,738,1258,641,1253
760,1206,940,1206,940,1256,760,1256
1076,1206,1196,1206,1196,1260,1076,1260
1220,1206,1336,1206,1336,1263,1220,1263
637,1326,739,1321,741,1369,640,1375
930,1323,963,1323,963,1370,930,1370
1016,1323,1210,1323,1210,1370,1016,1370
1200,1323,1296,1323,1296,1370,1200,1370
1300,1323,1336,1323,1336,1366,1300,1366
786,1326,840,1326,840,1370,786,1370
843,1326,926,1326,926,1373,843,1373
903,1380,970,1380,970,1433,903,1433
1030,1380,1183,1380,1183,1426,1030,1426
1273,1380,1343,1380,1343,1430,1273,1430
640,1383,766,1383,766,1430,640,1430
1016,1436,1113,1436,1113,1483,1016,1483
1250,1436,1300,1436,1300,1486,1250,1486
1303,1436,1340,1436,1340,1486,1303,1486
640,1440,740,1440,740,1490,640,1490
843,1440,900,1440,900,1486,843,1486
930,1440,970,1440,970,1486,930,1486
903,1446,923,1446,923,1480,903,1480
876,1496,993,1496,993,1550,876,1550
1023,1496,1166,1496,1166,1543,1023,1543
1186,1553,1243,1553,1243,1596,1186,1596
1250,1556,1266,1556,1266,1593,1250,1593
1276,1553,1343,1553,1343,1600,1276,1600
638,1565,719,1560,721,1593,640,1597
960,1610,1043,1610,1043,1660,960,1660
1046,1610,1116,1610,1116,1656,1046,1656
1176,1610,1273,1610,1273,1656,1176,1656
1280,1610,1340,1610,1340,1656,1280,1656
1120,1613,1170,1613,1170,1656,1120,1656
1193,1663,1276,1663,1276,1713,1193,1713
1280,1666,1343,1666,1343,1713,1280,1713
640,1676,826,1676,826,1726,640,1726
826,1680,966,1680,966,1706,826,1706
1076,1780,1146,1780,1146,1830,1076,1830
1263,1780,1343,1780,1343,1826,1263,1826
1150,1783,1203,1783,1203,1830,1150,1830
1206,1783,1260,1783,1260,1826,1206,1826
638,1793,766,1789,767,1840,640,1844
1223,1836,1346,1836,1346,1883,1223,1883
1170,1840,1213,1840,1213,1880,1170,1880
635,1853,869,1846,871,1898,637,1906
1221,1894,1339,1888,1342,1935,1224,1941
1166,1896,1210,1896,1210,1936,1166,1936
636,1913,766,1913,766,1963,636,1963
890,1963,960,1963,960,2010,890,2010
966,1966,983,1966,983,2003,966,2003
816,1966,886,1966,886,2013,816,2013
726,1970,810,1970,810,2020,726,2020
636,1973,703,1973,703,2020,636,2020
700,1976,720,1976,720,2016,700,2016
1290,2000,1343,2000,1343,2046,1290,2046
1233,2003,1286,2003,1286,2050,1233,2050
1176,2006,1230,2006,1230,2053,1176,2053
1133,2010,1170,2010,1170,2053,1133,2053
830,2023,943,2023,943,2070,830,2070
786,2026,830,2026,830,2073,786,2073
726,2030,783,2030,783,2076,726,2076
636,2033,720,2033,720,2080,636,2080
1286,2056,1340,2056,1340,2103,1286,2103
1233,2060,1283,2060,1283,2103,1233,2103
1180,2063,1230,2063,1230,2106,1180,2106
638,2090,766,2084,768,2132,640,2139
958,2223,1132,2210,1137,2278,964,2292
