786,593,963,593,963,653,786,653
573,723,626,723,626,770,573,770
630,730,683,730,683,773,630,773
686,730,743,730,743,776,686,776
1143,756,1266,756,1266,796,1143,796
570,776,623,776,623,823,570,823
626,780,680,780,680,823,626,823
686,783,740,783,740,830,686,830
743,783,786,783,786,830,743,830
976,799,1098,803,1096,849,975,844
1090,806,1130,806,1130,846,1090,846
1133,806,1183,806,1183,843,1133,843
1193,806,1273,806,1273,850,1193,850
936,856,956,856,956,890,936,890
963,853,1030,853,1030,896,963,896
1106,853,1190,853,1190,900,1106,900
1033,856,1103,856,1103,896,1033,896
1193,856,1276,856,1276,900,1193,900
566,883,633,883,633,930,566,930
626,890,693,890,693,933,626,933
700,893,750,893,750,936,700,936
1150,906,1276,906,1276,953,1150,953
560,933,693,943,689,989,557,980
700,946,750,946,750,990,700,990
1050,960,1280,960,1280,1006,1050,1006
560,986,643,986,643,1036,560,1036
650,993,706,993,706,1043,650,1043
710,996,766,996,766,1043,710,1043
773,1003,853,1003,853,1050,773,1050
1156,1013,1280,1013,1280,1060,1156,1060
553,1100,623,1100,623,1153,553,1153
630,1110,716,1110,716,1160,630,1160
1170,1123,1286,1123,1286,1170,1170,1170
1103,1136,1173,1136,1173,1160,1103,1160
553,1160,620,1160,620,1210,553,1210
626,1166,730,1166,730,1213,626,1213
736,1170,823,1170,823,1220,736,1220
830,1173,883,1173,883,1220,830,1220
546,1216,620,1216,620,1266,546,1266
626,1226,650,1226,650,1266,626,1266
656,1223,726,1223,726,1270,656,1270
1210,1243,1290,1243,1290,1273,1210,1273
923,1276,1050,1276,1050,1336,923,1336
740,1280,898,1285,896,1334,738,1329
540,1330,580,1330,580,1383,540,1383
586,1330,643,1330,643,1386,586,1386
950,1340,986,1340,986,1390,950,1390
793,1343,896,1343,896,1393,793,1393
1000,1350,1023,1350,1023,1390,1000,1390
1026,1346,1096,1346,1096,1396,1026,1396
1196,1350,1300,1350,1300,1400,1196,1400
533,1390,623,1390,623,1450,533,1450
953,1400,1020,1400,1020,1453,953,1453
716,1403,883,1403,883,1453,716,1453
1170,1410,1303,1410,1303,1460,1170,1460
583,1452,897,1456,896,1517,582,1513
530,1456,573,1456,573,1513,530,1513
950,1460,990,1460,990,1513,950,1513
1000,1460,1086,1460,1086,1516,1000,1516
1093,1470,1163,1470,1163,1516,1093,1516
1203,1473,1306,1473,1306,1523,1203,1523
530,1576,666,1576,666,1646,530,1646
690,1580,833,1580,833,1646,690,1646
1013,1593,1186,1593,1186,1650,1013,1650
1206,1596,1306,1596,1306,1650,1206,1650
1186,1620,1203,1620,1203,1646,1186,1646
523,1660,596,1660,596,1713,523,1713
603,1656,700,1656,700,1713,603,1713
706,1660,796,1660,796,1713,706,1713
520,1726,593,1726,593,1780,520,1780
600,1723,846,1723,846,1780,600,1780
516,1786,596,1786,596,1846,516,1846
633,1790,906,1790,906,1846,633,1846
513,1880,576,1880,576,1943,513,1943
580,1880,660,1880,660,1943,580,1943
663,1880,743,1880,743,1943,663,1943
750,1886,793,1886,793,1940,750,1940
800,1890,860,1890,860,1943,800,1943
626,2006,693,2006,693,2066,626,2066
700,2010,756,2010,756,2070,700,2070
513,2010,580,2010,580,2066,513,2066
583,2013,626,2013,626,2066,583,2066
732,2189,825,2204,817,2254,724,2239
813,2196,883,2196,883,2236,813,2236
1006,2196,1076,2196,1076,2243,1006,2243
940,2203,1010,2203,1010,2243,940,2243
893,2206,930,2206,930,2236,893,2236
703,2333,756,2333,756,2370,703,2370
763,2336,850,2336,850,2370,763,2370
920,2336,990,2336,990,2373,920,2373
996,2336,1053,2336,1053,2380,996,2380
856,2340,910,2340,910,2373,856,2373
1056,2343,1110,2343,1110,2376,1056,2376
656,2373,710,2373,710,2406,656,2406
780,2373,816,2373,816,2410,780,2410
720,2376,773,2376,773,2406,720,2406
826,2376,876,2376,876,2410,826,2410
886,2376,973,2376,973,2410,886,2410
976,2380,1030,2380,1030,2410,976,2410
1040,2378,1095,2383,1092,2415,1037,2409
1100,2380,1140,2380,1140,2413,1100,2413
796,2410,880,2410,880,2443,796,2443
883,2413,953,2413,953,2443,883,2443
963,2413,1013,2413,1013,2443,963,2443
753,2446,820,2446,820,2476,753,2476
826,2450,893,2450,893,2480,826,2480
900,2450,953,2450,953,2480,900,2480
960,2450,1010,2450,1010,2480,960,2480
1016,2450,1056,2450,1056,2483,1016,2483
