896,153,940,153,940,203,896,203
946,153,1010,153,1010,206,946,206
1016,160,1076,160,1076,210,1016,210
1084,161,1165,167,1162,219,1080,214
1166,170,1243,170,1243,223,1166,223
943,223,1003,223,1003,276,943,276
1010,223,1093,223,1093,283,1010,283
1095,224,1197,233,1192,292,1089,283
806,283,850,283,850,336,806,336
853,283,920,283,920,340,853,340
923,286,986,286,986,343,923,343
990,290,1090,290,1090,353,990,353
1093,300,1156,300,1156,356,1093,356
1163,306,1206,306,1206,360,1163,360
1210,306,1273,306,1273,363,1210,363
1276,313,1340,313,1340,370,1276,370
833,350,900,350,900,406,833,406
900,356,966,356,966,413,900,413
970,360,1050,360,1050,420,970,420
1060,366,1120,366,1120,423,1060,423
1123,370,1220,370,1220,430,1123,430
1223,376,1286,376,1286,436,1223,436
883,563,1026,563,1026,620,883,620
1033,576,1076,576,1076,616,1033,616
1083,576,1243,576,1243,640,1083,640
1206,793,1263,793,1263,843,1206,843
1270,793,1330,793,1330,846,1270,846
1336,796,1380,796,1380,850,1336,850
1380,796,1443,796,1443,853,1380,853
1100,920,1160,920,1160,973,1100,973
1166,923,1210,923,1210,980,1166,980
1210,923,1290,923,1290,983,1210,983
1293,923,1373,923,1373,980,1293,980
1373,926,1436,926,1436,983,1373,983
1050,1013,1321,1024,1319,1079,1048,1068
1353,1023,1433,1023,1433,1080,1353,1080
1113,1086,1350,1086,1350,1140,1113,1140
1356,1093,1430,1093,1430,1143,1356,1143
1160,1150,1250,1150,1250,1203,1160,1203
1256,1153,1350,1153,1350,1206,1256,1206
1356,1160,1430,1160,1430,1206,1356,1206
626,1193,740,1193,740,1250,626,1250
766,1203,936,1203,936,1256,766,1256
1126,1210,1266,1210,1266,1273,1126,1273
1290,1216,1423,1216,1423,1283,1290,1283
623,1330,736,1330,736,1383,623,1383
793,1336,853,1336,853,1386,793,1386
860,1340,953,1340,953,1390,860,1390
960,1343,1003,1343,1003,1390,960,1390
1060,1340,1381,1351,1379,1406,1058,1395
1386,1356,1430,1356,1430,1403,1386,1403
620,1396,676,1396,676,1450,620,1450
673,1400,766,1400,766,1450,673,1450
926,1403,1003,1403,1003,1460,926,1460
1076,1409,1251,1413,1249,1467,1075,1463
1353,1420,1433,1420,1433,1473,1353,1473
613,1460,730,1460,730,1516,613,1516
853,1466,916,1466,916,1523,853,1523
926,1476,946,1476,946,1520,926,1520
956,1473,1000,1473,1000,1523,956,1523
1056,1476,1166,1476,1166,1526,1056,1526
1326,1483,1383,1483,1383,1536,1326,1536
1390,1486,1433,1486,1433,1536,1390,1536
890,1536,1026,1536,1026,1600,890,1600
1056,1540,1226,1540,1226,1596,1056,1596
608,1608,702,1604,704,1639,610,1644
1250,1613,1320,1613,1320,1670,1250,1670
1326,1623,1346,1623,1346,1666,1326,1666
1353,1616,1433,1616,1433,1673,1353,1673
1203,1680,1266,1680,1266,1736,1203,1736
1270,1683,1350,1683,1350,1740,1270,1740
1360,1690,1433,1690,1433,1743,1360,1743
603,1743,820,1743,820,1796,603,1796
1256,1746,1353,1746,1353,1806,1256,1806
816,1753,906,1753,906,1783,816,1783
1373,1760,1433,1760,1433,1810,1373,1810
596,1880,746,1880,746,1936,596,1936
1113,1886,1196,1886,1196,1943,1113,1943
1200,1890,1266,1890,1266,1946,1200,1946
1266,1890,1333,1890,1333,1946,1266,1946
1333,1888,1435,1893,1432,1951,1331,1946
593,1946,870,1951,869,2010,592,2005
1223,1963,1276,1963,1276,2013,1223,2013
1286,1960,1436,1960,1436,2016,1286,2016
593,2016,743,2016,743,2073,593,2073
1223,2033,1276,2033,1276,2083,1223,2083
1286,2033,1430,2033,1430,2083,1286,2083
593,2086,690,2086,690,2140,593,2140
696,2090,793,2090,793,2143,696,2143
800,2093,883,2093,883,2143,800,2143
886,2096,966,2096,966,2146,886,2146
976,2103,996,2103,996,2143,976,2143
590,2153,686,2153,686,2203,590,2203
696,2156,756,2156,756,2206,696,2206
763,2156,823,2156,823,2210,763,2210
816,2160,950,2160,950,2210,816,2210
1230,2163,1293,2163,1293,2216,1230,2216
1363,2163,1426,2163,1426,2216,1363,2216
1176,2166,1223,2166,1223,2213,1176,2213
1300,2166,1360,2166,1360,2216,1300,2216
593,2223,740,2223,740,2270,593,2270
1293,2223,1353,2223,1353,2276,1293,2276
1230,2230,1286,2230,1286,2276,1230,2276
1360,2230,1420,2230,1420,2280,1360,2280
963,2370,1163,2370,1163,2426,963,2426
