1146,163,1183,163,1183,210,1146,210
1190,166,1246,166,1246,220,1190,220
1246,173,1303,173,1303,223,1246,223
1303,183,1373,183,1373,233,1303,233
1376,190,1443,190,1443,243,1376,243
1190,230,1240,230,1240,276,1190,276
1246,236,1316,236,1316,286,1246,286
1316,240,1396,240,1396,296,1316,296
1070,276,1106,276,1106,323,1070,323
1113,280,1170,280,1170,330,1113,330
1173,283,1226,283,1226,336,1173,336
1230,287,1318,297,1312,350,1225,340
1316,303,1366,303,1366,353,1316,353
1370,310,1410,310,1410,360,1370,360
1413,316,1466,316,1466,363,1413,363
1470,320,1526,320,1526,366,1470,366
1096,340,1150,340,1150,390,1096,390
1153,343,1210,343,1210,396,1153,396
1213,353,1280,353,1280,406,1213,406
1286,360,1336,360,1336,410,1286,410
1340,370,1423,370,1423,420,1340,420
1423,376,1476,376,1476,426,1423,426
1133,526,1260,526,1260,576,1133,576
1263,540,1296,540,1296,573,1263,573
1303,542,1442,548,1439,601,1301,595
1406,733,1456,733,1456,780,1406,780
1463,736,1520,736,1520,783,1463,783
1520,736,1563,736,1563,790,1520,790
1563,740,1620,740,1620,790,1563,790
1316,846,1370,846,1370,893,1316,893
1370,846,1406,846,1406,896,1370,896
1413,850,1480,850,1480,903,1413,903
1483,853,1553,853,1553,903,1483,903
1556,856,1610,856,1610,903,1556,903
1270,929,1508,940,1505,990,1267,979
1536,940,1606,940,1606,990,1536,990
1323,993,1533,993,1533,1043,1323,1043
1536,1000,1603,1000,1603,1046,1536,1046
1360,1050,1440,1050,1440,1100,1360,1100
1443,1053,1526,1053,1526,1100,1443,1100
1533,1060,1600,1060,1600,1103,1533,1103
906,1090,1000,1090,1000,1140,906,1140
1023,1096,1170,1096,1170,1146,1023,1146
1330,1106,1450,1106,1450,1160,1330,1160
1473,1113,1590,1113,1590,1170,1473,1170
900,1210,996,1210,996,1260,900,1260
1030,1216,1096,1216,1096,1260,1030,1260
1100,1216,1180,1216,1180,1263,1100,1263
1183,1220,1216,1220,1216,1266,1183,1266
1266,1218,1457,1223,1456,1272,1265,1266
1446,1226,1543,1226,1543,1273,1446,1273
1550,1230,1586,1230,1586,1273,1550,1273
900,1270,1023,1270,1023,1316,900,1316
1156,1273,1220,1273,1220,1323,1156,1323
1280,1275,1430,1279,1429,1327,1278,1323
1506,1286,1586,1286,1586,1330,1506,1330
896,1326,993,1326,993,1373,896,1373
1083,1330,1150,1330,1150,1376,1083,1376
1153,1333,1173,1333,1173,1373,1153,1373
1180,1333,1213,1333,1213,1376,1180,1376
1263,1333,1356,1333,1356,1380,1263,1380
1490,1340,1540,1340,1540,1386,1490,1386
1543,1343,1583,1343,1583,1386,1543,1386
1126,1386,1236,1386,1236,1440,1126,1440
1263,1390,1403,1390,1403,1436,1263,1436
891,1448,969,1444,971,1476,893,1481
1413,1450,1480,1450,1480,1493,1413,1493
1480,1453,1500,1453,1500,1493,1480,1493
1510,1453,1576,1453,1576,1500,1510,1500
1296,1503,1360,1503,1360,1546,1296,1546
1363,1503,1403,1503,1403,1550,1363,1550
1406,1503,1456,1503,1456,1550,1406,1550
1463,1506,1503,1506,1503,1550,1463,1550
1506,1510,1573,1510,1573,1556,1506,1556
888,1560,1202,1548,1204,1594,890,1606
1416,1556,1500,1556,1500,1606,1416,1606
1506,1566,1566,1566,1566,1610,1506,1610
1300,1666,1366,1666,1366,1710,1300,1710
1370,1670,1423,1670,1423,1713,1370,1713
886,1673,1010,1673,1010,1723,886,1723
1426,1673,1476,1673,1476,1716,1426,1716
1480,1673,1563,1673,1563,1723,1480,1723
1437,1722,1564,1728,1562,1778,1434,1772
882,1731,1103,1726,1104,1776,883,1781
1383,1726,1430,1726,1430,1770,1383,1770
1380,1780,1426,1780,1426,1820,1380,1820
1436,1783,1556,1783,1556,1830,1436,1830
881,1790,1006,1785,1007,1835,883,1839
1116,1836,1180,1836,1180,1883,1116,1883
1186,1840,1200,1840,1200,1873,1186,1873
1046,1840,1113,1840,1113,1886,1046,1886
966,1843,1043,1843,1043,1893,966,1893
880,1850,946,1850,946,1896,880,1896
940,1853,960,1853,960,1893,940,1893
1343,1890,1380,1890,1380,1930,1343,1930
1386,1890,1440,1890,1440,1933,1386,1933
1020,1893,1166,1893,1166,1943,1020,1943
1443,1893,1496,1893,1496,1936,1443,1936
1500,1893,1553,1893,1553,1940,1500,1940
966,1903,1016,1903,1016,1950,966,1950
880,1906,960,1906,960,1956,880,1956
1386,1943,1436,1943,1436,1990,1386,1990
1440,1943,1493,1943,1493,1990,1440,1990
1496,1950,1550,1950,1550,1996,1496,1996
875,1964,1002,1958,1004,2007,877,2013
1170,2083,1335,2073,1339,2142,1174,2151
