853,120,893,120,893,163,853,163
903,120,956,120,956,170,903,170
963,123,1020,123,1020,173,963,173
1023,126,1096,126,1096,176,1023,176
1100,130,1150,130,1150,180,1100,180
900,183,953,183,953,233,900,233
963,183,1036,183,1036,236,963,236
1040,186,1126,186,1126,240,1040,240
776,240,816,240,816,286,776,286
820,240,880,240,880,290,820,290
886,243,940,243,940,293,886,293
943,246,1033,246,1033,300,943,300
1040,253,1093,253,1093,303,1040,303
1100,256,1140,256,1140,303,1100,303
1146,260,1200,260,1200,306,1146,306
1206,260,1263,260,1263,310,1206,310
806,303,863,303,863,353,806,353
866,306,926,306,926,360,866,360
930,310,1003,310,1003,360,930,360
1010,313,1063,313,1063,363,1010,363
1070,316,1156,316,1156,370,1070,370
1156,316,1216,316,1216,373,1156,373
851,493,985,487,988,540,853,546
1100,496,1183,496,1183,556,1100,556
990,500,1030,500,1030,536,990,536
1037,498,1109,503,1106,551,1033,545
1160,693,1210,693,1210,740,1160,740
1216,693,1273,693,1273,743,1216,743
1276,693,1316,693,1316,743,1276,743
1320,693,1376,693,1376,746,1320,746
1066,813,1120,813,1120,863,1066,863
1126,813,1160,813,1160,866,1126,866
1170,813,1240,813,1240,870,1170,870
1246,813,1316,813,1316,866,1246,866
1320,816,1376,816,1376,866,1320,866
1020,903,1273,903,1273,953,1020,953
1306,903,1376,903,1376,956,1306,956
1079,963,1303,963,1303,1013,1079,1013
1310,966,1376,966,1376,1013,1310,1013
1126,1023,1210,1023,1210,1073,1126,1073
1216,1026,1303,1026,1303,1073,1216,1073
1310,1026,1376,1026,1376,1073,1310,1073
640,1080,740,1080,740,1130,640,1130
763,1079,924,1083,922,1136,762,1132
1096,1076,1226,1076,1226,1140,1096,1140
1246,1080,1373,1080,1373,1143,1246,1143
640,1203,740,1203,740,1253,640,1253
1036,1203,1240,1203,1240,1253,1036,1253
1230,1203,1333,1203,1333,1253,1230,1253
793,1206,850,1206,850,1253,793,1253
853,1206,940,1206,940,1256,853,1256
946,1206,980,1206,980,1253,946,1253
1340,1206,1380,1206,1380,1253,1340,1253
636,1263,693,1263,693,1313,636,1313
683,1263,773,1263,773,1313,683,1313
916,1263,986,1263,986,1320,916,1320
1053,1263,1213,1263,1213,1313,1053,1313
1296,1266,1380,1266,1380,1316,1296,1316
640,1323,740,1323,740,1373,640,1373
843,1326,910,1326,910,1373,843,1373
916,1330,936,1330,936,1370,916,1370
946,1326,986,1326,986,1373,946,1373
1036,1326,1140,1326,1140,1373,1036,1373
1283,1326,1336,1326,1336,1380,1283,1380
1340,1326,1380,1326,1380,1380,1340,1380
884,1383,1009,1379,1011,1437,887,1442
1040,1386,1193,1386,1193,1433,1040,1433
1220,1446,1280,1446,1280,1496,1220,1496
1286,1450,1303,1450,1303,1493,1286,1493
1313,1446,1383,1446,1383,1496,1313,1496
633,1453,720,1453,720,1483,633,1483
976,1506,1063,1506,1063,1560,976,1560
1070,1506,1140,1506,1140,1556,1070,1556
1146,1510,1200,1510,1200,1556,1146,1556
1206,1510,1310,1510,1310,1556,1206,1556
1316,1510,1383,1510,1383,1563,1316,1563
1226,1555,1319,1570,1311,1623,1218,1608
633,1573,830,1573,830,1623,633,1623
1330,1573,1386,1573,1386,1620,1330,1620
826,1580,983,1580,983,1606,826,1606
1103,1693,1173,1693,1173,1746,1103,1746
633,1696,766,1696,766,1750,633,1750
1180,1696,1236,1696,1236,1746,1180,1746
1243,1696,1296,1696,1296,1746,1243,1746
1303,1696,1390,1696,1390,1746,1303,1746
1260,1756,1390,1756,1390,1806,1260,1806
633,1760,876,1760,876,1813,633,1813
1196,1760,1250,1760,1250,1806,1196,1806
1260,1820,1390,1820,1390,1866,1260,1866
633,1823,766,1823,766,1873,633,1873
1196,1823,1243,1823,1243,1863,1196,1863
633,1883,723,1883,723,1930,633,1930
726,1883,816,1883,816,1933,726,1933
820,1883,893,1883,893,1930,820,1930
900,1883,970,1883,970,1926,900,1926
1330,1933,1386,1933,1386,1980,1330,1980
1160,1936,1203,1936,1203,1983,1160,1983
1210,1936,1263,1936,1263,1983,1210,1983
1270,1936,1326,1936,1326,1980,1270,1980
636,1940,720,1940,720,1983,636,1983
730,1940,786,1940,786,1983,730,1983
790,1940,956,1940,956,1986,790,1986
1266,1990,1323,1990,1323,2033,1266,2033
640,1993,770,1993,770,2036,640,2036
1220,1993,1263,1993,1263,2036,1220,2036
1326,1993,1380,1993,1380,2036,1326,2036
