860,216,1046,216,1046,283,860,283
1243,380,1373,380,1373,426,1243,426
763,393,816,393,816,443,763,443
646,396,700,396,700,446,646,446
703,400,756,400,756,443,703,443
1060,440,1183,440,1183,490,1060,490
1226,440,1283,440,1283,486,1226,486
1290,440,1376,440,1376,486,1290,486
1180,443,1223,443,1223,490,1180,490
703,446,756,446,756,500,703,500
820,446,863,446,863,496,820,496
763,453,816,453,816,500,763,500
643,456,700,456,700,503,643,503
1196,496,1283,496,1283,546,1196,546
1290,496,1376,496,1376,543,1290,543
1120,500,1190,500,1190,546,1120,546
1016,506,1036,506,1036,543,1016,543
1046,503,1116,503,1116,550,1046,550
1243,556,1373,556,1373,606,1243,606
645,572,769,568,770,616,646,621
780,573,826,573,826,616,780,616
1133,616,1373,616,1373,666,1133,666
643,630,770,630,770,676,643,676
776,630,826,630,826,673,776,673
786,680,843,680,843,733,786,733
1243,680,1373,680,1373,730,1243,730
643,683,726,683,726,736,643,736
730,683,783,683,783,733,730,733
850,686,930,686,930,733,850,733
643,800,706,800,706,853,643,853
1316,800,1370,800,1370,850,1316,850
1253,803,1323,803,1323,850,1253,850
713,806,796,806,796,860,713,860
1026,813,1096,813,1096,840,1026,840
1103,813,1173,813,1173,840,1103,840
1180,813,1256,813,1256,840,1180,840
643,860,706,860,706,913,643,913
711,866,796,861,798,909,713,914
863,863,930,863,930,910,863,910
803,866,853,866,853,910,803,910
936,866,970,866,970,906,936,906
640,923,710,923,710,973,640,973
713,926,736,926,736,966,713,966
740,926,810,926,810,970,740,970
1286,936,1353,936,1353,963,1286,963
1000,976,1123,976,1123,1033,1000,1033
822,983,979,979,981,1029,823,1034
640,1033,676,1033,676,1086,640,1086
683,1036,736,1036,736,1090,683,1090
1023,1036,1060,1036,1060,1086,1023,1086
876,1043,973,1043,973,1090,876,1090
1100,1043,1166,1043,1166,1090,1100,1090
1073,1050,1093,1050,1093,1086,1073,1086
1263,1046,1366,1046,1366,1093,1263,1093
640,1096,720,1096,720,1150,640,1150
1023,1096,1090,1096,1090,1150,1023,1150
803,1103,960,1103,960,1150,803,1150
1233,1103,1363,1103,1363,1153,1233,1153
686,1153,973,1153,973,1210,686,1210
1066,1153,1153,1153,1153,1210,1066,1210
640,1156,676,1156,676,1206,640,1206
1023,1160,1060,1160,1060,1206,1023,1206
1156,1163,1223,1163,1223,1210,1156,1210
1260,1163,1360,1163,1360,1213,1260,1213
643,1266,766,1266,766,1326,643,1326
783,1266,913,1266,913,1326,783,1326
1083,1280,1240,1280,1240,1330,1083,1330
1260,1280,1356,1280,1356,1330,1260,1330
1240,1300,1256,1300,1256,1326,1240,1326
640,1336,706,1336,706,1383,640,1383
713,1336,796,1336,796,1383,713,1383
803,1340,886,1340,886,1386,803,1386
713,1393,930,1393,930,1443,713,1443
640,1396,706,1396,706,1443,640,1443
640,1453,710,1453,710,1503,640,1503
743,1453,986,1453,986,1503,743,1503
770,1530,840,1530,840,1590,770,1590
696,1536,766,1536,766,1590,696,1590
846,1536,880,1536,880,1583,846,1583
636,1540,693,1540,693,1590,636,1590
890,1540,943,1540,943,1590,890,1590
736,1646,796,1646,796,1706,736,1706
803,1650,856,1650,856,1706,803,1706
633,1650,693,1650,693,1710,633,1710
696,1653,733,1653,733,1706,696,1706
830,1840,913,1840,913,1896,830,1896
903,1843,973,1843,973,1890,903,1890
1083,1843,1153,1843,1153,1893,1083,1893
1020,1850,1093,1850,1093,1896,1020,1896
980,1853,1016,1853,1016,1890,980,1890
853,2013,943,2013,943,2073,853,2073
796,2020,853,2020,853,2073,796,2073
1006,2020,1080,2020,1080,2076,1006,2076
1080,2016,1140,2016,1140,2076,1080,2076
946,2026,1000,2026,1000,2073,946,2073
1143,2026,1200,2026,1200,2076,1143,2076
750,2080,806,2080,806,2133,750,2133
810,2080,866,2080,866,2136,810,2136
916,2083,973,2083,973,2136,916,2136
1066,2080,1123,2080,1123,2136,1066,2136
870,2086,913,2086,913,2133,870,2133
976,2086,1063,2086,1063,2136,976,2136
1130,2090,1186,2090,1186,2136,1130,2136
1190,2090,1230,2090,1230,2136,1190,2136
886,2143,973,2143,973,2196,886,2196
976,2143,1050,2143,1050,2196,976,2196
1056,2146,1110,2146,1110,2196,1056,2196
843,2200,913,2200,913,2253,843,2253
920,2203,990,2203,990,2250,920,2250
1113,2203,1150,2203,1150,2250,1113,2250
993,2206,1050,2206,1050,2253,993,2253
1053,2206,1106,2206,1106,2250,1053,2250
