1359,236,1480,236,1480,309,1359,309
1134,241,1349,241,1349,330,1134,330
1470,246,1559,246,1559,320,1470,320
1590,336,1732,336,1732,414,1590,414
1344,346,1433,346,1433,425,1344,425
1443,346,1575,346,1575,420,1443,420
1208,357,1338,349,1342,424,1213,432
981,357,1218,357,1218,446,981,446
1139,446,1302,446,1302,530,1139,530
1554,446,1753,446,1753,525,1554,525
1060,451,1134,451,1134,535,1060,535
1359,451,1559,451,1559,525,1359,525
939,467,1050,467,1050,535,939,535
1853,556,1984,556,1984,640,1853,640
1706,561,1842,561,1842,640,1706,640
1501,567,1706,567,1706,640,1501,640
1097,572,1244,572,1244,651,1097,651
1249,572,1302,572,1302,635,1249,635
1318,569,1494,580,1489,658,1313,647
725,583,854,574,859,650,730,658
855,577,945,577,945,651,855,651
960,577,1086,577,1086,645,960,645
1218,661,1317,661,1317,735,1218,735
1312,661,1496,661,1496,729,1312,729
1092,761,1207,761,1207,829,1092,829
1207,761,1433,761,1433,834,1207,834
1422,761,1470,761,1470,824,1422,824
908,766,1034,766,1034,834,908,834
1092,855,1790,855,1790,945,1092,945
829,861,1029,861,1029,924,829,924
1795,866,1874,866,1874,918,1795,918
766,955,1034,955,1034,1029,766,1029
1265,955,1664,955,1664,1039,1265,1039
1651,968,1789,961,1792,1018,1654,1025
1806,971,1874,971,1874,1018,1806,1018
1097,976,1254,976,1254,1023,1097,1023
950,1081,1254,1081,1254,1181,950,1181
1270,1081,1517,1081,1517,1186,1270,1186
1527,1081,1764,1081,1764,1186,1527,1186
1034,1307,1176,1307,1176,1386,1034,1386
719,1312,824,1312,824,1380,719,1380
829,1312,934,1312,934,1396,829,1396
939,1317,1023,1317,1023,1391,939,1391
1186,1317,1307,1317,1307,1391,1186,1391
1317,1317,1443,1317,1443,1386,1317,1386
1454,1317,1648,1317,1648,1391,1454,1391
1837,1323,1989,1323,1989,1407,1837,1407
1659,1322,1836,1334,1831,1409,1654,1397
624,1391,850,1391,850,1496,624,1496
945,1412,1044,1412,1044,1491,945,1491
1674,1412,1837,1412,1837,1491,1674,1491
1480,1417,1690,1417,1690,1485,1480,1485
1869,1417,2063,1417,2063,1491,1869,1491
1590,1512,1690,1512,1690,1606,1590,1606
640,1522,787,1522,787,1596,640,1596
819,1522,1050,1522,1050,1601,819,1601
1113,1527,1485,1527,1485,1606,1113,1606
1701,1527,1853,1527,1853,1606,1701,1606
1874,1527,2052,1527,2052,1606,1874,1606
624,1653,766,1653,766,1732,624,1732
1953,1653,2110,1653,2110,1737,1953,1737
867,1653,1185,1678,1179,1756,861,1731
1464,1664,1596,1664,1596,1737,1464,1737
1701,1664,1932,1664,1932,1737,1701,1737
1291,1669,1449,1669,1449,1737,1291,1737
619,1785,1165,1785,1165,1863,619,1863
1333,1790,1464,1790,1464,1863,1333,1863
1475,1790,1596,1790,1596,1863,1475,1863
1225,1790,1321,1800,1315,1861,1219,1851
1601,1795,1690,1795,1690,1874,1601,1874
803,1890,908,1890,908,1958,803,1958
630,1895,766,1895,766,1963,630,1963
971,1895,1155,1895,1155,1963,971,1963
1798,1900,2109,1888,2112,1965,1801,1977
1302,1900,1412,1900,1412,1974,1302,1974
1396,1900,1533,1900,1533,1968,1396,1968
1527,1900,1611,1900,1611,1963,1527,1963
620,2018,794,2034,786,2119,612,2104
792,2026,924,2026,924,2105,792,2105
1811,2031,2121,2031,2121,2110,1811,2110
617,2104,798,2128,785,2226,604,2203
798,2126,876,2126,876,2205,798,2205
887,2128,1087,2146,1080,2223,880,2205
1089,2123,1255,2139,1248,2219,1081,2203
1937,2131,2121,2131,2121,2199,1937,2199
614,2226,766,2226,766,2304,614,2304
1814,2231,2051,2222,2054,2299,1817,2308
777,2231,971,2231,971,2304,777,2304
981,2231,1071,2231,1071,2304,981,2304
2042,2231,2131,2231,2131,2299,2042,2299
609,2325,756,2325,756,2409,609,2409
1102,2331,1296,2331,1296,2404,1102,2404
1984,2331,2037,2331,2037,2394,1984,2394
2042,2331,2131,2331,2131,2399,2042,2399
871,2336,960,2336,960,2409,871,2409
976,2336,1097,2336,1097,2404,976,2404
766,2341,861,2341,861,2409,766,2409
782,2462,918,2462,918,2551,782,2551
1092,2467,1197,2467,1197,2556,1092,2556
606,2461,784,2484,773,2572,595,2549
916,2480,1083,2463,1092,2549,925,2566
1989,2478,2037,2478,2037,2541,1989,2541
2042,2478,2136,2478,2136,2546,2042,2546
1837,2714,1984,2714,1984,2798,1837,2798
2005,2724,2152,2724,2152,2793,2005,2793
598,2740,761,2740,761,2808,598,2808
771,2740,819,2740,819,2798,771,2798
819,2761,845,2761,845,2803,819,2803
1935,2829,2157,2822,2159,2897,1937,2904
588,2845,635,2845,635,2913,588,2913
651,2845,745,2845,745,2919,651,2919
729,2976,850,2976,850,3066,729,3066
861,2987,1060,2987,1060,3066,861,3066
1076,2987,1233,2987,1233,3066,1076,3066
588,2992,719,2992,719,3066,588,3066
1937,3092,2173,3092,2173,3176,1937,3176
1833,3093,1954,3106,1946,3189,1825,3177
588,3108,766,3108,766,3181,588,3181
782,3108,960,3108,960,3176,782,3176
1433,3517,1632,3517,1632,3596,1433,3596
1632,3517,1727,3517,1727,3585,1632,3585
1013,3522,1218,3522,1218,3601,1013,3601
1223,3522,1386,3522,1386,3601,1223,3601
1391,3528,1428,3528,1428,3591,1391,3591
1228,3633,1354,3633,1354,3675,1228,3675
1359,3627,1401,3627,1401,3675,1359,3675
1412,3633,1443,3633,1443,3675,1412,3675
1863,3711,2010,3711,2010,3816,1863,3816
1748,3727,1848,3727,1848,3816,1748,3816
1477,3737,1736,3727,1740,3825,1481,3834
1296,3743,1470,3743,1470,3848,1296,3848
2026,3748,2194,3748,2194,3816,2026,3816
1002,3753,1165,3753,1165,3843,1002,3843
577,3759,761,3759,761,3848,577,3848
772,3762,990,3772,985,3866,767,3856
1186,3769,1286,3769,1286,3837,1186,3837
1895,3843,2010,3843,2010,3942,1895,3942
1559,3853,1732,3853,1732,3948,1559,3948
1743,3853,1890,3853,1890,3958,1743,3958
1100,3874,1532,3862,1535,3968,1103,3980
763,3868,969,3892,957,3990,752,3966
966,3874,1076,3874,1076,3974,966,3974
