1370,215,1454,215,1454,273,1370,273
1186,220,1365,220,1365,288,1186,288
1459,225,1533,225,1533,283,1459,283
1554,299,1664,299,1664,362,1554,362
1060,304,1149,304,1149,362,1060,362
1146,315,1348,299,1353,361,1151,377
1354,304,1428,304,1428,362,1354,362
1438,304,1543,304,1543,357,1438,357
1186,378,1323,378,1323,446,1186,446
1365,383,1522,383,1522,446,1365,446
1522,383,1680,383,1680,446,1522,446
1029,388,1113,388,1113,446,1029,446
1123,388,1181,388,1181,446,1123,446
845,467,950,467,950,530,845,530
955,472,1029,472,1029,535,955,535
1039,477,1139,477,1139,535,1039,535
1155,477,1270,477,1270,546,1155,546
1275,477,1323,477,1323,535,1275,535
1475,477,1638,477,1638,535,1475,535
1648,477,1753,477,1753,540,1648,540
1764,477,1863,477,1863,540,1764,540
1333,480,1468,488,1464,547,1330,539
1249,551,1470,551,1470,609,1249,609
992,630,1097,630,1097,682,992,682
1144,630,1239,630,1239,682,1144,682
1270,630,1449,630,1449,682,1270,682
1244,640,1270,640,1270,682,1244,682
929,703,1092,703,1092,761,929,761
1139,708,1711,708,1711,777,1139,777
1711,724,1774,724,1774,766,1711,766
882,782,1092,782,1092,834,882,834
1281,785,1591,793,1590,856,1279,848
1145,793,1277,800,1275,841,1142,834
1596,803,1711,803,1711,845,1596,845
1716,803,1779,803,1779,845,1716,845
1023,882,1270,882,1270,966,1023,966
1286,892,1485,892,1485,971,1286,971
1496,897,1685,897,1685,976,1496,976
1086,1065,1197,1065,1197,1128,1086,1128
834,1071,913,1071,913,1123,834,1123
918,1071,1002,1071,1002,1134,918,1134
1207,1071,1302,1071,1302,1128,1207,1128
1008,1076,1071,1076,1071,1128,1008,1128
1313,1073,1420,1081,1416,1136,1309,1128
1428,1076,1585,1076,1585,1134,1428,1134
1596,1085,1737,1098,1731,1157,1591,1145
1737,1102,1869,1102,1869,1155,1737,1155
766,1139,939,1139,939,1223,766,1223
1013,1155,1092,1155,1092,1212,1013,1212
1443,1159,1738,1165,1737,1225,1442,1219
1764,1170,1926,1170,1926,1239,1764,1239
913,1239,1102,1239,1102,1307,913,1307
771,1244,882,1244,882,1296,771,1296
1144,1249,1454,1249,1454,1317,1144,1317
1538,1249,1617,1249,1617,1323,1538,1323
1622,1260,1748,1260,1748,1317,1622,1317
1769,1265,1916,1265,1916,1328,1769,1328
761,1349,866,1349,866,1412,761,1412
945,1354,1008,1354,1008,1412,945,1412
1003,1356,1201,1374,1196,1436,998,1419
1291,1362,1420,1370,1416,1430,1288,1422
1433,1370,1538,1370,1538,1433,1433,1433
1622,1370,1811,1370,1811,1438,1622,1438
1827,1370,1958,1370,1958,1443,1827,1443
756,1452,1187,1461,1186,1532,754,1523
1228,1464,1365,1464,1365,1527,1228,1527
1377,1463,1521,1477,1514,1547,1370,1533
1522,1475,1832,1475,1832,1548,1522,1548
1832,1480,1958,1480,1958,1538,1832,1538
756,1543,861,1543,861,1596,756,1596
929,1543,981,1543,981,1596,929,1596
897,1554,934,1554,934,1601,897,1601
1296,1559,1359,1559,1359,1611,1296,1611
1370,1559,1475,1559,1475,1617,1370,1617
1480,1564,1543,1564,1543,1617,1480,1617
1695,1569,1879,1569,1879,1627,1695,1627
1879,1575,1947,1575,1947,1627,1879,1627
971,1627,1076,1627,1076,1695,971,1695
871,1632,966,1632,966,1685,871,1685
1102,1638,1286,1638,1286,1695,1102,1695
1286,1643,1359,1643,1359,1690,1286,1690
756,1706,955,1706,955,1774,756,1774
960,1710,1187,1717,1186,1777,959,1770
1223,1722,1365,1722,1365,1779,1223,1779
1375,1727,1417,1727,1417,1779,1375,1779
1433,1727,1527,1727,1527,1779,1433,1779
1538,1727,1638,1727,1638,1785,1538,1785
1648,1732,1743,1732,1743,1785,1648,1785
1748,1732,1879,1732,1879,1790,1748,1790
761,1790,866,1790,866,1842,761,1842
929,1795,987,1795,987,1842,929,1842
903,1806,934,1806,934,1848,903,1848
1291,1806,1365,1806,1365,1869,1291,1869
1370,1806,1470,1806,1470,1863,1370,1863
1475,1811,1538,1811,1538,1863,1475,1863
1690,1816,1758,1816,1758,1869,1690,1869
1764,1816,1863,1816,1863,1869,1764,1869
1874,1821,1937,1821,1937,1869,1874,1869
761,1869,1182,1881,1181,1943,759,1931
1223,1884,1359,1884,1359,1958,1223,1958
1365,1883,1629,1892,1626,1966,1362,1958
1632,1895,1837,1895,1837,1958,1632,1958
1848,1900,1947,1900,1947,1963,1848,1963
771,1958,871,1958,871,2010,771,2010
908,1963,939,1963,939,2010,908,2010
934,1958,987,1958,987,2005,934,2005
1144,1974,1170,1974,1170,2016,1144,2016
1291,1974,1359,1974,1359,2026,1291,2026
1344,1974,1464,1974,1464,2031,1344,2031
1470,1979,1538,1979,1538,2026,1470,2026
1685,1984,1858,1984,1858,2037,1685,2037
1869,1989,1932,1989,1932,2037,1869,2037
772,2028,1187,2039,1186,2097,770,2086
1229,2038,1468,2057,1464,2113,1224,2094
1475,2052,1527,2052,1527,2105,1475,2105
1538,2048,1687,2055,1684,2112,1536,2104
1695,2058,1842,2058,1842,2115,1695,2115
1853,2063,1926,2063,1926,2115,1853,2115
782,2105,887,2105,887,2152,782,2152
918,2115,950,2115,950,2157,918,2157
950,2115,997,2115,997,2152,950,2152
1370,2121,1464,2121,1464,2173,1370,2173
1323,2126,1370,2126,1370,2173,1323,2173
1470,2126,1538,2126,1538,2173,1470,2173
1753,2136,1853,2136,1853,2189,1753,2189
1716,2147,1758,2147,1758,2184,1716,2184
1858,2142,1921,2142,1921,2194,1858,2194
782,2178,882,2178,882,2231,782,2231
882,2176,1187,2182,1186,2242,880,2236
1230,2184,1468,2205,1463,2265,1225,2245
1470,2199,1522,2199,1522,2252,1470,2252
1538,2200,1682,2208,1679,2264,1535,2257
1690,2210,1837,2210,1837,2268,1690,2268
1848,2215,1916,2215,1916,2268,1848,2268
787,2257,887,2257,887,2304,787,2304
918,2262,1002,2262,1002,2310,918,2310
1328,2283,1370,2283,1370,2325,1328,2325
1365,2278,1464,2278,1464,2331,1365,2331
1470,2283,1533,2283,1533,2331,1470,2331
1706,2294,1753,2294,1753,2341,1706,2341
1748,2294,1848,2294,1848,2346,1748,2346
1853,2299,1916,2299,1916,2346,1853,2346
787,2328,1197,2337,1196,2397,786,2389
1234,2338,1403,2345,1401,2401,1231,2393
1407,2345,1655,2354,1653,2411,1405,2402
1664,2367,1774,2367,1774,2415,1664,2415
1884,2373,1911,2373,1911,2420,1884,2420
1779,2373,1869,2373,1869,2425,1779,2425
792,2409,892,2409,892,2462,792,2462
924,2420,955,2420,955,2462,924,2462
955,2420,1002,2420,1002,2457,955,2457
1291,2425,1354,2425,1354,2472,1291,2472
1365,2425,1459,2425,1459,2478,1365,2478
1464,2430,1527,2430,1527,2478,1464,2478
1643,2436,1737,2436,1737,2488,1643,2488
1743,2441,1837,2441,1837,2488,1743,2488
1848,2446,1911,2446,1911,2493,1848,2493
791,2489,921,2512,908,2582,778,2559
918,2509,1013,2509,1013,2567,918,2567
1643,2535,1916,2535,1916,2593,1643,2593
789,2570,918,2586,910,2655,780,2639
918,2583,976,2583,976,2640,918,2640
982,2585,1132,2600,1126,2659,976,2645
1137,2582,1259,2607,1247,2667,1125,2643
1748,2614,1816,2614,1816,2661,1748,2661
1816,2614,1916,2614,1916,2667,1816,2667
782,2656,892,2656,892,2719,782,2719
897,2661,1044,2661,1044,2719,897,2719
1050,2672,1118,2672,1118,2719,1050,2719
1648,2682,1737,2682,1737,2740,1648,2740
1748,2688,1842,2688,1842,2740,1748,2740
1848,2693,1916,2693,1916,2740,1848,2740
777,2735,887,2735,887,2793,777,2793
966,2740,1034,2740,1034,2798,966,2798
892,2745,960,2745,960,2798,892,2798
1044,2745,1134,2745,1134,2798,1044,2798
1139,2745,1286,2745,1286,2803,1139,2803
1680,2761,1743,2761,1743,2814,1680,2814
1748,2761,1842,2761,1842,2814,1748,2814
1848,2766,1911,2766,1911,2814,1848,2814
774,2822,914,2838,905,2918,765,2901
903,2840,1002,2840,1002,2898,903,2898
1001,2857,1121,2842,1128,2902,1008,2916
1128,2850,1207,2850,1207,2913,1128,2913
1706,2877,1737,2877,1737,2924,1706,2924
1743,2871,1837,2871,1837,2924,1743,2924
1842,2871,1905,2871,1905,2924,1842,2924
771,3024,887,3024,887,3081,771,3081
1674,3050,1779,3050,1779,3108,1674,3108
1795,3055,1911,3055,1911,3108,1795,3108
771,3113,803,3113,803,3155,771,3155
808,3108,876,3108,876,3155,808,3155
1664,3129,1900,3129,1900,3181,1664,3181
866,3197,955,3197,955,3265,866,3265
761,3207,855,3207,855,3260,761,3260
955,3213,1102,3213,1102,3265,955,3265
1113,3218,1223,3218,1223,3270,1113,3270
761,3291,887,3291,887,3344,761,3344
903,3291,1029,3291,1029,3339,903,3339
1617,3307,1716,3307,1716,3365,1617,3365
1722,3307,1827,3307,1827,3365,1722,3365
1827,3307,1895,3307,1895,3360,1827,3360
1071,3575,1102,3575,1102,3622,1071,3622
1097,3570,1207,3570,1207,3622,1097,3622
1207,3570,1323,3570,1323,3622,1207,3622
1354,3580,1559,3580,1559,3633,1354,3633
1244,3648,1275,3648,1275,3675,1244,3675
1275,3648,1307,3648,1307,3675,1275,3675
1307,3648,1365,3648,1365,3669,1307,3669
1055,3717,1170,3717,1170,3774,1055,3774
1387,3714,1567,3726,1563,3785,1383,3774
1648,3717,1753,3717,1753,3790,1648,3790
768,3726,891,3718,895,3779,772,3787
903,3720,1052,3728,1048,3792,900,3784
1265,3722,1380,3722,1380,3790,1265,3790
1569,3722,1643,3722,1643,3785,1569,3785
1181,3727,1249,3727,1249,3774,1181,3774
1764,3743,1869,3743,1869,3785,1764,3785
894,3789,1038,3802,1032,3872,887,3859
1034,3795,1118,3795,1118,3864,1034,3864
1123,3795,1422,3795,1422,3869,1123,3869
1441,3790,1566,3808,1556,3877,1431,3860
1564,3801,1669,3801,1669,3874,1564,3874
1669,3801,1748,3801,1748,3869,1669,3869
