1234,211,1448,233,1440,315,1226,293
1450,221,1642,236,1636,307,1444,292
1076,309,1176,309,1176,378,1076,378
1664,315,1795,315,1795,388,1664,388
1177,326,1422,310,1427,387,1182,403
1428,320,1517,320,1517,388,1428,388
1527,320,1653,320,1653,388,1527,388
1029,404,1134,404,1134,472,1029,472
1144,404,1212,404,1212,467,1144,467
1223,404,1386,404,1386,477,1223,477
1438,414,1632,414,1632,483,1438,483
1632,414,1816,414,1816,483,1632,483
808,493,939,493,939,561,808,561
939,498,1023,498,1023,567,939,567
1039,504,1160,504,1160,561,1039,561
1181,504,1317,504,1317,577,1181,577
1911,504,2037,504,2037,582,1911,582
1328,509,1375,509,1375,567,1328,567
1397,509,1567,531,1557,603,1388,581
1569,514,1769,514,1769,588,1569,588
1774,514,1900,514,1900,593,1774,593
1297,585,1562,599,1558,669,1293,655
976,672,1102,672,1102,740,976,740
1161,666,1541,687,1537,759,1157,739
897,766,1097,766,1097,824,897,824
1160,763,1850,787,1847,873,1157,848
1853,798,1921,798,1921,845,1853,845
834,855,1092,855,1092,918,834,918
1329,865,1704,889,1699,963,1324,939
1160,876,1317,876,1317,924,1160,924
1711,897,1848,897,1848,950,1711,950
1858,897,1932,897,1932,945,1858,945
1002,976,1307,976,1307,1081,1002,1081
1328,987,1569,987,1569,1092,1328,1092
1585,1008,1816,1008,1816,1107,1585,1107
771,1197,871,1197,871,1270,771,1270
1081,1202,1223,1202,1223,1281,1081,1281
876,1207,981,1207,981,1286,876,1286
992,1207,1071,1207,1071,1281,992,1281
1233,1212,1354,1212,1354,1286,1233,1286
1366,1220,1494,1228,1490,1298,1361,1290
1502,1223,1698,1233,1694,1309,1498,1298
1884,1244,2042,1244,2042,1328,1884,1328
1707,1243,1877,1255,1872,1325,1702,1313
672,1281,897,1281,897,1386,672,1386
992,1307,1092,1307,1092,1386,992,1386
1528,1324,1882,1338,1879,1415,1525,1401
1900,1344,2110,1344,2110,1417,1900,1417
693,1412,834,1412,834,1485,693,1485
866,1417,1092,1417,1092,1491,866,1491
1155,1426,1534,1438,1531,1515,1152,1503
1627,1428,1727,1428,1727,1522,1627,1522
1743,1449,1890,1449,1890,1522,1743,1522
1916,1454,2094,1454,2094,1527,1916,1527
682,1543,813,1543,813,1622,682,1622
914,1548,1228,1580,1220,1657,906,1625
1333,1569,1491,1569,1491,1643,1333,1643
1984,1569,2147,1569,2147,1664,1984,1664
1506,1580,1632,1580,1632,1648,1506,1648
1737,1585,1968,1585,1968,1659,1737,1659
672,1674,1002,1674,1002,1753,672,1753
1003,1681,1215,1690,1211,1767,1000,1758
1254,1695,1375,1695,1375,1764,1254,1764
1391,1693,1587,1701,1585,1776,1389,1768
1596,1706,1685,1706,1685,1779,1596,1779
1701,1703,2028,1714,2025,1802,1698,1791
677,1776,962,1786,960,1857,675,1848
1333,1806,1428,1806,1428,1879,1333,1879
1428,1806,1559,1806,1559,1874,1428,1874
1559,1811,1643,1811,1643,1874,1559,1874
1827,1821,1916,1821,1916,1890,1827,1890
1895,1821,2052,1821,2052,1895,1895,1895
2052,1827,2136,1827,2136,1890,2052,1890
672,1877,1209,1891,1207,1968,670,1954
1249,1900,1349,1900,1349,1968,1249,1968
1366,1893,1590,1914,1583,1993,1359,1973
1607,1908,1735,1916,1731,1986,1602,1978
1743,1916,1806,1916,1806,1979,1743,1979
1821,1916,1926,1916,1926,1989,1821,1989
1937,1926,2052,1926,2052,1989,1937,1989
2073,1932,2100,1932,2100,1984,2073,1984
677,1984,803,1984,803,2047,677,2047
892,1995,924,1995,924,2042,892,2042
840,1995,882,1995,882,2052,840,2052
1370,2010,1428,2010,1428,2079,1370,2079
1338,2021,1365,2021,1365,2068,1338,2068
1422,2016,1632,2016,1632,2073,1422,2073
1821,2026,1926,2026,1926,2100,1821,2100
1916,2026,2047,2026,2047,2094,1916,2094
2047,2031,2131,2031,2131,2094,2047,2094
675,2099,844,2123,833,2205,663,2181
840,2115,966,2115,966,2189,840,2189
1827,2151,2143,2160,2141,2238,1825,2228
677,2186,849,2216,834,2305,661,2275
845,2210,918,2210,918,2283,845,2283
930,2212,1123,2234,1115,2309,922,2287
1125,2215,1285,2239,1274,2316,1114,2292
1953,2257,2000,2257,2000,2320,1953,2320
2010,2257,2136,2257,2136,2325,2010,2325
672,2299,813,2299,813,2378,672,2378
824,2310,1008,2310,1008,2383,824,2383
1013,2320,1102,2320,1102,2383,1013,2383
1821,2346,1905,2346,1905,2415,1821,2415
1916,2352,2047,2352,2047,2420,1916,2420
2047,2357,2136,2357,2136,2425,2047,2425
661,2399,803,2399,803,2478,661,2478
813,2409,903,2409,903,2483,813,2483
908,2415,997,2415,997,2488,908,2488
1008,2420,1118,2420,1118,2478,1008,2478
1128,2420,1317,2420,1317,2493,1128,2493
1989,2457,2037,2457,2037,2514,1989,2514
2047,2462,2131,2462,2131,2525,2047,2525
659,2518,828,2543,815,2631,646,2607
824,2530,950,2530,950,2614,824,2614
948,2553,1105,2538,1113,2618,956,2634
1118,2551,1218,2551,1218,2635,1118,2635
1979,2598,2031,2598,2031,2656,1979,2656
2037,2598,2126,2598,2126,2667,2037,2667
651,2782,798,2782,798,2850,651,2850
850,2808,882,2808,882,2845,850,2845
1816,2814,1958,2814,1958,2898,1816,2898
1979,2835,2126,2835,2126,2908,1979,2908
640,2877,687,2877,687,2940,640,2940
698,2877,787,2877,787,2945,698,2945
1901,2921,2030,2930,2025,3005,1896,2996
2031,2934,2121,2934,2121,3003,2031,3003
645,2971,735,2971,735,3045,645,3045
735,2976,819,2976,819,3039,735,3039
1837,3024,1900,3024,1900,3092,1837,3092
1895,3024,2021,3024,2021,3102,1895,3102
2026,3039,2105,3039,2105,3108,2026,3108
771,3092,882,3092,882,3171,771,3171
635,3102,761,3102,761,3171,635,3171
892,3102,1076,3102,1076,3176,892,3176
1092,3108,1233,3108,1233,3181,1092,3181
640,3197,803,3197,803,3265,640,3265
819,3202,987,3202,987,3265,819,3265
1774,3249,1863,3249,1863,3323,1774,3323
1874,3260,2010,3260,2010,3333,1874,3333
2016,3270,2105,3270,2105,3333,2016,3333
1029,3559,1107,3559,1107,3627,1029,3627
1102,3564,1212,3564,1212,3627,1102,3627
1212,3564,1396,3564,1396,3633,1212,3633
1396,3575,1653,3575,1653,3643,1396,3643
1218,3654,1249,3654,1249,3690,1218,3690
1254,3654,1291,3654,1291,3690,1254,3690
1296,3654,1333,3654,1333,3690,1296,3690
1333,3654,1370,3654,1370,3690,1333,3690
1375,3659,1407,3659,1407,3696,1375,3696
1013,3748,1160,3748,1160,3827,1013,3827
1276,3744,1427,3754,1421,3845,1270,3836
1438,3759,1659,3759,1659,3837,1438,3837
1176,3764,1260,3764,1260,3816,1176,3816
819,3769,1002,3769,1002,3848,819,3848
1669,3769,1758,3769,1758,3848,1669,3848
1774,3769,1900,3769,1900,3853,1774,3853
640,3780,808,3780,808,3858,640,3858
1916,3795,2047,3795,2047,3848,1916,3848
1102,3841,1481,3852,1479,3943,1100,3933
987,3848,1086,3848,1086,3932,987,3932
1506,3853,1648,3853,1648,3937,1506,3937
808,3864,976,3864,976,3942,808,3942
1664,3869,1785,3869,1785,3948,1664,3948
1795,3874,1895,3874,1895,3948,1795,3948
