1103,337,1316,355,1310,434,1096,416
1317,351,1417,351,1417,409,1317,409
1422,362,1506,362,1506,425,1422,425
955,430,1060,430,1060,493,955,493
1055,430,1296,430,1296,498,1055,498
1307,441,1391,441,1391,509,1307,509
1401,441,1527,441,1527,509,1401,509
1538,441,1669,441,1669,514,1538,514
1023,514,1097,514,1097,588,1023,588
1102,514,1265,514,1265,593,1102,593
913,525,1018,525,1018,593,913,593
1317,530,1506,530,1506,598,1317,598
1506,535,1690,535,1690,603,1506,603
1067,608,1209,622,1201,695,1060,681
1212,624,1254,624,1254,682,1212,682
1454,622,1651,635,1647,705,1450,692
698,630,824,630,824,698,698,698
824,630,918,630,918,693,824,693
929,630,1050,630,1050,687,929,687
1281,626,1443,642,1437,706,1275,690
1653,635,1779,635,1779,708,1653,708
1790,635,1905,635,1905,708,1790,708
1181,698,1275,698,1275,771,1181,771
1270,708,1449,708,1449,771,1270,771
1050,792,1170,792,1170,861,1050,861
1165,792,1428,792,1428,850,1165,850
871,803,976,803,976,861,871,861
1054,888,1390,882,1392,955,1055,961
1380,887,1743,887,1743,966,1380,966
798,892,997,892,997,960,798,960
1748,903,1816,903,1816,950,1748,950
1228,981,1622,981,1622,1065,1228,1065
735,987,997,987,997,1055,735,1055
1060,997,1218,997,1218,1050,1060,1050
1611,997,1748,997,1748,1050,1611,1050
1758,997,1827,997,1827,1044,1758,1044
913,1102,1218,1102,1218,1207,913,1207
1233,1102,1475,1102,1475,1207,1233,1207
1491,1107,1722,1107,1722,1207,1491,1207
1002,1328,1144,1328,1144,1412,1002,1412
693,1338,792,1338,792,1412,693,1412
798,1338,903,1338,903,1422,798,1422
1149,1338,1270,1338,1270,1412,1149,1412
1417,1338,1611,1338,1611,1412,1417,1412
1281,1344,1407,1344,1407,1412,1281,1412
908,1349,992,1349,992,1417,908,1417
1617,1347,1786,1355,1783,1424,1614,1417
1790,1349,1942,1349,1942,1422,1790,1422
609,1433,824,1433,824,1527,609,1527
1819,1438,2010,1431,2013,1506,1822,1513
918,1438,1013,1438,1013,1517,918,1517
1443,1438,1795,1438,1795,1512,1443,1512
1554,1533,1648,1533,1648,1622,1554,1622
1828,1547,2004,1536,2009,1611,1833,1622
1085,1554,1454,1547,1455,1624,1087,1631
1659,1548,1811,1548,1811,1622,1659,1622
797,1553,1028,1553,1028,1627,797,1627
630,1559,766,1559,766,1627,630,1627
1911,1664,2068,1664,2068,1737,1911,1737
1664,1669,1895,1669,1895,1743,1664,1743
1433,1680,1564,1680,1564,1753,1433,1753
619,1685,750,1685,750,1764,619,1764
851,1682,1158,1701,1154,1777,846,1758
1265,1685,1417,1685,1417,1758,1265,1758
1365,1790,1648,1790,1648,1869,1365,1869
1821,1790,1932,1790,1932,1863,1821,1863
1664,1795,1816,1795,1816,1874,1664,1874
1186,1800,1354,1800,1354,1869,1186,1869
1947,1800,2079,1800,2079,1858,1947,1858
612,1812,1149,1798,1151,1877,614,1891
1268,1906,1505,1897,1508,1973,1271,1982
1764,1900,2000,1900,2000,1974,1764,1974
1989,1900,2073,1900,2073,1963,1989,1963
1496,1905,1580,1905,1580,1968,1496,1968
829,1911,887,1911,887,1963,829,1963
1086,1916,1118,1916,1118,1968,1086,1968
609,1916,745,1916,745,1979,609,1979
782,1916,824,1916,824,1974,782,1974
876,2005,1013,2005,1013,2094,876,2094
1139,2005,1270,2005,1270,2073,1139,2073
1270,2005,1354,2005,1354,2073,1270,2073
1039,2010,1118,2010,1118,2073,1039,2073
750,2016,866,2016,866,2079,750,2079
1778,2131,2089,2125,2090,2206,1780,2212
601,2123,774,2140,765,2235,592,2219
767,2135,900,2127,905,2215,772,2222
1911,2226,2079,2226,2079,2294,1911,2294
605,2229,777,2245,769,2335,596,2318
777,2236,855,2236,855,2315,777,2315
867,2239,1064,2252,1059,2328,862,2315
1066,2237,1226,2245,1222,2322,1062,2314
1780,2319,2007,2326,2004,2399,1778,2392
2005,2320,2089,2320,2089,2388,2005,2388
603,2336,750,2336,750,2420,603,2420
966,2341,1050,2341,1050,2415,966,2415
761,2346,955,2346,955,2420,761,2420
2000,2420,2084,2420,2084,2478,2000,2478
1086,2430,1275,2430,1275,2504,1086,2504
601,2440,749,2432,753,2509,605,2516
861,2441,945,2441,945,2509,861,2509
960,2441,1076,2441,1076,2509,960,2509
761,2446,845,2446,845,2504,761,2504
610,2547,786,2555,781,2658,605,2650
787,2551,913,2551,913,2635,787,2635
1816,2551,1858,2551,1858,2609,1816,2609
1874,2551,1995,2551,1995,2619,1874,2619
2000,2551,2084,2551,2084,2619,2000,2619
1081,2567,1186,2567,1186,2651,1081,2651
924,2572,1076,2572,1076,2646,924,2646
1785,2772,1926,2772,1926,2840,1785,2840
1947,2772,2089,2772,2089,2840,1947,2840
624,2808,777,2808,777,2877,624,2877
792,2808,861,2808,861,2866,792,2866
1821,2871,2089,2871,2089,2945,1821,2945
682,2903,766,2903,766,2961,682,2961
624,2908,666,2908,666,2966,624,2966
766,3008,876,3008,876,3092,766,3092
887,3013,1071,3013,1071,3087,887,3087
1081,3013,1228,3013,1228,3081,1081,3081
635,3024,756,3024,756,3092,635,3092
1769,3113,1874,3113,1874,3192,1769,3192
640,3118,803,3118,803,3186,640,3186
813,3118,976,3118,976,3186,813,3186
1874,3118,2010,3118,2010,3192,1874,3192
1995,3118,2100,3118,2100,3186,1995,3186
1102,3501,1212,3501,1212,3570,1102,3570
1212,3501,1365,3501,1365,3575,1212,3575
1401,3501,1590,3501,1590,3580,1401,3580
1023,3507,1102,3507,1102,3575,1023,3575
1370,3512,1396,3512,1396,3570,1370,3570
1585,3507,1669,3507,1669,3580,1585,3580
1218,3596,1333,3596,1333,3643,1218,3643
1333,3601,1375,3601,1375,3643,1333,3643
1380,3606,1417,3606,1417,3643,1380,3643
1013,3711,1165,3711,1165,3795,1013,3795
635,3717,798,3717,798,3795,635,3795
1281,3711,1438,3711,1438,3811,1281,3811
1443,3711,1674,3711,1674,3806,1443,3806
1790,3717,1932,3717,1932,3822,1790,3822
808,3726,1000,3732,997,3812,806,3806
1181,3727,1270,3727,1270,3790,1181,3790
1685,3722,1779,3722,1779,3811,1685,3811
1947,3759,2100,3759,2100,3816,1947,3816
1103,3810,1493,3822,1489,3923,1100,3911
987,3816,1086,3816,1086,3906,987,3906
796,3805,985,3830,973,3927,783,3902
1512,3827,1664,3827,1664,3927,1512,3927
1669,3843,1816,3843,1816,3948,1669,3948
1821,3843,1932,3843,1932,3942,1821,3942
