1160,194,1391,194,1391,278,1160,278
1396,199,1522,199,1522,262,1396,262
1517,215,1606,215,1606,278,1517,278
992,294,1375,294,1375,378,992,378
1380,299,1475,299,1475,367,1380,367
1485,299,1622,299,1622,367,1485,367
1638,304,1779,304,1779,378,1638,378
1160,383,1333,383,1333,462,1160,462
945,393,1060,393,1060,467,945,467
1071,393,1149,393,1149,462,1071,462
1396,393,1606,393,1606,467,1396,467
1602,391,1803,401,1800,475,1598,466
1113,498,1265,498,1265,577,1113,577
1275,498,1333,498,1333,561,1275,561
966,504,1097,504,1097,577,966,577
1355,499,1540,520,1531,597,1346,576
855,509,945,509,945,588,855,588
1548,509,1753,509,1753,582,1548,582
1764,514,1900,514,1900,598,1764,598
716,531,849,515,858,587,725,603
1916,519,2037,519,2037,593,1916,593
1244,588,1538,588,1538,666,1244,666
1102,693,1228,693,1228,766,1102,766
1233,693,1517,693,1517,766,1233,766
908,703,1044,703,1044,777,908,777
1108,791,1854,803,1852,892,1106,881
824,814,1043,797,1049,873,831,890
1858,819,1942,819,1942,871,1858,871
1297,900,1707,909,1706,993,1295,984
766,913,1050,913,1050,987,766,987
1118,913,1291,913,1291,966,1118,966
1716,924,1863,924,1863,976,1716,976
1874,924,1953,924,1953,971,1874,971
956,1038,1279,1022,1284,1134,961,1150
1307,1029,1569,1029,1569,1139,1307,1139
1585,1039,1832,1039,1832,1144,1585,1144
1051,1280,1205,1272,1209,1364,1055,1372
1212,1286,1344,1286,1344,1359,1212,1359
1359,1286,1491,1286,1491,1365,1359,1365
1501,1286,1716,1286,1716,1359,1501,1359
1916,1281,2084,1281,2084,1380,1916,1380
840,1296,945,1296,945,1386,840,1386
1728,1290,1915,1302,1910,1378,1723,1365
955,1302,1039,1302,1039,1370,955,1370
729,1307,829,1307,829,1375,729,1375
1538,1391,1921,1391,1921,1469,1538,1469
1950,1393,2162,1386,2165,1469,1953,1476
635,1396,855,1396,855,1501,635,1501
960,1396,1065,1396,1065,1480,960,1480
1659,1501,1764,1501,1764,1596,1659,1596
1963,1512,2157,1512,2157,1590,1963,1590
1138,1522,1543,1516,1544,1598,1139,1604
1779,1517,1937,1517,1937,1596,1779,1596
827,1519,1075,1512,1077,1606,829,1613
651,1533,798,1533,798,1611,651,1611
2052,1643,2220,1643,2220,1727,2052,1727
1785,1659,2031,1659,2031,1737,1785,1737
1527,1664,1669,1664,1669,1737,1527,1737
1344,1669,1506,1669,1506,1743,1344,1743
645,1674,787,1674,787,1758,645,1758
893,1672,1221,1687,1217,1770,889,1755
2023,1803,2228,1773,2241,1856,2035,1886
1599,1800,1805,1793,1808,1873,1602,1881
1821,1795,2021,1795,2021,1884,1821,1884
1260,1794,1593,1807,1590,1891,1257,1879
644,1814,1217,1803,1219,1885,646,1896
1995,1905,2131,1905,2131,1984,1995,1984
2136,1905,2226,1905,2226,1974,2136,1974
1459,1916,1695,1916,1695,1995,1459,1995
1932,1916,1979,1916,1979,1974,1932,1974
882,1921,950,1921,950,1979,882,1979
661,1926,798,1926,798,2000,661,2000
834,1926,882,1926,882,1989,834,1989
1396,1926,1464,1926,1464,1995,1396,1995
1947,2047,2241,2047,2241,2131,1947,2131
657,2055,836,2071,828,2161,649,2145
834,2063,971,2063,971,2142,834,2142
2115,2157,2247,2157,2247,2231,2115,2231
664,2153,843,2175,831,2272,652,2250
840,2163,924,2163,924,2252,840,2252
2063,2173,2094,2173,2094,2226,2063,2226
935,2171,1143,2184,1138,2265,930,2252
1147,2162,1319,2185,1308,2267,1137,2245
2163,2262,2252,2262,2252,2336,2163,2336
2016,2268,2163,2268,2163,2341,2016,2341
656,2273,808,2273,808,2357,656,2357
1916,2273,2037,2273,2037,2346,1916,2346
819,2278,1023,2278,1023,2357,819,2357
1034,2278,1128,2278,1128,2352,1034,2352
1918,2383,2157,2370,2161,2444,1922,2457
2163,2373,2252,2373,2252,2436,2163,2436
642,2381,801,2374,805,2461,646,2469
1023,2383,1149,2383,1149,2457,1023,2457
1160,2383,1365,2383,1365,2457,1160,2457
813,2388,908,2388,908,2462,813,2462
918,2388,1013,2388,1013,2467,918,2467
2152,2514,2247,2514,2247,2588,2152,2588
653,2512,836,2528,828,2623,645,2607
834,2520,971,2520,971,2604,834,2604
2089,2520,2142,2520,2142,2583,2089,2583
971,2536,1140,2514,1151,2602,983,2624
1155,2525,1265,2525,1265,2614,1155,2614
1921,2751,2073,2751,2073,2835,1921,2835
2094,2761,2252,2761,2252,2835,2094,2835
666,2793,824,2793,824,2861,666,2861
2016,2866,2152,2866,2152,2940,2016,2940
2157,2866,2252,2866,2252,2940,2157,2940
661,2898,708,2898,708,2961,661,2961
719,2898,808,2898,808,2966,719,2966
808,3029,924,3029,924,3108,808,3108
1149,3029,1307,3029,1307,3102,1149,3102
666,3034,798,3034,798,3108,666,3108
934,3034,1134,3034,1134,3108,934,3108
1942,3123,2005,3123,2005,3197,1942,3197
2006,3120,2156,3130,2150,3210,2001,3201
672,3139,850,3139,850,3207,672,3207
861,3139,1039,3139,1039,3202,861,3202
2163,3139,2257,3139,2257,3213,2163,3213
1512,3486,1706,3486,1706,3559,1512,3559
1118,3491,1202,3491,1202,3564,1118,3564
1197,3491,1312,3491,1312,3559,1197,3559
1711,3491,1790,3491,1790,3564,1711,3564
1312,3496,1475,3496,1475,3564,1312,3564
1475,3501,1506,3501,1506,3554,1475,3554
1365,3596,1401,3596,1401,3627,1365,3627
1407,3596,1443,3596,1443,3633,1407,3633
1449,3596,1485,3596,1485,3633,1449,3633
1496,3596,1527,3596,1527,3627,1496,3627
1566,3677,1805,3690,1800,3776,1561,3763
1391,3685,1548,3685,1548,3780,1391,3780
1113,3696,1270,3696,1270,3785,1113,3785
1286,3701,1375,3701,1375,3769,1286,3769
1816,3706,1905,3706,1905,3790,1816,3790
1916,3706,2058,3706,2058,3811,1916,3811
897,3717,1102,3717,1102,3811,897,3811
704,3733,890,3722,896,3813,710,3825
2074,3765,2240,3775,2236,3845,2070,3835
1210,3801,1621,3788,1624,3888,1213,3901
1638,3790,1795,3790,1795,3874,1638,3874
1086,3806,1191,3806,1191,3911,1086,3911
1806,3811,1942,3811,1942,3911,1806,3911
1947,3822,2058,3822,2058,3921,1947,3921
889,3821,1086,3833,1079,3935,883,3922
