1139,267,1354,267,1354,346,1139,346
1365,278,1464,278,1464,341,1365,341
1475,299,1559,299,1559,357,1475,357
971,350,1335,360,1333,431,969,420
1345,363,1437,373,1431,433,1339,424
1443,372,1569,372,1569,430,1443,430
1590,378,1722,378,1722,446,1590,446
924,435,1029,435,1029,504,924,504
1039,435,1118,435,1118,504,1039,504
1128,435,1296,435,1296,514,1128,514
1354,456,1559,456,1559,525,1354,525
1554,456,1748,456,1748,530,1554,530
687,530,819,530,819,603,687,603
824,535,918,535,918,603,824,603
934,540,1065,540,1065,609,934,609
1082,535,1233,546,1228,621,1076,610
1239,551,1286,551,1286,609,1239,609
1313,546,1482,568,1473,634,1305,612
1496,556,1701,556,1701,624,1496,624
1711,567,1842,567,1842,640,1711,640
1853,572,1979,572,1979,645,1853,645
1202,628,1487,637,1485,710,1200,701
866,719,997,719,997,792,866,792
1060,724,1186,724,1186,792,1060,792
1191,735,1223,735,1223,787,1191,787
1223,729,1417,729,1417,798,1223,798
1412,729,1454,729,1454,792,1412,792
787,819,997,819,997,887,787,887
1061,814,1787,838,1784,925,1058,900
1795,855,1869,855,1869,903,1795,903
719,918,997,918,997,992,719,992
1245,923,1798,956,1793,1045,1240,1012
1065,939,1233,939,1233,992,1065,992
1800,960,1879,960,1879,1008,1800,1008
908,1055,1223,1055,1223,1160,908,1160
1245,1056,1503,1064,1500,1172,1241,1164
1517,1071,1758,1071,1758,1176,1517,1176
677,1291,782,1291,782,1370,677,1370
997,1291,1149,1291,1149,1375,997,1375
782,1303,894,1293,901,1374,789,1384
903,1302,987,1302,987,1380,903,1380
1155,1307,1281,1307,1281,1380,1155,1380
1291,1307,1417,1307,1417,1380,1291,1380
1433,1312,1632,1312,1632,1391,1433,1391
1827,1323,1984,1323,1984,1412,1827,1412
1644,1321,1825,1334,1820,1410,1639,1397
588,1380,813,1380,813,1491,588,1491
913,1401,1013,1401,1013,1480,913,1480
1454,1417,1821,1417,1821,1496,1454,1496
1848,1428,2052,1428,2052,1501,1848,1501
598,1517,729,1517,729,1590,598,1590
787,1517,1018,1517,1018,1596,787,1596
1081,1527,1464,1527,1464,1606,1081,1606
1569,1527,1669,1527,1669,1611,1569,1611
1680,1538,1837,1538,1837,1617,1680,1617
1858,1543,2037,1543,2037,1617,1858,1617
598,1648,729,1648,729,1727,598,1727
829,1659,908,1659,908,1732,829,1732
1926,1653,2094,1653,2094,1753,1926,1753
898,1659,1150,1680,1143,1758,892,1737
1265,1669,1422,1669,1422,1743,1265,1743
1438,1674,1569,1674,1569,1743,1438,1743
1680,1674,1916,1674,1916,1748,1680,1748
577,1777,1135,1791,1133,1869,575,1855
1181,1795,1365,1795,1365,1869,1181,1869
1443,1800,1632,1800,1632,1874,1443,1874
1643,1800,1727,1800,1727,1874,1643,1874
1748,1800,1869,1800,1869,1879,1748,1879
1869,1800,2047,1800,2047,1879,1869,1879
1375,1806,1428,1806,1428,1863,1375,1863
577,1890,714,1890,714,1958,577,1958
798,1890,861,1890,861,1947,798,1947
750,1895,798,1895,798,1953,750,1953
1265,1905,1344,1905,1344,1974,1265,1974
1338,1905,1585,1905,1585,1984,1338,1984
1774,1916,2005,1916,2005,1984,1774,1984
2010,1916,2100,1916,2100,1979,2010,1979
565,2005,744,2028,732,2121,553,2098
740,2026,871,2026,871,2105,740,2105
1785,2047,2115,2047,2115,2126,1785,2126
559,2099,741,2123,728,2226,546,2203
740,2126,819,2126,819,2210,740,2210
835,2133,1034,2152,1027,2230,828,2212
1037,2131,1209,2153,1199,2236,1027,2214
1926,2152,2115,2152,2115,2226,1926,2226
556,2226,703,2226,703,2310,556,2310
714,2236,913,2236,913,2315,714,2315
924,2241,1018,2241,1018,2315,924,2315
1753,2257,1895,2257,1895,2336,1753,2336
1884,2257,2026,2257,2026,2331,1884,2331
2026,2257,2121,2257,2121,2331,2026,2331
546,2331,693,2331,693,2415,546,2415
703,2346,798,2346,798,2420,703,2420
808,2346,897,2346,897,2425,808,2425
913,2346,1034,2346,1034,2420,913,2420
1044,2346,1244,2346,1244,2425,1044,2425
1785,2362,2026,2362,2026,2441,1785,2441
2026,2367,2121,2367,2121,2436,2026,2436
544,2461,722,2484,710,2578,532,2554
719,2478,855,2478,855,2562,719,2562
854,2495,1021,2480,1029,2566,861,2581
1034,2488,1139,2488,1139,2577,1034,2577
1963,2520,2016,2520,2016,2583,1963,2583
2021,2520,2115,2520,2115,2588,2021,2588
540,2745,703,2745,703,2814,540,2814
1790,2751,1942,2751,1942,2835,1790,2835
756,2772,782,2772,782,2808,756,2808
1963,2766,2121,2766,2121,2835,1963,2835
540,2845,582,2845,582,2908,540,2908
593,2845,687,2845,687,2913,593,2913
1821,2866,2105,2866,2105,2940,1821,2940
682,2976,798,2976,798,3055,682,3055
540,2982,666,2982,666,3055,540,3055
808,2987,1002,2987,1002,3060,808,3060
1018,2987,1176,2987,1176,3060,1018,3060
551,3092,719,3092,719,3155,551,3155
735,3092,908,3092,908,3155,735,3155
1758,3113,1869,3113,1869,3192,1758,3192
1863,3113,2005,3113,2005,3186,1863,3186
2016,3118,2105,3118,2105,3186,2016,3186
966,3465,1050,3465,1050,3533,966,3533
1044,3465,1160,3465,1160,3538,1044,3538
1165,3466,1325,3473,1321,3545,1162,3538
1402,3474,1639,3480,1637,3555,1400,3548
1365,3486,1396,3486,1396,3538,1365,3538
1170,3570,1207,3570,1207,3601,1170,3601
1212,3570,1249,3570,1249,3606,1212,3606
1249,3564,1291,3564,1291,3606,1249,3606
1296,3570,1333,3570,1333,3606,1296,3606
1338,3575,1375,3575,1375,3606,1338,3606
577,3648,745,3648,745,3727,577,3727
758,3649,956,3671,947,3752,749,3730
960,3659,1113,3659,1113,3738,960,3738
1233,3664,1396,3664,1396,3759,1233,3759
1769,3669,1905,3669,1905,3759,1769,3759
1406,3674,1648,3674,1648,3753,1406,3753
1128,3680,1218,3680,1218,3732,1128,3732
1659,3680,1753,3680,1753,3753,1659,3753
1917,3692,2071,3701,2068,3761,1914,3752
754,3735,937,3765,923,3849,740,3818
934,3759,1039,3759,1039,3832,934,3832
1055,3757,1455,3768,1453,3854,1053,3843
1480,3774,1638,3774,1638,3848,1480,3848
1795,3780,1895,3780,1895,3864,1795,3864
1648,3785,1785,3785,1785,3869,1648,3869
