1366,264,1574,280,1568,360,1360,344
1128,273,1354,273,1354,362,1128,362
1601,378,1743,378,1743,462,1601,462
966,383,1338,383,1338,477,966,477
1344,383,1438,383,1438,456,1344,456
1449,383,1585,383,1585,456,1449,456
1128,477,1302,477,1302,567,1128,567
1044,488,1123,488,1123,567,1044,567
1354,488,1758,488,1758,567,1354,567
924,493,1034,493,1034,567,924,567
703,609,834,609,834,687,703,687
840,609,929,609,929,682,840,682
939,609,1071,609,1071,682,939,682
1086,609,1233,609,1233,687,1086,687
1244,609,1296,609,1296,677,1244,677
1319,603,1496,626,1486,703,1309,680
1501,609,1706,609,1706,687,1501,687
1716,609,1853,609,1853,698,1716,698
1863,614,1947,614,1947,693,1863,693
1937,614,1989,614,1989,682,1937,682
1212,703,1496,703,1496,776,1212,776
1076,803,1197,803,1197,876,1076,876
1197,803,1470,803,1470,876,1197,876
892,808,1018,808,1018,876,892,876
813,903,1018,903,1018,976,813,976
1081,908,1790,908,1790,997,1081,997
1795,924,1874,924,1874,976,1795,976
750,1007,1018,1007,1018,1076,750,1076
1260,1013,1648,1013,1648,1097,1260,1097
1086,1023,1244,1023,1244,1076,1086,1076
1653,1029,1795,1029,1795,1081,1653,1081
1800,1034,1874,1034,1874,1081,1800,1081
934,1139,1244,1139,1244,1239,934,1239
1265,1139,1512,1139,1512,1244,1265,1244
1522,1144,1758,1144,1758,1244,1522,1244
1020,1369,1169,1362,1173,1448,1024,1456
708,1370,813,1370,813,1443,708,1443
819,1375,924,1375,924,1459,819,1459
1176,1375,1296,1375,1296,1454,1176,1454
929,1380,1013,1380,1013,1454,929,1454
1312,1380,1438,1380,1438,1454,1312,1454
1449,1380,1643,1380,1643,1454,1449,1454
1832,1386,1989,1386,1989,1464,1832,1464
1653,1391,1827,1391,1827,1464,1653,1464
614,1459,840,1459,840,1564,614,1564
1475,1475,1837,1475,1837,1548,1475,1548
1869,1475,2068,1475,2068,1548,1869,1548
939,1480,1039,1480,1039,1554,939,1554
1590,1575,1685,1575,1685,1664,1590,1664
1879,1580,2063,1580,2063,1653,1879,1653
1701,1585,1853,1585,1853,1659,1701,1659
619,1590,777,1590,777,1664,619,1664
808,1590,1044,1590,1044,1664,808,1664
1107,1590,1485,1590,1485,1664,1107,1664
1956,1704,2125,1697,2128,1779,1959,1787
1706,1711,1942,1711,1942,1785,1706,1785
619,1722,756,1722,756,1800,619,1800
1459,1722,1590,1722,1590,1790,1459,1790
855,1727,934,1727,934,1795,855,1795
924,1725,1173,1736,1170,1816,921,1805
1291,1727,1443,1727,1443,1795,1291,1795
1692,1848,2020,1829,2024,1913,1696,1931
1580,1842,1685,1842,1685,1916,1580,1916
1202,1848,1344,1848,1344,1921,1202,1921
1349,1848,1454,1848,1454,1921,1349,1921
1470,1848,1559,1848,1559,1916,1470,1916
609,1853,1160,1853,1160,1926,609,1926
1806,1953,2037,1953,2037,2026,1806,2026
2042,1953,2131,1953,2131,2021,2042,2021
611,1963,749,1956,753,2026,615,2034
829,1958,897,1958,897,2016,829,2016
960,1958,1149,1958,1149,2026,960,2026
1254,1958,1401,1958,1401,2031,1254,2031
1391,1958,1527,1958,1527,2026,1391,2026
1527,1958,1617,1958,1617,2021,1527,2021
787,1963,829,1963,829,2021,787,2021
607,2079,781,2102,769,2194,595,2171
777,2089,913,2089,913,2173,777,2173
1821,2089,2147,2089,2147,2168,1821,2168
1958,2189,2147,2189,2147,2262,1958,2262
606,2183,785,2207,773,2299,594,2276
782,2194,861,2194,861,2278,782,2278
1083,2196,1250,2211,1242,2292,1075,2277
877,2202,1080,2216,1074,2292,872,2278
1926,2294,2068,2294,2068,2367,1926,2367
598,2299,750,2299,750,2383,598,2383
1827,2299,1921,2299,1921,2367,1827,2367
2063,2299,2157,2299,2157,2367,2063,2367
761,2304,966,2304,966,2378,761,2378
971,2304,1065,2304,1065,2378,971,2378
598,2404,750,2404,750,2488,598,2488
1097,2404,1296,2404,1296,2478,1097,2478
2000,2404,2052,2404,2052,2467,2000,2467
2063,2404,2152,2404,2152,2472,2063,2472
866,2409,955,2409,955,2488,866,2488
966,2409,1086,2409,1086,2483,966,2483
761,2415,855,2415,855,2483,761,2483
601,2535,780,2559,769,2645,590,2622
777,2546,913,2546,913,2630,777,2630
1086,2546,1197,2546,1197,2635,1086,2635
913,2551,1086,2551,1086,2635,913,2635
2005,2551,2058,2551,2058,2614,2005,2614
2063,2551,2157,2551,2157,2619,2063,2619
1842,2798,1989,2798,1989,2871,1842,2871
619,2803,771,2803,771,2871,619,2871
2010,2803,2168,2803,2168,2871,2010,2871
824,2829,850,2829,850,2861,824,2861
1937,2892,2068,2892,2068,2966,1937,2966
672,2898,761,2898,761,2966,672,2966
1874,2898,1937,2898,1937,2966,1874,2966
614,2903,661,2903,661,2961,614,2961
2058,2903,2157,2903,2157,2966,2058,2966
756,3029,866,3029,866,3113,756,3113
614,3039,745,3039,745,3113,614,3113
882,3039,1071,3039,1071,3113,882,3113
1086,3039,1239,3039,1239,3113,1086,3113
1816,3139,1916,3139,1916,3213,1816,3213
1926,3139,2063,3139,2063,3213,1926,3213
2068,3139,2157,3139,2157,3207,2068,3207
808,3144,981,3144,981,3213,808,3213
611,3155,792,3144,796,3215,615,3226
1632,3517,1711,3517,1711,3585,1632,3585
1239,3522,1396,3522,1396,3596,1239,3596
1433,3522,1632,3522,1632,3596,1433,3596
1039,3528,1123,3528,1123,3601,1039,3601
1123,3528,1233,3528,1233,3596,1123,3596
1401,3533,1433,3533,1433,3591,1401,3591
1249,3627,1281,3627,1281,3664,1249,3664
1333,3627,1365,3627,1365,3664,1333,3664
1417,3627,1449,3627,1449,3659,1417,3659
1286,3633,1323,3633,1323,3664,1286,3664
1842,3690,1979,3690,1979,3785,1842,3785
1737,3711,1827,3711,1827,3790,1737,3790
1487,3726,1721,3713,1725,3796,1491,3809
1995,3722,2142,3722,2142,3780,1995,3780
1034,3727,1186,3727,1186,3811,1034,3811
1312,3727,1470,3727,1470,3822,1312,3822
640,3748,813,3748,813,3832,640,3832
824,3748,1023,3748,1023,3832,824,3832
1202,3748,1296,3748,1296,3811,1202,3811
1874,3811,1974,3811,1974,3900,1874,3900
1727,3816,1863,3816,1863,3916,1727,3916
1127,3838,1532,3831,1534,3929,1129,3935
1564,3832,1716,3832,1716,3916,1564,3916
1008,3837,1113,3837,1113,3927,1008,3927
815,3835,1004,3851,996,3946,807,3930
