1239,217,1432,234,1425,308,1232,291
1435,221,1606,244,1597,309,1426,287
1097,309,1191,309,1191,378,1097,378
1191,315,1412,315,1412,388,1191,388
1412,320,1496,320,1496,388,1412,388
1501,325,1606,325,1606,383,1501,383
1622,325,1737,325,1737,399,1622,399
1233,393,1375,393,1375,472,1233,472
1060,399,1155,399,1155,467,1060,467
1165,399,1228,399,1228,462,1165,462
1422,409,1596,409,1596,477,1422,477
1591,410,1760,417,1758,484,1588,477
876,488,987,488,987,556,876,556
981,493,1060,493,1060,551,981,551
1071,493,1181,493,1181,556,1071,556
1197,498,1317,498,1317,567,1197,567
1323,504,1370,504,1370,561,1323,561
1388,499,1535,521,1526,582,1379,559
1538,509,1706,509,1706,567,1538,567
1716,514,1827,514,1827,577,1716,577
1837,514,1947,514,1947,582,1837,582
1302,582,1527,582,1527,640,1302,640
1029,656,1134,656,1134,714,1029,714
1186,661,1286,661,1286,724,1186,724
1286,659,1513,666,1511,727,1284,720
960,740,1134,740,1134,798,960,798
1186,740,1775,752,1774,824,1185,812
1785,766,1848,766,1848,813,1785,813
913,824,1134,824,1134,887,913,887
1333,834,1653,834,1653,903,1333,903
1191,845,1328,845,1328,892,1191,892
1659,850,1779,850,1779,897,1659,897
1785,855,1853,855,1853,897,1785,897
1065,939,1323,939,1323,1029,1065,1029
1338,945,1543,945,1543,1029,1338,1029
1554,950,1753,950,1753,1034,1554,1034
871,1123,950,1123,950,1181,871,1181
960,1128,1050,1128,1050,1202,960,1202
1128,1128,1249,1128,1249,1191,1128,1191
1050,1134,1118,1134,1118,1186,1050,1186
1260,1134,1359,1134,1359,1202,1260,1202
1370,1141,1473,1150,1469,1205,1366,1196
1480,1144,1648,1144,1648,1212,1480,1212
1659,1152,1805,1166,1799,1226,1653,1212
1806,1155,1937,1155,1937,1223,1806,1223
787,1202,976,1202,976,1286,787,1286
1055,1218,1139,1218,1139,1281,1055,1281
1506,1233,1806,1233,1806,1302,1506,1302
1827,1239,2000,1239,2000,1307,1827,1307
798,1302,897,1302,897,1359,798,1359
946,1300,1147,1309,1143,1378,942,1369
1192,1310,1514,1323,1511,1395,1189,1382
1596,1317,1680,1317,1680,1396,1596,1396
1685,1328,1816,1328,1816,1391,1685,1391
1832,1333,1989,1333,1989,1401,1832,1401
777,1407,897,1407,897,1470,777,1470
981,1417,1044,1417,1044,1475,981,1475
1041,1413,1250,1441,1242,1506,1032,1478
1895,1428,2031,1428,2031,1517,1895,1517
1344,1434,1473,1444,1469,1504,1340,1494
1485,1443,1596,1443,1596,1506,1485,1506
1685,1443,1879,1443,1879,1512,1685,1512
772,1512,1241,1530,1238,1602,769,1584
1275,1538,1428,1538,1428,1606,1275,1606
1433,1543,1669,1543,1669,1622,1433,1622
1674,1548,1774,1548,1774,1617,1674,1617
1785,1548,2016,1548,2016,1622,1785,1622
777,1611,960,1611,960,1669,777,1669
960,1611,1018,1611,1018,1664,960,1664
1344,1632,1428,1632,1428,1695,1344,1695
1422,1638,1527,1638,1527,1690,1422,1690
1533,1643,1601,1643,1601,1695,1533,1695
1758,1648,1832,1648,1832,1701,1758,1701
1837,1648,1947,1648,1947,1701,1837,1701
1953,1648,2021,1648,2021,1701,1953,1701
771,1690,1099,1702,1096,1774,769,1762
1092,1706,1233,1706,1233,1774,1092,1774
1270,1711,1502,1718,1501,1786,1268,1779
1512,1722,1638,1722,1638,1779,1512,1779
1648,1727,2000,1727,2000,1785,1648,1785
2000,1737,2026,1737,2026,1785,2000,1785
777,1785,887,1785,887,1842,777,1842
955,1790,1013,1790,1013,1842,955,1842
924,1800,960,1800,960,1848,924,1848
1338,1811,1422,1811,1422,1869,1338,1869
1422,1811,1527,1811,1527,1869,1422,1869
1533,1816,1601,1816,1601,1869,1533,1869
1758,1816,1827,1816,1827,1874,1758,1874
1837,1816,1947,1816,1947,1874,1837,1874
1953,1816,2021,1816,2021,1874,1953,1874
772,1868,1235,1884,1232,1956,769,1939
1265,1890,1354,1890,1354,1953,1265,1953
1359,1890,1470,1890,1470,1958,1359,1958
1475,1895,1590,1895,1590,1958,1475,1958
1596,1900,1653,1900,1653,1958,1596,1958
1661,1906,1836,1897,1840,1967,1665,1976
1848,1900,1995,1900,1995,1968,1848,1968
771,1963,882,1963,882,2016,771,2016
918,1974,955,1974,955,2021,918,2021
955,1968,1008,1968,1008,2016,955,2016
1176,1984,1207,1984,1207,2031,1176,2031
1370,1984,1527,1984,1527,2042,1370,2042
1522,1984,1596,1984,1596,2042,1522,2042
1753,1995,1842,1995,1842,2052,1753,2052
1837,1995,1942,1995,1942,2047,1837,2047
1947,1995,2021,1995,2021,2052,1947,2052
766,2044,1224,2056,1222,2127,765,2115
1260,2063,1344,2063,1344,2121,1260,2121
1354,2063,1543,2063,1543,2131,1354,2131
1554,2068,1664,2068,1664,2131,1554,2131
1670,2066,1763,2075,1757,2134,1664,2125
1774,2073,1879,2073,1879,2131,1774,2131
1890,2073,1958,2073,1958,2131,1890,2131
1979,2084,2010,2084,2010,2131,1979,2131
771,2142,876,2142,876,2194,771,2194
945,2142,1002,2142,1002,2194,945,2194
913,2152,945,2152,945,2199,913,2199
1170,2157,1197,2157,1197,2205,1170,2205
1370,2163,1412,2163,1412,2215,1370,2215
1407,2157,1512,2157,1512,2210,1407,2210
1522,2157,1590,2157,1590,2215,1522,2215
1827,2163,1937,2163,1937,2220,1827,2220
1785,2173,1816,2173,1816,2220,1785,2220
1942,2168,2010,2168,2010,2220,1942,2220
760,2230,909,2255,895,2337,746,2312
903,2252,1008,2252,1008,2325,903,2325
1722,2271,2017,2281,2015,2348,1719,2338
759,2319,907,2344,894,2421,746,2396
897,2336,966,2336,966,2399,897,2399
976,2344,1138,2357,1133,2417,971,2404
1147,2334,1290,2358,1279,2426,1135,2403
1863,2362,2016,2362,2016,2420,1863,2420
750,2415,876,2415,876,2483,750,2483
882,2425,1050,2425,1050,2488,882,2488
1055,2430,1128,2430,1128,2483,1055,2483
1722,2438,1842,2448,1837,2508,1717,2498
1832,2446,1947,2446,1947,2504,1832,2504
1942,2451,2016,2451,2016,2509,1942,2509
750,2499,876,2499,876,2567,750,2567
876,2509,950,2509,950,2567,876,2567
960,2509,1034,2509,1034,2567,960,2567
1044,2509,1144,2509,1144,2567,1044,2567
1155,2509,1312,2509,1312,2567,1155,2567
1895,2535,1937,2535,1937,2588,1895,2588
1942,2535,2010,2535,2010,2588,1942,2588
752,2584,902,2616,883,2705,734,2673
892,2614,997,2614,997,2682,892,2682
1001,2631,1135,2616,1143,2681,1008,2696
1149,2625,1228,2625,1228,2693,1149,2693
1884,2651,1937,2651,1937,2703,1884,2703
1932,2651,2005,2651,2005,2709,1932,2709
750,2819,876,2819,876,2877,750,2877
887,2829,945,2829,945,2877,887,2877
1748,2840,1863,2840,1863,2903,1748,2903
1884,2845,2010,2845,2010,2908,1884,2908
745,2908,777,2908,777,2961,745,2961
787,2908,861,2908,861,2961,787,2961
1769,2929,1932,2929,1932,2992,1769,2992
1932,2934,2000,2934,2000,2987,1932,2987
740,2987,813,2987,813,3050,740,3050
813,2992,887,2992,887,3045,813,3045
1769,3013,1916,3013,1916,3071,1769,3071
1932,3018,2005,3018,2005,3081,1932,3081
845,3097,939,3097,939,3176,845,3176
724,3108,834,3108,834,3171,724,3171
945,3118,1107,3118,1107,3176,945,3176
1118,3118,1244,3118,1244,3176,1118,3176
719,3202,866,3202,866,3260,719,3260
882,3207,1023,3207,1023,3265,882,3265
1685,3218,1811,3218,1811,3286,1685,3286
1800,3223,1921,3223,1921,3286,1800,3286
1921,3223,2000,3223,2000,3286,1921,3286
1394,3549,1631,3540,1634,3611,1397,3621
1060,3554,1134,3554,1134,3622,1060,3622
1134,3554,1233,3554,1233,3617,1134,3617
1228,3554,1365,3554,1365,3612,1228,3612
1275,3643,1302,3643,1302,3680,1275,3680
1307,3643,1338,3643,1338,3680,1307,3680
1344,3643,1375,3643,1375,3680,1344,3680
1380,3643,1412,3643,1412,3675,1380,3675
1743,3711,1853,3711,1853,3801,1743,3801
1436,3733,1642,3726,1645,3805,1439,3813
1648,3727,1727,3727,1727,3801,1648,3801
1863,3732,1984,3732,1984,3790,1863,3790
1281,3738,1427,3730,1432,3821,1287,3830
1050,3748,1181,3748,1181,3822,1050,3822
703,3753,855,3753,855,3832,703,3832
866,3757,1041,3764,1038,3844,863,3837
1197,3759,1275,3759,1275,3811,1197,3811
1769,3822,1858,3822,1858,3906,1769,3906
1126,3843,1479,3831,1483,3926,1129,3938
1506,3832,1638,3832,1638,3916,1506,3916
1643,3827,1764,3827,1764,3921,1643,3921
853,3847,1025,3870,1015,3953,842,3930
1023,3853,1113,3853,1113,3932,1023,3932
