1443,168,1527,168,1527,225,1443,225
1254,173,1438,173,1438,241,1254,241
1538,178,1611,178,1611,231,1538,231
1638,241,1753,241,1753,309,1638,309
1512,252,1627,252,1627,309,1512,309
1428,257,1506,257,1506,320,1428,320
1118,262,1207,262,1207,320,1118,320
1210,271,1422,260,1425,323,1213,334
1604,336,1768,329,1771,389,1607,396
1081,341,1170,341,1170,399,1081,399
1254,341,1375,341,1375,404,1254,404
1438,341,1611,341,1611,404,1438,404
1181,346,1244,346,1244,404,1181,404
1858,420,1968,420,1968,493,1858,493
1732,425,1853,425,1853,493,1732,493
897,430,1008,430,1008,493,897,493
1002,430,1076,430,1076,488,1002,488
1092,430,1202,430,1202,488,1092,488
1559,430,1727,430,1727,488,1559,488
1218,435,1338,435,1338,493,1218,493
1344,435,1386,435,1386,488,1344,488
1403,432,1553,447,1547,507,1397,491
1317,504,1396,504,1396,561,1317,561
1396,502,1550,510,1547,566,1393,558
1333,577,1533,577,1533,635,1333,635
1044,588,1149,588,1149,645,1044,645
1202,588,1302,588,1302,640,1202,640
1312,593,1338,593,1338,635,1312,635
1207,658,1801,665,1800,731,1206,724
981,666,1149,666,1149,724,981,724
1811,677,1874,677,1874,719,1811,719
1354,743,1681,751,1679,814,1353,806
924,750,1155,750,1155,808,924,808
1211,766,1343,759,1345,798,1213,805
1690,761,1806,761,1806,803,1690,803
1816,761,1884,761,1884,803,1816,803
1359,850,1569,850,1569,934,1359,934
1079,861,1338,852,1341,933,1081,942
1585,855,1785,855,1785,934,1585,934
1144,1039,1265,1039,1265,1102,1144,1102
1275,1044,1380,1044,1380,1102,1275,1102
1391,1044,1496,1044,1496,1102,1391,1102
1512,1044,1685,1044,1685,1113,1512,1113
971,1050,1060,1050,1060,1128,971,1128
882,1055,966,1055,966,1107,882,1107
1065,1055,1134,1055,1134,1107,1065,1107
1695,1053,1845,1060,1842,1119,1692,1112
1853,1060,1984,1060,1984,1118,1853,1118
803,1128,992,1128,992,1218,803,1218
1538,1128,1853,1128,1853,1197,1538,1197
1071,1134,1160,1134,1160,1202,1071,1202
1879,1134,2047,1134,2047,1202,1879,1202
1632,1218,1722,1218,1722,1296,1632,1296
1215,1229,1542,1216,1545,1291,1218,1303
1727,1228,1869,1228,1869,1296,1727,1296
966,1233,1165,1233,1165,1302,966,1302
1884,1233,2042,1233,2042,1302,1884,1302
819,1239,924,1239,924,1302,819,1302
1947,1338,2089,1338,2089,1422,1947,1422
1365,1344,1501,1344,1501,1407,1365,1407
1517,1349,1632,1349,1632,1412,1517,1412
1732,1345,1934,1351,1931,1423,1730,1417
808,1354,924,1354,924,1422,808,1422
1008,1354,1071,1354,1071,1417,1008,1417
1065,1358,1272,1365,1269,1429,1063,1421
1296,1454,1396,1454,1396,1522,1296,1522
1016,1464,1259,1458,1261,1530,1018,1536
1401,1459,1701,1459,1701,1527,1401,1527
798,1464,1023,1464,1023,1538,798,1538
1717,1461,1887,1471,1884,1532,1713,1522
1900,1464,2042,1464,2042,1533,1900,1533
807,1564,992,1558,994,1615,809,1622
987,1559,1044,1559,1044,1606,987,1606
1370,1559,1459,1559,1459,1622,1370,1622
1454,1559,1569,1559,1569,1617,1454,1617
1575,1559,1643,1559,1643,1617,1575,1617
1806,1564,1884,1564,1884,1622,1806,1622
1895,1564,2005,1564,2005,1627,1895,1627
2005,1569,2073,1569,2073,1622,2005,1622
1029,1638,1139,1638,1139,1716,1029,1716
1165,1643,1249,1643,1249,1706,1165,1706
1249,1643,1359,1643,1359,1701,1249,1701
929,1648,1023,1648,1023,1706,929,1706
1370,1648,1438,1648,1438,1701,1370,1701
802,1733,1259,1724,1261,1796,803,1804
1296,1732,1443,1732,1443,1800,1296,1800
1454,1732,1701,1732,1701,1800,1454,1800
1718,1733,1898,1752,1890,1826,1710,1807
1900,1753,2089,1753,2089,1800,1900,1800
976,1821,1034,1821,1034,1874,976,1874
803,1827,908,1827,908,1884,803,1884
945,1832,976,1832,976,1879,945,1879
1370,1832,1459,1832,1459,1884,1370,1884
1454,1832,1564,1832,1564,1884,1454,1884
1569,1832,1638,1832,1638,1884,1569,1884
1806,1837,1989,1837,1989,1895,1806,1895
2000,1837,2068,1837,2068,1890,2000,1890
1023,1911,1144,1911,1144,1989,1023,1989
913,1916,1013,1916,1013,1974,913,1974
1165,1916,1239,1916,1239,1974,1165,1974
1228,1916,1359,1916,1359,1979,1228,1979
1365,1921,1438,1921,1438,1974,1365,1974
803,2000,1260,2000,1260,2068,803,2068
1296,2000,1449,2000,1449,2068,1296,2068
1454,2005,1685,2005,1685,2068,1454,2068
1690,2005,1863,2005,1863,2063,1690,2063
1874,2010,2047,2010,2047,2068,1874,2068
803,2094,908,2094,908,2152,803,2152
976,2094,1034,2094,1034,2147,976,2147
934,2100,976,2100,976,2152,934,2152
1370,2100,1459,2100,1459,2163,1370,2163
1454,2100,1575,2100,1575,2157,1454,2157
1569,2100,1638,2100,1638,2152,1569,2152
1800,2100,1884,2100,1884,2163,1800,2163
1879,2100,1989,2100,1989,2157,1879,2157
1995,2105,2068,2105,2068,2157,1995,2157
808,2184,1260,2184,1260,2252,808,2252
1296,2184,1422,2184,1422,2241,1296,2241
1433,2184,1632,2184,1632,2247,1433,2247
1643,2184,1790,2184,1790,2257,1643,2257
1795,2184,1858,2184,1858,2241,1795,2241
1879,2184,2073,2184,2073,2252,1879,2252
819,2273,924,2273,924,2325,819,2325
950,2283,976,2283,976,2336,950,2336
976,2278,1034,2278,1034,2331,976,2331
1800,2278,1989,2278,1989,2336,1800,2336
1370,2283,1438,2283,1438,2336,1370,2336
1438,2283,1569,2283,1569,2341,1438,2341
1569,2283,1643,2283,1643,2336,1569,2336
1995,2283,2063,2283,2063,2336,1995,2336
815,2364,960,2396,942,2480,796,2447
1774,2394,2010,2394,2010,2462,1774,2462
950,2399,1039,2399,1039,2462,950,2462
2005,2404,2079,2404,2079,2467,2005,2467
811,2461,959,2485,947,2562,798,2539
950,2478,1013,2478,1013,2541,950,2541
1020,2485,1182,2504,1174,2570,1012,2551
1926,2493,1958,2493,1958,2541,1926,2541
1968,2488,2073,2488,2073,2546,1968,2546
1188,2484,1331,2504,1320,2577,1178,2557
803,2562,924,2562,924,2635,803,2635
1779,2567,1884,2567,1884,2630,1779,2630
934,2572,1097,2572,1097,2640,934,2640
1890,2572,2010,2572,2010,2630,1890,2630
2005,2577,2079,2577,2079,2630,2005,2630
1092,2583,1165,2583,1165,2646,1092,2646
798,2651,918,2651,918,2719,798,2719
1811,2656,1884,2656,1884,2714,1811,2714
1890,2656,2005,2656,2005,2724,1890,2724
924,2661,1002,2661,1002,2730,924,2730
1008,2661,1086,2661,1086,2735,1008,2735
2010,2661,2084,2661,2084,2719,2010,2719
1092,2672,1186,2672,1186,2730,1092,2730
1197,2672,1370,2672,1370,2740,1197,2740
803,2746,954,2779,935,2864,784,2830
939,2772,1050,2772,1050,2850,939,2850
1806,2782,1900,2782,1900,2850,1806,2850
1895,2782,2005,2782,2005,2850,1895,2850
2005,2787,2089,2787,2089,2856,2005,2856
1042,2796,1174,2789,1178,2855,1045,2863
1186,2793,1281,2793,1281,2871,1186,2871
798,2983,922,2993,916,3063,793,3054
1816,2992,1947,2992,1947,3066,1816,3066
1958,3003,2094,3003,2094,3071,1958,3071
771,3081,813,3081,813,3139,771,3139
819,3087,892,3087,892,3144,819,3144
1842,3092,1900,3092,1900,3160,1842,3160
1895,3092,2084,3092,2084,3160,1895,3160
766,3171,845,3171,845,3234,766,3234
850,3176,924,3176,924,3234,850,3234
1842,3186,1900,3186,1900,3255,1842,3255
1895,3186,2010,3186,2010,3255,1895,3255
2016,3192,2094,3192,2094,3255,2016,3255
887,3281,987,3281,987,3360,887,3360
771,3286,882,3286,882,3349,771,3349
992,3297,1160,3297,1160,3365,992,3365
1170,3302,1302,3302,1302,3365,1170,3365
777,3365,918,3365,918,3423,777,3423
934,3386,1071,3386,1071,3438,934,3438
1758,3402,1879,3402,1879,3470,1758,3470
1890,3407,2010,3407,2010,3475,1890,3475
2010,3412,2094,3412,2094,3470,2010,3470
1128,3690,1197,3690,1197,3748,1128,3748
1197,3701,1291,3701,1291,3748,1197,3748
1294,3696,1429,3717,1420,3773,1285,3752
1428,3711,1695,3711,1695,3769,1428,3769
1407,3795,1438,3795,1438,3822,1407,3822
1134,3832,1254,3832,1254,3895,1134,3895
808,3837,950,3837,950,3906,808,3906
955,3848,1123,3848,1123,3921,955,3921
1270,3853,1349,3853,1349,3900,1270,3900
1367,3847,1503,3866,1493,3937,1357,3918
1506,3869,1706,3869,1706,3937,1506,3937
1811,3869,1926,3869,1926,3948,1811,3948
1716,3874,1800,3874,1800,3937,1716,3937
1938,3895,2073,3908,2067,3963,1933,3950
1113,3916,1202,3916,1202,3990,1113,3990
1214,3905,1540,3940,1532,4009,1207,3974
953,3911,1114,3934,1103,4011,942,3988
1569,3953,1701,3953,1701,4026,1569,4026
1711,3958,1827,3958,1827,4026,1711,4026
1832,3963,1921,3963,1921,4026,1832,4026
