1244,183,1401,183,1401,246,1244,246
1407,189,1485,189,1485,241,1407,241
1480,199,1543,199,1543,252,1480,252
1139,262,1207,262,1207,315,1139,315
1204,268,1389,252,1394,313,1209,330
1391,262,1454,262,1454,315,1391,315
1464,262,1554,262,1554,315,1464,315
1564,262,1659,262,1659,315,1564,315
1186,330,1244,330,1244,388,1186,388
1244,330,1349,330,1349,388,1244,388
1107,336,1181,336,1181,388,1107,388
1401,336,1538,336,1538,388,1401,388
1538,336,1643,336,1643,388,1538,388
1643,341,1669,341,1669,383,1643,383
1732,399,1821,399,1821,462,1732,462
1638,409,1727,409,1727,467,1638,467
960,414,1118,414,1118,467,960,467
1118,414,1212,414,1212,467,1118,467
1218,414,1312,414,1312,472,1218,472
1328,420,1359,420,1359,467,1328,467
1371,411,1491,425,1485,480,1364,466
1496,414,1638,414,1638,467,1496,467
1302,483,1370,483,1370,530,1302,530
1365,483,1491,483,1491,530,1365,530
1086,551,1176,551,1176,603,1086,603
1212,551,1296,551,1296,603,1212,603
1317,551,1475,551,1475,603,1317,603
1296,561,1323,561,1323,603,1296,603
1216,625,1690,613,1691,674,1218,686
1034,619,1176,619,1176,672,1034,672
1695,624,1748,624,1748,661,1695,661
997,693,1176,693,1176,740,997,740
1337,708,1590,699,1591,745,1339,753
1601,703,1695,703,1695,740,1601,740
1701,703,1753,703,1753,735,1701,735
1223,708,1333,708,1333,740,1223,740
1118,782,1333,782,1333,855,1118,855
1514,785,1673,778,1677,855,1517,862
1338,787,1506,787,1506,861,1338,861
966,939,1034,939,1034,987,966,987
1176,939,1275,939,1275,997,1176,997
1034,945,1107,945,1107,1002,1034,1002
1113,950,1165,950,1165,997,1113,997
1275,950,1359,950,1359,1002,1275,1002
1365,950,1454,950,1454,1002,1365,1002
1459,950,1596,950,1596,1002,1459,1002
1722,955,1827,955,1827,1013,1722,1013
1601,960,1716,960,1716,1013,1601,1013
903,1002,1050,1002,1050,1071,903,1071
1113,1013,1181,1013,1181,1065,1113,1065
1475,1018,1722,1018,1722,1076,1475,1076
1737,1023,1879,1023,1879,1076,1737,1076
908,1086,1008,1086,1008,1139,908,1139
1029,1092,1191,1092,1191,1144,1029,1144
1223,1097,1286,1097,1286,1149,1223,1149
1279,1102,1480,1096,1482,1153,1281,1160
1548,1097,1617,1097,1617,1155,1548,1155
1622,1102,1732,1102,1732,1160,1622,1160
1743,1102,1869,1102,1869,1160,1743,1160
897,1176,992,1176,992,1233,897,1233
1055,1181,1107,1181,1107,1239,1055,1239
1104,1182,1276,1203,1269,1258,1097,1237
1795,1186,1905,1186,1905,1254,1795,1254
1344,1197,1454,1197,1454,1249,1344,1249
1464,1197,1554,1197,1554,1249,1464,1249
1622,1202,1785,1202,1785,1254,1622,1254
893,1255,1262,1276,1259,1339,889,1317
1291,1281,1407,1281,1407,1333,1291,1333
1412,1286,1590,1286,1590,1338,1412,1338
1602,1285,1699,1304,1688,1360,1591,1340
1695,1291,1916,1291,1916,1344,1695,1344
897,1344,992,1344,992,1391,897,1391
1039,1344,1086,1344,1086,1391,1039,1391
1018,1354,1044,1354,1044,1391,1018,1391
1349,1359,1412,1359,1412,1412,1349,1412
1412,1365,1501,1365,1501,1412,1412,1412
1501,1370,1559,1370,1559,1412,1501,1412
1685,1370,1748,1370,1748,1417,1685,1417
1748,1370,1837,1370,1837,1417,1748,1417
1837,1370,1895,1370,1895,1417,1837,1417
893,1405,1262,1422,1259,1480,890,1462
1291,1428,1480,1428,1480,1480,1291,1480
1475,1430,1609,1438,1605,1488,1472,1480
1606,1438,1911,1438,1911,1501,1606,1501
892,1485,987,1485,987,1533,892,1533
1013,1496,1044,1496,1044,1538,1013,1538
1044,1496,1086,1496,1086,1533,1044,1533
1344,1506,1401,1506,1401,1554,1344,1554
1412,1506,1496,1506,1496,1554,1412,1554
1501,1512,1559,1512,1559,1554,1501,1554
1680,1512,1832,1512,1832,1564,1680,1564
1832,1517,1890,1517,1890,1564,1832,1564
992,1559,1071,1559,1071,1606,992,1606
1076,1559,1170,1559,1170,1622,1076,1622
1186,1569,1254,1569,1254,1617,1186,1617
1249,1569,1338,1569,1338,1617,1249,1617
1338,1569,1396,1569,1396,1617,1338,1617
892,1617,1067,1624,1065,1680,890,1674
1060,1627,1254,1627,1254,1685,1060,1685
1286,1638,1412,1638,1412,1695,1286,1695
1417,1643,1580,1643,1580,1695,1417,1695
1591,1640,1897,1660,1893,1717,1587,1697
892,1695,987,1695,987,1743,892,1743
1013,1706,1044,1706,1044,1748,1013,1748
1044,1706,1086,1706,1086,1743,1044,1743
1338,1711,1412,1711,1412,1758,1338,1758
1401,1711,1491,1711,1491,1758,1401,1758
1496,1716,1548,1716,1548,1764,1496,1764
1669,1722,1821,1722,1821,1774,1669,1774
1827,1727,1879,1727,1879,1774,1827,1774
892,1760,1256,1771,1254,1828,891,1817
1281,1774,1407,1774,1407,1832,1281,1832
1417,1779,1580,1779,1580,1832,1417,1832
1586,1782,1887,1799,1884,1852,1583,1835
897,1842,987,1842,987,1879,897,1879
1013,1842,1039,1842,1039,1884,1013,1884
1039,1842,1086,1842,1086,1879,1039,1879
1338,1853,1485,1853,1485,1900,1338,1900
1491,1858,1548,1858,1548,1900,1491,1900
1669,1863,1816,1863,1816,1911,1669,1911
1821,1863,1874,1863,1874,1911,1821,1911
892,1897,1255,1906,1254,1964,891,1956
1281,1916,1407,1916,1407,1974,1281,1974
1412,1921,1569,1921,1569,1974,1412,1974
1580,1922,1891,1932,1889,1983,1578,1973
892,1974,981,1974,981,2021,892,2021
1013,1984,1039,1984,1039,2026,1013,2026
1039,1984,1081,1984,1081,2021,1039,2021
1333,1989,1401,1989,1401,2037,1333,2037
1396,1989,1480,1989,1480,2037,1396,2037
1485,1995,1543,1995,1543,2037,1485,2037
1664,2000,1727,2000,1727,2047,1664,2047
1727,2000,1811,2000,1811,2047,1727,2047
1811,2005,1869,2005,1869,2047,1811,2047
892,2039,1250,2046,1249,2100,891,2094
1275,2052,1401,2052,1401,2105,1275,2105
1412,2051,1566,2058,1564,2111,1410,2104
1575,2056,1881,2066,1879,2120,1573,2110
892,2110,981,2110,981,2157,892,2157
1039,2115,1081,2115,1081,2152,1039,2152
1008,2121,1039,2121,1039,2163,1008,2163
1333,2126,1401,2126,1401,2173,1333,2173
1417,2126,1480,2126,1480,2173,1417,2173
1480,2131,1538,2131,1538,2173,1480,2173
1659,2136,1806,2136,1806,2184,1659,2184
1811,2136,1863,2136,1863,2184,1811,2184
887,2174,1250,2180,1249,2237,886,2231
1270,2189,1386,2189,1386,2236,1270,2236
1396,2194,1559,2194,1559,2241,1396,2241
1569,2199,1606,2199,1606,2247,1569,2247
1617,2194,1711,2194,1711,2247,1617,2247
1722,2199,1800,2199,1800,2252,1722,2252
1811,2210,1863,2210,1863,2252,1811,2252
1008,2252,1039,2252,1039,2294,1008,2294
1034,2247,1076,2247,1076,2289,1034,2289
892,2252,981,2252,981,2294,892,2294
1328,2262,1391,2262,1391,2310,1328,2310
1391,2262,1475,2262,1475,2310,1391,2310
1480,2262,1533,2262,1533,2310,1480,2310
1653,2273,1722,2273,1722,2320,1653,2320
1716,2273,1806,2273,1806,2320,1716,2320
1806,2273,1863,2273,1863,2320,1806,2320
887,2306,1245,2315,1243,2372,886,2362
1270,2325,1380,2325,1380,2373,1270,2373
1396,2325,1554,2325,1554,2378,1396,2378
1564,2331,1606,2331,1606,2378,1564,2378
1611,2331,1711,2331,1711,2383,1611,2383
1795,2341,1863,2341,1863,2388,1795,2388
1722,2352,1795,2352,1795,2383,1722,2383
887,2383,981,2383,981,2430,887,2430
1008,2388,1034,2388,1034,2430,1008,2430
1034,2388,1076,2388,1076,2425,1034,2425
1386,2394,1475,2394,1475,2441,1386,2441
1328,2404,1391,2404,1391,2446,1328,2446
1475,2399,1533,2399,1533,2441,1475,2441
1653,2415,1716,2415,1716,2457,1653,2457
1711,2409,1795,2409,1795,2451,1711,2451
1800,2409,1858,2409,1858,2457,1800,2457
887,2472,918,2472,918,2514,887,2514
915,2462,1001,2479,990,2535,904,2518
997,2472,1081,2472,1081,2525,997,2525
1627,2493,1806,2493,1806,2546,1627,2546
1806,2499,1863,2499,1863,2546,1806,2546
887,2535,918,2535,918,2583,887,2583
915,2524,1004,2542,993,2598,904,2581
997,2535,1050,2535,1050,2583,997,2583
1051,2538,1185,2552,1179,2607,1045,2593
1181,2540,1295,2553,1289,2607,1175,2594
1743,2567,1769,2567,1769,2609,1743,2609
1774,2562,1858,2562,1858,2609,1774,2609
882,2593,976,2593,976,2646,882,2646
981,2598,1107,2598,1107,2651,981,2651
1113,2609,1170,2609,1170,2651,1113,2651
1627,2625,1711,2625,1711,2672,1627,2672
1716,2625,1800,2625,1800,2677,1716,2677
1800,2630,1863,2630,1863,2677,1800,2677
882,2661,971,2661,971,2714,882,2714
976,2672,1039,2672,1039,2719,976,2719
1044,2677,1102,2677,1102,2719,1044,2719
1186,2672,1317,2672,1317,2719,1186,2719
1107,2677,1186,2677,1186,2719,1107,2719
1800,2698,1858,2698,1858,2740,1800,2740
874,2734,991,2758,979,2818,862,2795
987,2751,1071,2751,1071,2803,987,2803
1076,2761,1181,2761,1181,2814,1076,2814
1181,2761,1249,2761,1249,2819,1181,2819
1711,2782,1795,2782,1795,2835,1711,2835
1680,2793,1706,2793,1706,2829,1680,2829
1800,2793,1853,2793,1853,2829,1800,2829
876,2908,976,2908,976,2955,876,2955
1648,2919,1743,2919,1743,2976,1648,2976
1753,2929,1853,2929,1853,2976,1753,2976
876,2976,903,2976,903,3018,876,3018
908,2971,966,2971,966,3018,908,3018
1643,2987,1706,2987,1706,3039,1643,3039
1706,2992,1790,2992,1790,3034,1706,3034
1790,2992,1848,2992,1848,3039,1790,3039
955,3050,1034,3050,1034,3108,955,3108
871,3060,955,3060,955,3102,871,3102
1039,3060,1160,3060,1160,3108,1039,3108
1165,3066,1265,3066,1265,3113,1165,3113
871,3123,987,3123,987,3165,871,3165
992,3123,1102,3123,1102,3171,992,3171
1596,3139,1685,3139,1685,3181,1596,3181
1690,3139,1779,3139,1779,3181,1690,3181
1779,3139,1842,3139,1842,3186,1779,3186
871,3218,929,3218,929,3270,871,3270
935,3220,1075,3234,1070,3283,930,3269
1086,3234,1160,3234,1160,3276,1086,3276
1307,3323,1459,3323,1459,3386,1307,3386
882,3333,955,3333,955,3370,882,3370
960,3328,1092,3328,1092,3370,960,3370
1099,3316,1215,3341,1205,3392,1088,3367
1464,3339,1554,3339,1554,3386,1464,3386
1677,3330,1832,3346,1826,3411,1671,3395
1564,3344,1669,3344,1669,3391,1564,3391
882,3386,950,3386,950,3423,882,3423
950,3381,1081,3381,1081,3428,950,3428
1088,3375,1206,3398,1195,3450,1078,3426
1496,3400,1828,3410,1826,3462,1494,3452
871,3433,987,3433,987,3480,871,3480
992,3433,1076,3433,1076,3486,992,3486
1081,3444,1191,3444,1191,3496,1081,3496
871,3491,987,3491,987,3543,871,3543
992,3496,1055,3496,1055,3543,992,3543
1061,3502,1175,3518,1169,3563,1055,3546
1181,3510,1299,3517,1296,3561,1178,3553
1302,3512,1375,3512,1375,3554,1302,3554
1128,3701,1181,3701,1181,3748,1128,3748
1176,3701,1349,3701,1349,3748,1176,3748
1349,3711,1370,3711,1370,3743,1349,3743
1365,3706,1543,3706,1543,3753,1365,3753
1617,3816,1701,3816,1701,3874,1617,3874
887,3822,987,3822,987,3874,887,3874
1118,3822,1218,3822,1218,3874,1118,3874
1291,3822,1391,3822,1391,3885,1291,3885
1396,3822,1543,3822,1543,3874,1396,3874
1548,3822,1606,3822,1606,3874,1548,3874
992,3825,1120,3832,1117,3887,989,3879
1228,3832,1286,3832,1286,3869,1228,3869
1711,3843,1800,3843,1800,3879,1711,3879
988,3878,1104,3893,1096,3956,980,3941
1176,3884,1423,3890,1422,3952,1174,3945
1102,3890,1170,3890,1170,3942,1102,3942
1438,3890,1538,3890,1538,3953,1438,3953
1632,3890,1695,3890,1695,3948,1632,3948
1543,3895,1632,3895,1632,3963,1543,3963
