1372,138,1542,153,1536,218,1366,203
1176,147,1370,147,1370,225,1176,225
1564,231,1685,231,1685,299,1564,299
1136,245,1354,234,1357,307,1140,318
1359,236,1438,236,1438,304,1359,304
1443,236,1554,236,1554,294,1443,294
1050,241,1139,241,1139,309,1050,309
1113,320,1176,320,1176,393,1113,393
1186,320,1323,320,1323,393,1186,393
1370,320,1701,320,1701,388,1370,388
1013,330,1107,330,1107,399,1013,399
1779,414,1900,414,1900,488,1779,488
1485,420,1653,420,1653,483,1485,483
1664,420,1774,420,1774,488,1664,488
1149,425,1275,425,1275,493,1149,493
1275,425,1317,425,1317,483,1275,483
1334,422,1479,436,1473,496,1328,482
834,430,945,430,945,493,834,493
945,430,1023,430,1023,493,945,493
1029,430,1134,430,1134,488,1029,488
1249,504,1480,504,1480,561,1249,561
987,588,1092,588,1092,645,987,645
1139,588,1239,588,1239,640,1139,640
1244,593,1270,593,1270,640,1244,640
1270,588,1422,588,1422,645,1270,645
1428,593,1459,593,1459,640,1428,640
1138,671,1721,659,1723,732,1139,744
924,672,1092,672,1092,729,924,729
1732,672,1795,672,1795,714,1732,714
1286,750,1606,750,1606,819,1286,819
876,756,1092,756,1092,808,876,808
1737,756,1800,756,1800,803,1737,803
1611,761,1727,761,1727,803,1611,803
1144,766,1281,766,1281,808,1144,808
1289,857,1494,851,1497,939,1292,946
1512,855,1701,855,1701,945,1512,945
1023,861,1275,861,1275,939,1023,939
824,1039,903,1039,903,1092,824,1092
1081,1039,1202,1039,1202,1102,1081,1102
913,1044,1002,1044,1002,1113,913,1113
1002,1044,1071,1044,1071,1102,1002,1102
1212,1044,1312,1044,1312,1113,1212,1113
1323,1050,1422,1050,1422,1107,1323,1107
1434,1045,1604,1055,1600,1116,1431,1107
1764,1055,1895,1055,1895,1123,1764,1123
1612,1059,1760,1066,1758,1125,1609,1118
740,1107,924,1107,924,1191,740,1191
1008,1123,1086,1123,1086,1181,1008,1181
1459,1129,1765,1138,1763,1201,1457,1191
1785,1139,1958,1139,1958,1207,1785,1207
750,1207,871,1207,871,1270,750,1270
897,1207,1092,1207,1092,1281,897,1281
1139,1218,1464,1218,1464,1286,1139,1286
1554,1218,1638,1218,1638,1296,1554,1296
1643,1228,1779,1228,1779,1296,1643,1296
1795,1233,1947,1233,1947,1302,1795,1302
745,1323,855,1323,855,1391,745,1391
934,1328,997,1328,997,1391,934,1391
993,1329,1201,1350,1195,1415,987,1394
1853,1333,1989,1333,1989,1417,1853,1417
1296,1344,1422,1344,1422,1401,1296,1401
1438,1344,1554,1344,1554,1412,1438,1412
1643,1349,1842,1349,1842,1412,1643,1412
740,1422,1198,1434,1196,1513,738,1502
1228,1449,1349,1449,1349,1506,1228,1506
1354,1449,1501,1449,1501,1512,1354,1512
1517,1449,1706,1449,1706,1517,1517,1517
1711,1454,1869,1454,1869,1522,1711,1522
1885,1457,1998,1465,1994,1524,1881,1516
750,1522,855,1522,855,1580,750,1580
892,1533,924,1533,924,1580,892,1580
924,1527,976,1527,976,1580,924,1580
1265,1543,1386,1543,1386,1601,1265,1601
1380,1543,1485,1543,1485,1601,1380,1601
1491,1548,1559,1548,1559,1601,1491,1601
1685,1548,1795,1548,1795,1611,1685,1611
1795,1548,1900,1548,1900,1606,1795,1606
1905,1554,1974,1554,1974,1606,1905,1606
971,1611,1086,1611,1086,1690,971,1690
871,1617,960,1617,960,1674,871,1674
1107,1622,1223,1622,1223,1685,1107,1685
1212,1627,1323,1627,1323,1680,1212,1680
1328,1627,1396,1627,1396,1680,1328,1680
751,1687,1198,1701,1196,1772,748,1758
1233,1706,1349,1706,1349,1764,1233,1764
1354,1711,1496,1711,1496,1764,1354,1764
1506,1711,1690,1711,1690,1769,1506,1769
1701,1711,1858,1711,1858,1779,1701,1779
1869,1713,1983,1722,1978,1782,1865,1773
756,1779,866,1779,866,1837,756,1837
897,1779,987,1779,987,1837,897,1837
1270,1795,1370,1795,1370,1853,1270,1853
1375,1795,1480,1795,1480,1853,1375,1853
1485,1800,1554,1800,1554,1853,1485,1853
1674,1800,1779,1800,1779,1858,1674,1858
1785,1806,1890,1806,1890,1858,1785,1858
1895,1806,1963,1806,1963,1863,1895,1863
876,1869,966,1869,966,1926,876,1926
976,1869,1081,1869,1081,1937,976,1937
1107,1874,1223,1874,1223,1932,1107,1932
1218,1879,1317,1879,1317,1932,1218,1932
1328,1879,1391,1879,1391,1932,1328,1932
754,1952,901,1975,889,2052,741,2029
892,1968,992,1968,992,2031,892,2031
1675,1988,1891,1995,1889,2061,1673,2055
1895,2000,1963,2000,1963,2052,1895,2052
752,2034,900,2050,891,2130,743,2113
892,2052,955,2052,955,2110,892,2110
966,2055,1122,2069,1117,2128,961,2115
1130,2053,1258,2075,1247,2136,1120,2115
1821,2084,1853,2084,1853,2136,1821,2136
1858,2079,1958,2079,1958,2136,1858,2136
750,2126,871,2126,871,2189,750,2189
882,2131,1029,2131,1029,2189,882,2189
1039,2142,1113,2142,1113,2194,1039,2194
1674,2152,1795,2152,1795,2220,1674,2220
1779,2157,1884,2157,1884,2215,1779,2215
1895,2163,1963,2163,1963,2215,1895,2215
750,2205,866,2205,866,2268,750,2268
871,2215,945,2215,945,2273,871,2273
955,2215,1023,2215,1023,2273,955,2273
1034,2220,1128,2220,1128,2273,1034,2273
1139,2220,1291,2220,1291,2278,1139,2278
1890,2241,1963,2241,1963,2294,1890,2294
752,2296,898,2313,889,2393,743,2376
887,2315,992,2315,992,2378,887,2378
990,2327,1115,2312,1123,2377,998,2392
1128,2325,1212,2325,1212,2399,1128,2399
1701,2357,1785,2357,1785,2409,1701,2409
1779,2357,1884,2357,1884,2415,1779,2415
1890,2362,1958,2362,1958,2415,1890,2415
750,2514,871,2514,871,2572,750,2572
1707,2543,1826,2555,1820,2614,1701,2602
1837,2556,1958,2556,1958,2614,1837,2614
740,2598,771,2598,771,2651,740,2651
782,2593,850,2593,850,2651,782,2651
1701,2630,1958,2630,1958,2693,1701,2693
840,2698,934,2698,934,2772,840,2772
735,2703,834,2703,834,2772,735,2772
934,2719,1086,2719,1086,2777,934,2777
1102,2719,1218,2719,1218,2782,1102,2782
735,2787,866,2787,866,2845,735,2845
876,2798,1008,2798,1008,2850,876,2850
1643,2824,1758,2824,1758,2892,1643,2892
1764,2835,1874,2835,1874,2892,1764,2892
1879,2835,1953,2835,1953,2892,1879,2892
729,2913,803,2913,803,2971,729,2971
809,2920,982,2941,974,3001,802,2980
987,2934,1086,2934,1086,2987,987,2987
745,3060,771,3060,771,3102,745,3102
766,3055,829,3055,829,3113,766,3113
840,3060,997,3060,997,3118,840,3118
1010,3063,1152,3087,1142,3145,1001,3121
1186,3081,1323,3081,1323,3139,1186,3139
1333,3092,1459,3092,1459,3144,1333,3144
1625,3098,1926,3088,1928,3153,1627,3163
1475,3097,1622,3097,1622,3155,1475,3155
724,3139,813,3139,813,3192,724,3192
824,3135,989,3142,986,3203,822,3196
1000,3135,1140,3166,1126,3229,986,3198
1515,3175,1915,3158,1918,3215,1517,3232
724,3207,866,3207,866,3270,724,3270
876,3218,981,3218,981,3276,876,3276
992,3228,1128,3228,1128,3297,992,3297
1816,3234,1911,3234,1911,3286,1816,3286
724,3286,861,3286,861,3349,724,3349
876,3297,950,3297,950,3354,876,3354
956,3302,1102,3319,1095,3379,949,3362
1113,3308,1262,3329,1253,3390,1104,3369
1265,3323,1354,3323,1354,3381,1265,3381
1320,3566,1563,3552,1566,3609,1323,3624
1197,3570,1317,3570,1317,3622,1197,3622
1044,3575,1107,3575,1107,3622,1044,3622
1102,3575,1191,3575,1191,3627,1102,3627
1648,3654,1753,3654,1753,3717,1648,3717
1575,3664,1638,3664,1638,3722,1575,3722
1764,3675,1879,3675,1879,3722,1764,3722
1379,3698,1557,3674,1565,3734,1387,3758
750,3701,871,3701,871,3759,750,3759
883,3704,1037,3717,1032,3777,877,3764
1254,3706,1380,3706,1380,3774,1254,3774
1039,3711,1160,3711,1160,3769,1039,3769
1170,3722,1244,3722,1244,3769,1170,3769
1664,3727,1743,3727,1743,3790,1664,3790
1559,3732,1664,3732,1664,3801,1559,3801
1438,3748,1548,3748,1548,3806,1438,3806
1201,3787,1411,3761,1419,3825,1209,3851
878,3767,1019,3783,1012,3846,871,3831
1023,3780,1102,3780,1102,3837,1023,3837
1118,3780,1197,3780,1197,3827,1118,3827
