1401,215,1527,215,1527,294,1401,294
1165,220,1391,220,1391,304,1165,304
1517,231,1611,231,1611,299,1517,299
1638,315,1785,315,1785,399,1638,399
1491,320,1627,320,1627,399,1491,399
1118,325,1244,325,1244,420,1118,420
1239,325,1375,325,1375,399,1239,399
1380,325,1475,325,1475,399,1380,399
997,330,1113,330,1113,409,997,409
1157,425,1332,417,1336,502,1161,510
1396,425,1606,425,1606,504,1396,504
1601,425,1806,425,1806,504,1601,504
1076,430,1155,430,1155,514,1076,514
955,441,1065,441,1065,514,955,514
1538,546,1753,546,1753,624,1538,624
1764,546,1905,546,1905,630,1764,630
1916,546,2058,546,2058,624,1916,624
1118,551,1270,551,1270,635,1118,635
1281,551,1338,551,1338,619,1281,619
1355,548,1532,562,1527,638,1349,624
724,556,855,556,855,630,724,630
861,556,955,556,955,630,861,630
971,556,1102,556,1102,624,971,624
1249,645,1538,645,1538,719,1249,719
1113,750,1512,750,1512,824,1113,824
918,756,1050,756,1050,829,918,829
1118,850,1842,850,1842,939,1118,939
838,861,1054,853,1057,928,840,936
1853,866,1932,866,1932,913,1853,913
782,966,1060,966,1060,1034,782,1034
1307,966,1701,966,1701,1050,1307,1050
1706,971,1842,971,1842,1023,1706,1023
1858,971,1937,971,1937,1018,1858,1018
1128,976,1286,976,1286,1029,1128,1029
1575,1086,1816,1086,1816,1191,1575,1191
971,1092,1291,1092,1291,1197,971,1197
1307,1092,1559,1092,1559,1197,1307,1197
1065,1323,1212,1323,1212,1407,1065,1407
1900,1328,2058,1328,2058,1412,1900,1412
740,1333,845,1333,845,1407,740,1407
850,1333,960,1333,960,1417,850,1417
1223,1333,1344,1333,1344,1407,1223,1407
1360,1330,1494,1338,1490,1409,1356,1401
1501,1333,1701,1333,1701,1407,1501,1407
971,1338,1055,1338,1055,1412,971,1412
1716,1344,1895,1344,1895,1412,1716,1412
1929,1428,2136,1419,2139,1499,1932,1508
645,1422,876,1422,876,1533,645,1533
1531,1436,1900,1425,1902,1502,1533,1513
976,1438,1081,1438,1081,1517,976,1517
1648,1538,1748,1538,1748,1627,1648,1627
1942,1538,2131,1538,2131,1622,1942,1622
1148,1554,1538,1547,1539,1628,1150,1635
1758,1548,1916,1548,1916,1622,1758,1622
850,1554,1086,1554,1086,1632,850,1632
666,1559,813,1559,813,1632,666,1632
2023,1662,2192,1655,2196,1753,2027,1760
1764,1685,2005,1685,2005,1758,1764,1758
1517,1690,1653,1690,1653,1764,1517,1764
651,1695,798,1695,798,1774,651,1774
903,1694,1225,1706,1222,1786,900,1773
1338,1695,1501,1695,1501,1764,1338,1764
2026,1806,2215,1806,2215,1884,2026,1884
1260,1816,1800,1816,1800,1905,1260,1905
1817,1811,2015,1827,2009,1904,1811,1888
649,1833,1212,1822,1214,1904,651,1915
1911,1926,2110,1926,2110,2005,1911,2005
2110,1926,2205,1926,2205,1989,2110,1989
882,1937,945,1937,945,2000,882,2000
1449,1937,1585,1937,1585,2010,1449,2010
1590,1937,1674,1937,1674,2000,1590,2000
654,1948,797,1940,801,2011,658,2018
1391,1942,1454,1942,1454,2005,1391,2005
834,1947,882,1947,882,2005,834,2005
1921,2063,2215,2063,2215,2147,1921,2147
652,2076,829,2092,821,2177,644,2161
829,2084,960,2084,960,2157,829,2157
2026,2168,2215,2168,2215,2241,2026,2241
654,2168,837,2191,825,2288,642,2265
834,2184,918,2184,918,2262,834,2262
1136,2176,1308,2193,1300,2272,1128,2255
929,2187,1133,2200,1128,2276,924,2263
1989,2273,2131,2273,2131,2346,1989,2346
2131,2273,2226,2273,2226,2341,2131,2341
1932,2278,1995,2278,1995,2346,1932,2346
651,2289,808,2289,808,2373,651,2373
1029,2289,1123,2289,1123,2362,1029,2362
819,2294,1018,2294,1018,2367,819,2367
2073,2383,2126,2383,2126,2446,2073,2446
2131,2383,2226,2383,2226,2451,2131,2451
651,2388,803,2388,803,2478,651,2478
1153,2392,1353,2384,1356,2461,1155,2469
813,2399,908,2399,908,2472,813,2472
918,2399,1013,2399,1013,2472,918,2472
1023,2399,1149,2399,1149,2467,1023,2467
834,2530,971,2530,971,2614,834,2614
1137,2549,1251,2520,1270,2599,1157,2628
2073,2530,2126,2530,2126,2598,2073,2598
2136,2535,2226,2535,2226,2604,2136,2604
663,2533,835,2549,827,2634,655,2618
969,2551,1139,2528,1150,2607,980,2630
1916,2782,2068,2782,2068,2861,1916,2861
2084,2787,2247,2787,2247,2861,2084,2861
666,2803,824,2803,824,2871,666,2871
2016,2892,2236,2892,2236,2971,2016,2971
719,2908,813,2908,813,2976,719,2976
803,3039,918,3039,918,3129,803,3129
1144,3050,1296,3050,1296,3129,1144,3129
661,3055,792,3055,792,3129,661,3129
929,3055,1128,3055,1128,3129,929,3129
2010,3160,2157,3160,2157,3239,2010,3239
2163,3160,2262,3160,2262,3234,2163,3234
1942,3165,2016,3165,2016,3244,1942,3244
656,3171,918,3171,918,3244,656,3244
1498,3572,1789,3560,1792,3640,1502,3652
1176,3575,1296,3575,1296,3648,1176,3648
1296,3575,1459,3575,1459,3654,1296,3654
1464,3580,1496,3580,1496,3638,1464,3638
1092,3580,1176,3580,1176,3648,1092,3648
1391,3685,1428,3685,1428,3722,1391,3722
1438,3685,1475,3685,1475,3722,1438,3722
1480,3685,1517,3685,1517,3722,1480,3722
1307,3690,1338,3690,1338,3727,1307,3727
1344,3685,1386,3685,1386,3727,1344,3727
1932,3764,2079,3764,2079,3869,1932,3869
704,3772,876,3783,870,3864,698,3852
1548,3786,1803,3767,1811,3864,1555,3883
1816,3774,1916,3774,1916,3864,1816,3864
1092,3785,1244,3785,1244,3874,1092,3874
882,3787,1086,3807,1078,3891,874,3872
1375,3795,1543,3795,1543,3900,1375,3900
2094,3811,2262,3811,2262,3879,2094,3879
1260,3816,1359,3816,1359,3885,1260,3885
880,3886,1067,3919,1052,4007,864,3974
1065,3890,1170,3890,1170,3984,1065,3984
1191,3900,1323,3900,1323,3995,1191,3995
1963,3895,2079,3895,2079,3995,1963,3995
1638,3906,1800,3906,1800,3990,1638,3990
1811,3900,1958,3900,1958,4000,1811,4000
1297,3925,1600,3885,1614,3992,1312,4032
