1249,89,1422,89,1422,157,1249,157
1433,89,1517,89,1517,141,1433,141
1517,94,1590,94,1590,147,1517,147
1611,162,1722,162,1722,225,1611,225
1412,168,1491,168,1491,236,1412,236
1496,168,1601,168,1601,225,1496,225
1209,181,1416,171,1420,244,1213,255
1123,183,1207,183,1207,241,1123,241
1249,252,1380,252,1380,320,1249,320
1422,252,1590,252,1590,320,1422,320
1585,252,1743,252,1743,315,1585,315
1186,262,1244,262,1244,320,1186,320
1092,267,1176,267,1176,325,1092,325
1821,341,1932,341,1932,409,1821,409
1538,346,1695,346,1695,404,1538,404
1706,346,1816,346,1816,414,1706,414
1333,351,1380,351,1380,409,1333,409
1391,349,1526,359,1521,421,1386,411
1107,357,1207,357,1207,414,1107,414
1218,357,1328,357,1328,414,1218,414
924,362,1097,362,1097,420,924,420
1386,425,1533,425,1533,483,1386,483
1312,430,1391,430,1391,483,1312,483
1212,509,1302,509,1302,567,1212,567
1333,509,1512,509,1512,567,1333,567
1065,514,1165,514,1165,572,1065,572
1312,519,1328,519,1328,561,1312,561
1212,588,1774,588,1774,656,1212,656
1013,598,1170,598,1170,651,1013,651
1774,598,1837,598,1837,640,1774,640
966,677,1170,677,1170,735,966,735
1354,677,1653,677,1653,740,1354,740
1659,682,1774,682,1774,724,1659,724
1779,682,1842,682,1842,724,1779,724
1218,687,1349,687,1349,729,1218,729
1365,777,1554,777,1554,866,1365,866
1569,777,1748,777,1748,861,1569,861
1107,782,1344,782,1344,866,1107,866
1176,966,1286,966,1286,1029,1176,1029
1292,963,1389,971,1384,1031,1287,1023
939,971,1013,971,1013,1023,939,1023
1018,971,1097,971,1097,1034,1018,1034
1391,971,1491,971,1491,1023,1391,1023
1501,971,1653,971,1653,1029,1501,1029
1102,976,1165,976,1165,1029,1102,1029
1664,975,1802,982,1799,1041,1661,1034
1806,976,1926,976,1926,1039,1806,1039
871,1039,1039,1039,1039,1123,871,1123
1107,1050,1186,1050,1186,1113,1107,1113
1522,1050,1800,1050,1800,1107,1522,1107
1827,1050,1989,1050,1989,1118,1827,1118
876,1134,987,1134,987,1191,876,1191
1606,1134,1685,1134,1685,1207,1606,1207
1013,1139,1191,1139,1191,1202,1013,1202
1202,1139,1527,1139,1527,1202,1202,1202
1690,1144,1811,1144,1811,1202,1690,1202
1832,1144,1979,1144,1979,1207,1832,1207
866,1239,971,1239,971,1296,866,1296
1890,1239,2016,1239,2016,1317,1890,1317
1044,1244,1102,1244,1102,1302,1044,1302
1097,1246,1289,1260,1285,1320,1093,1306
1375,1249,1496,1249,1496,1307,1375,1307
1506,1249,1611,1249,1611,1312,1506,1312
1690,1249,1879,1249,1879,1317,1690,1317
861,1338,1160,1338,1160,1407,861,1407
1181,1349,1275,1349,1275,1407,1181,1407
1318,1345,1474,1360,1469,1420,1312,1406
1480,1354,1564,1354,1564,1407,1480,1407
1575,1350,1716,1365,1710,1421,1570,1406
1727,1354,1884,1354,1884,1417,1727,1417
1890,1354,2000,1354,2000,1417,1890,1417
866,1422,966,1422,966,1475,866,1475
1034,1428,1081,1428,1081,1470,1034,1470
1002,1433,1034,1433,1034,1475,1002,1475
1375,1438,1548,1438,1548,1491,1375,1491
1554,1438,1617,1438,1617,1491,1554,1491
1764,1443,1842,1443,1842,1496,1764,1496
1832,1443,1937,1443,1937,1496,1832,1496
1937,1443,2005,1443,2005,1496,1937,1496
1065,1501,1170,1501,1170,1569,1065,1569
976,1506,1060,1506,1060,1559,976,1559
1197,1512,1265,1512,1265,1564,1197,1564
1270,1512,1370,1512,1370,1564,1270,1564
1375,1512,1438,1512,1438,1564,1375,1564
855,1575,1271,1585,1270,1645,854,1635
1312,1585,1401,1585,1401,1643,1312,1643
1517,1596,2016,1596,2016,1664,1517,1664
1407,1601,1506,1601,1506,1659,1407,1659
861,1659,960,1659,960,1711,861,1711
997,1669,1029,1669,1029,1716,997,1716
1023,1664,1076,1664,1076,1711,1023,1711
1228,1680,1260,1680,1260,1722,1228,1722
1375,1674,1443,1674,1443,1727,1375,1727
1449,1674,1548,1674,1548,1727,1449,1727
1548,1680,1611,1680,1611,1727,1548,1727
1758,1680,1821,1680,1821,1732,1758,1732
1832,1680,1932,1680,1932,1732,1832,1732
1937,1685,2000,1685,2000,1732,1937,1732
1065,1743,1170,1743,1170,1811,1065,1811
971,1748,1060,1748,1060,1800,971,1800
1191,1748,1365,1748,1365,1806,1191,1806
1370,1753,1433,1753,1433,1806,1370,1806
855,1813,1271,1820,1270,1881,854,1874
1307,1827,1401,1827,1401,1884,1307,1884
1412,1832,1464,1832,1464,1884,1412,1884
1470,1832,1596,1832,1596,1884,1470,1884
1606,1832,1953,1832,1953,1890,1606,1890
1968,1858,2000,1858,2000,1900,1968,1900
861,1900,960,1900,960,1953,861,1953
1023,1900,1076,1900,1076,1947,1023,1947
992,1911,1023,1911,1023,1953,992,1953
1228,1916,1254,1916,1254,1958,1228,1958
1401,1916,1543,1916,1543,1968,1401,1968
1543,1916,1611,1916,1611,1968,1543,1968
1827,1916,1926,1916,1926,1968,1827,1968
1753,1921,1837,1921,1837,1968,1753,1968
1932,1921,2000,1921,2000,1968,1932,1968
849,1984,984,2008,971,2079,837,2055
981,2000,1076,2000,1076,2063,981,2063
1732,2016,2010,2016,2010,2079,1732,2079
847,2066,981,2081,973,2151,839,2136
976,2079,1039,2079,1039,2136,976,2136
1204,2077,1337,2101,1325,2169,1192,2144
1050,2087,1199,2095,1196,2154,1047,2146
1837,2100,1916,2100,1916,2152,1837,2152
1911,2100,2010,2100,2010,2152,1911,2152
840,2152,950,2152,950,2215,840,2215
960,2163,1107,2163,1107,2220,960,2220
1118,2168,1186,2168,1186,2220,1118,2220
1737,2178,1832,2178,1832,2231,1737,2231
1837,2178,1937,2178,1937,2231,1837,2231
1942,2178,2010,2178,2010,2236,1942,2236
834,2231,950,2231,950,2294,834,2294
955,2241,1023,2241,1023,2294,955,2294
1034,2241,1102,2241,1102,2299,1034,2299
1107,2241,1202,2241,1202,2294,1107,2294
1207,2241,1359,2241,1359,2299,1207,2299
1942,2262,2010,2262,2010,2310,1942,2310
831,2329,967,2353,956,2420,819,2396
966,2341,1065,2341,1065,2404,966,2404
1071,2352,1191,2352,1191,2415,1071,2415
1202,2352,1281,2352,1281,2415,1202,2415
1764,2367,1942,2367,1942,2425,1764,2425
1937,2373,2005,2373,2005,2425,1937,2425
834,2535,950,2535,950,2588,834,2588
966,2546,1018,2546,1018,2588,966,2588
1764,2546,1874,2546,1874,2604,1764,2604
1890,2551,2010,2551,2010,2604,1890,2604
829,2619,861,2619,861,2667,829,2667
871,2614,939,2614,939,2667,871,2667
1790,2625,1932,2625,1932,2682,1790,2682
1937,2630,2005,2630,2005,2682,1937,2682
866,2693,939,2693,939,2745,866,2745
829,2703,861,2703,861,2745,829,2745
1779,2703,2000,2703,2000,2761,1779,2761
929,2793,1023,2793,1023,2861,929,2861
819,2798,918,2798,918,2856,819,2856
1186,2798,1302,2798,1302,2856,1186,2856
1029,2803,1176,2803,1176,2856,1029,2856
824,2882,955,2882,955,2934,824,2934
971,2882,1097,2882,1097,2934,971,2934
1706,2892,1811,2892,1811,2950,1706,2950
1816,2892,1932,2892,1932,2955,1816,2955
1932,2898,2000,2898,2000,2950,1932,2950
819,2997,897,2997,897,3071,819,3071
898,3005,1069,3019,1064,3078,893,3065
1076,3008,1170,3008,1170,3060,1076,3060
929,3139,1086,3139,1086,3197,929,3197
824,3144,918,3144,918,3197,824,3197
1098,3136,1238,3152,1231,3211,1092,3196
1396,3144,1522,3144,1522,3197,1396,3197
1538,3144,1664,3144,1664,3202,1538,3202
1674,3144,1800,3144,1800,3207,1674,3207
1813,3149,2000,3172,1992,3235,1806,3212
918,3218,1076,3218,1076,3276,918,3276
1082,3215,1222,3229,1216,3290,1076,3276
813,3223,903,3223,903,3276,813,3276
1591,3216,1987,3235,1984,3297,1588,3277
813,3291,960,3291,960,3365,813,3365
966,3297,1071,3297,1071,3354,966,3354
1076,3302,1218,3302,1218,3370,1076,3370
1842,3312,1979,3312,1979,3370,1842,3370
813,3375,950,3375,950,3438,813,3438
960,3375,1039,3375,1039,3433,960,3433
1046,3371,1191,3387,1184,3447,1039,3431
1197,3372,1343,3386,1337,3446,1192,3433
1349,3375,1438,3375,1438,3428,1349,3428
1134,3633,1197,3633,1197,3690,1134,3690
1191,3633,1281,3633,1281,3690,1191,3690
1286,3633,1407,3633,1407,3690,1286,3690
1433,3633,1643,3633,1643,3685,1433,3685
1412,3643,1428,3643,1428,3680,1412,3680
1291,3711,1323,3711,1323,3743,1291,3743
1323,3711,1449,3711,1449,3743,1323,3743
1470,3780,1653,3780,1653,3848,1470,3848
1743,3780,1848,3780,1848,3853,1743,3853
1344,3785,1464,3785,1464,3853,1344,3853
1659,3785,1727,3785,1727,3843,1659,3843
1128,3790,1244,3790,1244,3853,1128,3853
1260,3795,1328,3795,1328,3843,1260,3843
829,3801,960,3801,960,3864,829,3864
966,3806,1118,3806,1118,3864,966,3864
1858,3806,1968,3806,1968,3853,1858,3853
1195,3869,1516,3856,1519,3931,1198,3944
1527,3864,1648,3864,1648,3932,1527,3932
1107,3869,1191,3869,1191,3942,1107,3942
1653,3869,1758,3869,1758,3942,1653,3942
1758,3869,1842,3869,1842,3937,1758,3937
962,3867,1108,3882,1101,3956,954,3941
