1055,204,1275,204,1275,288,1055,288
1286,210,1480,210,1480,273,1286,273
1517,283,1653,283,1653,351,1517,351
1370,294,1501,294,1501,351,1370,351
1126,311,1257,294,1266,366,1135,382
1265,299,1354,299,1354,362,1265,362
999,327,1138,303,1153,387,1013,411
892,315,1002,315,1002,388,892,388
1480,378,1680,378,1680,451,1480,451
1276,389,1479,375,1484,450,1281,465
1051,407,1221,394,1227,473,1057,485
971,409,1050,409,1050,483,971,483
850,414,960,414,960,483,850,483
1422,483,1632,483,1632,556,1422,556
1785,489,1915,480,1921,561,1791,570
1638,488,1779,488,1779,567,1638,567
1244,502,1419,509,1416,579,1241,572
1170,509,1223,509,1223,572,1170,572
1013,514,1160,514,1160,588,1013,588
624,519,756,519,756,593,624,593
756,519,855,519,855,593,756,593
866,525,1002,525,1002,593,866,593
1135,599,1416,579,1422,652,1140,672
1125,695,1401,680,1405,755,1129,771
1008,703,1128,703,1128,777,1008,777
813,708,945,708,945,782,813,782
1006,786,1732,767,1734,858,1008,876
1737,787,1816,787,1816,840,1737,840
732,809,949,800,952,875,735,883
1190,893,1737,882,1738,957,1192,968
1753,892,1827,892,1827,939,1753,939
672,908,950,908,950,976,672,976
1013,908,1181,908,1181,960,1013,960
1469,1002,1716,1002,1716,1107,1469,1107
853,1012,1175,1005,1177,1112,855,1119
1197,1013,1454,1013,1454,1113,1197,1113
946,1249,1100,1241,1105,1327,950,1335
1107,1254,1233,1254,1233,1328,1107,1328
1249,1254,1380,1254,1380,1328,1249,1328
1396,1254,1601,1254,1601,1328,1396,1328
1800,1254,1963,1254,1963,1338,1800,1338
614,1260,724,1260,724,1333,614,1333
735,1260,840,1260,840,1349,735,1349
850,1260,939,1260,939,1338,850,1338
1612,1263,1792,1270,1790,1345,1609,1338
1823,1355,2036,1341,2041,1425,1828,1438
525,1349,756,1349,756,1459,525,1459
1422,1354,1800,1354,1800,1433,1422,1433
861,1365,960,1365,960,1443,861,1443
1543,1459,1648,1459,1648,1554,1543,1554
1848,1464,2037,1464,2037,1548,1848,1548
1033,1480,1433,1474,1434,1555,1034,1561
1659,1475,1821,1475,1821,1554,1659,1554
724,1480,971,1480,971,1564,724,1564
535,1485,698,1485,698,1559,535,1559
1929,1584,2107,1576,2112,1674,1933,1682
1669,1611,1916,1611,1916,1685,1669,1685
1417,1622,1554,1622,1554,1690,1417,1690
535,1627,677,1627,677,1706,535,1706
782,1627,866,1627,866,1701,782,1701
1233,1627,1401,1627,1401,1695,1233,1695
857,1630,1121,1643,1117,1723,853,1709
2063,1737,2105,1737,2105,1795,2063,1795
1643,1743,1800,1743,1800,1821,1643,1821
1811,1743,1911,1743,1911,1816,1811,1816
1365,1748,1459,1748,1459,1827,1365,1827
1470,1748,1632,1748,1632,1821,1470,1821
1921,1748,2047,1748,2047,1816,1921,1816
1155,1753,1349,1753,1349,1832,1155,1832
675,1764,1112,1755,1114,1836,677,1845
540,1769,682,1769,682,1842,540,1842
1814,1859,2015,1849,2018,1925,1817,1935
2021,1853,2105,1853,2105,1911,2021,1911
1289,1869,1485,1862,1488,1937,1292,1945
1491,1863,1580,1863,1580,1932,1491,1932
777,1874,845,1874,845,1932,777,1932
551,1879,693,1879,693,1947,551,1947
729,1879,777,1879,777,1937,729,1937
1829,1995,2120,1980,2124,2062,1833,2077
729,2005,861,2005,861,2089,729,2089
548,2008,725,2023,718,2108,540,2093
1932,2094,2121,2094,2121,2168,1932,2168
548,2097,731,2113,722,2214,539,2198
729,2115,813,2115,813,2194,729,2194
1036,2108,1208,2123,1200,2203,1029,2187
825,2118,1032,2132,1027,2207,820,2194
1837,2199,1900,2199,1900,2273,1837,2273
1895,2199,2031,2199,2031,2273,1895,2273
2037,2199,2126,2199,2126,2268,2037,2268
556,2220,703,2220,703,2299,556,2299
924,2220,1018,2220,1018,2294,924,2294
708,2226,913,2226,913,2304,708,2304
1974,2304,2026,2304,2026,2367,1974,2367
2037,2304,2126,2304,2126,2373,2037,2373
1051,2324,1257,2310,1262,2388,1056,2401
556,2320,703,2320,703,2404,556,2404
918,2325,1044,2325,1044,2404,918,2404
813,2331,908,2331,908,2409,813,2409
714,2336,803,2336,803,2409,714,2409
565,2441,745,2464,732,2561,553,2538
1044,2451,1155,2451,1155,2551,1044,2551
1979,2457,2026,2457,2026,2520,1979,2520
2037,2457,2131,2457,2131,2525,2037,2525
740,2462,871,2462,871,2546,740,2546
866,2478,1035,2455,1047,2543,878,2566
1816,2703,1968,2703,1968,2782,1816,2782
1989,2703,2142,2703,2142,2777,1989,2777
572,2730,729,2730,729,2798,572,2798
740,2730,813,2730,813,2793,740,2793
1908,2814,2136,2806,2139,2878,1911,2886
561,2835,609,2835,609,2898,561,2898
619,2835,714,2835,714,2903,619,2903
703,2976,819,2976,819,3055,703,3055
1044,2976,1207,2976,1207,3050,1044,3050
561,2982,693,2982,693,3055,561,3055
829,2982,1029,2982,1029,3055,829,3055
1837,3060,1905,3060,1905,3139,1837,3139
1905,3060,2047,3060,2047,3139,1905,3139
2052,3060,2147,3060,2147,3134,2052,3134
567,3092,740,3092,740,3160,567,3160
756,3092,934,3092,934,3160,756,3160
1455,3434,1689,3447,1684,3525,1450,3511
1207,3449,1370,3449,1370,3517,1207,3517
1092,3454,1207,3454,1207,3522,1092,3522
1380,3459,1407,3459,1407,3507,1380,3507
1008,3459,1092,3459,1092,3528,1008,3528
1344,3533,1386,3533,1386,3575,1344,3575
1391,3538,1428,3538,1428,3575,1391,3575
1265,3543,1302,3543,1302,3575,1265,3575
1307,3543,1344,3543,1344,3575,1307,3575
1293,3627,1452,3645,1440,3748,1282,3730
1013,3648,1165,3648,1165,3727,1013,3727
1181,3654,1270,3654,1270,3711,1181,3711
1460,3644,1702,3664,1694,3760,1452,3740
803,3657,1001,3670,996,3746,798,3733
619,3664,792,3664,792,3738,619,3738
1821,3664,1963,3664,1963,3759,1821,3759
1711,3680,1806,3680,1806,3759,1711,3759
1979,3701,2136,3701,2136,3759,1979,3759
1109,3734,1516,3757,1510,3861,1103,3838
987,3743,1092,3743,1092,3827,987,3827
805,3743,988,3765,979,3842,795,3820
1522,3774,1690,3774,1690,3874,1522,3874
1853,3785,1963,3785,1963,3869,1853,3869
1701,3790,1842,3790,1842,3890,1701,3890
