1443,131,1538,131,1538,189,1443,189
1244,136,1433,136,1433,199,1244,199
1538,147,1617,147,1617,199,1538,199
1190,231,1413,200,1422,266,1199,298
1422,215,1501,215,1501,267,1422,267
1517,215,1627,215,1627,267,1517,267
1648,220,1764,220,1764,278,1648,278
1102,231,1191,231,1191,288,1102,288
1230,294,1379,286,1383,355,1234,364
1433,294,1611,294,1611,351,1433,351
1612,292,1750,299,1747,358,1609,351
1748,309,1779,309,1779,357,1748,357
1056,306,1154,315,1149,375,1050,366
1165,309,1228,309,1228,367,1165,367
850,372,971,372,971,441,850,441
1559,383,1737,383,1737,446,1559,446
971,388,1055,388,1055,451,971,451
1328,388,1375,388,1375,446,1328,446
1396,386,1546,394,1543,458,1393,450
1753,388,1869,388,1869,462,1753,462
1197,393,1323,393,1323,462,1197,462
1879,393,1989,393,1989,456,1879,456
1065,404,1181,404,1181,462,1065,462
1300,463,1553,456,1555,524,1302,531
1323,540,1491,540,1491,609,1323,609
1485,546,1527,546,1527,598,1485,598
1013,556,1128,556,1128,619,1013,619
1181,556,1281,556,1281,614,1181,614
1296,561,1323,561,1323,603,1296,603
1181,630,1816,630,1816,703,1181,703
940,638,1130,646,1128,707,937,699
1827,645,1900,645,1900,693,1827,693
1334,717,1691,725,1690,793,1332,785
882,720,1127,738,1122,799,877,781
1181,735,1328,735,1328,782,1181,782
1695,735,1827,735,1827,782,1695,782
1837,735,1905,735,1905,782,1837,782
1338,829,1564,829,1564,924,1338,924
1580,829,1800,829,1800,924,1580,924
1041,840,1322,830,1325,928,1045,938
829,1044,924,1044,924,1113,829,1113
1114,1049,1248,1041,1253,1117,1119,1126
1375,1044,1491,1044,1491,1107,1375,1107
1501,1044,1690,1044,1690,1118,1501,1118
929,1050,1029,1050,1029,1128,929,1128
1254,1050,1365,1050,1365,1118,1254,1118
1702,1049,1861,1072,1851,1138,1693,1115
1034,1060,1107,1060,1107,1123,1034,1123
1863,1065,2000,1065,2000,1139,1863,1139
745,1128,945,1128,945,1223,745,1223
1528,1135,1865,1142,1863,1219,1526,1212
1034,1149,1128,1149,1128,1218,1034,1218
1890,1155,2068,1155,2068,1223,1890,1223
740,1244,887,1244,887,1312,740,1312
1632,1244,1722,1244,1722,1323,1632,1323
918,1249,1134,1249,1134,1323,918,1323
1186,1249,1533,1249,1533,1323,1186,1323
1732,1254,1874,1254,1874,1328,1732,1328
1890,1260,2052,1260,2052,1333,1890,1333
735,1370,871,1370,871,1438,735,1438
1953,1370,2094,1370,2094,1459,1953,1459
961,1372,1253,1395,1247,1468,956,1445
1349,1380,1496,1380,1496,1449,1349,1449
1512,1380,1632,1380,1632,1449,1512,1449
1732,1381,1939,1388,1937,1460,1730,1454
730,1485,1240,1499,1238,1574,728,1560
1275,1501,1412,1501,1412,1569,1275,1569
1422,1501,1548,1501,1548,1569,1422,1569
1559,1501,1764,1501,1764,1585,1559,1585
1764,1506,2079,1506,2079,1575,1764,1575
735,1590,861,1590,861,1659,735,1659
934,1590,997,1590,997,1648,934,1648
892,1596,939,1596,939,1653,892,1653
1443,1601,1575,1601,1575,1669,1443,1669
1391,1606,1449,1606,1449,1669,1391,1669
1564,1606,1638,1606,1638,1664,1564,1664
1842,1611,1884,1611,1884,1669,1842,1669
1895,1611,2016,1611,2016,1674,1895,1674
2016,1611,2089,1611,2089,1664,2016,1664
729,1682,1234,1690,1233,1764,728,1756
1275,1695,1412,1695,1412,1764,1275,1764
1417,1695,1543,1695,1543,1764,1417,1764
1554,1695,1753,1695,1753,1779,1554,1779
1758,1700,2078,1700,2078,1769,1758,1769
735,1785,861,1785,861,1848,735,1848
934,1790,997,1790,997,1842,934,1842
892,1795,934,1795,934,1848,892,1848
1386,1795,1564,1795,1564,1869,1386,1869
1564,1795,1643,1795,1643,1863,1564,1863
1837,1800,2005,1800,2005,1869,1837,1869
2010,1800,2084,1800,2084,1858,2010,1858
729,1877,1234,1884,1233,1961,728,1954
1275,1890,1375,1890,1375,1958,1275,1958
1380,1895,1470,1895,1470,1953,1380,1953
1486,1893,1651,1901,1647,1975,1482,1968
1653,1895,1737,1895,1737,1974,1653,1974
740,1979,861,1979,861,2037,740,2037
892,1984,992,1984,992,2042,892,2042
1050,1989,1107,1989,1107,2047,1050,2047
1102,1989,1218,1989,1218,2052,1102,2052
1443,1989,1564,1989,1564,2058,1443,2058
1842,1989,2084,1989,2084,2052,1842,2052
1354,1995,1449,1995,1449,2058,1354,2058
1564,1995,1638,1995,1638,2058,1564,2058
735,2073,1233,2073,1233,2147,735,2147
1275,2084,1386,2084,1386,2147,1275,2147
1559,2084,1659,2084,1659,2163,1559,2163
1401,2094,1548,2094,1548,2163,1401,2163
745,2173,861,2173,861,2231,745,2231
897,2173,992,2173,992,2236,897,2236
1050,2178,1212,2178,1212,2236,1050,2236
1349,2178,1559,2178,1559,2241,1349,2241
1564,2178,1638,2178,1638,2236,1564,2236
1840,2184,2004,2177,2007,2237,1843,2244
2016,2178,2089,2178,2089,2241,2016,2241
740,2272,899,2297,885,2384,726,2359
892,2294,1013,2294,1013,2367,892,2367
1811,2299,2100,2299,2100,2373,1811,2373
743,2367,902,2391,890,2472,731,2448
897,2383,971,2383,971,2451,897,2451
1162,2376,1315,2400,1304,2468,1152,2444
981,2387,1156,2394,1153,2458,979,2451
1932,2388,2089,2388,2089,2446,1932,2446
740,2467,876,2467,876,2541,740,2541
882,2472,1060,2472,1060,2541,882,2541
1065,2472,1144,2472,1144,2530,1065,2530
1895,2472,2016,2472,2016,2535,1895,2535
2016,2472,2089,2472,2089,2530,2016,2530
1785,2478,1900,2478,1900,2535,1785,2535
740,2556,876,2556,876,2625,740,2625
1176,2556,1349,2556,1349,2625,1176,2625
1895,2556,2010,2556,2010,2619,1895,2619
2005,2556,2089,2556,2089,2614,2005,2614
882,2562,960,2562,960,2619,882,2619
971,2562,1050,2562,1050,2619,971,2619
1060,2562,1165,2562,1165,2619,1060,2619
1816,2562,1900,2562,1900,2619,1816,2619
748,2648,909,2665,899,2760,738,2743
903,2667,1018,2667,1018,2745,903,2745
1170,2672,1265,2672,1265,2751,1170,2751
1015,2693,1156,2670,1166,2734,1025,2756
1958,2682,2005,2682,2005,2740,1958,2740
2010,2682,2089,2682,2089,2745,2010,2745
1811,2887,1942,2887,1942,2961,1811,2961
756,2892,892,2892,892,2955,756,2955
897,2898,960,2898,960,2955,897,2955
1958,2898,2094,2898,2094,2966,1958,2966
745,2987,798,2987,798,3045,745,3045
798,2987,871,2987,871,3045,798,3045
1895,2987,2010,2987,2010,3055,1895,3055
2010,2992,2084,2992,2084,3050,2010,3050
750,3081,787,3081,787,3134,750,3134
792,3076,871,3076,871,3134,792,3134
1842,3076,2005,3076,2005,3150,1842,3150
2010,3081,2094,3081,2094,3150,2010,3150
866,3181,971,3181,971,3255,866,3255
981,3186,1149,3186,1149,3249,981,3249
1160,3186,1291,3186,1291,3249,1160,3249
745,3192,861,3192,861,3260,745,3260
913,3276,1060,3276,1060,3333,913,3333
748,3286,897,3279,900,3336,751,3343
1785,3294,2091,3304,2089,3378,1782,3367
1281,3606,1412,3606,1412,3669,1281,3669
1451,3598,1623,3617,1616,3688,1443,3669
1176,3612,1275,3612,1275,3669,1176,3669
1422,3617,1449,3617,1449,3664,1422,3664
1107,3617,1176,3617,1176,3675,1107,3675
1611,3622,1685,3622,1685,3690,1611,3690
1396,3690,1428,3690,1428,3727,1396,3727
1433,3690,1464,3690,1464,3722,1433,3722
1323,3696,1354,3696,1354,3727,1323,3727
1359,3696,1391,3696,1391,3727,1359,3727
1286,3701,1317,3701,1317,3727,1286,3727
1344,3780,1480,3780,1480,3858,1344,3858
1102,3785,1233,3785,1233,3853,1102,3853
1492,3778,1703,3808,1692,3886,1481,3855
1249,3790,1328,3790,1328,3843,1249,3843
766,3801,908,3801,908,3874,766,3874
918,3801,1092,3801,1092,3874,918,3874
1701,3811,1785,3811,1785,3890,1701,3890
1800,3811,1921,3811,1921,3900,1800,3900
1933,3845,2069,3864,2061,3920,1925,3901
1181,3869,1527,3869,1527,3947,1181,3947
1076,3874,1170,3874,1170,3953,1076,3953
913,3885,1071,3885,1071,3963,913,3963
1548,3890,1680,3890,1680,3979,1548,3979
1690,3916,1816,3916,1816,4000,1690,4000
1821,3921,1916,3921,1916,4000,1821,4000
