1376,232,1542,247,1537,308,1371,293
1191,241,1370,241,1370,315,1191,315
1359,325,1438,325,1438,388,1359,388
1443,325,1548,325,1548,383,1443,383
1564,325,1674,325,1674,388,1564,388
1060,330,1155,330,1155,388,1060,388
1149,330,1354,330,1354,399,1149,399
1186,399,1323,399,1323,472,1186,472
1118,404,1181,404,1181,472,1118,472
1370,409,1538,409,1538,472,1370,472
1533,406,1693,414,1690,475,1530,467
1023,414,1113,414,1113,477,1023,477
840,504,945,504,945,561,840,561
950,504,1023,504,1023,561,950,561
1149,504,1265,504,1265,567,1149,567
1275,504,1317,504,1317,561,1275,561
1334,500,1475,515,1469,575,1328,560
1480,504,1648,504,1648,561,1480,561
1659,504,1769,504,1769,572,1659,572
1774,504,1879,504,1879,567,1774,567
1034,509,1139,509,1139,561,1034,561
1244,577,1475,577,1475,635,1244,635
981,656,1086,656,1086,714,981,714
1139,661,1233,661,1233,714,1139,714
1265,661,1454,661,1454,719,1265,719
1244,672,1270,672,1270,714,1244,714
918,735,1086,735,1086,792,918,792
1134,738,1418,745,1417,800,1133,793
1412,745,1716,745,1716,808,1412,808
1727,756,1790,756,1790,798,1727,798
861,805,1085,822,1080,881,857,864
1276,822,1597,830,1595,893,1274,885
1139,840,1270,840,1270,876,1139,876
1601,840,1716,840,1716,882,1601,882
1727,840,1790,840,1790,887,1727,887
1008,924,1265,924,1265,1008,1008,1008
1275,929,1480,929,1480,1013,1275,1013
1501,934,1695,934,1695,1018,1501,1018
808,1102,892,1102,892,1160,808,1160
897,1107,987,1107,987,1181,897,1181
1071,1107,1186,1107,1186,1176,1071,1176
992,1118,1055,1118,1055,1170,992,1170
1197,1118,1296,1118,1296,1181,1197,1181
1307,1120,1411,1128,1406,1188,1303,1180
1422,1128,1590,1128,1590,1191,1422,1191
1748,1139,1879,1139,1879,1207,1748,1207
1596,1138,1746,1150,1741,1210,1591,1197
729,1181,913,1181,913,1265,729,1265
992,1197,1076,1197,1076,1260,992,1260
1443,1212,1749,1218,1748,1287,1442,1281
1770,1220,1939,1227,1936,1298,1767,1291
735,1275,850,1275,850,1333,735,1333
882,1275,1084,1289,1080,1359,878,1346
1124,1291,1451,1305,1448,1374,1121,1361
1533,1302,1617,1302,1617,1380,1533,1380
1628,1314,1762,1323,1758,1389,1623,1380
1774,1323,1926,1323,1926,1391,1774,1391
714,1386,834,1386,834,1454,714,1454
913,1396,960,1396,960,1449,913,1449
973,1389,1183,1419,1173,1484,964,1454
1276,1414,1410,1422,1406,1482,1272,1474
1832,1417,1974,1417,1974,1506,1832,1506
1422,1422,1533,1422,1533,1491,1422,1491
1622,1433,1821,1433,1821,1501,1622,1501
704,1485,1172,1503,1170,1577,701,1558
1207,1514,1399,1526,1395,1586,1204,1575
1407,1515,1633,1540,1625,1605,1400,1579
1645,1523,1963,1547,1957,1619,1640,1595
703,1585,813,1585,813,1638,703,1638
855,1596,887,1596,887,1643,855,1643
887,1590,945,1590,945,1638,887,1638
1275,1611,1349,1611,1349,1669,1275,1669
1386,1617,1464,1617,1464,1674,1386,1674
1470,1622,1538,1622,1538,1674,1470,1674
1695,1632,1769,1632,1769,1690,1695,1690
1811,1632,1879,1632,1879,1690,1811,1690
1785,1643,1811,1643,1811,1690,1785,1690
1890,1638,1958,1638,1958,1690,1890,1690
688,1661,1167,1680,1164,1754,685,1734
1198,1688,1362,1696,1358,1771,1194,1763
1359,1706,1475,1706,1475,1758,1359,1758
1481,1699,1971,1718,1968,1788,1478,1769
693,1758,803,1758,803,1811,693,1811
834,1764,876,1764,876,1816,834,1816
876,1764,934,1764,934,1816,876,1816
1270,1790,1354,1790,1354,1848,1270,1848
1349,1790,1454,1790,1454,1848,1349,1848
1459,1790,1533,1790,1533,1848,1459,1848
1695,1806,1879,1806,1879,1863,1695,1863
1890,1811,1958,1811,1958,1863,1890,1863
677,1837,1152,1858,1149,1931,674,1910
1192,1864,1645,1881,1642,1957,1189,1940
1651,1877,1818,1901,1808,1969,1641,1945
1821,1890,1974,1890,1974,1953,1821,1953
677,1937,787,1937,787,1995,677,1995
824,1942,918,1942,918,2000,824,2000
1338,1963,1454,1963,1454,2031,1338,2031
1291,1968,1344,1968,1344,2026,1291,2026
1454,1968,1527,1968,1527,2026,1454,2026
1722,1984,1774,1984,1774,2042,1722,2042
1769,1984,1884,1984,1884,2047,1769,2047
1884,1984,1958,1984,1958,2047,1884,2047
672,2021,1146,2038,1143,2111,669,2094
1181,2047,1260,2047,1260,2105,1181,2105
1270,2047,1417,2047,1417,2115,1270,2115
1430,2046,1598,2070,1588,2142,1420,2118
1596,2063,1695,2063,1695,2136,1596,2136
1708,2058,1828,2073,1818,2152,1698,2137
677,2121,787,2121,787,2178,677,2178
819,2126,908,2126,908,2184,819,2184
1333,2142,1443,2142,1443,2199,1333,2199
1449,2147,1522,2147,1522,2199,1449,2199
1714,2162,1873,2154,1876,2215,1717,2223
1879,2163,1953,2163,1953,2220,1879,2220
660,2215,814,2239,800,2326,646,2302
803,2241,918,2241,918,2310,803,2310
1685,2271,1970,2281,1967,2354,1683,2344
660,2306,815,2337,799,2417,644,2386
808,2331,871,2331,871,2394,808,2394
883,2333,1054,2347,1048,2412,877,2398
1059,2330,1206,2354,1194,2426,1047,2402
1848,2367,1953,2367,1953,2425,1848,2425
1800,2373,1842,2373,1842,2420,1800,2420
651,2409,782,2409,782,2483,651,2483
787,2420,960,2420,960,2488,787,2488
966,2430,1039,2430,1039,2483,966,2483
1653,2446,1764,2446,1764,2514,1653,2514
1769,2451,1879,2451,1879,2509,1769,2509
1884,2457,1958,2457,1958,2514,1884,2514
651,2499,777,2499,777,2567,651,2567
782,2509,855,2509,855,2567,782,2567
871,2509,950,2509,950,2577,871,2577
955,2514,1055,2514,1055,2572,955,2572
1065,2520,1233,2520,1233,2588,1065,2588
1685,2535,1874,2535,1874,2604,1685,2604
1879,2546,1953,2546,1953,2598,1879,2598
656,2588,807,2622,788,2706,637,2673
792,2614,908,2614,908,2693,792,2693
910,2633,1043,2626,1047,2693,913,2700
1055,2640,1144,2640,1144,2714,1055,2714
1821,2667,1863,2667,1863,2719,1821,2719
1874,2667,1942,2667,1942,2719,1874,2719
651,2821,779,2830,775,2891,647,2883
824,2856,850,2856,850,2887,824,2887
1674,2866,1800,2866,1800,2929,1674,2929
1821,2871,1947,2871,1947,2940,1821,2940
645,2919,677,2919,677,2971,645,2971
687,2913,761,2913,761,2971,687,2971
1753,2955,1932,2955,1932,3018,1753,3018
635,3008,672,3008,672,3060,635,3060
677,3003,756,3003,756,3060,677,3060
1695,3045,1827,3045,1827,3108,1695,3108
1821,3055,1848,3055,1848,3102,1821,3102
1863,3050,1942,3050,1942,3113,1863,3113
624,3123,735,3123,735,3192,624,3192
740,3123,840,3123,840,3197,740,3197
845,3144,1008,3144,1008,3202,845,3202
1018,3150,1149,3150,1149,3207,1018,3207
619,3213,761,3213,761,3276,619,3276
777,3228,924,3228,924,3286,777,3286
1638,3255,1732,3255,1732,3318,1638,3318
1732,3255,1853,3255,1853,3323,1732,3323
1853,3265,1926,3265,1926,3323,1853,3323
960,3554,1039,3554,1039,3622,960,3622
1029,3559,1128,3559,1128,3622,1029,3622
1128,3564,1265,3564,1265,3627,1128,3627
1296,3564,1538,3564,1538,3633,1296,3633
1270,3575,1302,3575,1302,3622,1270,3622
1207,3648,1239,3648,1239,3685,1207,3685
1134,3654,1165,3654,1165,3680,1134,3680
1170,3654,1202,3654,1202,3685,1170,3685
1244,3654,1275,3654,1275,3685,1244,3685
1275,3654,1312,3654,1312,3685,1275,3685
614,3727,761,3727,761,3801,614,3801
772,3729,945,3749,936,3826,763,3805
945,3732,1081,3732,1081,3806,945,3806
1181,3738,1323,3738,1323,3827,1181,3827
1333,3743,1538,3743,1538,3816,1333,3816
1638,3743,1758,3743,1758,3827,1638,3827
1092,3748,1170,3748,1170,3806,1092,3806
1548,3748,1627,3748,1627,3822,1548,3822
1769,3771,1898,3780,1894,3834,1765,3825
758,3811,922,3835,910,3916,747,3893
918,3827,1008,3827,1008,3906,918,3906
1024,3825,1372,3838,1368,3934,1020,3921
1396,3843,1527,3843,1527,3921,1396,3921
1533,3843,1653,3843,1653,3932,1533,3932
1659,3848,1753,3848,1753,3932,1659,3932
