1130,254,1353,271,1347,355,1123,338
1361,256,1565,279,1556,356,1352,334
966,355,1335,366,1332,452,964,441
1338,367,1428,367,1428,435,1338,435
1443,367,1569,367,1569,441,1443,441
1590,367,1722,367,1722,446,1590,446
1039,451,1123,451,1123,530,1039,530
1128,456,1296,456,1296,535,1128,535
918,462,1029,462,1029,530,918,530
1354,467,1743,467,1743,540,1354,540
693,561,824,561,824,630,693,630
829,561,918,561,918,635,829,635
934,567,1065,567,1065,635,934,635
1082,564,1234,575,1228,653,1076,641
1233,572,1296,572,1296,640,1233,640
1313,573,1486,589,1479,665,1306,649
1496,577,1695,577,1695,651,1496,651
1706,582,1837,582,1837,661,1706,661
1848,582,1968,582,1968,661,1848,661
1207,661,1485,661,1485,735,1207,735
876,750,1013,750,1013,824,876,824
1071,756,1191,756,1191,824,1071,824
1191,761,1464,761,1464,829,1191,829
798,850,1013,850,1013,924,798,924
1071,855,1785,855,1785,945,1071,945
1790,876,1863,876,1863,924,1790,924
735,950,1013,950,1013,1023,735,1023
1254,960,1790,960,1790,1034,1254,1034
1076,971,1239,971,1239,1023,1076,1023
1800,971,1874,971,1874,1023,1800,1023
918,1076,1233,1076,1233,1181,918,1181
1254,1076,1506,1076,1506,1181,1254,1181
1525,1079,1762,1072,1766,1175,1528,1182
1008,1302,1155,1302,1155,1386,1008,1386
682,1312,787,1312,787,1386,682,1386
792,1312,903,1312,903,1396,792,1396
1165,1312,1291,1312,1291,1386,1165,1386
1443,1312,1648,1312,1648,1386,1443,1386
908,1317,997,1317,997,1391,908,1391
1302,1317,1433,1317,1433,1386,1302,1386
1842,1317,2000,1317,2000,1401,1842,1401
1659,1321,1839,1328,1837,1403,1656,1396
582,1396,813,1396,813,1506,582,1506
918,1412,1018,1412,1018,1491,918,1491
1470,1412,1842,1412,1842,1491,1470,1491
1869,1412,2079,1412,2079,1491,1869,1491
1585,1512,1690,1512,1690,1611,1585,1611
787,1527,1029,1527,1029,1611,787,1611
1085,1533,1480,1526,1481,1610,1087,1617
1884,1527,2073,1527,2073,1606,1884,1606
593,1533,750,1533,750,1606,593,1606
1701,1533,1858,1533,1858,1611,1701,1611
1963,1653,2131,1653,2131,1743,1963,1743
582,1669,729,1669,729,1748,582,1748
836,1664,1165,1691,1158,1779,829,1753
1275,1674,1438,1674,1438,1748,1275,1748
1459,1674,1590,1674,1590,1748,1459,1748
1706,1674,1947,1674,1947,1748,1706,1748
1575,1795,2115,1795,2115,1890,1575,1890
583,1796,1155,1803,1154,1891,581,1883
1197,1800,1386,1800,1386,1879,1197,1879
1396,1806,1564,1806,1564,1879,1396,1879
586,1921,729,1914,732,1985,589,1992
813,1916,882,1916,882,1974,813,1974
1806,1916,1916,1916,1916,1989,1806,1989
1905,1916,2037,1916,2037,1984,1905,1984
2042,1916,2131,1916,2131,1984,2042,1984
766,1921,813,1921,813,1979,766,1979
1291,1921,1396,1921,1396,1995,1291,1995
1386,1921,1522,1921,1522,1989,1386,1989
1527,1921,1611,1921,1611,1989,1527,1989
577,2042,756,2042,756,2147,577,2147
761,2047,897,2047,897,2131,761,2131
1821,2052,2147,2052,2147,2136,1821,2136
580,2135,766,2159,754,2262,567,2239
761,2152,850,2152,850,2241,761,2241
861,2160,1064,2174,1059,2255,856,2241
1067,2155,1239,2171,1231,2256,1059,2239
1958,2163,2147,2163,2147,2231,1958,2231
577,2257,729,2257,729,2341,577,2341
1790,2262,1937,2262,1937,2341,1790,2341
1921,2262,2157,2262,2157,2341,1921,2341
740,2268,945,2268,945,2341,740,2341
950,2268,1050,2268,1050,2341,950,2341
567,2367,719,2367,719,2451,567,2451
1926,2367,2068,2367,2068,2441,1926,2441
834,2373,929,2373,929,2451,834,2451
1076,2373,1281,2373,1281,2446,1076,2446
1827,2373,1937,2373,1937,2446,1827,2446
2052,2373,2163,2373,2163,2441,2052,2441
729,2378,824,2378,824,2451,729,2451
945,2378,1071,2378,1071,2446,945,2446
570,2499,749,2521,738,2614,559,2591
745,2509,882,2509,882,2593,745,2593
1059,2528,1175,2508,1188,2591,1072,2610
892,2520,1060,2520,1060,2609,892,2609
2005,2525,2052,2525,2052,2588,2005,2588
2063,2525,2152,2525,2152,2593,2063,2593
1837,2761,1984,2761,1984,2840,1837,2840
2005,2766,2163,2766,2163,2840,2005,2840
572,2782,729,2782,729,2856,572,2856
745,2787,819,2787,819,2850,745,2850
1932,2871,2157,2871,2157,2945,1932,2945
567,2887,614,2887,614,2950,567,2950
630,2887,719,2887,719,2961,630,2961
714,3024,829,3024,829,3108,714,3108
572,3029,703,3029,703,3102,572,3102
840,3034,1044,3034,1044,3108,840,3108
1055,3034,1218,3034,1218,3108,1055,3108
1921,3129,2063,3129,2063,3202,1921,3202
2068,3129,2157,3129,2157,3197,2068,3197
1816,3134,1921,3134,1921,3213,1816,3213
577,3139,750,3139,750,3207,577,3207
766,3144,945,3144,945,3207,766,3207
1008,3533,1097,3533,1097,3612,1008,3612
1092,3533,1207,3533,1207,3606,1092,3606
1459,3533,1701,3533,1701,3612,1459,3612
1207,3538,1375,3538,1375,3612,1207,3612
1375,3538,1449,3538,1449,3601,1375,3601
1218,3643,1344,3643,1344,3685,1218,3685
1349,3643,1428,3643,1428,3680,1349,3680
1842,3732,1984,3732,1984,3843,1842,3843
1459,3743,1711,3743,1711,3843,1459,3843
1286,3748,1449,3748,1449,3853,1286,3853
1722,3748,1827,3748,1827,3843,1722,3843
992,3759,1155,3759,1155,3848,992,3848
588,3764,761,3764,761,3848,588,3848
777,3767,981,3780,975,3867,771,3854
1170,3774,1270,3774,1270,3843,1170,3843
2005,3774,2168,3774,2168,3848,2005,3848
960,3869,1071,3869,1071,3969,960,3969
1086,3869,1512,3869,1512,3979,1086,3979
1538,3869,1706,3869,1706,3974,1538,3974
762,3860,962,3892,946,3991,746,3959
1874,3874,1984,3874,1984,3974,1874,3974
1716,3879,1863,3879,1863,3990,1716,3990
