1365,477,1470,477,1470,551,1365,551
1139,483,1354,483,1354,567,1139,567
1475,488,1564,488,1564,567,1475,567
1590,572,1727,572,1727,645,1590,645
1344,577,1433,577,1433,651,1344,651
1443,577,1496,577,1496,635,1443,635
1491,577,1569,577,1569,640,1491,640
976,582,1097,582,1097,656,976,656
1086,582,1338,582,1338,666,1086,666
1551,672,1747,665,1750,737,1554,744
1134,672,1296,672,1296,750,1134,750
1354,672,1554,672,1554,745,1354,745
929,682,1039,682,1039,750,929,750
1050,682,1128,682,1128,750,1050,750
1853,771,1984,771,1984,850,1853,850
1491,777,1701,777,1701,850,1491,850
1706,777,1842,777,1842,855,1706,855
703,782,840,782,840,850,703,850
834,782,929,782,929,855,834,855
1086,782,1233,782,1233,855,1086,855
1239,782,1291,782,1291,845,1239,845
1313,778,1486,793,1480,864,1307,849
945,787,1076,787,1076,855,945,855
1207,866,1485,866,1485,939,1207,939
1076,966,1191,966,1191,1039,1076,1039
1197,966,1464,966,1464,1039,1197,1039
887,971,1013,971,1013,1039,887,1039
808,1065,1013,1065,1013,1134,808,1134
1076,1065,1790,1065,1790,1149,1076,1149
1795,1076,1874,1076,1874,1128,1795,1128
740,1158,1020,1171,1017,1243,737,1230
1254,1170,1648,1170,1648,1254,1254,1254
1076,1181,1244,1181,1244,1233,1076,1233
1653,1181,1790,1181,1790,1233,1653,1233
1806,1181,1879,1181,1879,1233,1806,1233
1021,1415,1226,1408,1230,1495,1024,1503
1464,1407,1674,1407,1674,1501,1464,1501
1249,1428,1449,1428,1449,1501,1249,1501
603,1590,824,1590,824,1695,603,1695
929,1611,1029,1611,1029,1685,929,1685
1470,1617,1837,1617,1837,1685,1470,1685
1858,1617,2063,1617,2063,1690,1858,1690
1580,1711,1680,1711,1680,1806,1580,1806
798,1722,1034,1722,1034,1800,798,1800
619,1727,761,1727,761,1800,619,1800
1097,1727,1480,1727,1480,1806,1097,1806
1695,1727,1853,1727,1853,1806,1695,1806
1874,1727,2058,1727,2058,1806,1874,1806
1953,1853,2110,1853,2110,1942,1953,1942
603,1863,745,1863,745,1937,603,1937
846,1860,1170,1883,1164,1961,841,1939
1281,1869,1438,1869,1438,1937,1281,1937
1454,1869,1590,1869,1590,1942,1454,1942
1700,1868,1931,1868,1931,1942,1700,1942
771,2184,903,2184,903,2262,771,2262
590,2183,772,2206,763,2283,580,2261
1974,2189,2037,2189,2037,2252,1974,2252
2031,2189,2115,2189,2115,2257,2031,2257
590,2275,773,2291,764,2387,581,2371
771,2289,855,2289,855,2367,771,2367
1073,2280,1244,2297,1235,2382,1065,2365
867,2291,1069,2305,1064,2380,862,2367
1974,2388,2026,2388,2026,2451,1974,2451
588,2394,740,2394,740,2478,588,2478
2031,2394,2121,2394,2121,2457,2031,2457
750,2399,955,2399,955,2478,750,2478
966,2399,1055,2399,1055,2472,966,2472
1092,2493,1286,2493,1286,2567,1092,2567
2037,2493,2115,2493,2115,2551,2037,2551
582,2499,740,2499,740,2583,582,2583
955,2499,1081,2499,1081,2572,955,2572
750,2504,840,2504,840,2577,750,2577
850,2504,945,2504,945,2577,850,2577
1081,2635,1186,2635,1186,2724,1081,2724
1979,2635,2026,2635,2026,2698,1979,2698
2037,2635,2121,2635,2121,2703,2037,2703
586,2630,768,2652,758,2740,575,2717
766,2640,897,2640,897,2719,766,2719
899,2652,1067,2629,1078,2712,910,2735
1821,2871,1968,2871,1968,2950,1821,2950
1984,2882,2136,2882,2136,2950,1984,2950
588,2908,750,2908,750,2982,588,2982
761,2908,834,2908,834,2966,761,2966
1989,2992,2037,2992,2037,3050,1989,3050
2047,2992,2136,2992,2136,3055,2047,3055
640,3013,735,3013,735,3087,640,3087
582,3018,624,3018,624,3081,582,3081
1071,3134,1223,3134,1223,3213,1071,3213
729,3144,845,3144,845,3223,729,3223
855,3144,1055,3144,1055,3218,855,3218
582,3150,714,3150,714,3223,582,3223
1454,3449,1690,3449,1690,3522,1454,3522
1218,3459,1370,3459,1370,3533,1218,3533
1386,3465,1412,3465,1412,3517,1386,3517
1417,3465,1449,3465,1449,3517,1417,3517
1018,3470,1107,3470,1107,3538,1018,3538
1102,3470,1212,3470,1212,3538,1102,3538
1396,3554,1428,3554,1428,3591,1396,3591
1354,3559,1386,3559,1386,3591,1354,3591
1228,3564,1260,3564,1260,3596,1228,3596
1270,3564,1302,3564,1302,3596,1270,3596
1312,3564,1344,3564,1344,3596,1312,3596
1816,3627,1953,3627,1953,3722,1816,3722
1464,3643,1695,3643,1695,3722,1464,3722
1711,3643,1800,3643,1800,3722,1711,3722
1291,3648,1449,3648,1449,3743,1291,3743
814,3663,1005,3672,1002,3750,810,3741
1018,3664,1170,3664,1170,3732,1018,3732
1968,3664,2110,3664,2110,3717,1968,3717
625,3675,796,3664,801,3740,630,3751
1186,3675,1275,3675,1275,3727,1186,3727
1111,3753,1521,3741,1524,3836,1114,3848
1538,3743,1690,3743,1690,3827,1538,3827
1848,3743,1947,3743,1947,3827,1848,3827
992,3748,1097,3748,1097,3827,992,3827
808,3750,984,3757,981,3834,805,3826
1706,3753,1837,3753,1837,3837,1706,3837
