1149,194,1359,194,1359,278,1149,278
1370,199,1475,199,1475,262,1370,262
1475,210,1559,210,1559,273,1475,273
1590,288,1722,288,1722,362,1590,362
992,294,1344,294,1344,378,992,378
1354,294,1438,294,1438,362,1354,362
1449,294,1575,294,1575,362,1449,362
1149,378,1307,378,1307,456,1149,456
1559,383,1743,383,1743,451,1559,451
1065,388,1139,388,1139,462,1065,462
1365,388,1559,388,1559,456,1365,456
950,393,1055,393,1055,462,950,462
1501,488,1695,488,1695,561,1501,561
1706,488,1837,488,1837,561,1706,561
1848,488,1968,488,1968,561,1848,561
735,493,861,493,861,567,735,567
861,493,950,493,950,561,861,561
960,493,1092,493,1092,561,960,561
1102,493,1244,493,1244,567,1102,567
1254,493,1302,493,1302,556,1254,556
1323,490,1490,504,1484,569,1318,555
1223,577,1491,577,1491,640,1223,640
1092,666,1475,666,1475,735,1092,735
908,672,1034,672,1034,735,908,735
1092,756,1785,756,1785,845,1092,845
829,761,1034,761,1034,829,829,829
1790,771,1869,771,1869,819,1790,819
766,855,1034,855,1034,924,766,924
1265,855,1664,855,1664,939,1265,939
1097,871,1260,871,1260,918,1097,918
1653,871,1795,871,1795,924,1653,924
1800,876,1874,876,1874,918,1800,918
945,976,1254,976,1254,1081,945,1081
1270,976,1517,976,1517,1081,1270,1081
1527,981,1764,981,1764,1086,1527,1086
1039,1207,1181,1207,1181,1291,1039,1291
729,1218,829,1218,829,1291,729,1291
834,1218,939,1218,939,1302,834,1302
1191,1218,1312,1218,1312,1291,1191,1291
1317,1218,1443,1218,1443,1286,1317,1286
1454,1218,1653,1218,1653,1291,1454,1291
1837,1223,1989,1223,1989,1307,1837,1307
945,1228,1029,1228,1029,1296,945,1296
1664,1227,1834,1234,1831,1308,1661,1301
640,1312,855,1312,855,1407,640,1407
955,1317,1050,1317,1050,1396,955,1396
1485,1317,1837,1317,1837,1391,1485,1391
1869,1317,2063,1317,2063,1396,1869,1396
1596,1422,1690,1422,1690,1506,1596,1506
1118,1428,1491,1428,1491,1506,1118,1506
1874,1428,2052,1428,2052,1506,1874,1506
661,1433,798,1433,798,1506,661,1506
829,1433,1060,1433,1060,1512,829,1512
1701,1433,1853,1433,1853,1506,1701,1506
1947,1548,2110,1548,2110,1638,1947,1638
656,1564,787,1564,787,1643,656,1643
1706,1564,1931,1564,1931,1637,1706,1637
883,1561,1196,1586,1189,1668,876,1644
1302,1569,1459,1569,1459,1643,1302,1643
1475,1569,1601,1569,1601,1638,1475,1638
645,1695,897,1695,897,1769,645,1769
897,1695,1181,1695,1181,1769,897,1769
1228,1695,1407,1695,1407,1769,1228,1769
1575,1695,1711,1695,1711,1764,1575,1764
1718,1691,1853,1706,1845,1784,1710,1769
1853,1695,1984,1695,1984,1779,1853,1779
1417,1706,1559,1706,1559,1769,1417,1769
1837,1795,2016,1795,2016,1869,1837,1869
2021,1795,2105,1795,2105,1863,2021,1863
866,1800,929,1800,929,1858,866,1858
1407,1800,1533,1800,1533,1869,1407,1869
1538,1800,1622,1800,1622,1863,1538,1863
656,1806,787,1806,787,1869,656,1869
824,1806,866,1806,866,1863,824,1863
1354,1806,1412,1806,1412,1869,1354,1869
1422,1895,1512,1895,1512,1968,1422,1968
1527,1895,1674,1895,1674,1968,1527,1968
1685,1895,1827,1895,1827,1968,1685,1968
1837,1895,2047,1895,2047,1968,1837,1968
2058,1895,2100,1895,2100,1953,2058,1953
656,1900,1186,1900,1186,1974,656,1974
1228,1900,1407,1900,1407,1974,1228,1974
1834,2005,2014,1992,2019,2059,1839,2072
2021,2000,2100,2000,2100,2058,2021,2058
871,2005,934,2005,934,2063,871,2063
1351,2011,1530,1995,1536,2062,1357,2078
1538,2005,1622,2005,1622,2068,1538,2068
661,2010,798,2010,798,2073,661,2073
829,2010,871,2010,871,2068,829,2068
1811,2126,2042,2126,2042,2199,1811,2199
2031,2126,2115,2126,2115,2194,2031,2194
829,2131,955,2131,955,2210,829,2210
664,2126,833,2149,822,2231,653,2208
1989,2220,2110,2220,2110,2289,1989,2289
668,2219,836,2234,828,2323,660,2308
1937,2226,1979,2226,1979,2289,1937,2289
834,2231,913,2231,913,2304,834,2304
924,2233,1113,2251,1106,2325,917,2307
1119,2228,1276,2244,1269,2319,1112,2303
1911,2315,2042,2315,2042,2383,1911,2383
2031,2315,2115,2315,2115,2378,2031,2378
1816,2320,1911,2320,1911,2383,1816,2383
672,2325,813,2325,813,2399,672,2399
824,2331,1008,2331,1008,2399,824,2399
1018,2331,1102,2331,1102,2399,1018,2399
672,2415,813,2415,813,2493,672,2493
1974,2415,2021,2415,2021,2467,1974,2467
2031,2415,2110,2415,2110,2472,2031,2472
1139,2420,1323,2420,1323,2488,1139,2488
819,2425,903,2425,903,2488,819,2488
918,2425,1002,2425,1002,2493,918,2493
1013,2425,1123,2425,1123,2488,1013,2488
679,2528,846,2543,837,2639,671,2623
840,2541,966,2541,966,2619,840,2619
1134,2546,1228,2546,1228,2630,1134,2630
2031,2546,2110,2546,2110,2609,2031,2609
971,2551,1123,2551,1123,2630,971,2630
1974,2551,2021,2551,2021,2604,1974,2604
1827,2766,1968,2766,1968,2845,1827,2845
1984,2777,2131,2777,2131,2845,1984,2845
687,2793,834,2793,834,2856,687,2856
1863,2871,2037,2871,2037,2950,1863,2950
2047,2871,2131,2871,2131,2940,2047,2940
735,2882,824,2882,824,2950,735,2950
682,2887,724,2887,724,2945,682,2945
813,3003,918,3003,918,3087,813,3087
682,3013,803,3013,803,3087,682,3087
929,3013,1107,3013,1107,3087,929,3087
1118,3013,1270,3013,1270,3087,1118,3087
682,3118,845,3118,845,3186,682,3186
855,3118,1018,3118,1018,3186,855,3186
1811,3118,1916,3118,1916,3192,1811,3192
1916,3118,2047,3118,2047,3192,1916,3192
2052,3118,2142,3118,2142,3186,2052,3186
1071,3496,1144,3496,1144,3564,1071,3564
1144,3496,1254,3496,1254,3564,1144,3564
1254,3496,1412,3496,1412,3564,1254,3564
1443,3496,1711,3496,1711,3570,1443,3570
1412,3507,1438,3507,1438,3559,1412,3559
1265,3596,1338,3596,1338,3633,1265,3633
1344,3596,1380,3596,1380,3638,1344,3638
1380,3596,1459,3596,1459,3638,1380,3638
693,3696,855,3696,855,3774,693,3774
1060,3696,1207,3696,1207,3780,1060,3780
862,3698,1054,3712,1048,3794,856,3779
1323,3696,1480,3696,1480,3801,1323,3801
1486,3696,1724,3703,1721,3796,1483,3789
1837,3701,1979,3701,1979,3806,1837,3806
1732,3706,1827,3706,1827,3795,1732,3795
1223,3717,1312,3717,1312,3780,1223,3780
1991,3739,2150,3749,2146,3818,1987,3809
848,3783,1033,3808,1021,3901,836,3876
1034,3801,1134,3801,1134,3885,1034,3885
1144,3794,1535,3804,1532,3912,1141,3901
1559,3811,1716,3811,1716,3911,1559,3911
1727,3827,1863,3827,1863,3927,1727,3927
1869,3827,1974,3827,1974,3927,1869,3927
