889,103,942,103,942,140,889,140
779,107,886,107,886,147,779,147
942,110,986,110,986,143,942,143
1070,147,1130,147,1130,190,1070,190
635,157,685,157,685,193,635,193
813,151,915,160,912,198,810,190
916,157,989,157,989,190,916,190
993,157,1066,157,1066,187,993,187
685,160,809,160,809,200,685,200
776,204,855,199,857,239,779,245
882,203,983,203,983,240,882,240
979,203,1076,203,1076,240,979,240
678,210,735,210,735,244,678,244
738,210,775,210,775,244,738,244
1150,254,1240,254,1240,290,1150,290
849,256,931,260,929,294,847,290
937,252,1059,265,1056,302,933,290
1060,259,1146,267,1143,302,1056,294
605,264,668,264,668,300,605,300
672,263,773,267,772,301,670,297
775,264,842,264,842,294,775,294
524,267,581,267,581,300,524,300
889,300,986,300,986,334,889,334
993,300,1049,300,1049,334,993,334
740,308,802,302,805,337,743,342
806,302,884,307,882,341,804,337
1053,302,1138,307,1136,341,1051,337
628,310,692,310,692,351,628,351
698,310,742,310,742,344,698,344
662,357,725,357,725,391,662,391
628,407,718,407,718,441,628,441
595,454,718,454,718,488,595,488
835,454,1019,454,1019,491,835,491
1026,456,1095,461,1093,486,1025,481
759,464,835,464,835,488,759,488
1100,464,1136,464,1136,488,1100,488
684,517,832,513,833,561,685,565
966,514,1080,514,1080,565,966,565
842,518,956,518,956,565,842,565
718,618,789,618,789,655,718,655
795,621,852,621,852,658,795,658
621,625,672,625,672,665,621,665
675,625,712,625,712,655,675,655
571,628,618,628,618,662,571,662
859,628,919,628,919,665,859,665
926,631,1016,631,1016,668,926,668
1023,634,1109,640,1106,676,1020,670
1113,642,1187,642,1187,678,1113,678
675,668,718,668,718,702,675,702
528,672,631,672,631,718,528,718
936,682,989,682,989,718,936,718
986,682,1110,682,1110,718,986,718
1127,682,1222,689,1220,728,1124,721
610,724,728,719,730,758,612,763
728,722,852,722,852,762,728,762
528,732,601,732,601,765,528,765
989,735,1039,735,1039,782,989,782
1043,742,1116,742,1116,779,1043,779
1130,745,1220,745,1220,785,1130,785
632,786,787,794,785,833,630,825
524,792,588,792,588,832,524,832
843,797,919,803,916,841,839,835
926,805,989,805,989,845,926,845
1163,805,1243,805,1243,856,1163,856
1043,809,1156,809,1156,852,1043,852
517,851,778,846,779,889,518,894
805,859,859,859,859,896,805,896
863,864,964,870,962,908,861,902
966,872,1029,872,1029,909,966,909
1033,876,1096,876,1096,912,1033,912
1103,879,1210,879,1210,916,1103,916
516,910,651,900,653,937,519,946
842,919,892,919,892,956,842,956
889,922,949,922,949,956,889,956
952,926,993,926,993,956,952,956
1083,932,1133,932,1133,966,1083,966
1133,932,1197,932,1197,966,1133,966
1197,936,1237,936,1237,966,1197,966
642,949,708,949,708,996,642,996
725,956,775,956,775,996,725,996
585,959,638,959,638,989,585,989
772,959,835,959,835,996,772,996
839,966,879,966,879,999,839,999
511,1003,775,1003,775,1043,511,1043
799,1010,941,1024,938,1061,796,1046
943,1018,1105,1028,1103,1065,941,1056
1113,1033,1193,1033,1193,1066,1113,1066
1193,1033,1227,1033,1227,1070,1193,1070
514,1059,578,1059,578,1093,514,1093
595,1063,615,1063,615,1093,595,1093
615,1059,648,1059,648,1090,615,1090
839,1070,946,1070,946,1106,839,1106
949,1073,993,1073,993,1106,949,1106
1080,1083,1130,1083,1130,1116,1080,1116
1126,1083,1190,1083,1190,1116,1126,1116
1193,1086,1233,1086,1233,1116,1193,1116
510,1112,778,1107,779,1150,511,1155
799,1115,898,1123,895,1161,796,1153
902,1126,969,1126,969,1160,902,1160
1036,1130,1096,1130,1096,1166,1036,1166
1103,1130,1166,1130,1166,1166,1103,1166
976,1133,1033,1133,1033,1166,976,1166
1173,1133,1240,1133,1240,1177,1173,1177
591,1166,611,1166,611,1197,591,1197
611,1163,645,1163,645,1193,611,1193
508,1166,575,1166,575,1200,508,1200
745,1170,765,1170,765,1200,745,1200
856,1177,886,1177,886,1210,856,1210
882,1177,946,1177,946,1210,882,1210
949,1177,989,1177,989,1210,949,1210
1080,1183,1130,1183,1130,1220,1080,1220
1126,1183,1190,1183,1190,1220,1126,1220
1193,1187,1233,1187,1233,1217,1193,1217
505,1211,776,1214,775,1260,504,1257
795,1223,882,1223,882,1260,795,1260
889,1227,922,1227,922,1263,889,1263
929,1227,1043,1227,1043,1263,929,1263
1046,1233,1090,1233,1090,1277,1046,1277
504,1267,565,1267,565,1300,504,1300
581,1267,638,1267,638,1304,581,1304
668,1270,762,1270,762,1307,668,1307
832,1280,876,1280,876,1314,832,1314
879,1280,942,1280,942,1314,879,1314
946,1284,989,1284,989,1317,946,1317
1096,1287,1190,1287,1190,1324,1096,1324
1190,1290,1233,1290,1233,1320,1190,1320
491,1320,772,1320,772,1364,491,1364
789,1327,835,1327,835,1364,789,1364
839,1330,912,1330,912,1364,839,1364
916,1330,983,1330,983,1367,916,1367
989,1334,1070,1334,1070,1370,989,1370
1077,1334,1152,1345,1147,1383,1072,1373
1156,1340,1237,1340,1237,1374,1156,1374
491,1374,558,1374,558,1411,491,1411
578,1374,635,1374,635,1411,578,1411
665,1380,759,1380,759,1414,665,1414
829,1387,939,1387,939,1421,829,1421
946,1387,986,1387,986,1421,946,1421
1100,1397,1123,1397,1123,1427,1100,1427
1123,1394,1187,1394,1187,1427,1123,1427
1193,1394,1233,1394,1233,1427,1193,1427
483,1432,576,1443,569,1497,477,1486
571,1444,635,1444,635,1484,571,1484
1066,1461,1193,1461,1193,1498,1066,1498
1200,1461,1243,1461,1243,1498,1200,1498
483,1490,574,1505,567,1551,476,1536
568,1498,611,1498,611,1538,568,1538
615,1502,717,1510,714,1549,612,1542
720,1498,803,1512,797,1551,714,1537
1153,1514,1183,1514,1183,1548,1153,1548
1180,1511,1243,1511,1243,1548,1180,1548
478,1548,555,1548,555,1594,478,1594
558,1554,658,1554,658,1591,558,1591
662,1558,708,1558,708,1591,662,1591
1066,1561,1130,1561,1130,1598,1066,1598
1133,1561,1200,1561,1200,1598,1133,1598
1203,1564,1247,1564,1247,1598,1203,1598
474,1601,551,1601,551,1648,474,1648
722,1605,819,1605,819,1641,722,1641
555,1608,601,1608,601,1645,555,1645
605,1608,652,1608,652,1645,605,1645
658,1608,718,1608,718,1645,658,1645
1083,1615,1130,1615,1130,1648,1083,1648
1133,1615,1200,1615,1200,1655,1133,1655
1200,1615,1247,1615,1247,1651,1200,1651
471,1661,567,1677,558,1733,462,1717
561,1675,631,1675,631,1722,561,1722
708,1688,766,1675,774,1714,717,1726
627,1687,710,1676,715,1717,633,1728
1106,1691,1136,1691,1136,1725,1106,1725
1130,1688,1197,1688,1197,1725,1130,1725
1200,1688,1243,1688,1243,1725,1200,1725
1086,1812,1163,1812,1163,1855,1086,1855
464,1815,545,1815,545,1852,464,1852
1173,1815,1247,1815,1247,1852,1173,1852
458,1869,535,1869,535,1909,458,1909
1133,1869,1203,1869,1203,1905,1133,1905
1200,1869,1240,1869,1240,1902,1200,1902
1100,1919,1197,1919,1197,1956,1100,1956
1200,1919,1243,1919,1243,1956,1200,1956
458,1932,478,1932,478,1966,458,1966
484,1929,531,1929,531,1962,484,1962
1130,1972,1197,1972,1197,2009,1130,2009
1197,1972,1247,1972,1247,2012,1197,2012
1100,1976,1133,1976,1133,2009,1100,2009
454,1982,504,1982,504,2026,454,2026
501,1982,551,1982,551,2019,501,2019
698,2049,775,2049,775,2086,698,2086
521,2053,585,2053,585,2099,521,2099
586,2057,691,2051,693,2090,589,2096
448,2059,518,2059,518,2099,448,2099
1049,2103,1120,2103,1120,2140,1049,2140
1123,2103,1197,2103,1197,2143,1123,2143
1197,2103,1243,2103,1243,2143,1197,2143
548,2113,638,2113,638,2150,548,2150
448,2116,538,2116,538,2153,448,2153
879,2307,1023,2307,1023,2350,879,2350
819,2310,876,2310,876,2343,819,2343
695,2313,775,2313,775,2350,695,2350
779,2313,819,2313,819,2347,779,2347
652,2320,692,2320,692,2357,652,2357
772,2364,812,2364,812,2384,772,2384
812,2364,856,2364,856,2384,812,2384
859,2364,876,2364,876,2384,859,2384
1080,2407,1150,2407,1150,2461,1080,2461
1023,2417,1073,2417,1073,2461,1023,2461
802,2420,886,2420,886,2471,802,2471
892,2420,1019,2420,1019,2467,892,2467
458,2422,545,2430,541,2476,454,2468
658,2424,735,2424,735,2461,658,2461
745,2427,795,2427,795,2461,745,2461
1156,2427,1233,2427,1233,2457,1156,2457
548,2434,648,2434,648,2474,548,2474
1093,2474,1146,2474,1146,2524,1093,2524
642,2477,698,2477,698,2527,642,2527
705,2477,919,2477,919,2531,705,2531
1016,2477,1090,2477,1090,2531,1016,2531
932,2481,1013,2481,1013,2524,932,2524
542,2480,641,2488,637,2536,538,2528
