1166,155,1373,167,1368,247,1161,235
1377,159,1558,173,1553,239,1371,224
1018,257,1354,257,1354,336,1018,336
1359,257,1449,257,1449,325,1359,325
1454,257,1575,257,1575,325,1454,325
1585,257,1711,257,1711,330,1585,330
1092,341,1165,341,1165,414,1092,414
1165,341,1323,341,1323,420,1165,420
981,351,1081,351,1081,414,981,414
1370,351,1559,351,1559,420,1370,420
1554,351,1732,351,1732,420,1554,420
777,446,897,446,897,514,777,514
897,446,981,446,981,514,897,514
1821,446,1942,446,1942,519,1821,519
997,451,1118,451,1118,514,997,514
1128,451,1260,451,1260,519,1128,519
1270,451,1317,451,1317,509,1270,509
1334,448,1491,463,1484,528,1328,513
1501,451,1685,451,1685,519,1501,519
1695,451,1816,451,1816,525,1695,525
1239,530,1496,530,1496,598,1239,598
945,619,1060,619,1060,682,945,682
1118,619,1228,619,1228,682,1118,682
1228,619,1475,619,1475,682,1228,682
871,708,1060,708,1060,766,871,766
1118,708,1764,708,1764,777,1118,777
1774,719,1842,719,1842,766,1774,766
813,792,1060,792,1060,855,813,855
1281,798,1648,798,1648,871,1281,871
1643,808,1769,808,1769,861,1643,861
1118,813,1270,813,1270,861,1118,861
1779,813,1853,813,1853,861,1779,861
976,908,1265,908,1265,1002,976,1002
1281,913,1512,913,1512,1008,1281,1008
1527,913,1743,913,1743,1008,1527,1008
766,1118,861,1118,861,1186,766,1186
866,1118,966,1118,966,1202,866,1202
1060,1118,1197,1118,1197,1197,1060,1197
971,1128,1050,1128,1050,1197,971,1197
1202,1128,1317,1128,1317,1197,1202,1197
1324,1131,1441,1138,1438,1198,1320,1191
1454,1134,1638,1134,1638,1202,1454,1202
1811,1139,1958,1139,1958,1223,1811,1223
1648,1143,1803,1150,1800,1214,1645,1207
677,1207,887,1207,887,1302,677,1302
976,1218,1071,1218,1071,1291,976,1291
1475,1228,1617,1228,1617,1296,1475,1296
1606,1228,1811,1228,1811,1302,1606,1302
1832,1233,2021,1233,2021,1307,1832,1307
687,1323,808,1323,808,1391,687,1391
855,1323,1076,1323,1076,1396,855,1396
1585,1323,1674,1323,1674,1407,1585,1407
1134,1327,1486,1333,1485,1410,1132,1404
1842,1333,2016,1333,2016,1412,1842,1412
1685,1338,1827,1338,1827,1407,1685,1407
1916,1443,2063,1443,2063,1533,1916,1533
682,1449,813,1449,813,1522,682,1522
903,1454,960,1454,960,1517,903,1517
972,1450,1208,1475,1200,1550,964,1525
1302,1464,1449,1464,1449,1533,1302,1533
1464,1464,1585,1464,1585,1533,1464,1533
1685,1464,1895,1464,1895,1533,1685,1533
677,1566,1193,1575,1191,1652,676,1643
1233,1580,1370,1580,1370,1648,1233,1648
1375,1580,1459,1580,1459,1643,1375,1643
1627,1580,1858,1580,1858,1653,1627,1653
1863,1580,2058,1580,2058,1648,1863,1648
1471,1579,1621,1591,1615,1662,1465,1650
687,1674,813,1674,813,1743,687,1743
887,1674,950,1674,950,1727,887,1727
845,1680,892,1680,892,1732,845,1732
1312,1685,1391,1685,1391,1743,1312,1743
1401,1685,1522,1685,1522,1748,1401,1748
1522,1685,1601,1685,1601,1748,1522,1748
1769,1685,1968,1685,1968,1748,1769,1748
1979,1685,2052,1685,2052,1743,1979,1743
680,1785,849,1808,837,1889,669,1866
845,1795,966,1795,966,1869,845,1869
1779,1806,2068,1806,2068,1879,1779,1879
687,1869,855,1892,843,1983,674,1961
850,1884,924,1884,924,1963,850,1963
935,1892,1117,1906,1112,1981,929,1968
1120,1889,1273,1912,1262,1984,1109,1961
1900,1900,2058,1900,2058,1963,1900,1963
684,1983,823,1975,827,2052,688,2059
834,1984,1013,1984,1013,2058,834,2058
1023,1989,1107,1989,1107,2052,1023,2052
1779,1989,1863,1989,1863,2058,1779,2058
1863,1989,1989,1989,1989,2052,1863,2052
1989,1989,2068,1989,2068,2052,1989,2052
682,2073,824,2073,824,2147,682,2147
829,2079,913,2079,913,2142,829,2142
924,2079,1008,2079,1008,2152,924,2152
1134,2079,1312,2079,1312,2147,1134,2147
1018,2084,1123,2084,1123,2142,1018,2142
1984,2084,2058,2084,2058,2142,1984,2142
689,2188,851,2201,844,2287,682,2273
850,2194,971,2194,971,2273,850,2273
970,2206,1121,2191,1128,2267,977,2282
1128,2199,1223,2199,1223,2278,1128,2278
1979,2210,2063,2210,2063,2273,1979,2273
1926,2215,1974,2215,1974,2268,1926,2268
1785,2420,1916,2420,1916,2488,1785,2488
1932,2425,2068,2425,2068,2488,1932,2488
693,2430,840,2430,840,2493,693,2493
845,2430,913,2430,913,2488,845,2488
1811,2509,2063,2509,2063,2583,1811,2583
740,2520,824,2520,824,2588,740,2588
687,2525,729,2525,729,2583,687,2583
819,2630,924,2630,924,2709,819,2709
1118,2635,1254,2635,1254,2703,1118,2703
684,2646,808,2638,812,2708,688,2716
929,2640,1107,2640,1107,2709,929,2709
861,2735,1013,2735,1013,2793,861,2793
1758,2735,1858,2735,1858,2803,1758,2803
1853,2730,2070,2739,2067,2811,1850,2802
693,2740,850,2740,850,2803,693,2803
693,2871,777,2871,777,2955,693,2955
992,2877,1102,2877,1102,2940,992,2940
787,2886,983,2892,981,2951,785,2944
1680,3015,1871,3022,1868,3098,1677,3091
1176,3024,1443,3024,1443,3092,1176,3092
1454,3024,1669,3024,1669,3097,1454,3097
829,3029,1013,3029,1013,3097,829,3097
1025,3021,1186,3037,1179,3107,1018,3091
1897,3030,2057,3044,2051,3115,1891,3101
703,3039,819,3039,819,3102,703,3102
811,3121,1001,3114,1004,3186,814,3193
1009,3115,1170,3130,1164,3200,1002,3186
1591,3109,2055,3136,2050,3212,1587,3184
698,3129,803,3129,803,3197,698,3197
871,3197,997,3197,997,3276,871,3276
698,3202,866,3202,866,3286,698,3286
1002,3207,1160,3207,1160,3281,1002,3281
1890,3234,2052,3234,2052,3302,1890,3302
703,3291,866,3291,866,3370,703,3370
1139,3288,1311,3303,1306,3363,1134,3348
1317,3291,1417,3291,1417,3349,1317,3349
876,3297,960,3297,960,3354,876,3354
971,3294,1130,3302,1127,3367,968,3358
1076,3575,1244,3575,1244,3633,1076,3633
1249,3575,1386,3575,1386,3638,1249,3638
1422,3585,1449,3585,1449,3633,1422,3633
1454,3576,1661,3584,1658,3651,1451,3643
1391,3591,1417,3591,1417,3633,1391,3633
1254,3659,1286,3659,1286,3690,1254,3690
1291,3659,1323,3659,1323,3690,1291,3690
1328,3659,1359,3659,1359,3690,1328,3690
1365,3659,1433,3659,1433,3696,1365,3696
1076,3738,1202,3738,1202,3801,1076,3801
1312,3743,1449,3743,1449,3822,1312,3822
1461,3739,1673,3753,1668,3829,1456,3815
736,3759,886,3748,891,3819,741,3830
897,3753,1065,3753,1065,3822,897,3822
1223,3753,1296,3753,1296,3801,1223,3801
1674,3759,1758,3759,1758,3837,1674,3837
1769,3764,1890,3764,1890,3848,1769,3848
1906,3797,2040,3806,2036,3861,1902,3852
1055,3822,1144,3822,1144,3895,1055,3895
1155,3821,1513,3827,1511,3910,1153,3903
889,3820,1053,3833,1047,3909,883,3896
1526,3826,1669,3850,1656,3927,1513,3903
1669,3853,1785,3853,1785,3932,1669,3932
1790,3864,1884,3864,1884,3937,1790,3937
