766,210,880,210,880,253,766,253
883,213,936,213,936,250,883,250
940,220,986,220,986,256,940,256
603,263,656,263,656,300,603,300
658,268,789,262,791,302,660,308
793,263,853,263,853,310,793,310
856,263,950,263,950,300,856,300
957,263,1067,277,1062,315,952,302
1066,266,1150,266,1150,310,1066,310
723,310,763,310,763,353,723,353
766,313,850,313,850,350,766,350
660,316,716,316,716,353,660,353
880,316,986,316,986,356,880,356
983,315,1081,319,1079,357,981,353
603,370,720,370,720,410,603,410
771,364,851,378,844,416,765,403
846,370,886,370,886,406,846,406
939,364,1016,378,1009,420,931,406
496,373,550,373,550,413,496,413
550,373,593,373,593,406,550,406
720,373,766,373,766,406,720,406
896,376,933,376,933,406,896,406
1013,376,1060,376,1060,410,1013,410
1063,376,1120,376,1120,413,1063,413
1123,380,1200,380,1200,420,1123,420
1203,380,1253,380,1253,413,1203,413
500,416,596,416,596,456,500,456
673,416,716,416,716,450,673,450
720,413,828,418,826,454,718,449
831,412,960,424,956,461,827,449
603,420,670,420,670,453,603,453
960,420,1026,420,1026,453,960,453
1030,420,1115,425,1113,460,1028,456
1120,423,1206,423,1206,460,1120,460
1210,426,1236,426,1236,460,1210,460
784,464,858,453,864,498,790,509
683,460,786,460,786,496,683,496
860,460,916,460,916,500,860,500
916,463,976,463,976,500,916,500
983,466,1070,466,1070,500,983,500
640,510,706,510,706,543,640,543
600,560,706,560,706,596,600,596
740,563,1123,563,1123,606,740,606
1126,570,1163,570,1163,600,1126,600
566,610,706,610,706,646,566,646
830,616,1026,616,1026,656,830,656
740,620,826,620,826,650,740,650
1033,623,1103,623,1103,650,1033,650
1113,626,1150,626,1150,650,1113,650
663,680,826,680,826,733,663,733
833,680,963,680,963,733,833,733
973,680,1093,680,1093,733,973,733
706,793,783,793,783,833,706,833
543,796,596,796,596,833,543,833
593,805,653,793,661,831,601,843
786,796,850,796,850,833,786,833
660,800,700,800,700,836,660,836
856,800,923,800,923,833,856,833
926,800,1030,800,1030,833,926,833
1037,802,1128,806,1126,844,1035,839
1130,806,1210,806,1210,843,1130,843
495,836,610,847,605,892,490,881
660,850,706,850,706,883,660,883
943,850,1129,850,1129,886,943,886
1146,850,1250,850,1250,890,1146,890
493,896,573,896,573,930,493,930
593,900,716,900,716,936,593,936
1003,900,1056,900,1056,946,1003,946
746,902,904,906,903,945,745,941
1063,906,1140,906,1140,943,1063,943
1153,906,1250,906,1250,946,1153,946
486,960,563,960,563,1006,486,1006
1196,963,1283,963,1283,1013,1196,1013
617,961,786,977,782,1018,613,1002
843,973,930,973,930,1010,843,1010
936,973,1006,973,1006,1010,936,1010
1066,973,1186,973,1186,1006,1066,1006
486,1027,777,1033,776,1079,485,1073
803,1036,853,1036,853,1073,803,1073
856,1036,946,1036,946,1073,856,1073
956,1036,1016,1036,1016,1086,956,1086
1023,1036,1206,1036,1206,1086,1023,1086
490,1090,563,1090,563,1123,490,1123
586,1093,606,1093,606,1123,586,1123
606,1090,643,1090,643,1120,606,1120
900,1093,966,1093,966,1130,900,1130
970,1093,1016,1093,1016,1130,970,1130
1163,1093,1230,1093,1230,1133,1163,1133
870,1096,903,1096,903,1133,870,1133
1136,1100,1163,1100,1163,1133,1136,1133
1230,1096,1273,1096,1273,1130,1230,1130
490,1143,783,1143,783,1186,490,1186
806,1146,900,1146,900,1183,806,1183
956,1146,1023,1146,1023,1186,956,1186
1030,1145,1125,1150,1123,1191,1027,1186
1133,1146,1236,1146,1236,1186,1133,1186
1246,1153,1263,1153,1263,1183,1246,1183
903,1153,950,1153,950,1190,903,1190
493,1200,563,1200,563,1236,493,1236
586,1200,646,1200,646,1236,586,1236
848,1206,965,1199,968,1239,850,1246
1160,1203,1223,1203,1223,1240,1160,1240
970,1206,1013,1206,1013,1240,970,1240
1110,1206,1153,1206,1153,1240,1110,1240
1226,1206,1270,1206,1270,1240,1226,1240
490,1256,783,1256,783,1296,490,1296
803,1256,850,1256,850,1293,803,1293
860,1256,913,1256,913,1293,860,1293
921,1254,1043,1267,1039,1305,917,1293
1046,1260,1093,1260,1093,1306,1046,1306
496,1310,566,1310,566,1346,496,1346
586,1310,643,1310,643,1346,586,1346
676,1310,773,1310,773,1346,676,1346
850,1313,903,1313,903,1346,850,1346
900,1313,963,1313,963,1346,900,1346
1106,1313,1220,1313,1220,1350,1106,1350
1223,1313,1266,1313,1266,1346,1223,1346
966,1316,1013,1316,1013,1346,966,1346
493,1363,783,1363,783,1406,493,1406
806,1363,880,1363,880,1400,806,1400
1133,1363,1236,1363,1236,1400,1133,1400
1246,1366,1266,1366,1266,1400,1246,1400
886,1366,1023,1366,1023,1403,886,1403
1033,1365,1128,1370,1126,1407,1031,1402
497,1418,568,1423,566,1457,494,1452
586,1420,646,1420,646,1456,586,1456
846,1420,893,1420,893,1456,846,1456
1106,1420,1216,1420,1216,1456,1106,1456
1220,1420,1263,1420,1263,1453,1220,1453
896,1423,963,1423,963,1456,896,1456
966,1423,1010,1423,1010,1456,966,1456
640,1466,710,1466,710,1513,640,1513
776,1470,843,1470,843,1506,776,1506
726,1473,766,1473,766,1506,726,1506
846,1473,890,1473,890,1503,846,1503
573,1476,633,1476,633,1510,573,1510
583,1533,653,1533,653,1580,583,1580
494,1532,588,1542,582,1592,489,1582
1090,1540,1270,1540,1270,1576,1090,1576
586,1590,626,1590,626,1630,586,1630
738,1587,822,1597,818,1635,733,1626
1180,1593,1203,1593,1203,1623,1180,1623
1206,1590,1270,1590,1270,1623,1206,1623
496,1590,588,1595,586,1641,494,1636
633,1592,734,1596,733,1634,631,1629
496,1640,570,1640,570,1683,496,1683
1090,1640,1163,1640,1163,1680,1090,1680
1156,1640,1226,1640,1226,1676,1156,1676
1226,1640,1270,1640,1270,1673,1226,1673
576,1643,676,1643,676,1680,576,1680
683,1643,730,1643,730,1680,683,1680
493,1690,570,1690,570,1730,493,1730
1196,1690,1266,1690,1266,1723,1196,1723
626,1693,673,1693,673,1730,626,1730
746,1693,843,1693,843,1730,746,1730
573,1696,623,1696,623,1730,573,1730
680,1696,740,1696,740,1730,680,1730
495,1751,588,1762,582,1812,489,1802
586,1756,653,1756,653,1803,586,1803
1220,1760,1266,1760,1266,1793,1220,1793
656,1763,736,1763,736,1803,656,1803
743,1763,793,1763,793,1803,743,1803
1106,1763,1160,1763,1160,1796,1106,1796
1156,1763,1220,1763,1220,1796,1156,1796
1113,1880,1186,1880,1186,1920,1113,1920
1196,1883,1273,1883,1273,1920,1196,1920
496,1893,576,1893,576,1930,496,1930
1160,1936,1226,1936,1226,1973,1160,1973
1226,1936,1270,1936,1270,1973,1226,1973
1133,1943,1156,1943,1156,1973,1133,1973
496,1950,516,1950,516,1986,496,1986
520,1946,566,1946,566,1983,520,1983
563,2010,626,2010,626,2056,563,2056
493,2016,560,2016,560,2060,493,2060
626,2016,726,2016,726,2053,626,2053
733,2016,810,2016,810,2053,733,2053
1079,2063,1273,2063,1273,2103,1079,2103
590,2073,676,2073,676,2106,590,2106
493,2076,583,2076,583,2116,493,2116
918,2260,1056,2252,1058,2292,920,2299
735,2264,856,2260,857,2299,737,2304
860,2263,916,2263,916,2300,860,2300
696,2266,736,2266,736,2303,696,2303
876,2313,896,2313,896,2336,876,2336
900,2313,920,2313,920,2333,900,2333
836,2316,853,2316,853,2336,836,2336
856,2316,876,2316,876,2336,856,2336
1113,2346,1183,2346,1183,2393,1113,2393
531,2344,608,2366,597,2404,520,2382
1184,2353,1259,2348,1261,2379,1187,2384
1060,2353,1110,2353,1110,2396,1060,2396
932,2359,1056,2354,1058,2399,933,2404
703,2370,783,2370,783,2413,703,2413
846,2370,930,2370,930,2413,846,2413
603,2375,699,2383,696,2425,599,2416
790,2376,840,2376,840,2406,790,2406
1126,2396,1176,2396,1176,2440,1126,2440
1053,2406,1123,2406,1123,2453,1053,2453
751,2423,956,2412,958,2460,754,2472
973,2413,1050,2413,1050,2456,973,2456
606,2410,700,2441,685,2486,591,2455
690,2423,743,2423,743,2470,690,2470
