1149,325,1375,325,1375,414,1149,414
1380,330,1506,330,1506,404,1380,404
1496,346,1585,346,1585,420,1496,420
987,430,1359,430,1359,519,987,519
1365,435,1454,435,1454,509,1365,509
1470,441,1601,441,1601,514,1470,514
1611,441,1753,441,1753,525,1611,525
1149,525,1317,525,1317,609,1149,609
945,530,1050,530,1050,603,945,603
1060,530,1139,530,1139,603,1060,603
1375,536,1582,543,1579,620,1373,613
1575,546,1769,546,1769,619,1575,619
714,635,845,635,845,708,714,708
850,640,939,640,939,708,850,708
955,645,1086,645,1086,714,955,714
1097,645,1249,645,1249,724,1097,724
1254,645,1307,645,1307,714,1254,714
1330,645,1510,669,1500,745,1320,722
1512,656,1716,656,1716,729,1512,729
1869,662,2007,651,2013,727,1875,738
1727,661,1858,661,1858,740,1727,740
1223,733,1508,742,1506,816,1221,808
894,825,1033,837,1027,908,888,896
1086,834,1207,834,1207,908,1086,908
1207,834,1438,834,1438,908,1207,908
1433,840,1475,840,1475,903,1433,903
814,927,1031,935,1028,1006,811,998
1087,933,1807,945,1805,1034,1085,1022
1811,955,1884,955,1884,1008,1811,1008
750,1025,1025,1032,1023,1103,749,1096
1265,1039,1669,1039,1669,1128,1265,1128
1092,1050,1260,1050,1260,1102,1092,1102
1664,1060,1806,1060,1806,1113,1664,1113
1821,1060,1895,1060,1895,1107,1821,1107
929,1155,1249,1155,1249,1260,929,1260
1266,1160,1519,1167,1516,1272,1263,1264
1533,1170,1774,1170,1774,1275,1533,1275
687,1386,792,1386,792,1459,687,1459
1018,1386,1165,1386,1165,1470,1018,1470
803,1391,908,1391,908,1475,803,1475
918,1396,1002,1396,1002,1470,918,1470
1176,1393,1301,1402,1296,1477,1171,1469
1312,1401,1438,1401,1438,1475,1312,1475
1454,1407,1659,1407,1659,1480,1454,1480
1848,1417,2010,1417,2010,1501,1848,1501
1669,1416,1847,1428,1841,1504,1664,1491
588,1475,819,1475,819,1580,588,1580
924,1496,1023,1496,1023,1575,924,1575
1480,1506,1849,1512,1847,1588,1479,1581
1874,1517,2005,1517,2005,1596,1874,1596
1995,1517,2084,1517,2084,1596,1995,1596
593,1606,750,1606,750,1680,593,1680
787,1606,1029,1606,1029,1690,787,1690
1092,1617,1485,1617,1485,1701,1092,1701
1590,1611,1695,1611,1695,1706,1590,1706
1706,1627,1863,1627,1863,1706,1706,1706
1884,1632,2073,1632,2073,1711,1884,1711
588,1743,729,1743,729,1827,588,1827
836,1747,1165,1775,1158,1863,828,1835
1963,1753,2131,1753,2131,1848,1963,1848
1281,1764,1443,1764,1443,1837,1281,1837
1459,1764,1596,1764,1596,1842,1459,1842
1706,1769,1942,1769,1942,1848,1706,1848
582,1877,1151,1889,1149,1969,581,1958
1202,1890,1291,1890,1291,1968,1202,1968
1302,1890,1454,1890,1454,1968,1302,1968
1464,1890,1601,1890,1601,1968,1464,1968
1617,1900,1779,1900,1779,1974,1617,1974
1798,1891,1956,1912,1945,1994,1787,1973
1963,1905,2131,1905,2131,1979,1963,1979
771,1989,887,1989,887,2063,771,2063
593,1995,735,1995,735,2063,593,2063
945,2000,1134,2000,1134,2068,945,2068
1286,2010,1522,2010,1522,2084,1286,2084
1522,2010,1611,2010,1611,2079,1522,2079
1800,2016,1911,2016,1911,2089,1800,2089
1895,2016,2031,2016,2031,2084,1895,2084
2037,2021,2126,2021,2126,2084,2037,2084
591,2110,771,2133,759,2225,579,2202
766,2126,897,2126,897,2205,766,2205
1816,2152,2136,2152,2136,2231,1816,2231
595,2213,773,2229,764,2324,586,2308
771,2231,855,2231,855,2310,771,2310
867,2231,1067,2253,1058,2334,858,2312
1069,2231,1241,2254,1230,2336,1058,2312
1947,2257,2131,2257,2131,2331,1947,2331
588,2325,740,2325,740,2409,588,2409
750,2336,950,2336,950,2409,750,2409
960,2341,1050,2341,1050,2415,960,2415
1811,2352,1916,2352,1916,2430,1811,2430
1911,2357,2042,2357,2042,2430,1911,2430
2047,2357,2131,2357,2131,2425,2047,2425
582,2425,735,2425,735,2514,582,2514
850,2441,939,2441,939,2520,850,2520
745,2446,840,2446,840,2514,745,2514
950,2446,1071,2446,1071,2520,950,2520
1081,2446,1281,2446,1281,2520,1081,2520
1905,2457,2037,2457,2037,2530,1905,2530
1853,2462,1911,2462,1911,2530,1853,2530
2042,2462,2131,2462,2131,2530,2042,2530
576,2550,761,2573,748,2677,564,2654
761,2572,892,2572,892,2656,761,2656
897,2583,1065,2583,1065,2672,897,2672
1071,2583,1181,2583,1181,2672,1071,2672
2037,2604,2121,2604,2121,2672,2037,2672
1979,2609,2026,2609,2026,2672,1979,2672
1811,2840,1958,2840,1958,2919,1811,2919
572,2845,735,2845,735,2913,572,2913
745,2845,819,2845,819,2908,745,2908
1979,2850,2131,2850,2131,2919,1979,2919
1905,2945,2031,2945,2031,3018,1905,3018
2016,2945,2121,2945,2121,3018,2016,3018
561,2950,609,2950,609,3018,561,3018
624,2950,714,2950,714,3024,624,3024
703,3087,824,3087,824,3171,703,3171
1050,3092,1207,3092,1207,3171,1050,3171
561,3097,693,3097,693,3165,561,3165
834,3097,1034,3097,1034,3171,834,3171
561,3202,740,3202,740,3276,561,3276
1890,3202,2026,3202,2026,3281,1890,3281
2031,3202,2121,3202,2121,3270,2031,3270
756,3207,934,3207,934,3276,756,3276
1790,3207,1900,3207,1900,3291,1790,3291
987,3601,1071,3601,1071,3669,987,3669
1071,3601,1186,3601,1186,3669,1071,3669
1186,3601,1349,3601,1349,3675,1186,3675
1391,3601,1674,3601,1674,3675,1391,3675
1354,3612,1386,3612,1386,3664,1354,3664
1239,3701,1275,3701,1275,3738,1239,3738
1281,3701,1317,3701,1317,3738,1281,3738
1328,3701,1359,3701,1359,3738,1328,3738
1370,3701,1401,3701,1401,3732,1370,3732
1197,3706,1228,3706,1228,3738,1197,3738
1800,3774,1937,3774,1937,3864,1800,3864
1695,3785,1785,3785,1785,3864,1695,3864
1443,3790,1680,3790,1680,3869,1443,3869
588,3795,756,3795,756,3874,588,3874
981,3795,1134,3795,1134,3874,981,3874
1256,3796,1422,3788,1427,3885,1261,3892
1945,3800,2094,3791,2097,3847,1948,3857
771,3804,968,3811,965,3891,769,3884
1155,3816,1244,3816,1244,3869,1155,3869
1821,3874,1926,3874,1926,3963,1821,3963
955,3895,1055,3895,1055,3984,955,3984
1076,3895,1480,3895,1480,3990,1076,3990
1512,3895,1669,3895,1669,3979,1512,3979
1674,3890,1816,3890,1816,3984,1674,3984
763,3893,949,3918,937,4005,752,3980
