1375,42,1475,42,1475,105,1375,105
1480,42,1569,42,1569,110,1480,110
1160,47,1370,47,1370,131,1160,131
1459,126,1580,126,1580,199,1459,199
1596,131,1727,131,1727,199,1596,199
1359,136,1449,136,1449,204,1359,204
1002,140,1355,147,1353,229,1001,223
1155,215,1307,215,1307,288,1155,288
1370,220,1564,220,1564,294,1370,294
1559,220,1743,220,1743,294,1559,294
955,236,1065,236,1065,304,955,304
1071,236,1144,236,1144,294,1071,294
1916,320,1963,320,1963,388,1916,388
1113,325,1244,325,1244,399,1113,399
1260,325,1312,325,1312,388,1260,388
1329,321,1503,342,1494,414,1320,392
1506,325,1701,325,1701,399,1506,399
1842,325,1926,325,1926,404,1842,404
1706,330,1837,330,1837,409,1706,409
971,336,1097,336,1097,404,971,404
745,341,871,341,871,414,745,414
871,341,960,341,960,409,871,409
1228,409,1496,409,1496,477,1228,477
1218,498,1480,498,1480,572,1218,572
1102,509,1218,509,1218,577,1102,577
924,519,1044,519,1044,588,924,588
1101,597,1433,591,1434,666,1102,672
1433,598,1790,598,1790,682,1433,682
843,614,1044,607,1047,678,846,686
1795,609,1869,609,1869,656,1795,656
1275,698,1653,698,1653,777,1275,777
785,713,1043,701,1047,773,788,784
1107,708,1260,708,1260,761,1107,761
1659,708,1790,708,1790,761,1659,761
1806,708,1874,708,1874,756,1806,756
956,827,1258,813,1263,920,961,934
1275,819,1522,819,1522,918,1275,918
1538,819,1769,819,1769,918,1538,918
1050,1061,1189,1051,1195,1131,1056,1141
1328,1055,1454,1055,1454,1128,1328,1128
1464,1055,1659,1055,1659,1128,1464,1128
1842,1055,1989,1055,1989,1139,1842,1139
1202,1060,1317,1060,1317,1128,1202,1128
1669,1065,1837,1065,1837,1139,1669,1139
866,1071,960,1071,960,1155,866,1155
966,1071,1044,1071,1044,1144,966,1144
766,1076,861,1076,861,1144,766,1144
1496,1149,1842,1149,1842,1228,1496,1228
1858,1149,2058,1149,2058,1228,1858,1228
677,1160,887,1160,887,1260,677,1260
976,1165,1071,1165,1071,1239,976,1239
1606,1254,1701,1254,1701,1344,1606,1344
1874,1260,2047,1260,2047,1338,1874,1338
1711,1265,1853,1265,1853,1344,1711,1344
1090,1277,1501,1268,1503,1346,1092,1354
866,1281,1081,1281,1081,1359,866,1359
698,1286,840,1286,840,1359,698,1359
1944,1379,2097,1371,2102,1464,1948,1472
1709,1399,1931,1392,1933,1469,1712,1476
1485,1407,1611,1407,1611,1475,1485,1475
1317,1412,1470,1412,1470,1480,1317,1480
682,1417,824,1417,824,1491,682,1491
919,1413,1215,1426,1211,1503,915,1490
1583,1528,1868,1519,1870,1607,1586,1616
1879,1522,1979,1522,1979,1606,1879,1606
1380,1533,1480,1533,1480,1606,1380,1606
687,1538,1207,1538,1207,1611,687,1611
1249,1538,1365,1538,1365,1606,1249,1606
1491,1543,1575,1543,1575,1617,1491,1617
2021,1622,2100,1622,2100,1685,2021,1685
1806,1627,1905,1627,1905,1695,1806,1695
1895,1627,2016,1627,2016,1690,1895,1690
1338,1638,1433,1638,1433,1706,1338,1706
1422,1638,1554,1638,1554,1701,1422,1701
1548,1638,1632,1638,1632,1695,1548,1695
698,1643,829,1643,829,1711,698,1711
866,1643,971,1643,971,1701,866,1701
1023,1643,1076,1643,1076,1701,1023,1701
1065,1643,1197,1643,1197,1711,1065,1711
1590,1722,1869,1722,1869,1806,1590,1806
1884,1722,1984,1722,1984,1800,1884,1800
1386,1732,1491,1732,1491,1800,1386,1800
698,1737,1217,1737,1217,1811,698,1811
1260,1737,1370,1737,1370,1806,1260,1806
1496,1743,1580,1743,1580,1811,1496,1811
1808,1827,2020,1818,2023,1890,1811,1899
2026,1821,2105,1821,2105,1884,2026,1884
1559,1832,1638,1832,1638,1895,1559,1895
1034,1837,1202,1837,1202,1900,1034,1900
1344,1837,1428,1837,1428,1905,1344,1905
1433,1837,1554,1837,1554,1900,1433,1900
708,1842,834,1842,834,1911,708,1911
871,1842,976,1842,976,1900,871,1900
2037,1911,2105,1911,2105,1979,2037,1979
1585,1921,1863,1921,1863,2005,1585,2005
1869,1926,2021,1926,2021,1984,1869,1984
707,1943,1227,1930,1229,2005,709,2017
1266,1928,1488,1942,1484,2013,1262,1999
1485,1942,1575,1942,1575,2010,1485,2010
1901,2021,2020,2013,2025,2083,1906,2092
2026,2016,2110,2016,2110,2079,2026,2079
1816,2021,1911,2021,1911,2084,1816,2084
1438,2031,1559,2031,1559,2100,1438,2100
1559,2031,1643,2031,1643,2094,1559,2094
1097,2037,1212,2037,1212,2105,1097,2105
1349,2037,1443,2037,1443,2094,1349,2094
716,2047,839,2040,843,2100,720,2107
876,2042,981,2042,981,2105,876,2105
1039,2042,1097,2042,1097,2100,1039,2100
1783,2113,2125,2104,2127,2176,1785,2185
1596,2121,1779,2121,1779,2189,1596,2189
1275,2126,1438,2126,1438,2194,1275,2194
717,2142,1233,2127,1235,2203,719,2218
1443,2131,1575,2131,1575,2194,1443,2194
1911,2210,2037,2210,2037,2278,1911,2278
2031,2210,2115,2210,2115,2273,2031,2273
1821,2215,1916,2215,1916,2278,1821,2278
1569,2220,1648,2220,1648,2283,1569,2283
1354,2226,1559,2226,1559,2294,1354,2294
724,2241,850,2241,850,2299,724,2299
887,2247,924,2247,924,2299,887,2299
924,2241,987,2241,987,2294,924,2294
1829,2345,2130,2329,2134,2404,1833,2420
887,2357,1008,2357,1008,2436,887,2436
726,2354,888,2370,880,2455,718,2440
1963,2430,2131,2430,2131,2504,1963,2504
736,2449,897,2465,890,2544,728,2528
892,2457,966,2457,966,2530,892,2530
1162,2449,1318,2464,1311,2539,1154,2524
971,2460,1157,2467,1154,2542,968,2535
2063,2525,2142,2525,2142,2593,2063,2593
1942,2530,2079,2530,2079,2598,1942,2598
1848,2535,1942,2535,1942,2604,1848,2604
745,2546,876,2546,876,2614,745,2614
882,2551,1060,2551,1060,2614,882,2614
1065,2556,1149,2556,1149,2614,1065,2614
2063,2619,2142,2619,2142,2682,2063,2682
750,2630,882,2630,882,2703,750,2703
2010,2630,2058,2630,2058,2682,2010,2682
887,2640,971,2640,971,2703,887,2703
976,2640,1060,2640,1060,2709,976,2709
1071,2640,1176,2640,1176,2709,1071,2709
1181,2640,1365,2640,1365,2709,1181,2709
761,2732,916,2763,898,2851,744,2821
908,2756,1023,2756,1023,2835,908,2835
2068,2756,2136,2756,2136,2808,2068,2808
1021,2773,1167,2758,1175,2839,1029,2853
1166,2786,1271,2765,1285,2837,1180,2858
1858,2972,1993,2960,1999,3035,1864,3048
2016,2966,2147,2966,2147,3029,2016,3029
756,2987,892,2987,892,3055,756,3055
897,2992,966,2992,966,3050,897,3050
2068,3055,2147,3055,2147,3123,2068,3123
1984,3060,2058,3060,2058,3123,1984,3123
1895,3066,1979,3066,1979,3129,1895,3129
750,3081,792,3081,792,3139,750,3139
803,3081,882,3081,882,3144,803,3144
1894,3154,2056,3137,2063,3201,1901,3218
2063,3144,2131,3144,2131,3202,2063,3202
761,3176,792,3176,792,3228,761,3228
803,3171,887,3171,887,3234,803,3234
887,3276,992,3276,992,3354,887,3354
997,3281,1176,3281,1176,3349,997,3349
1186,3281,1323,3281,1323,3339,1186,3339
756,3291,876,3291,876,3354,756,3354
2063,3349,2136,3349,2136,3407,2063,3407
1937,3354,2052,3354,2052,3417,1937,3417
1842,3370,1932,3370,1932,3428,1842,3428
934,3381,1086,3381,1086,3433,934,3433
766,3386,918,3386,918,3438,766,3438
1499,3685,1748,3678,1750,3748,1501,3756
1155,3685,1223,3685,1223,3738,1155,3738
1223,3685,1323,3685,1323,3738,1223,3738
1328,3685,1501,3685,1501,3753,1328,3753
1375,3774,1407,3774,1407,3801,1375,3801
1412,3774,1443,3774,1443,3806,1412,3806
1863,3827,1984,3827,1984,3906,1863,3906
1155,3843,1286,3843,1286,3900,1155,3900
1402,3840,1541,3849,1536,3924,1397,3915
1769,3843,1848,3843,1848,3911,1769,3911
1548,3848,1758,3848,1758,3911,1548,3911
1995,3848,2126,3848,2126,3895,1995,3895
819,3853,966,3853,966,3921,819,3921
976,3851,1146,3859,1143,3915,974,3908
1302,3853,1380,3853,1380,3895,1302,3895
1134,3916,1228,3916,1228,3990,1134,3990
1239,3914,1586,3925,1584,3990,1237,3980
1890,3916,1979,3916,1979,3990,1890,3990
972,3916,1127,3928,1122,3992,967,3980
1617,3927,1748,3927,1748,3990,1617,3990
1758,3927,1879,3927,1879,4005,1758,4005
