1134,294,1328,294,1328,372,1134,372
1328,299,1417,299,1417,362,1328,362
1422,309,1501,309,1501,378,1422,378
1008,383,1092,383,1092,446,1008,446
1094,394,1306,378,1311,445,1099,461
1317,388,1396,388,1396,451,1317,451
1401,388,1512,388,1512,451,1401,451
1522,393,1632,393,1632,456,1522,456
1071,462,1134,462,1134,519,1071,519
1144,462,1265,462,1265,525,1144,525
976,467,1065,467,1065,519,976,519
1328,472,1491,472,1491,525,1328,525
1491,472,1648,472,1648,530,1491,530
803,540,908,540,908,598,803,598
908,546,981,546,981,598,908,598
992,546,1102,546,1102,603,992,603
1113,551,1228,551,1228,609,1113,609
1239,551,1281,551,1281,603,1239,603
1297,547,1440,568,1431,624,1288,603
1443,556,1606,556,1606,614,1443,614
1611,561,1716,561,1716,624,1611,624
1727,567,1837,567,1837,624,1727,624
1212,624,1433,624,1433,682,1212,682
955,698,1060,698,1060,756,955,756
1107,703,1202,703,1202,761,1107,761
1207,714,1233,714,1233,761,1207,761
1233,708,1380,708,1380,766,1233,766
1386,714,1417,714,1417,766,1386,766
897,782,1050,782,1050,834,897,834
1107,786,1675,794,1674,859,1107,851
1674,808,1737,808,1737,850,1674,850
850,861,1065,861,1065,918,850,918
1255,869,1555,877,1553,940,1253,932
1118,882,1249,882,1249,918,1118,918
1559,887,1669,887,1669,929,1559,929
1680,887,1743,887,1743,934,1680,934
1002,971,1244,971,1244,1055,1002,1055
1260,976,1454,976,1454,1060,1260,1060
1470,981,1648,981,1648,1060,1470,1060
829,1155,903,1155,903,1207,829,1207
1071,1155,1181,1155,1181,1212,1071,1212
913,1160,992,1160,992,1223,913,1223
997,1160,1060,1160,1060,1218,997,1218
1191,1160,1281,1160,1281,1218,1191,1218
1291,1165,1386,1165,1386,1218,1291,1218
1396,1165,1554,1165,1554,1223,1396,1223
1560,1170,1699,1181,1694,1241,1555,1229
1701,1176,1816,1176,1816,1239,1701,1239
761,1228,934,1228,934,1307,761,1307
1002,1239,1081,1239,1081,1302,1002,1302
1422,1244,1695,1244,1695,1302,1422,1302
1722,1249,1869,1249,1869,1307,1722,1307
771,1323,882,1323,882,1380,771,1380
908,1323,1086,1323,1086,1380,908,1380
1128,1328,1422,1328,1422,1391,1128,1391
1506,1328,1585,1328,1585,1396,1506,1396
1590,1338,1711,1338,1711,1396,1590,1396
1727,1338,1863,1338,1863,1396,1727,1396
761,1422,866,1422,866,1485,761,1485
1785,1428,1911,1428,1911,1506,1785,1506
941,1426,1189,1446,1185,1504,936,1485
1270,1438,1396,1438,1396,1491,1270,1491
1407,1438,1506,1438,1506,1496,1407,1496
1590,1438,1769,1438,1769,1496,1590,1496
750,1522,1175,1522,1175,1585,750,1585
1213,1528,1311,1538,1305,1593,1208,1583
1312,1533,1375,1533,1375,1590,1312,1590
1375,1533,1674,1533,1674,1596,1375,1596
1774,1535,1923,1542,1921,1597,1772,1590
1680,1543,1764,1543,1764,1601,1680,1601
756,1606,861,1606,861,1659,756,1659
924,1606,976,1606,976,1653,924,1653
892,1617,924,1617,924,1659,892,1659
1307,1622,1454,1622,1454,1674,1307,1674
1454,1622,1522,1622,1522,1669,1454,1669
1737,1622,1837,1622,1837,1674,1737,1674
1695,1627,1743,1627,1743,1674,1695,1674
1842,1627,1905,1627,1905,1674,1842,1674
745,1682,1176,1690,1175,1748,744,1740
1212,1690,1386,1690,1386,1748,1212,1748
1391,1695,1491,1695,1491,1748,1391,1748
1506,1695,1648,1695,1648,1753,1506,1753
1662,1691,1766,1708,1756,1769,1652,1752
750,1769,850,1769,850,1816,750,1816
918,1769,971,1769,971,1816,918,1816
887,1779,918,1779,918,1821,887,1821
1349,1774,1454,1774,1454,1827,1349,1827
1307,1779,1349,1779,1349,1827,1307,1827
1454,1779,1522,1779,1522,1827,1454,1827
1743,1779,1837,1779,1837,1832,1743,1832
1695,1785,1737,1785,1737,1832,1695,1832
1848,1785,1911,1785,1911,1827,1848,1827
740,1848,1170,1848,1170,1905,740,1905
1207,1853,1296,1853,1296,1905,1207,1905
1296,1853,1354,1853,1354,1911,1296,1911
1364,1853,1816,1853,1816,1910,1364,1910
1818,1869,1909,1861,1914,1916,1822,1924
740,1932,850,1932,850,1984,740,1984
876,1932,966,1932,966,1984,876,1984
1349,1937,1454,1937,1454,1989,1349,1989
1454,1937,1522,1937,1522,1989,1454,1989
1302,1942,1344,1942,1344,1989,1302,1989
1706,1947,1737,1947,1737,1989,1706,1989
1743,1942,1842,1942,1842,1989,1743,1989
1848,1942,1916,1942,1916,1989,1848,1989
735,2010,1165,2010,1165,2068,735,2068
1207,2010,1380,2010,1380,2068,1207,2068
1391,2016,1491,2016,1491,2073,1391,2073
1512,2016,1653,2016,1653,2068,1512,2068
1664,2016,1769,2016,1769,2089,1664,2089
735,2094,840,2094,840,2147,735,2147
866,2094,960,2094,960,2147,866,2147
1349,2094,1449,2094,1449,2152,1349,2152
1302,2100,1354,2100,1354,2152,1302,2152
1454,2100,1522,2100,1522,2152,1454,2152
1701,2100,1753,2100,1753,2157,1701,2157
1748,2100,1848,2100,1848,2152,1748,2152
1853,2100,1921,2100,1921,2152,1853,2152
724,2172,1160,2178,1160,2241,723,2234
1359,2173,1821,2173,1821,2236,1359,2236
1202,2178,1291,2178,1291,2231,1202,2231
1296,2178,1354,2178,1354,2231,1296,2231
1827,2189,1921,2189,1921,2241,1827,2241
719,2262,829,2262,829,2315,719,2315
861,2262,950,2262,950,2315,861,2315
1344,2262,1454,2262,1454,2320,1344,2320
1296,2268,1354,2268,1354,2325,1296,2325
1454,2268,1522,2268,1522,2320,1454,2320
1706,2273,1758,2273,1758,2320,1706,2320
1748,2268,1853,2268,1853,2320,1748,2320
1858,2268,1921,2268,1921,2320,1858,2320
714,2364,856,2380,848,2445,707,2429
855,2373,960,2373,960,2430,855,2430
1680,2373,1932,2373,1932,2436,1680,2436
715,2438,863,2454,854,2534,707,2518
861,2446,924,2446,924,2514,861,2514
1098,2447,1235,2465,1226,2535,1089,2518
1832,2451,1926,2451,1926,2509,1832,2509
929,2454,1091,2467,1086,2527,924,2514
1785,2457,1832,2457,1832,2509,1785,2509
714,2530,834,2530,834,2593,714,2593
1758,2530,1863,2530,1863,2598,1758,2598
845,2535,1002,2535,1002,2598,845,2598
1008,2535,1081,2535,1081,2593,1008,2593
1680,2535,1753,2535,1753,2588,1680,2588
1863,2535,1932,2535,1932,2588,1863,2588
708,2609,834,2609,834,2682,708,2682
1863,2614,1932,2614,1932,2667,1863,2667
918,2619,992,2619,992,2682,918,2682
997,2619,1097,2619,1097,2677,997,2677
1107,2619,1260,2619,1260,2677,1107,2677
840,2625,913,2625,913,2677,840,2677
710,2716,857,2733,849,2807,702,2791
850,2730,955,2730,955,2787,850,2787
1088,2744,1178,2724,1192,2785,1102,2805
956,2742,1089,2727,1096,2787,962,2802
1863,2735,1926,2735,1926,2782,1863,2782
1685,2924,1800,2924,1800,2982,1685,2982
1821,2924,1937,2924,1937,2982,1821,2982
714,2934,840,2934,840,2992,714,2992
1711,3008,1858,3008,1858,3071,1711,3071
750,3013,824,3013,824,3071,750,3071
1869,3013,1937,3013,1937,3066,1869,3066
714,3024,745,3024,745,3071,714,3071
819,3118,913,3118,913,3192,819,3192
708,3129,813,3129,813,3192,708,3192
918,3129,1071,3129,1071,3186,918,3186
1086,3129,1207,3129,1207,3192,1086,3192
708,3212,1154,3212,1154,3270,708,3270
1753,3218,1869,3218,1869,3286,1753,3286
1669,3223,1743,3223,1743,3281,1669,3281
1874,3223,1942,3223,1942,3276,1874,3276
1034,3543,1323,3543,1323,3601,1034,3601
1323,3543,1585,3543,1585,3612,1323,3612
1202,3633,1338,3633,1338,3664,1202,3664
1338,3633,1370,3633,1370,3664,1338,3664
708,3717,850,3717,850,3790,708,3790
1695,3717,1811,3717,1811,3801,1695,3801
1023,3722,1155,3722,1155,3790,1023,3790
1255,3719,1384,3727,1379,3808,1250,3800
1396,3722,1596,3722,1596,3795,1396,3795
856,3725,1020,3733,1017,3808,853,3800
1601,3727,1680,3727,1680,3801,1601,3801
1160,3732,1239,3732,1239,3785,1160,3785
1821,3743,1942,3743,1942,3801,1821,3801
847,3800,1005,3824,993,3906,835,3882
997,3811,1086,3811,1086,3895,997,3895
1097,3816,1428,3816,1428,3906,1097,3906
1454,3822,1585,3822,1585,3900,1454,3900
1590,3822,1711,3822,1711,3916,1590,3916
1716,3827,1806,3827,1806,3906,1716,3906
