1286,94,1464,94,1464,162,1286,162
1475,94,1559,94,1559,147,1475,147
1564,99,1638,99,1638,157,1564,157
1664,162,1774,162,1774,225,1664,225
1459,173,1538,173,1538,236,1459,236
1543,173,1648,173,1648,225,1543,225
1241,187,1448,176,1451,239,1244,249
1149,183,1233,183,1233,241,1149,241
1632,246,1795,246,1795,309,1632,309
1462,256,1631,247,1635,309,1465,318
1281,257,1417,257,1417,320,1281,320
1207,262,1275,262,1275,320,1207,320
1113,267,1202,267,1202,320,1113,320
1884,336,1989,336,1989,399,1884,399
1585,341,1753,341,1753,399,1585,399
1764,341,1874,341,1874,404,1764,404
924,351,1034,351,1034,414,924,414
1034,351,1113,351,1113,409,1034,409
1123,351,1228,351,1228,409,1123,409
1244,351,1365,351,1365,414,1244,414
1380,357,1417,357,1417,409,1380,409
1433,350,1577,357,1574,416,1430,409
1349,425,1575,425,1575,483,1349,483
1522,504,1559,504,1559,556,1522,556
1233,504,1333,504,1333,556,1233,556
1365,504,1522,504,1522,561,1365,561
1076,509,1181,509,1181,561,1076,561
1338,514,1365,514,1365,556,1338,556
1233,583,1826,575,1827,642,1233,649
1837,582,1900,582,1900,624,1837,624
1008,588,1181,588,1181,640,1008,640
955,666,1181,666,1181,724,955,724
1716,666,1837,666,1837,714,1716,714
1848,666,1911,666,1911,708,1848,708
1379,677,1705,664,1708,726,1381,739
1244,682,1375,682,1375,719,1244,719
1609,770,1810,762,1813,850,1612,857
1113,771,1370,771,1370,855,1113,855
1391,771,1601,771,1601,855,1391,855
1181,966,1302,966,1302,1029,1181,1029
1422,966,1527,966,1527,1029,1422,1029
1538,966,1711,966,1711,1029,1538,1029
918,971,1002,971,1002,1029,918,1029
1008,971,1097,971,1097,1044,1008,1044
1307,971,1412,971,1412,1034,1307,1034
1102,976,1170,976,1170,1029,1102,1029
1722,970,1872,982,1867,1042,1717,1030
1874,976,2010,976,2010,1044,1874,1044
845,1050,1029,1050,1029,1134,845,1134
1564,1050,1879,1050,1879,1118,1564,1118
1102,1055,1191,1055,1191,1123,1102,1123
1895,1055,2005,1055,2005,1123,1895,1123
1995,1055,2073,1055,2073,1123,1995,1123
1664,1144,1748,1144,1748,1223,1664,1223
1000,1155,1196,1148,1199,1220,1003,1227
1249,1149,1632,1149,1632,1223,1249,1223
850,1155,971,1155,971,1212,850,1212
1753,1155,1890,1155,1890,1223,1753,1223
1905,1155,2068,1155,2068,1223,1905,1223
1968,1260,2110,1260,2110,1338,1968,1338
850,1270,960,1270,960,1338,850,1338
1040,1264,1305,1283,1301,1351,1035,1332
1753,1270,1958,1270,1958,1338,1753,1338
1402,1273,1536,1280,1532,1340,1398,1333
1548,1275,1664,1275,1664,1338,1548,1338
840,1380,1302,1380,1302,1449,840,1449
1848,1380,2000,1380,2000,1449,1848,1449
1333,1386,1485,1386,1485,1443,1333,1443
1497,1382,1662,1394,1657,1463,1492,1450
1664,1386,1842,1386,1842,1454,1664,1454
2005,1386,2089,1386,2089,1449,2005,1449
845,1475,955,1475,955,1527,845,1527
992,1480,1029,1480,1029,1533,992,1533
1023,1475,1081,1475,1081,1522,1023,1522
1412,1480,1475,1480,1475,1538,1412,1538
1491,1480,1601,1480,1601,1543,1491,1543
1606,1480,1674,1480,1674,1538,1606,1538
1832,1480,1900,1480,1900,1538,1832,1538
1916,1480,2026,1480,2026,1543,1916,1543
2026,1480,2100,1480,2100,1533,2026,1533
845,1559,1302,1559,1302,1627,845,1627
1338,1564,1512,1564,1512,1627,1338,1627
1527,1569,1695,1569,1695,1638,1527,1638
1706,1569,2016,1569,2016,1627,1706,1627
2031,1569,2100,1569,2100,1627,2031,1627
850,1653,960,1653,960,1706,850,1706
1029,1653,1086,1653,1086,1701,1029,1701
992,1659,1029,1659,1029,1706,992,1706
1412,1659,1596,1659,1596,1722,1412,1722
1911,1659,2021,1659,2021,1716,1911,1716
1606,1664,1674,1664,1674,1711,1606,1711
1832,1664,1916,1664,1916,1722,1832,1722
2026,1664,2094,1664,2094,1716,2026,1716
845,1737,1302,1737,1302,1806,845,1806
1339,1738,1555,1745,1553,1806,1337,1800
1648,1748,1811,1748,1811,1800,1648,1800
1821,1748,1926,1748,1926,1806,1821,1806
1937,1748,2110,1748,2110,1806,1937,1806
1564,1753,1627,1753,1627,1800,1564,1800
850,1832,960,1832,960,1884,850,1884
997,1837,1029,1837,1029,1884,997,1884
1029,1832,1086,1832,1086,1879,1029,1879
1412,1837,1496,1837,1496,1895,1412,1895
1491,1837,1596,1837,1596,1895,1491,1895
1606,1837,1669,1837,1669,1890,1606,1890
1827,1837,1916,1837,1916,1895,1827,1895
1911,1837,2016,1837,2016,1895,1911,1895
2026,1842,2094,1842,2094,1895,2026,1895
1076,1916,1186,1916,1186,1984,1076,1984
971,1921,1065,1921,1065,1974,971,1974
1212,1921,1302,1921,1302,1979,1212,1979
1296,1921,1401,1921,1401,1974,1296,1974
1407,1921,1480,1921,1480,1974,1407,1974
845,2000,1307,2000,1307,2068,845,2068
1344,2000,1522,2000,1522,2068,1344,2068
1528,1993,1886,2005,1884,2074,1526,2062
1895,2005,2105,2005,2105,2073,1895,2073
850,2089,960,2089,960,2147,850,2147
1034,2089,1086,2089,1086,2142,1034,2142
992,2094,1034,2094,1034,2147,992,2147
1412,2094,1496,2094,1496,2152,1412,2152
1491,2094,1596,2094,1596,2147,1491,2147
1601,2094,1669,2094,1669,2147,1601,2147
1827,2094,1900,2094,1900,2152,1827,2152
1905,2094,2016,2094,2016,2152,1905,2152
2021,2100,2089,2100,2089,2152,2021,2152
1076,2168,1191,2168,1191,2241,1076,2241
976,2178,1071,2178,1071,2236,976,2236
1212,2178,1401,2178,1401,2236,1212,2236
1407,2178,1475,2178,1475,2231,1407,2231
845,2257,1307,2257,1307,2325,845,2325
1338,2262,1449,2262,1449,2325,1338,2325
1459,2262,1596,2262,1596,2320,1459,2320
1606,2262,1716,2262,1716,2320,1606,2320
1727,2262,1821,2262,1821,2336,1727,2336
997,2346,1092,2346,1092,2404,997,2404
1134,2346,1286,2346,1286,2404,1134,2404
850,2352,966,2352,966,2404,850,2404
1412,2352,1496,2352,1496,2409,1412,2409
1491,2352,1596,2352,1596,2404,1491,2404
1601,2352,1669,2352,1669,2404,1601,2404
1827,2352,2016,2352,2016,2409,1827,2409
2021,2352,2089,2352,2089,2409,2021,2409
992,2457,1097,2457,1097,2520,992,2520
846,2454,993,2470,986,2544,838,2529
1806,2462,2037,2462,2037,2525,1806,2525
2031,2467,2100,2467,2100,2525,2031,2525
847,2533,998,2549,990,2628,839,2613
997,2541,1060,2541,1060,2604,997,2604
1066,2543,1232,2557,1227,2617,1061,2603
1235,2538,1376,2555,1368,2624,1227,2607
1947,2551,1995,2551,1995,2604,1947,2604
1995,2551,2100,2551,2100,2614,1995,2614
845,2630,966,2630,966,2693,845,2693
981,2630,1144,2630,1144,2693,981,2693
1144,2630,1218,2630,1218,2688,1144,2688
1811,2630,1916,2630,1916,2688,1811,2688
1916,2635,2026,2635,2026,2688,1916,2688
2031,2635,2105,2635,2105,2688,2031,2688
845,2709,971,2709,971,2777,845,2777
1249,2709,1412,2709,1412,2772,1249,2772
1060,2714,1128,2714,1128,2772,1060,2772
1139,2714,1239,2714,1239,2772,1139,2772
976,2719,1050,2719,1050,2772,976,2772
2031,2724,2105,2724,2105,2777,2031,2777
853,2809,999,2831,988,2908,842,2886
992,2819,1097,2819,1097,2882,992,2882
1244,2819,1328,2819,1328,2887,1244,2887
1101,2831,1230,2816,1238,2881,1108,2896
1874,2845,1905,2845,1905,2892,1874,2892
1916,2840,2026,2840,2026,2898,1916,2898
2031,2840,2105,2840,2105,2898,2031,2898
855,3029,981,3029,981,3087,855,3087
1848,3029,1968,3029,1968,3102,1848,3102
997,3039,1050,3039,1050,3081,997,3081
1984,3039,2110,3039,2110,3097,1984,3097
897,3113,966,3113,966,3171,897,3171
855,3123,887,3123,887,3171,855,3171
1874,3118,2100,3118,2100,3181,1874,3181
897,3197,971,3197,971,3249,897,3249
855,3207,887,3207,887,3255,855,3255
1869,3198,2106,3206,2104,3267,1867,3259
966,3291,1060,3291,1060,3365,966,3365
1065,3302,1223,3302,1223,3360,1065,3360
1233,3302,1354,3302,1354,3360,1233,3360
850,3307,960,3307,960,3375,850,3375
849,3390,1301,3377,1303,3438,851,3452
1791,3390,2107,3406,2104,3472,1787,3455
1197,3680,1349,3680,1349,3738,1197,3738
1354,3680,1506,3680,1506,3738,1354,3738
1512,3685,1732,3685,1732,3743,1512,3743
1359,3764,1391,3764,1391,3790,1359,3790
1391,3764,1491,3764,1491,3795,1391,3795
1191,3843,1312,3843,1312,3900,1191,3900
1412,3843,1543,3843,1543,3916,1412,3916
1550,3834,1747,3848,1742,3919,1545,3905
1323,3848,1401,3848,1401,3895,1323,3895
1748,3853,1827,3853,1827,3921,1748,3921
1837,3853,1947,3853,1947,3932,1837,3932
872,3865,1016,3853,1022,3923,878,3935
1023,3858,1181,3858,1181,3921,1023,3921
1959,3890,2087,3902,2083,3951,1954,3939
1170,3916,1254,3916,1254,3995,1170,3995
1265,3916,1590,3916,1590,3990,1265,3990
1606,3927,1737,3927,1737,4000,1606,4000
1018,3937,1165,3937,1165,4011,1018,4011
1743,3937,1858,3937,1858,4016,1743,4016
1858,3942,1947,3942,1947,4016,1858,4016
