1281,36,1428,36,1428,94,1281,94
1433,42,1506,42,1506,94,1433,94
1506,52,1569,52,1569,99,1506,99
1170,110,1239,110,1239,157,1170,157
1244,110,1417,110,1417,168,1244,168
1422,110,1480,110,1480,162,1422,162
1491,112,1584,121,1579,171,1486,161
1585,115,1680,115,1680,168,1585,168
1218,173,1275,173,1275,225,1218,225
1139,178,1212,178,1212,225,1139,225
1275,178,1380,178,1380,231,1275,231
1428,178,1564,178,1564,231,1428,231
1559,183,1664,183,1664,236,1559,236
1664,194,1695,194,1695,236,1664,236
981,241,1076,241,1076,294,981,294
1076,246,1139,246,1139,294,1076,294
1149,246,1239,246,1239,299,1149,299
1244,252,1344,252,1344,304,1244,304
1354,262,1386,262,1386,299,1354,299
1396,253,1522,269,1516,318,1390,303
1522,257,1664,257,1664,309,1522,309
1664,262,1753,262,1753,320,1664,320
1764,262,1853,262,1853,315,1764,315
1328,315,1517,315,1517,362,1328,362
1107,372,1197,372,1197,420,1107,420
1239,378,1317,378,1317,425,1239,425
1323,383,1344,383,1344,420,1323,420
1344,378,1501,378,1501,430,1344,430
1050,433,1198,441,1196,491,1047,483
1239,439,1513,446,1511,504,1237,497
1612,449,1730,457,1726,508,1609,500
1512,456,1622,456,1622,509,1512,509
1727,472,1779,472,1779,504,1727,504
1008,504,1197,504,1197,556,1008,556
1360,512,1623,521,1621,579,1358,570
1239,525,1359,525,1359,556,1239,556
1632,535,1722,535,1722,572,1632,572
1732,540,1785,540,1785,572,1732,572
1134,598,1349,598,1349,672,1134,672
1360,600,1535,607,1532,684,1357,676
1543,614,1701,614,1701,682,1543,682
1191,756,1291,756,1291,813,1191,813
981,761,1044,761,1044,808,981,808
1055,766,1123,766,1123,819,1055,819
1128,766,1186,766,1186,813,1128,813
1291,766,1380,766,1380,819,1291,819
1386,771,1475,771,1475,819,1386,819
1480,771,1617,771,1617,819,1480,819
1627,775,1750,782,1747,836,1624,828
1748,782,1853,782,1853,834,1748,834
918,824,1065,824,1065,892,918,892
1134,834,1202,834,1202,887,1134,887
1501,840,1748,840,1748,892,1501,892
1769,845,1900,845,1900,897,1769,897
1044,908,1207,908,1207,966,1044,966
924,913,1029,913,1029,960,924,960
1249,913,1554,913,1554,971,1249,971
1580,913,1648,913,1648,976,1580,976
1648,918,1758,918,1758,976,1648,976
1774,924,1895,924,1895,976,1774,976
924,1002,1013,1002,1013,1060,924,1060
1821,1002,1932,1002,1932,1071,1821,1071
1081,1008,1128,1008,1128,1060,1081,1060
1124,1009,1295,1024,1290,1079,1119,1063
1370,1013,1480,1013,1480,1065,1370,1065
1491,1013,1580,1013,1580,1071,1491,1071
1648,1013,1811,1013,1811,1071,1648,1071
918,1097,1286,1097,1286,1155,918,1155
1317,1107,1475,1107,1475,1165,1317,1165
1611,1107,1874,1107,1874,1170,1611,1170
1480,1113,1601,1113,1601,1170,1480,1170
1874,1113,1937,1113,1937,1170,1874,1170
924,1170,1013,1170,1013,1223,924,1223
1044,1181,1071,1181,1071,1223,1044,1223
1071,1181,1118,1181,1118,1218,1071,1218
1149,1176,1275,1176,1275,1228,1149,1228
1375,1186,1443,1186,1443,1233,1375,1233
1438,1186,1527,1186,1527,1233,1438,1233
1527,1186,1585,1186,1585,1233,1527,1233
1774,1186,1863,1186,1863,1239,1774,1239
1743,1197,1774,1197,1774,1233,1743,1233
1869,1191,1926,1191,1926,1233,1869,1233
924,1244,1286,1244,1286,1302,924,1302
1323,1254,1396,1254,1396,1307,1323,1307
1408,1249,1553,1263,1547,1320,1402,1306
1554,1254,1690,1254,1690,1307,1554,1307
1701,1252,1814,1260,1810,1314,1697,1306
1811,1265,1895,1265,1895,1317,1811,1317
924,1317,1018,1317,1018,1365,924,1365
1044,1328,1076,1328,1076,1370,1044,1370
1076,1328,1118,1328,1118,1365,1076,1365
1375,1333,1522,1333,1522,1380,1375,1380
1527,1333,1585,1333,1585,1380,1527,1380
1711,1333,1858,1333,1858,1386,1711,1386
1863,1338,1921,1338,1921,1380,1863,1380
929,1388,1287,1394,1286,1450,928,1443
1317,1396,1386,1396,1386,1449,1317,1449
1397,1392,1551,1406,1546,1462,1392,1448
1559,1401,1648,1401,1648,1454,1559,1454
1653,1401,1701,1401,1701,1454,1653,1454
1706,1401,1895,1401,1895,1464,1706,1464
929,1464,1023,1464,1023,1512,929,1512
1076,1470,1118,1470,1118,1512,1076,1512
1050,1475,1076,1475,1076,1512,1050,1512
1370,1475,1438,1475,1438,1522,1370,1522
1433,1475,1522,1475,1522,1522,1433,1522
1522,1475,1585,1475,1585,1522,1522,1522
1769,1475,1853,1475,1853,1522,1769,1522
1706,1480,1764,1480,1764,1522,1706,1522
1858,1480,1916,1480,1916,1522,1858,1522
929,1533,1281,1533,1281,1585,929,1585
1317,1538,1438,1538,1438,1590,1317,1590
1454,1538,1627,1538,1627,1590,1454,1590
1732,1543,1811,1543,1811,1590,1732,1590
1821,1543,1926,1543,1926,1596,1821,1596
1638,1554,1732,1554,1732,1590,1638,1590
934,1606,1018,1606,1018,1653,934,1653
1050,1611,1076,1611,1076,1653,1050,1653
1076,1611,1118,1611,1118,1648,1076,1648
1433,1611,1522,1611,1522,1659,1433,1659
1401,1622,1428,1622,1428,1659,1401,1659
1522,1617,1580,1617,1580,1659,1522,1659
1732,1622,1758,1622,1758,1664,1732,1664
1764,1617,1853,1617,1853,1664,1764,1664
1858,1627,1911,1627,1911,1664,1858,1664
929,1668,1287,1675,1286,1731,928,1724
1312,1680,1412,1680,1412,1727,1312,1727
1417,1680,1701,1680,1701,1732,1417,1732
1759,1682,1851,1690,1847,1740,1754,1732
1853,1685,1900,1685,1900,1743,1853,1743
1706,1695,1753,1695,1753,1732,1706,1732
929,1743,1018,1743,1018,1790,929,1790
1076,1748,1118,1748,1118,1785,1076,1785
1044,1753,1076,1753,1076,1790,1044,1790
1401,1758,1428,1758,1428,1800,1401,1800
1459,1753,1522,1753,1522,1800,1459,1800
1517,1758,1580,1758,1580,1800,1517,1800
1701,1758,1769,1758,1769,1806,1701,1806
1764,1758,1848,1758,1848,1806,1764,1806
1853,1758,1911,1758,1911,1806,1853,1806
929,1811,1280,1811,1280,1863,929,1863
1312,1816,1433,1816,1433,1874,1312,1874
1543,1821,1648,1821,1648,1874,1543,1874
1653,1821,1900,1821,1900,1874,1653,1874
1443,1832,1538,1832,1538,1869,1443,1869
924,1879,1018,1879,1018,1926,924,1926
1044,1890,1113,1890,1113,1932,1044,1932
1365,1890,1433,1890,1433,1937,1365,1937
1428,1890,1517,1890,1517,1942,1428,1942
1517,1895,1575,1895,1575,1937,1517,1937
1701,1895,1848,1895,1848,1947,1701,1947
1848,1900,1905,1900,1905,1942,1848,1942
924,1947,1092,1947,1092,2000,924,2000
1086,1953,1281,1953,1281,2005,1086,2005
1318,1954,1453,1969,1447,2019,1312,2004
1518,1955,1645,1964,1642,2018,1514,2009
1648,1963,1785,1963,1785,2016,1648,2016
1790,1963,1858,1963,1858,2010,1790,2010
1454,1968,1512,1968,1512,2016,1454,2016
924,2021,1013,2021,1013,2063,924,2063
1044,2026,1065,2026,1065,2063,1044,2063
1071,2026,1113,2026,1113,2063,1071,2063
1428,2026,1517,2026,1517,2079,1428,2079
1365,2031,1417,2031,1417,2073,1365,2073
1517,2031,1575,2031,1575,2073,1517,2073
1695,2031,1842,2031,1842,2084,1695,2084
1848,2037,1905,2037,1905,2079,1848,2079
924,2081,1282,2091,1280,2146,922,2137
1307,2094,1375,2094,1375,2142,1307,2142
1375,2094,1449,2094,1449,2147,1375,2147
1449,2090,1691,2097,1690,2154,1447,2146
924,2157,1018,2157,1018,2199,924,2199
1071,2163,1113,2163,1113,2199,1071,2199
1044,2168,1071,2168,1071,2205,1044,2205
1186,2163,1270,2163,1270,2210,1186,2210
1338,2163,1433,2163,1433,2215,1338,2215
1422,2163,1512,2163,1512,2215,1422,2215
1155,2173,1181,2173,1181,2205,1155,2205
1517,2168,1575,2168,1575,2215,1517,2215
1695,2173,1758,2173,1758,2220,1695,2220
1753,2173,1842,2173,1842,2220,1753,2220
1842,2178,1900,2178,1900,2220,1842,2220
924,2226,1281,2226,1281,2278,924,2278
1312,2229,1430,2236,1427,2285,1309,2278
1496,2236,1611,2236,1611,2289,1496,2289
1438,2247,1491,2247,1491,2283,1438,2283
1617,2241,1722,2241,1722,2294,1617,2294
1727,2241,1790,2241,1790,2299,1727,2299
929,2294,1018,2294,1018,2341,929,2341
1044,2299,1071,2299,1071,2341,1044,2341
1071,2299,1113,2299,1113,2336,1071,2336
1149,2304,1270,2304,1270,2341,1149,2341
1428,2299,1512,2299,1512,2352,1428,2352
1359,2304,1433,2304,1433,2352,1359,2352
1512,2304,1569,2304,1569,2352,1512,2352
1716,2310,1848,2310,1848,2357,1716,2357
1842,2315,1900,2315,1900,2362,1842,2362
928,2363,1043,2386,1031,2446,915,2423
1034,2378,1118,2378,1118,2430,1034,2430
1669,2392,1772,2399,1769,2453,1666,2446
1758,2399,1905,2399,1905,2451,1758,2451
925,2433,1041,2449,1032,2508,917,2492
1039,2446,1092,2446,1092,2493,1039,2493
1092,2450,1220,2457,1217,2510,1089,2503
1224,2447,1334,2463,1326,2513,1217,2498
1758,2467,1816,2467,1816,2514,1758,2514
1821,2467,1900,2467,1900,2514,1821,2514
924,2504,1018,2504,1018,2556,924,2556
1024,2505,1152,2512,1149,2563,1021,2556
1155,2514,1218,2514,1218,2562,1155,2562
1669,2525,1764,2525,1764,2577,1669,2577
1758,2530,1848,2530,1848,2577,1758,2577
1842,2530,1905,2530,1905,2577,1842,2577
924,2567,1018,2567,1018,2619,924,2619
1023,2577,1081,2577,1081,2619,1023,2619
1086,2577,1149,2577,1149,2625,1086,2625
1149,2577,1228,2577,1228,2625,1149,2625
1233,2577,1359,2577,1359,2625,1233,2625
1848,2604,1900,2604,1900,2635,1848,2635
920,2643,1039,2660,1030,2723,911,2706
1034,2656,1118,2656,1118,2709,1034,2709
1123,2667,1223,2667,1223,2719,1123,2719
1228,2667,1296,2667,1296,2719,1228,2719
918,2819,1018,2819,1018,2866,918,2866
1690,2824,1790,2824,1790,2887,1690,2887
1800,2840,1900,2840,1900,2887,1800,2887
918,2892,939,2892,939,2934,918,2934
945,2887,1008,2887,1008,2934,945,2934
1711,2903,1837,2903,1837,2950,1711,2950
1837,2903,1900,2903,1900,2950,1837,2950
913,2961,939,2961,939,3003,913,3003
945,2955,1008,2955,1008,3003,945,3003
1690,2966,1758,2966,1758,3013,1690,3013
1753,2966,1895,2966,1895,3018,1753,3018
997,3034,1071,3034,1071,3097,997,3097
908,3050,992,3050,992,3097,908,3097
1076,3050,1202,3050,1202,3097,1076,3097
1212,3050,1312,3050,1312,3097,1212,3097
903,3118,1018,3118,1018,3165,903,3165
1029,3118,1139,3118,1139,3165,1029,3165
1648,3123,1743,3123,1743,3176,1648,3176
1743,3123,1832,3123,1832,3176,1743,3176
1832,3123,1890,3123,1890,3176,1832,3176
903,3223,966,3223,966,3270,903,3270
976,3231,1111,3244,1107,3289,972,3275
1118,3234,1197,3234,1197,3276,1118,3276
939,3328,992,3328,992,3375,939,3375
997,3333,1128,3333,1128,3381,997,3381
1281,3332,1503,3340,1501,3393,1279,3386
1139,3335,1254,3350,1248,3400,1133,3385
1512,3344,1601,3344,1601,3396,1512,3396
1611,3344,1800,3344,1800,3391,1611,3391
1806,3344,1884,3344,1884,3391,1806,3391
908,3396,981,3396,981,3444,908,3444
987,3396,1118,3396,1118,3449,987,3449
1129,3398,1245,3414,1238,3463,1122,3448
1548,3412,1879,3412,1879,3465,1548,3465
908,3454,1023,3454,1023,3507,908,3507
1029,3459,1118,3459,1118,3507,1029,3507
1123,3465,1233,3465,1233,3517,1123,3517
1795,3470,1874,3470,1874,3517,1795,3517
960,3517,1023,3517,1023,3570,960,3570
908,3522,966,3522,966,3564,908,3564
1029,3522,1097,3522,1097,3570,1029,3570
1228,3526,1346,3533,1343,3576,1226,3569
1092,3524,1215,3533,1212,3582,1089,3573
1349,3528,1428,3528,1428,3570,1349,3570
1176,3717,1228,3717,1228,3764,1176,3764
1228,3722,1302,3722,1302,3764,1228,3764
1296,3717,1422,3717,1422,3759,1296,3759
1422,3717,1596,3717,1596,3764,1422,3764
934,3816,1044,3816,1044,3869,934,3869
1449,3816,1601,3816,1601,3869,1449,3869
1055,3820,1170,3833,1165,3876,1051,3864
1344,3822,1443,3822,1443,3874,1344,3874
1177,3828,1273,3836,1269,3876,1173,3868
1606,3827,1664,3827,1664,3874,1606,3874
1674,3827,1758,3827,1758,3879,1674,3879
1281,3837,1338,3837,1338,3874,1281,3874
1770,3844,1866,3854,1862,3892,1766,3883
1046,3862,1160,3877,1153,3931,1039,3915
1165,3885,1223,3885,1223,3921,1165,3921
1233,3885,1480,3885,1480,3932,1233,3932
1496,3879,1596,3879,1596,3932,1496,3932
1596,3890,1685,3890,1685,3942,1596,3942
1690,3890,1753,3890,1753,3942,1690,3942
