1314,243,1532,261,1525,340,1307,322
1533,246,1638,246,1638,320,1533,320
1643,262,1732,262,1732,330,1643,330
1155,325,1275,325,1275,404,1155,404
1261,346,1505,331,1510,409,1266,424
1517,346,1606,346,1606,409,1517,409
1617,346,1743,346,1743,420,1617,420
1753,346,1890,346,1890,420,1753,420
1107,420,1218,420,1218,488,1107,488
1307,425,1470,425,1470,504,1307,504
1228,430,1296,430,1296,488,1228,488
1527,437,1912,446,1910,523,1526,514
882,498,1013,498,1013,572,882,572
1013,504,1107,504,1107,572,1013,572
1118,514,1244,514,1244,572,1118,572
1265,525,1391,525,1391,593,1265,593
1412,540,1464,540,1464,603,1412,603
2006,547,2135,537,2141,618,2012,628
1486,541,1660,563,1651,634,1477,613
1664,551,1858,551,1858,619,1664,619
1869,551,2000,551,2000,630,1869,630
1386,614,1480,614,1480,682,1386,682
1475,630,1653,630,1653,698,1475,698
1060,687,1191,687,1191,756,1060,756
1250,690,1374,698,1369,768,1245,759
1375,708,1412,708,1412,761,1375,761
1413,699,1638,720,1631,790,1406,769
979,787,1191,779,1193,849,982,857
1250,783,1593,801,1590,867,1247,849
1586,804,1951,829,1946,910,1581,885
1953,840,2026,840,2026,892,1953,892
917,887,1185,878,1188,950,919,958
1433,893,1808,911,1805,984,1430,966
1254,903,1422,903,1422,955,1254,955
1818,925,1952,940,1946,991,1812,976
1963,939,2037,939,2037,987,1963,987
1097,1013,1412,1013,1412,1118,1097,1118
1433,1018,1680,1018,1680,1123,1433,1123
1701,1034,1926,1034,1926,1134,1701,1134
1186,1244,1333,1244,1333,1328,1186,1328
876,1254,976,1254,976,1328,876,1328
981,1254,1086,1254,1086,1344,981,1344
1338,1254,1464,1254,1464,1328,1338,1328
1092,1260,1176,1260,1176,1333,1092,1333
1475,1260,1606,1260,1606,1328,1475,1328
1617,1260,1821,1260,1821,1333,1617,1333
1833,1269,2002,1293,1992,1358,1823,1334
2005,1291,2152,1291,2152,1365,2005,1365
782,1344,1008,1344,1008,1449,782,1449
1097,1359,1197,1359,1197,1438,1097,1438
1643,1359,2010,1359,2010,1438,1643,1438
2037,1374,2228,1381,2225,1456,2034,1449
1758,1464,1858,1464,1858,1559,1758,1559
792,1475,945,1475,945,1548,792,1548
976,1475,1207,1475,1207,1554,976,1554
1270,1480,1648,1480,1648,1554,1270,1554
1874,1480,2026,1480,2026,1554,1874,1554
2047,1485,2231,1485,2231,1559,2047,1559
792,1606,929,1606,929,1685,792,1685
1029,1617,1102,1617,1102,1690,1029,1690
1098,1613,1343,1632,1336,1715,1092,1696
1454,1617,1611,1617,1611,1690,1454,1690
2126,1617,2289,1617,2289,1695,2126,1695
1627,1622,1758,1622,1758,1690,1627,1690
1874,1622,2110,1622,2110,1695,1874,1695
792,1737,1328,1737,1328,1816,792,1816
1370,1743,1543,1743,1543,1816,1370,1816
1559,1742,1821,1742,1821,1816,1559,1816
1837,1748,2047,1748,2047,1821,1837,1821
2058,1748,2262,1748,2262,1827,2058,1827
960,1842,1065,1842,1065,1905,960,1905
792,1848,918,1848,918,1905,792,1905
1454,1858,1564,1858,1564,1932,1454,1932
1554,1858,1774,1858,1774,1926,1554,1926
1968,1863,2073,1863,2073,1937,1968,1937
2063,1863,2194,1863,2194,1937,2063,1937
2199,1869,2283,1869,2283,1932,2199,1932
777,1940,1318,1947,1317,2022,776,2015
1368,1947,1560,1969,1550,2055,1358,2032
1564,1958,1795,1958,1795,2031,1564,2031
1811,1963,2078,1963,2078,2036,1811,2036
2220,1974,2257,1974,2257,2031,2220,2031
2089,1979,2205,1979,2205,2037,2089,2037
771,2047,908,2047,908,2115,771,2115
992,2047,1055,2047,1055,2105,992,2105
945,2052,992,2052,992,2115,945,2115
1449,2068,1685,2068,1685,2142,1449,2142
1685,2073,1769,2073,1769,2136,1685,2136
1958,2079,2058,2079,2058,2142,1958,2142
2052,2079,2184,2079,2184,2147,2052,2147
2184,2079,2268,2079,2268,2142,2184,2142
768,2167,943,2191,931,2279,756,2255
939,2178,1065,2178,1065,2262,939,2262
1963,2210,2278,2210,2278,2289,1963,2289
764,2262,943,2286,930,2383,751,2359
939,2283,1018,2283,1018,2367,939,2367
1030,2290,1229,2311,1221,2392,1022,2372
1232,2290,1399,2311,1389,2393,1222,2372
2089,2315,2152,2315,2152,2378,2089,2378
2147,2315,2273,2315,2273,2383,2147,2383
756,2383,908,2383,908,2462,756,2462
918,2394,1113,2394,1113,2467,918,2467
1123,2399,1212,2399,1212,2472,1123,2472
1958,2409,2058,2409,2058,2478,1958,2478
2052,2409,2189,2409,2189,2483,2052,2483
2189,2415,2278,2415,2278,2483,2189,2483
750,2483,903,2483,903,2567,750,2567
1244,2493,1438,2493,1438,2567,1244,2567
908,2499,1002,2499,1002,2567,908,2567
1013,2499,1102,2499,1102,2572,1013,2572
1113,2499,1233,2499,1233,2567,1113,2567
2126,2514,2178,2514,2178,2577,2126,2577
2184,2520,2273,2520,2273,2588,2184,2588
749,2603,929,2628,917,2720,737,2695
924,2619,1055,2619,1055,2698,924,2698
1233,2625,1333,2625,1333,2709,1233,2709
1057,2640,1220,2618,1230,2696,1067,2718
2121,2661,2173,2661,2173,2724,2121,2724
2178,2661,2268,2661,2268,2730,2178,2730
756,2871,908,2871,908,2940,756,2940
924,2877,992,2877,992,2934,924,2934
1953,2892,2100,2892,2100,2966,1953,2966
2121,2898,2262,2898,2262,2971,2121,2971
745,2971,792,2971,792,3034,745,3034
803,2971,892,2971,892,3039,803,3039
1984,2997,2047,2997,2047,3071,1984,3071
2042,2997,2257,2997,2257,3071,2042,3071
882,3092,992,3092,992,3181,882,3181
740,3108,871,3108,871,3181,740,3181
1002,3108,1191,3108,1191,3186,1002,3186
1207,3118,1359,3118,1359,3186,1207,3186
740,3213,913,3213,913,3281,740,3281
924,3213,1097,3213,1097,3281,924,3281
2152,3218,2231,3218,2231,3281,2152,3281
2016,3223,2142,3223,2142,3286,2016,3286
1916,3234,2016,3234,2016,3297,1916,3297
1711,3570,1790,3570,1790,3633,1711,3633
1522,3585,1703,3564,1710,3626,1529,3647
1144,3591,1228,3591,1228,3659,1144,3659
1223,3596,1333,3596,1333,3664,1223,3664
1338,3596,1496,3596,1496,3664,1338,3664
1496,3601,1522,3601,1522,3648,1496,3648
1506,3675,1538,3675,1538,3701,1506,3701
1344,3690,1375,3690,1375,3722,1344,3722
1386,3690,1417,3690,1417,3722,1386,3722
1428,3690,1459,3690,1459,3717,1428,3717
1905,3727,2031,3727,2031,3811,1905,3811
1564,3738,1790,3738,1790,3816,1564,3816
1800,3738,1890,3738,1890,3811,1800,3811
1400,3766,1551,3749,1560,3825,1408,3842
767,3755,933,3768,927,3844,761,3831
2047,3759,2184,3759,2184,3811,2047,3811
941,3765,1133,3793,1121,3871,929,3842
1139,3780,1286,3780,1286,3858,1139,3858
1302,3785,1386,3785,1386,3843,1302,3843
1216,3872,1603,3818,1614,3899,1227,3953
1634,3828,1785,3844,1777,3919,1626,3902
1926,3832,2021,3832,2021,3911,1926,3911
1790,3837,1916,3837,1916,3921,1790,3921
927,3844,1111,3877,1093,3971,910,3938
1107,3874,1207,3874,1207,3958,1107,3958
