1182,11,1339,31,1331,94,1174,74
1340,25,1477,48,1468,104,1331,81
1071,80,1326,105,1320,166,1065,141
1323,105,1386,105,1386,162,1323,162
1396,110,1480,110,1480,168,1396,168
1485,126,1575,126,1575,183,1485,183
1039,162,1113,162,1113,215,1039,215
1118,162,1170,162,1170,220,1118,220
1176,168,1291,168,1291,225,1176,225
1329,175,1589,200,1584,258,1323,233
882,229,1042,238,1039,297,879,288
1044,241,1139,241,1139,294,1044,294
1144,246,1239,246,1239,304,1144,304
1254,262,1291,262,1291,304,1254,304
1297,256,1421,281,1410,335,1287,310
1422,273,1554,273,1554,325,1422,325
1559,278,1648,278,1648,330,1559,330
1653,278,1737,278,1737,330,1653,330
1229,314,1421,333,1416,387,1223,368
1008,378,1097,378,1097,430,1008,430
1134,378,1218,378,1218,430,1134,430
1223,393,1239,393,1239,430,1223,430
1245,384,1400,398,1395,453,1240,440
955,451,1097,451,1097,498,955,498
1135,446,1515,476,1510,535,1130,505
1503,467,1611,460,1614,510,1506,517
1622,477,1669,477,1669,509,1622,509
908,511,1099,523,1096,572,905,560
1139,533,1256,541,1254,579,1137,571
1260,538,1518,547,1516,594,1258,585
1527,546,1617,546,1617,582,1527,582
1627,546,1680,546,1680,577,1627,577
1034,614,1249,614,1249,687,1034,687
1260,619,1428,619,1428,693,1260,693
1443,624,1596,624,1596,693,1443,693
887,777,945,777,945,813,887,813
1023,771,1081,771,1081,819,1023,819
1086,771,1186,771,1186,819,1086,819
1191,771,1275,771,1275,824,1191,824
1281,771,1370,771,1370,819,1281,819
1375,771,1517,771,1517,819,1375,819
950,777,1023,777,1023,829,950,829
1528,782,1646,793,1642,837,1524,826
1643,782,1753,782,1753,834,1643,834
813,829,960,829,960,887,813,887
1029,834,1097,834,1097,887,1029,887
1396,839,1648,839,1648,892,1396,892
1659,840,1806,840,1806,892,1659,892
813,908,918,908,918,955,813,955
934,908,1102,908,1102,966,934,966
1475,908,1543,908,1543,966,1475,966
1137,918,1401,910,1403,966,1139,974
1548,913,1659,913,1659,966,1548,966
1674,918,1800,918,1800,971,1674,971
803,992,897,992,897,1044,803,1044
1727,992,1842,992,1842,1065,1727,1065
966,999,1190,1019,1185,1073,961,1053
1386,1002,1475,1002,1475,1055,1386,1055
1548,1002,1716,1002,1716,1060,1548,1060
1265,1008,1375,1008,1375,1060,1265,1060
792,1081,976,1081,976,1139,792,1139
971,1086,1176,1086,1176,1144,971,1144
1370,1092,1590,1092,1590,1144,1370,1144
1212,1097,1365,1097,1365,1144,1212,1144
1596,1097,1638,1097,1638,1144,1596,1144
1644,1094,1741,1103,1735,1163,1638,1153
1737,1097,1842,1097,1842,1149,1737,1149
798,1155,892,1155,892,1202,798,1202
918,1165,950,1165,950,1207,918,1207
950,1160,997,1160,997,1202,950,1202
1333,1170,1422,1170,1422,1218,1333,1218
1641,1175,1773,1166,1776,1217,1644,1226
1302,1181,1338,1181,1338,1223,1302,1223
1428,1176,1485,1176,1485,1218,1428,1218
1779,1176,1837,1176,1837,1218,1779,1218
793,1218,1177,1231,1175,1288,791,1275
1207,1239,1590,1239,1590,1291,1207,1291
1645,1234,1742,1250,1733,1307,1636,1291
1743,1239,1842,1239,1842,1291,1743,1291
1596,1244,1638,1244,1638,1291,1596,1291
792,1296,887,1296,887,1344,792,1344
950,1302,992,1302,992,1344,950,1344
918,1307,945,1307,945,1344,918,1344
1359,1317,1422,1317,1422,1365,1359,1365
1428,1317,1485,1317,1485,1365,1428,1365
1643,1317,1774,1317,1774,1365,1643,1365
1291,1323,1365,1323,1365,1365,1291,1365
1779,1323,1837,1323,1837,1365,1779,1365
787,1362,1177,1373,1175,1430,786,1419
1207,1380,1296,1380,1296,1433,1207,1433
1349,1386,1438,1386,1438,1438,1349,1438
1428,1386,1554,1386,1554,1438,1428,1438
1748,1386,1837,1386,1837,1443,1748,1443
1302,1391,1344,1391,1344,1433,1302,1433
1564,1391,1653,1391,1653,1438,1564,1438
1659,1391,1737,1391,1737,1449,1659,1449
782,1438,887,1438,887,1491,782,1491
945,1449,992,1449,992,1491,945,1491
913,1454,945,1454,945,1496,913,1496
1328,1459,1422,1459,1422,1506,1328,1506
1428,1464,1485,1464,1485,1506,1428,1506
1660,1468,1768,1461,1772,1511,1664,1518
1774,1464,1837,1464,1837,1512,1774,1512
782,1508,1172,1518,1170,1575,780,1565
1202,1522,1296,1522,1296,1575,1202,1575
1302,1527,1344,1527,1344,1575,1302,1575
1354,1527,1554,1527,1554,1580,1354,1580
1564,1533,1653,1533,1653,1585,1564,1585
1659,1533,1737,1533,1737,1596,1659,1596
1748,1533,1837,1533,1837,1585,1748,1585
782,1590,882,1590,882,1638,782,1638
908,1596,939,1596,939,1638,908,1638
939,1596,987,1596,987,1632,939,1632
1328,1601,1422,1601,1422,1648,1328,1648
1428,1606,1485,1606,1485,1648,1428,1648
1640,1611,1773,1602,1776,1658,1644,1667
1774,1611,1837,1611,1837,1659,1774,1659
782,1664,960,1664,960,1716,782,1716
961,1659,1172,1666,1170,1722,959,1716
1202,1661,1817,1679,1816,1739,1200,1721
787,1737,887,1737,887,1790,787,1790
913,1743,945,1743,945,1790,913,1790
945,1743,992,1743,992,1779,945,1779
1291,1753,1323,1753,1323,1795,1291,1795
1328,1748,1417,1748,1417,1795,1328,1795
1422,1748,1485,1748,1485,1795,1422,1795
1648,1758,1680,1758,1680,1800,1648,1800
1680,1753,1774,1753,1774,1800,1680,1800
1779,1753,1837,1753,1837,1800,1779,1800
787,1811,1170,1811,1170,1863,787,1863
1202,1808,1817,1821,1816,1881,1201,1868
792,1884,887,1884,887,1937,792,1937
945,1890,992,1890,992,1932,945,1932
913,1895,945,1895,945,1937,913,1937
1296,1900,1323,1900,1323,1942,1296,1942
1328,1895,1417,1895,1417,1942,1328,1942
1422,1900,1485,1900,1485,1942,1422,1942
1648,1905,1685,1905,1685,1953,1648,1953
1680,1900,1774,1900,1774,1947,1680,1947
1774,1900,1837,1900,1837,1947,1774,1947
787,1958,966,1958,966,2010,787,2010
966,1956,1166,1962,1165,2016,964,2010
1202,1954,1817,1972,1816,2034,1200,2016
787,2037,882,2037,882,2084,787,2084
908,2042,939,2042,939,2084,908,2084
945,2042,987,2042,987,2079,945,2079
1323,2042,1417,2042,1417,2089,1323,2089
1422,2042,1480,2042,1480,2089,1422,2089
1291,2052,1328,2052,1328,2089,1291,2089
1648,2052,1674,2052,1674,2094,1648,2094
1680,2047,1769,2047,1769,2094,1680,2094
1774,2047,1832,2047,1832,2094,1774,2094
779,2118,903,2134,895,2199,770,2182
903,2131,992,2131,992,2184,903,2184
1617,2142,1842,2142,1842,2194,1617,2194
777,2194,892,2194,892,2262,777,2262
897,2199,955,2199,955,2252,897,2252
961,2202,1106,2216,1101,2271,956,2256
1108,2205,1223,2216,1217,2271,1102,2259
1711,2215,1842,2215,1842,2262,1711,2262
777,2273,876,2273,876,2325,777,2325
882,2273,1023,2273,1023,2331,882,2331
1029,2283,1097,2283,1097,2325,1029,2325
1617,2283,1690,2283,1690,2336,1617,2336
1690,2283,1779,2283,1779,2336,1690,2336
1785,2289,1842,2289,1842,2336,1785,2336
766,2341,871,2341,871,2399,766,2399
882,2346,945,2346,945,2399,882,2399
1113,2346,1254,2346,1254,2399,1113,2399
950,2352,1013,2352,1013,2404,950,2404
1023,2352,1107,2352,1107,2399,1023,2399
1779,2357,1842,2357,1842,2404,1779,2404
764,2418,894,2434,884,2513,754,2497
887,2441,981,2441,981,2499,887,2499
976,2453,1094,2438,1102,2498,984,2513
1107,2457,1181,2457,1181,2509,1107,2509
756,2625,871,2625,871,2677,756,2677
882,2630,934,2630,934,2672,882,2672
1622,2630,1727,2630,1727,2682,1622,2682
1743,2630,1848,2630,1848,2682,1743,2682
756,2703,787,2703,787,2751,756,2751
792,2698,855,2698,855,2745,792,2745
1643,2709,1779,2709,1779,2761,1643,2761
1785,2709,1842,2709,1842,2761,1785,2761
850,2787,934,2787,934,2850,850,2850
745,2798,840,2798,840,2850,745,2850
939,2803,1076,2803,1076,2856,939,2856
1086,2808,1191,2808,1191,2856,1086,2856
750,2871,876,2871,876,2924,750,2924
882,2877,1002,2877,1002,2929,882,2929
1601,2882,1669,2882,1669,2940,1601,2940
1674,2887,1774,2887,1774,2934,1674,2934
1779,2887,1842,2887,1842,2934,1779,2934
745,2987,808,2987,808,3045,745,3045
814,2994,975,3009,970,3068,809,3054
976,3003,1071,3003,1071,3055,976,3055
1132,3117,1380,3111,1381,3170,1134,3177
1391,3116,1494,3123,1490,3178,1387,3170
1501,3118,1711,3118,1711,3176,1501,3176
745,3129,782,3129,782,3176,745,3176
771,3123,829,3123,829,3176,771,3176
840,3123,987,3123,987,3181,840,3181
998,3122,1128,3135,1122,3189,993,3176
1716,3129,1837,3129,1837,3186,1716,3186
824,3202,976,3202,976,3255,824,3255
988,3195,1118,3210,1111,3269,981,3253
1459,3202,1832,3202,1832,3255,1459,3255
735,3207,819,3207,819,3255,735,3255
735,3270,866,3270,866,3328,735,3328
871,3270,976,3270,976,3328,871,3328
981,3276,1107,3276,1107,3333,981,3333
1769,3281,1832,3281,1832,3333,1769,3333
735,3339,866,3339,866,3402,735,3402
871,3349,945,3349,945,3402,871,3402
951,3344,1086,3360,1079,3416,944,3400
1092,3346,1233,3361,1227,3415,1086,3400
1233,3349,1323,3349,1323,3402,1233,3402
1029,3596,1170,3596,1170,3648,1029,3648
1176,3596,1286,3596,1286,3654,1176,3654
1317,3606,1344,3606,1344,3654,1317,3654
1339,3599,1509,3608,1506,3671,1336,3662
1291,3612,1307,3612,1307,3648,1291,3648
1176,3671,1324,3680,1322,3716,1174,3707
745,3748,866,3748,866,3806,745,3806
1023,3753,1128,3753,1128,3811,1023,3811
872,3756,1015,3764,1012,3823,868,3815
1218,3759,1333,3759,1333,3837,1218,3837
1139,3769,1207,3769,1207,3816,1139,3816
1333,3769,1512,3769,1512,3843,1333,3843
1596,3774,1701,3774,1701,3853,1596,3853
1517,3780,1585,3780,1585,3848,1517,3848
1706,3806,1816,3806,1816,3858,1706,3858
866,3827,997,3827,997,3906,866,3906
997,3832,1071,3832,1071,3906,997,3906
1077,3829,1369,3850,1362,3934,1071,3912
1380,3858,1496,3858,1496,3937,1380,3937
1501,3874,1606,3874,1606,3953,1501,3953
1606,3874,1690,3874,1690,3948,1606,3948
