1275,336,1475,336,1475,409,1275,409
1485,346,1585,346,1585,404,1485,404
1590,362,1674,362,1674,430,1590,430
1118,420,1212,420,1212,477,1118,477
1221,428,1453,420,1456,488,1223,496
1470,430,1554,430,1554,498,1470,498
1565,437,1685,452,1678,512,1558,497
1696,448,1826,459,1820,529,1690,518
1072,501,1175,510,1170,569,1067,560
1181,509,1254,509,1254,567,1181,567
1265,509,1417,509,1417,582,1265,582
1476,516,1669,534,1662,607,1469,589
1659,533,1845,542,1842,612,1656,603
855,598,981,598,981,661,855,661
981,598,1071,598,1071,666,981,666
1081,603,1202,603,1202,661,1081,661
1219,600,1365,612,1359,683,1213,671
1365,614,1412,614,1412,672,1365,672
1434,613,1599,643,1588,704,1423,674
1601,630,1790,630,1790,693,1601,693
1800,640,1926,640,1926,714,1800,714
1932,645,2052,645,2052,719,1932,719
1333,693,1428,693,1428,761,1333,761
1424,694,1601,711,1594,782,1417,764
1018,771,1144,771,1144,834,1018,834
1202,777,1354,777,1354,845,1202,845
1355,779,1574,795,1568,865,1350,849
945,861,1139,861,1139,924,945,924
1202,868,1876,892,1873,977,1199,953
1874,908,1947,908,1947,960,1874,960
877,947,1146,958,1143,1028,874,1017
1202,974,1361,982,1358,1032,1200,1025
1370,979,1733,987,1732,1056,1368,1048
1743,994,1876,1000,1873,1051,1740,1044
1884,1002,1953,1002,1953,1050,1884,1050
1050,1081,1349,1081,1349,1181,1050,1181
1365,1092,1601,1092,1601,1191,1365,1191
1617,1102,1842,1102,1842,1197,1617,1197
824,1296,924,1296,924,1365,824,1365
929,1302,1029,1302,1029,1380,929,1380
1128,1307,1260,1307,1260,1370,1128,1370
1275,1307,1391,1307,1391,1380,1275,1380
1039,1312,1113,1312,1113,1370,1039,1370
1401,1312,1527,1312,1527,1386,1401,1386
1538,1314,1729,1321,1726,1397,1535,1390
1738,1332,1904,1345,1899,1409,1733,1396
1911,1344,2058,1344,2058,1417,1911,1417
729,1380,945,1380,945,1475,729,1475
1039,1401,1134,1401,1134,1470,1039,1470
1559,1412,1912,1423,1910,1498,1557,1487
1932,1428,2131,1428,2131,1501,1932,1501
740,1491,876,1491,876,1564,740,1564
913,1501,1139,1501,1139,1575,913,1575
1197,1511,1565,1517,1564,1594,1195,1587
1669,1517,1758,1517,1758,1601,1669,1601
1774,1533,1921,1533,1921,1606,1774,1606
1942,1538,2121,1538,2121,1611,1942,1611
714,1622,855,1622,855,1695,714,1695
953,1623,1267,1660,1258,1737,944,1700
1370,1648,1527,1648,1527,1722,1370,1722
1540,1650,1673,1660,1668,1732,1535,1722
1774,1664,2000,1664,2000,1737,1774,1737
2016,1669,2173,1669,2173,1743,2016,1743
709,1749,1251,1766,1248,1843,706,1826
1291,1769,1459,1769,1459,1842,1291,1842
1701,1785,1879,1785,1879,1858,1701,1858
1470,1790,1690,1790,1690,1863,1470,1863
1891,1788,2097,1797,2093,1881,1887,1871
2110,1800,2142,1800,2142,1858,2110,1858
719,1858,850,1858,850,1926,719,1926
877,1862,989,1854,994,1915,882,1924
1370,1884,1459,1884,1459,1942,1370,1942
1464,1884,1590,1884,1590,1953,1464,1953
1596,1890,1680,1890,1680,1953,1596,1953
1858,1895,2079,1895,2079,1968,1858,1968
2084,1900,2163,1900,2163,1968,2084,1968
705,1977,879,2001,868,2084,694,2060
876,1995,1002,1995,1002,2068,876,2068
1860,2023,1973,2031,1968,2102,1854,2093
1958,2026,2173,2026,2173,2100,1958,2100
706,2067,881,2091,868,2184,693,2160
876,2094,955,2094,955,2163,876,2163
966,2091,1161,2112,1153,2188,958,2166
1162,2094,1325,2117,1314,2194,1151,2171
1989,2126,2163,2126,2163,2189,1989,2189
698,2184,845,2184,845,2257,698,2257
855,2189,1044,2189,1044,2262,855,2262
1055,2199,1144,2199,1144,2268,1055,2268
1858,2215,1963,2215,1963,2294,1858,2294
1953,2220,2079,2220,2079,2289,1953,2289
2084,2226,2168,2226,2168,2294,2084,2294
693,2278,840,2278,840,2362,693,2362
850,2294,939,2294,939,2362,850,2362
945,2294,1034,2294,1034,2367,945,2367
1044,2299,1160,2299,1160,2362,1044,2362
1170,2299,1359,2299,1359,2367,1170,2367
2079,2325,2157,2325,2157,2383,2079,2383
689,2408,863,2431,852,2514,679,2491
861,2420,987,2420,987,2499,861,2499
990,2432,1147,2418,1154,2498,998,2512
1160,2430,1260,2430,1260,2514,1160,2514
2016,2462,2063,2462,2063,2520,2016,2520
2073,2462,2152,2462,2152,2520,2073,2520
682,2672,840,2672,840,2740,682,2740
845,2672,913,2672,913,2735,845,2735
1858,2682,2000,2682,2000,2761,1858,2761
2016,2693,2163,2693,2163,2766,2016,2766
666,2772,714,2772,714,2835,666,2835
724,2772,819,2772,819,2840,724,2840
1888,2790,2162,2783,2164,2861,1890,2868
803,2903,913,2903,913,2982,803,2982
661,2908,792,2908,792,2982,661,2982
924,2913,1118,2913,1118,2987,924,2987
1128,2919,1275,2919,1275,2992,1128,2992
661,3018,834,3018,834,3087,661,3087
845,3024,1018,3024,1018,3092,845,3092
1827,3034,1937,3034,1937,3113,1827,3113
1932,3039,2068,3039,2068,3113,1932,3113
2068,3039,2157,3039,2157,3108,2068,3108
1060,3396,1144,3396,1144,3470,1060,3470
1139,3396,1254,3396,1254,3470,1139,3470
1254,3396,1407,3396,1407,3470,1254,3470
1448,3396,1716,3396,1716,3470,1448,3470
1417,3407,1449,3407,1449,3459,1417,3459
1428,3496,1459,3496,1459,3533,1428,3533
1338,3496,1375,3496,1375,3533,1338,3533
1386,3501,1417,3501,1417,3538,1386,3538
1491,3596,1722,3596,1722,3680,1491,3680
1837,3591,1974,3591,1974,3685,1837,3685
1044,3601,1197,3601,1197,3685,1044,3685
1317,3596,1475,3596,1475,3696,1317,3696
1732,3601,1821,3601,1821,3685,1732,3685
661,3606,829,3606,829,3685,661,3685
840,3610,1036,3617,1033,3702,837,3695
1212,3617,1307,3617,1307,3680,1212,3680
1990,3619,2139,3627,2136,3693,1986,3684
1013,3701,1118,3701,1118,3795,1013,3795
1132,3712,1542,3701,1545,3800,1135,3811
1559,3711,1716,3711,1716,3795,1559,3795
1858,3706,1968,3706,1968,3801,1858,3801
826,3700,1016,3723,1005,3816,815,3794
1722,3711,1858,3711,1858,3811,1722,3811
