1191,115,1412,115,1412,199,1191,199
1417,115,1522,115,1522,183,1417,183
1527,126,1611,126,1611,189,1527,189
1643,204,1779,204,1779,278,1643,278
1033,215,1391,209,1392,291,1034,297
1401,210,1491,210,1491,278,1401,278
1501,210,1632,210,1632,278,1501,278
1186,299,1354,299,1354,378,1186,378
1606,299,1800,299,1800,372,1606,372
1102,304,1181,304,1181,378,1102,378
1412,304,1611,304,1611,378,1412,378
987,309,1092,309,1092,378,987,378
761,404,892,404,892,477,761,477
1548,404,1753,404,1753,477,1548,477
892,409,987,409,987,477,892,477
997,409,1128,409,1128,477,997,477
1139,409,1275,409,1275,483,1139,483
1296,409,1344,409,1344,472,1296,472
1367,404,1545,426,1536,498,1358,476
1764,409,1895,409,1895,488,1764,488
1905,409,2031,409,2031,488,1905,488
1265,498,1543,498,1543,567,1265,567
1249,593,1517,593,1517,666,1249,666
945,598,1071,598,1071,672,945,672
1134,598,1249,598,1249,666,1134,666
1134,693,1842,693,1842,782,1134,782
871,698,1076,698,1076,771,871,771
1848,708,1921,708,1921,756,1848,756
808,803,1076,803,1076,871,808,871
1312,803,1701,803,1701,887,1312,887
1139,813,1296,813,1296,866,1139,866
1701,813,1837,813,1837,866,1701,866
1853,813,1932,813,1932,861,1853,861
987,924,1296,924,1296,1029,987,1029
1312,923,1559,923,1559,1028,1312,1028
1575,924,1811,924,1811,1029,1575,1029
1076,1155,1218,1155,1218,1239,1076,1239
766,1160,861,1160,861,1233,766,1233
871,1165,976,1165,976,1249,871,1249
1223,1165,1344,1165,1344,1239,1223,1239
1359,1165,1485,1165,1485,1239,1359,1239
1496,1165,1695,1165,1695,1239,1496,1239
981,1170,1060,1170,1060,1239,981,1239
1884,1170,2042,1170,2042,1254,1884,1254
1706,1170,1883,1181,1878,1257,1701,1245
666,1249,892,1249,892,1354,666,1354
992,1265,1086,1265,1086,1344,992,1344
1522,1265,1884,1265,1884,1338,1522,1338
1916,1265,2115,1265,2115,1344,1916,1344
1632,1365,1732,1365,1732,1454,1632,1454
861,1375,1086,1375,1086,1454,861,1454
1921,1375,2110,1375,2110,1454,1921,1454
687,1380,829,1380,829,1449,687,1449
1149,1380,1527,1380,1527,1454,1149,1454
1743,1380,1900,1380,1900,1454,1743,1454
2000,1496,2168,1496,2168,1590,2000,1590
666,1506,808,1506,808,1585,666,1585
908,1517,981,1517,981,1590,908,1590
1506,1517,1638,1517,1638,1590,1506,1590
1748,1517,1984,1517,1984,1590,1748,1590
972,1516,1221,1533,1216,1609,967,1592
1333,1522,1491,1522,1491,1590,1333,1590
666,1638,1207,1638,1207,1716,666,1716
1254,1643,1527,1643,1527,1716,1254,1716
1643,1643,1842,1643,1842,1716,1643,1716
1848,1643,1968,1643,1968,1716,1848,1716
1974,1655,2186,1636,2193,1718,1981,1737
1538,1659,1617,1659,1617,1711,1538,1711
887,1748,950,1748,950,1806,887,1806
672,1753,808,1753,808,1816,672,1816
840,1753,882,1753,882,1811,840,1811
1338,1753,1564,1753,1564,1827,1338,1827
1569,1758,1653,1758,1653,1821,1569,1821
1842,1758,2073,1758,2073,1832,1842,1832
2079,1758,2168,1758,2168,1821,2079,1821
939,1848,1071,1848,1071,1937,939,1937
1102,1853,1417,1853,1417,1932,1102,1932
813,1858,934,1858,934,1926,813,1926
661,1953,1207,1953,1207,2026,661,2026
1449,1953,1643,1953,1643,2026,1449,2026
1254,1958,1438,1958,1438,2026,1254,2026
1659,1958,2152,1958,2152,2042,1659,2042
672,2063,808,2063,808,2126,672,2126
840,2063,945,2063,945,2126,840,2126
1375,2068,1564,2068,1564,2136,1375,2136
1564,2068,1653,2068,1653,2136,1564,2136
1879,2073,2073,2073,2073,2147,1879,2147
2073,2073,2163,2073,2163,2136,2073,2136
939,2157,1076,2157,1076,2247,939,2247
819,2160,933,2168,928,2238,814,2230
1107,2168,1291,2168,1291,2241,1107,2241
1296,2168,1380,2168,1380,2236,1296,2236
840,2278,966,2278,966,2367,840,2367
668,2281,840,2297,832,2382,660,2366
1848,2299,2168,2299,2168,2378,1848,2378
675,2368,845,2390,832,2487,662,2465
845,2388,924,2388,924,2467,845,2467
1131,2383,1295,2407,1283,2488,1120,2465
929,2397,1125,2404,1122,2484,926,2477
1979,2404,2026,2404,2026,2467,1979,2467
2037,2404,2168,2404,2168,2472,2037,2472
672,2488,813,2488,813,2567,672,2567
824,2493,1013,2493,1013,2567,824,2567
1023,2493,1113,2493,1113,2567,1023,2567
1812,2496,1962,2505,1958,2581,1807,2571
1947,2504,2079,2504,2079,2572,1947,2572
2084,2509,2173,2509,2173,2577,2084,2577
661,2583,808,2583,808,2667,661,2667
813,2598,903,2598,903,2672,813,2672
913,2598,1002,2598,1002,2672,913,2672
1013,2598,1134,2598,1134,2672,1013,2672
1139,2598,1333,2598,1333,2672,1139,2672
1816,2609,1963,2609,1963,2682,1816,2682
1953,2609,2178,2609,2178,2682,1953,2682
824,2719,955,2719,955,2808,824,2808
658,2719,831,2741,820,2829,646,2806
954,2743,1120,2726,1128,2811,962,2828
1128,2740,1233,2740,1233,2824,1128,2824
1953,2756,2089,2756,2089,2829,1953,2829
2089,2756,2178,2756,2178,2829,2089,2829
1895,2761,1937,2761,1937,2819,1895,2819
645,2992,798,2992,798,3066,645,3066
813,2997,882,2997,882,3060,813,3060
1869,3003,2016,3003,2016,3081,1869,3081
2037,3013,2194,3013,2194,3081,2037,3081
630,3097,677,3097,677,3160,630,3160
687,3102,777,3102,777,3171,687,3171
1897,3119,2109,3108,2113,3190,1901,3200
2105,3118,2189,3118,2189,3186,2105,3186
766,3234,882,3234,882,3323,766,3323
625,3240,759,3249,754,3325,621,3317
892,3249,1086,3249,1086,3328,892,3328
1102,3249,1254,3249,1254,3328,1102,3328
624,3354,803,3354,803,3423,624,3423
813,3360,992,3360,992,3423,813,3423
1842,3370,1942,3370,1942,3438,1842,3438
1947,3370,2089,3370,2089,3438,1947,3438
2094,3370,2184,3370,2184,3438,2094,3438
1060,3701,1139,3701,1139,3753,1060,3753
1139,3701,1244,3701,1244,3759,1139,3759
1254,3701,1401,3701,1401,3759,1254,3759
1449,3701,1716,3701,1716,3759,1449,3759
1265,3785,1296,3785,1296,3811,1265,3811
1307,3785,1338,3785,1338,3811,1307,3811
1344,3785,1380,3785,1380,3816,1344,3816
1386,3785,1422,3785,1422,3816,1386,3816
1428,3785,1459,3785,1459,3806,1428,3806
698,3829,854,3840,850,3900,694,3889
866,3842,1051,3865,1043,3926,859,3903
1842,3848,1974,3848,1974,3927,1842,3927
1060,3853,1202,3853,1202,3911,1060,3911
1333,3858,1480,3858,1480,3927,1333,3927
1496,3858,1727,3858,1727,3921,1496,3921
1737,3858,1821,3858,1821,3916,1737,3916
1223,3864,1312,3864,1312,3911,1223,3911
1989,3869,2131,3869,2131,3921,1989,3921
863,3906,1035,3929,1026,3995,854,3971
1039,3927,1134,3927,1134,3990,1039,3990
1155,3927,1548,3927,1548,3990,1155,3990
1564,3932,1711,3932,1711,3990,1564,3990
1863,3932,1958,3932,1958,3995,1863,3995
1727,3937,1858,3937,1858,4005,1727,4005
