1151,75,1369,93,1362,172,1144,154
1370,89,1470,89,1470,157,1370,157
1475,110,1559,110,1559,178,1475,178
997,178,1102,178,1102,246,997,246
1102,178,1349,178,1349,257,1102,257
1349,183,1438,183,1438,252,1349,252
1449,186,1579,195,1574,264,1444,256
1591,196,1721,208,1714,283,1584,271
1144,262,1307,262,1307,341,1144,341
1065,267,1144,267,1144,341,1065,341
955,278,1060,278,1060,346,955,346
1366,269,1737,297,1731,372,1360,345
1107,378,1244,378,1244,451,1107,451
1254,378,1302,378,1302,441,1254,441
876,383,960,383,960,456,876,456
971,383,1092,383,1092,451,971,451
1325,377,1487,401,1478,467,1315,442
751,394,876,385,881,461,757,470
1496,388,1685,388,1685,467,1496,467
1695,404,1816,404,1816,483,1695,483
1827,409,1905,409,1905,483,1827,483
1895,414,1942,414,1942,477,1895,477
1218,467,1485,467,1485,535,1218,535
1092,561,1207,561,1207,630,1092,630
1207,561,1464,561,1464,630,1207,630
924,572,1039,572,1039,640,924,640
1093,646,1771,671,1768,752,1090,727
851,672,1038,657,1044,730,857,744
1774,687,1848,687,1848,735,1774,735
1262,749,1647,779,1640,857,1256,826
803,766,1039,766,1039,834,803,834
1097,766,1254,766,1254,819,1097,819
1638,782,1774,782,1774,829,1638,829
1779,787,1853,787,1853,834,1779,834
960,871,1249,871,1249,976,960,976
1265,876,1501,876,1501,976,1265,976
1517,887,1743,887,1743,987,1517,987
750,1102,840,1102,840,1170,750,1170
845,1102,945,1102,945,1186,845,1186
1039,1102,1176,1102,1176,1176,1039,1176
1181,1107,1296,1107,1296,1181,1181,1181
1307,1107,1428,1107,1428,1181,1307,1181
1438,1107,1627,1107,1627,1181,1438,1181
950,1113,1023,1113,1023,1176,950,1176
1638,1121,1799,1131,1795,1199,1634,1189
1806,1128,1953,1128,1953,1207,1806,1207
672,1191,866,1191,866,1286,672,1286
955,1202,1050,1202,1050,1275,955,1275
1465,1206,1807,1215,1805,1290,1463,1280
1832,1223,2016,1223,2016,1296,1832,1296
834,1307,1055,1307,1055,1386,834,1386
677,1312,808,1312,808,1380,677,1380
1569,1307,1664,1307,1664,1396,1569,1396
1107,1317,1470,1317,1470,1396,1107,1396
1674,1323,1821,1323,1821,1396,1674,1396
1837,1328,2005,1328,2005,1401,1837,1401
666,1438,798,1438,798,1512,666,1512
882,1443,955,1443,955,1512,882,1512
946,1443,1181,1461,1175,1536,940,1518
1911,1449,2058,1449,2058,1533,1911,1533
1281,1454,1433,1454,1433,1522,1281,1522
1449,1454,1575,1454,1575,1522,1449,1522
1674,1454,1895,1454,1895,1527,1674,1527
666,1564,939,1564,939,1638,666,1638
1207,1564,1307,1564,1307,1638,1207,1638
1317,1564,1611,1564,1611,1643,1317,1643
934,1569,1170,1569,1170,1638,934,1638
1837,1580,1989,1580,1989,1653,1837,1653
1622,1585,1685,1585,1685,1648,1622,1648
1695,1585,1816,1585,1816,1643,1695,1643
2000,1596,2068,1596,2068,1648,2000,1648
672,1664,792,1664,792,1727,672,1727
866,1664,924,1664,924,1722,866,1722
824,1669,866,1669,866,1727,824,1727
1328,1680,1501,1680,1501,1748,1328,1748
1506,1685,1580,1685,1580,1737,1506,1737
1790,1685,1968,1685,1968,1753,1790,1753
1968,1690,2047,1690,2047,1743,1968,1743
666,1757,1171,1767,1170,1844,665,1834
1207,1769,1307,1769,1307,1842,1207,1842
1317,1774,1611,1774,1611,1842,1317,1842
1611,1779,1680,1779,1680,1848,1611,1848
1827,1779,1984,1779,1984,1848,1827,1848
1685,1785,1811,1785,1811,1842,1685,1842
1989,1795,2063,1795,2063,1842,1989,1842
672,1863,798,1863,798,1926,672,1926
818,1870,921,1857,928,1917,826,1930
1323,1879,1580,1879,1580,1947,1323,1947
1790,1884,1958,1884,1958,1947,1790,1947
1963,1884,2042,1884,2042,1942,1963,1942
661,1958,1165,1958,1165,2031,661,2031
1207,1968,1307,1968,1307,2037,1207,2037
1532,1968,1847,1968,1847,2042,1532,2042
1438,1974,1522,1974,1522,2037,1438,2037
1312,1979,1428,1979,1428,2031,1312,2031
666,2058,792,2058,792,2121,666,2121
829,2058,929,2058,929,2121,829,2121
981,2063,1149,2063,1149,2121,981,2121
1254,2068,1375,2068,1375,2136,1254,2136
1375,2073,1496,2073,1496,2136,1375,2136
1501,2073,1575,2073,1575,2131,1501,2131
1748,2079,1842,2079,1842,2142,1748,2142
1837,2079,1958,2079,1958,2142,1837,2142
1963,2079,2042,2079,2042,2142,1963,2142
663,2165,830,2181,821,2266,655,2250
824,2173,945,2173,945,2247,824,2247
1753,2199,2052,2199,2052,2273,1753,2273
673,2250,836,2266,828,2345,666,2329
834,2262,903,2262,903,2325,834,2325
914,2265,1090,2279,1086,2339,909,2325
1100,2256,1252,2280,1241,2352,1089,2328
1874,2289,2037,2289,2037,2352,1874,2352
677,2346,808,2346,808,2409,677,2409
819,2352,997,2352,997,2420,819,2420
1002,2357,1081,2357,1081,2415,1002,2415
1716,2373,1832,2373,1832,2430,1716,2430
1842,2378,1963,2378,1963,2441,1842,2441
1963,2383,2042,2383,2042,2436,1963,2436
682,2430,813,2430,813,2499,682,2499
908,2436,992,2436,992,2504,908,2504
819,2441,897,2441,897,2499,819,2499
997,2441,1102,2441,1102,2499,997,2499
1113,2441,1291,2441,1291,2504,1113,2504
1719,2444,1849,2459,1841,2522,1712,2507
1837,2457,1947,2457,1947,2514,1837,2514
1958,2467,2037,2467,2037,2514,1958,2514
685,2527,843,2544,833,2634,675,2617
840,2546,955,2546,955,2625,840,2625
1107,2551,1202,2551,1202,2630,1107,2630
951,2566,1098,2544,1109,2618,962,2640
1895,2577,1942,2577,1942,2635,1895,2635
1947,2577,2021,2577,2021,2635,1947,2635
687,2766,824,2766,824,2835,687,2835
834,2777,897,2777,897,2829,834,2829
1748,2777,1879,2777,1879,2850,1748,2850
1895,2787,2031,2787,2031,2850,1895,2850
682,2861,735,2861,735,2919,682,2919
735,2861,808,2861,808,2919,735,2919
1779,2877,1821,2877,1821,2940,1779,2940
1816,2877,1953,2877,1953,2940,1816,2940
1947,2882,2026,2882,2026,2940,1947,2940
687,2955,719,2955,719,3008,687,3008
729,2950,808,2950,808,3013,729,3013
1832,2971,1947,2971,1947,3034,1832,3034
1947,2976,2026,2976,2026,3039,1947,3039
792,3066,897,3066,897,3144,792,3144
672,3071,787,3071,787,3139,672,3139
903,3081,1076,3081,1076,3150,903,3150
1086,3081,1223,3081,1223,3150,1086,3150
666,3171,824,3171,824,3239,666,3239
834,3181,987,3181,987,3244,834,3244
1727,3197,1816,3197,1816,3265,1727,3265
1821,3197,1953,3197,1953,3270,1821,3270
1953,3202,2037,3202,2037,3270,1953,3270
1002,3543,1186,3543,1186,3617,1002,3617
1186,3549,1333,3549,1333,3617,1186,3617
1338,3559,1365,3559,1365,3612,1338,3612
1370,3554,1622,3554,1622,3627,1370,3627
1228,3648,1265,3648,1265,3685,1228,3685
1260,3643,1302,3643,1302,3685,1260,3685
1191,3654,1223,3654,1223,3685,1191,3685
1307,3654,1344,3654,1344,3685,1307,3685
1349,3654,1380,3654,1380,3690,1349,3690
641,3725,795,3733,792,3812,637,3805
799,3740,982,3755,975,3840,792,3825
987,3748,1128,3748,1128,3827,987,3827
1244,3748,1396,3748,1396,3848,1244,3848
1743,3748,1874,3748,1874,3848,1743,3848
1401,3753,1632,3753,1632,3843,1401,3843
1643,3759,1732,3759,1732,3843,1643,3843
1144,3769,1233,3769,1233,3832,1144,3832
1887,3785,2020,3778,2023,3832,1890,3840
785,3825,964,3851,950,3948,771,3923
955,3843,1055,3843,1055,3932,955,3932
1071,3851,1462,3864,1458,3966,1067,3953
1476,3865,1632,3879,1624,3965,1468,3951
1769,3869,1869,3869,1869,3958,1769,3958
1627,3874,1764,3874,1764,3974,1627,3974
