1375,119,1545,126,1542,180,1373,172
1181,126,1365,126,1365,189,1181,189
1575,189,1690,189,1690,257,1575,257
1359,194,1433,194,1433,252,1359,252
1443,194,1559,194,1559,246,1443,246
1035,221,1348,192,1354,258,1041,288
1172,278,1311,270,1315,334,1176,342
1365,273,1711,273,1711,341,1365,341
1102,283,1165,283,1165,346,1102,346
997,299,1092,299,1092,351,997,351
1265,367,1312,367,1312,420,1265,420
1330,360,1482,384,1472,445,1320,421
1134,372,1254,372,1254,430,1134,430
1485,372,1664,372,1664,430,1485,430
1674,378,1790,378,1790,446,1674,446
1013,383,1123,383,1123,446,1013,446
1795,383,1900,383,1900,451,1795,451
929,393,1008,393,1008,462,929,462
814,405,928,395,934,466,820,475
1239,441,1480,441,1480,504,1239,504
1118,530,1223,530,1223,588,1118,588
1228,530,1459,530,1459,588,1228,588
955,547,1064,535,1070,595,962,607
1118,607,1738,619,1737,690,1117,678
891,635,1064,614,1071,674,899,696
1748,640,1811,640,1811,682,1748,682
1276,700,1618,709,1616,778,1274,769
845,708,1065,708,1065,771,845,771
1123,714,1270,714,1270,761,1123,761
1622,719,1743,719,1743,766,1622,766
1753,729,1821,729,1821,771,1753,771
992,808,1265,808,1265,908,992,908
1275,808,1501,808,1501,903,1275,903
1512,819,1722,819,1722,908,1512,908
1239,939,1328,939,1328,1013,1239,1013
1344,939,1485,939,1485,1018,1344,1018
1067,1033,1195,1025,1200,1102,1071,1110
1207,1034,1312,1034,1312,1102,1207,1102
1323,1034,1433,1034,1433,1092,1323,1092
1443,1034,1622,1034,1622,1102,1443,1102
884,1052,982,1033,997,1105,899,1125
803,1044,892,1044,892,1107,803,1107
992,1044,1060,1044,1060,1102,992,1102
1628,1041,1779,1056,1774,1116,1622,1102
1785,1055,1921,1055,1921,1123,1785,1123
1470,1118,1787,1128,1784,1200,1468,1191
729,1128,918,1128,918,1218,729,1218
1002,1128,1086,1128,1086,1202,1002,1202
1811,1139,1974,1139,1974,1207,1811,1207
1569,1218,1659,1218,1659,1296,1569,1296
1137,1234,1480,1221,1482,1296,1140,1309
1664,1228,1800,1228,1800,1302,1664,1302
897,1233,1097,1233,1097,1307,897,1307
1816,1233,1979,1233,1979,1302,1816,1302
745,1244,866,1244,866,1302,745,1302
1890,1344,2031,1344,2031,1417,1890,1417
740,1354,861,1354,861,1428,740,1428
1307,1354,1443,1354,1443,1422,1307,1422
1459,1354,1575,1354,1575,1422,1459,1422
1669,1354,1874,1354,1874,1417,1669,1417
940,1353,1216,1370,1211,1444,936,1428
1428,1459,1764,1459,1764,1533,1428,1533
1876,1462,2046,1455,2049,1527,1879,1534
744,1467,1207,1460,1208,1538,745,1545
1244,1470,1349,1470,1349,1538,1244,1538
1354,1470,1417,1470,1417,1533,1354,1533
1769,1470,1863,1470,1863,1538,1769,1538
929,1564,987,1564,987,1617,929,1617
1349,1564,1506,1564,1506,1627,1349,1627
1837,1564,1947,1564,1947,1622,1837,1622
1953,1564,2021,1564,2021,1617,1953,1617
750,1569,861,1569,861,1622,750,1622
897,1575,929,1575,929,1622,897,1622
1517,1569,1585,1569,1585,1622,1517,1622
1785,1569,1842,1569,1842,1622,1785,1622
745,1653,1207,1653,1207,1722,745,1722
1575,1653,1732,1653,1732,1722,1575,1722
1743,1653,1858,1653,1858,1732,1743,1732
1244,1659,1438,1659,1438,1727,1244,1727
1449,1659,1559,1659,1559,1716,1449,1716
745,1743,855,1743,855,1800,745,1800
1947,1743,2016,1743,2016,1800,1947,1800
892,1753,929,1753,929,1800,892,1800
924,1748,981,1748,981,1795,924,1795
1349,1748,1512,1748,1512,1811,1349,1811
1785,1748,1837,1748,1837,1806,1785,1806
1832,1748,1942,1748,1942,1800,1832,1800
1517,1753,1585,1753,1585,1806,1517,1806
745,1832,1212,1832,1212,1900,745,1900
1417,1832,1911,1832,1911,1900,1417,1900
1249,1837,1344,1837,1344,1900,1249,1900
1349,1837,1407,1837,1407,1895,1349,1895
1921,1837,2016,1837,2016,1905,1921,1905
756,1921,866,1921,866,1979,756,1979
934,1921,992,1921,992,1974,934,1974
903,1932,939,1932,939,1979,903,1979
1832,1926,1937,1926,1937,1984,1832,1984
1942,1926,2010,1926,2010,1979,1942,1979
1354,1932,1396,1932,1396,1989,1354,1989
1401,1932,1512,1932,1512,1984,1401,1984
1517,1932,1590,1932,1590,1984,1517,1984
1779,1932,1837,1932,1837,1984,1779,1984
756,2010,1212,2010,1212,2079,756,2079
1249,2010,1443,2010,1443,2079,1249,2079
1449,2010,1559,2010,1559,2073,1449,2073
1575,2010,1732,2010,1732,2079,1575,2079
1744,2005,1860,2022,1850,2095,1734,2078
761,2100,871,2100,871,2157,761,2157
939,2100,997,2100,997,2152,939,2152
1827,2100,1932,2100,1932,2152,1827,2152
1937,2100,2010,2100,2010,2152,1937,2152
903,2105,945,2105,945,2157,903,2157
1407,2105,1512,2105,1512,2163,1407,2163
1517,2105,1590,2105,1590,2157,1517,2157
1779,2105,1832,2105,1832,2157,1779,2157
1354,2110,1396,2110,1396,2163,1354,2163
1416,2187,1900,2178,1901,2240,1417,2249
761,2184,1218,2184,1218,2252,761,2252
1254,2189,1344,2189,1344,2247,1254,2247
1911,2189,2005,2189,2005,2247,1911,2247
1354,2194,1407,2194,1407,2241,1354,2241
1937,2268,2005,2268,2005,2325,1937,2325
945,2273,1002,2273,1002,2320,945,2320
1821,2273,1932,2273,1932,2325,1821,2325
766,2278,876,2278,876,2331,766,2331
913,2283,945,2283,945,2331,913,2331
1365,2283,1396,2283,1396,2331,1365,2331
1407,2278,1512,2278,1512,2331,1407,2331
1522,2278,1590,2278,1590,2331,1522,2331
1774,2278,1816,2278,1816,2331,1774,2331
758,2375,909,2391,901,2471,750,2455
903,2383,1013,2383,1013,2446,903,2446
1753,2383,1953,2383,1953,2446,1753,2446
1947,2383,2016,2383,2016,2436,1947,2436
763,2459,915,2475,906,2555,754,2539
908,2467,976,2467,976,2535,908,2535
1869,2472,1905,2472,1905,2520,1869,2520
1911,2467,2016,2467,2016,2520,1911,2520
982,2470,1148,2483,1143,2543,977,2530
1155,2472,1286,2472,1286,2546,1155,2546
1758,2546,1842,2546,1842,2609,1758,2609
1837,2546,1942,2546,1942,2604,1837,2604
1947,2546,2021,2546,2021,2598,1947,2598
757,2555,885,2547,890,2619,761,2627
897,2556,1060,2556,1060,2619,897,2619
1065,2556,1139,2556,1139,2614,1065,2614
1947,2630,2021,2630,2021,2682,1947,2682
761,2635,887,2635,887,2709,761,2709
1165,2635,1328,2635,1328,2693,1165,2693
976,2640,1050,2640,1050,2703,976,2703
1060,2640,1155,2640,1155,2698,1060,2698
892,2646,966,2646,966,2703,892,2703
761,2751,903,2751,903,2835,761,2835
903,2751,1018,2751,1018,2824,903,2824
1147,2772,1240,2744,1258,2804,1165,2832
1900,2751,1942,2751,1942,2803,1900,2803
1947,2751,2021,2751,2021,2803,1947,2803
1013,2763,1150,2747,1158,2812,1020,2829
1769,2950,1895,2950,1895,3018,1769,3018
1911,2955,2031,2955,2031,3013,1911,3013
766,2971,892,2971,892,3029,766,3029
908,2982,966,2982,966,3024,908,3024
1848,3039,1953,3039,1953,3108,1848,3108
1963,3039,2031,3039,2031,3097,1963,3097
1800,3045,1858,3045,1858,3108,1800,3108
756,3060,798,3060,798,3113,756,3113
808,3060,882,3060,882,3113,808,3113
876,3165,971,3165,971,3239,876,3239
1149,3171,1275,3171,1275,3234,1149,3234
756,3176,866,3176,866,3239,756,3239
976,3176,1144,3176,1144,3239,976,3239
1758,3260,1853,3260,1853,3328,1758,3328
1848,3260,1968,3260,1968,3328,1848,3328
1968,3260,2047,3260,2047,3323,1968,3323
760,3270,1222,3263,1223,3324,761,3331
1107,3596,1181,3596,1181,3664,1107,3664
1176,3596,1275,3596,1275,3659,1176,3659
1275,3596,1407,3596,1407,3659,1275,3659
1438,3596,1606,3596,1606,3659,1438,3659
1601,3596,1674,3596,1674,3659,1601,3659
1317,3685,1349,3685,1349,3722,1317,3722
1354,3685,1386,3685,1386,3717,1354,3717
1386,3685,1422,3685,1422,3717,1386,3717
1422,3685,1454,3685,1454,3717,1422,3717
1281,3690,1312,3690,1312,3717,1281,3717
1790,3753,1905,3753,1905,3837,1790,3837
1485,3769,1690,3769,1690,3843,1485,3843
1695,3769,1779,3769,1779,3837,1695,3837
1102,3774,1233,3774,1233,3853,1102,3853
1338,3774,1475,3774,1475,3858,1338,3858
1916,3774,2042,3774,2042,3827,1916,3827
782,3780,918,3780,918,3853,782,3853
929,3783,1099,3791,1096,3868,926,3861
1244,3790,1323,3790,1323,3843,1244,3843
1811,3858,1905,3858,1905,3937,1811,3937
1690,3864,1811,3864,1811,3953,1690,3953
1081,3869,1170,3869,1170,3953,1081,3953
1181,3869,1538,3869,1538,3958,1181,3958
1548,3869,1685,3869,1685,3948,1548,3948
920,3866,1082,3883,1074,3963,912,3946
