1233,283,1433,283,1433,367,1233,367
1438,283,1548,283,1548,351,1438,351
1543,299,1627,299,1627,372,1543,372
1092,383,1422,383,1422,467,1092,467
1422,388,1506,388,1506,456,1422,456
1517,388,1638,388,1638,462,1517,462
1648,388,1774,388,1774,462,1648,462
1233,472,1386,472,1386,551,1233,551
1160,477,1233,477,1233,551,1160,551
1055,483,1155,483,1155,546,1055,546
1433,483,1790,483,1790,556,1433,556
866,577,981,577,981,645,866,645
976,577,1060,577,1060,645,976,645
1071,582,1186,582,1186,651,1071,651
1197,582,1328,582,1328,656,1197,656
1333,588,1375,588,1375,645,1333,645
1398,583,1555,605,1546,666,1389,644
1559,588,1743,588,1743,661,1559,661
1748,593,1869,593,1869,672,1748,672
1879,598,1995,598,1995,672,1879,672
1307,666,1554,666,1554,735,1307,735
1029,756,1144,756,1144,819,1029,819
1191,756,1302,756,1302,819,1191,819
1296,756,1533,756,1533,824,1296,824
966,838,1141,846,1138,907,963,900
1197,844,1817,855,1816,935,1195,923
1816,871,1884,871,1884,918,1816,918
913,929,1149,929,1149,997,913,997
1349,943,1812,954,1810,1022,1347,1011
1202,950,1344,950,1344,997,1202,997
1821,960,1890,960,1890,1008,1821,1008
1065,1044,1338,1044,1338,1139,1065,1139
1349,1050,1564,1050,1564,1144,1349,1144
1575,1060,1785,1060,1785,1149,1575,1149
871,1249,960,1249,960,1307,871,1307
966,1249,1060,1249,1060,1328,966,1328
1144,1249,1270,1249,1270,1323,1144,1323
1060,1254,1128,1254,1128,1317,1060,1317
1275,1260,1380,1260,1380,1328,1275,1328
1386,1260,1496,1260,1496,1328,1386,1328
1506,1265,1680,1265,1680,1333,1506,1333
1685,1274,1835,1283,1831,1346,1681,1336
1837,1275,1979,1275,1979,1349,1837,1349
792,1328,987,1328,987,1417,792,1417
1065,1338,1155,1338,1155,1412,1065,1412
1527,1354,1837,1354,1837,1422,1527,1422
1863,1359,2031,1359,2031,1428,1863,1428
803,1433,924,1433,924,1496,803,1496
960,1438,1160,1438,1160,1506,960,1506
1622,1443,1706,1443,1706,1522,1622,1522
1207,1449,1538,1449,1538,1517,1207,1517
1716,1459,1848,1459,1848,1527,1716,1527
1863,1459,2021,1459,2021,1527,1863,1527
787,1548,913,1548,913,1617,787,1617
997,1559,1044,1559,1044,1617,997,1617
1056,1555,1275,1576,1268,1653,1048,1632
1926,1564,2068,1564,2068,1643,1926,1643
1365,1569,1496,1569,1496,1627,1365,1627
1512,1569,1622,1569,1622,1638,1512,1638
1711,1575,1911,1575,1911,1643,1711,1643
788,1655,1261,1671,1258,1745,785,1728
1296,1674,1391,1674,1391,1732,1296,1732
1501,1674,1779,1674,1779,1748,1501,1748
1396,1690,1496,1690,1496,1737,1396,1737
1787,1678,2062,1701,2056,1766,1781,1743
792,1758,903,1758,903,1811,792,1811
976,1758,1034,1758,1034,1811,976,1811
945,1769,976,1769,976,1816,945,1816
1365,1774,1449,1774,1449,1827,1365,1827
1449,1774,1559,1774,1559,1827,1449,1827
1564,1774,1632,1774,1632,1827,1564,1827
1790,1779,1869,1779,1869,1842,1790,1842
1874,1779,1974,1779,1974,1837,1874,1837
1984,1785,2052,1785,2052,1837,1984,1837
787,1840,1255,1848,1254,1917,786,1910
1296,1853,1391,1853,1391,1916,1296,1916
1585,1858,1690,1858,1690,1926,1585,1926
1517,1863,1569,1863,1569,1916,1517,1916
1695,1863,1842,1863,1842,1921,1695,1921
1858,1863,2052,1863,2052,1932,1858,1932
1407,1869,1501,1869,1501,1916,1407,1916
792,1937,903,1937,903,1989,792,1989
976,1937,1034,1937,1034,1989,976,1989
945,1947,981,1947,981,1995,945,1995
1449,1947,1559,1947,1559,2005,1449,2005
1365,1953,1449,1953,1449,2010,1365,2010
1559,1953,1627,1953,1627,2005,1559,2005
1785,1958,1874,1958,1874,2016,1785,2016
1869,1958,1974,1958,1974,2016,1869,2016
1984,1958,2052,1958,2052,2016,1984,2016
787,2018,1255,2026,1254,2098,786,2090
1297,2028,1473,2043,1468,2108,1292,2093
1554,2037,1905,2037,1905,2110,1554,2110
1475,2047,1543,2047,1543,2105,1475,2105
787,2115,903,2115,903,2173,787,2173
971,2115,1029,2115,1029,2168,971,2168
939,2126,976,2126,976,2173,939,2173
1365,2131,1449,2131,1449,2189,1365,2189
1443,2131,1548,2131,1548,2184,1443,2184
1554,2131,1627,2131,1627,2184,1554,2184
1790,2136,1874,2136,1874,2194,1790,2194
1863,2136,1974,2136,1974,2189,1863,2189
1979,2136,2052,2136,2052,2194,1979,2194
776,2209,930,2233,916,2316,762,2292
924,2220,1034,2220,1034,2299,924,2299
1795,2247,2063,2247,2063,2315,1795,2315
770,2293,927,2317,913,2405,757,2380
918,2315,992,2315,992,2383,918,2383
998,2317,1169,2332,1164,2396,993,2382
1177,2316,1319,2333,1311,2404,1168,2387
1916,2341,1953,2341,1953,2394,1916,2394
1958,2336,2068,2336,2068,2394,1958,2394
761,2399,892,2399,892,2472,761,2472
897,2404,1071,2404,1071,2472,897,2472
1076,2409,1155,2409,1155,2467,1076,2467
1800,2420,1890,2420,1890,2483,1800,2483
1884,2420,1995,2420,1995,2478,1884,2478
2000,2425,2073,2425,2073,2483,2000,2483
750,2488,882,2488,882,2562,750,2562
976,2493,1060,2493,1060,2567,976,2567
1181,2493,1354,2493,1354,2562,1181,2562
887,2499,966,2499,966,2556,887,2556
1065,2499,1170,2499,1170,2556,1065,2556
2000,2514,2073,2514,2073,2567,2000,2567
1958,2525,1995,2525,1995,2567,1958,2567
744,2587,903,2611,890,2704,730,2680
897,2609,1013,2609,1013,2688,897,2688
1011,2627,1162,2610,1170,2686,1020,2702
1170,2619,1265,2619,1265,2698,1170,2698
1953,2640,1995,2640,1995,2693,1953,2693
2005,2640,2079,2640,2079,2698,2005,2698
729,2845,871,2845,871,2913,729,2913
882,2845,945,2845,945,2908,882,2908
1811,2850,1942,2850,1942,2919,1811,2919
1958,2856,2094,2856,2094,2919,1958,2919
714,2940,761,2940,761,3003,714,3003
771,2940,855,2940,855,3008,771,3008
1890,2950,2021,2950,2021,3013,1890,3013
2010,2950,2089,2950,2089,3008,2010,3008
719,3039,756,3039,756,3097,719,3097
766,3039,850,3039,850,3102,766,3102
1895,3039,2010,3039,2010,3108,1895,3108
2010,3039,2089,3039,2089,3108,2010,3108
1848,3050,1884,3050,1884,3108,1848,3108
834,3155,939,3155,939,3239,834,3239
708,3165,824,3165,824,3234,708,3234
950,3171,1128,3171,1128,3239,950,3239
1139,3171,1281,3171,1281,3239,1139,3239
696,3270,934,3264,936,3334,698,3340
1790,3270,1879,3270,1879,3339,1790,3339
1884,3270,2005,3270,2005,3339,1884,3339
2010,3270,2089,3270,2089,3333,2010,3333
1403,3629,1689,3612,1693,3684,1407,3702
1076,3627,1149,3627,1149,3690,1076,3690
1260,3627,1407,3627,1407,3701,1260,3701
1149,3633,1260,3633,1260,3696,1149,3696
1265,3722,1375,3722,1375,3759,1265,3759
1380,3722,1454,3722,1454,3759,1380,3759
1800,3785,1921,3785,1921,3869,1800,3869
1478,3808,1694,3799,1698,3877,1481,3887
1706,3801,1785,3801,1785,3874,1706,3874
1318,3817,1468,3808,1474,3900,1324,3909
1937,3813,2072,3822,2067,3881,1933,3871
1065,3822,1212,3822,1212,3900,1065,3900
700,3838,864,3827,869,3908,705,3919
1223,3832,1307,3832,1307,3890,1223,3890
871,3837,1055,3837,1055,3916,871,3916
1827,3895,1916,3895,1916,3979,1827,3979
1690,3895,1816,3895,1816,3990,1690,3990
1548,3906,1685,3906,1685,3984,1548,3984
1148,3916,1522,3910,1523,4002,1150,4009
1039,3921,1139,3921,1139,4011,1039,4011
862,3925,1038,3938,1032,4024,856,4011
