1417,173,1522,173,1522,236,1417,236
1212,194,1412,194,1412,273,1212,273
1517,194,1596,194,1596,252,1517,252
1396,267,1480,267,1480,336,1396,336
1491,270,1615,278,1611,348,1486,340
1162,301,1392,268,1402,344,1173,376
1065,283,1165,283,1165,357,1065,357
1622,283,1743,283,1743,362,1622,362
1200,377,1349,356,1359,426,1210,448
1401,362,1590,362,1590,435,1401,435
1128,372,1202,372,1202,441,1128,441
1586,367,1768,381,1762,454,1581,440
1023,378,1123,378,1123,446,1023,446
813,462,934,462,934,535,813,535
1366,457,1524,479,1515,544,1358,523
1302,467,1349,467,1349,530,1302,530
1534,463,1722,482,1715,556,1527,537
939,472,1023,472,1023,540,939,540
1165,472,1296,472,1296,546,1165,546
1034,477,1155,477,1155,546,1034,546
1722,483,1848,483,1848,561,1722,561
1853,488,1974,488,1974,561,1853,561
1270,546,1522,546,1522,614,1270,614
1291,635,1501,635,1501,703,1291,703
1149,640,1254,640,1254,703,1149,703
1260,645,1286,645,1286,698,1260,698
976,645,1092,645,1092,708,976,708
1144,729,1800,729,1800,813,1144,813
903,735,1092,735,1092,792,903,792
1800,761,1869,761,1869,803,1800,803
845,824,1092,824,1092,887,845,887
1303,819,1661,838,1658,906,1299,888
1144,834,1296,834,1296,882,1144,882
1664,845,1795,845,1795,892,1664,892
1806,850,1874,850,1874,897,1806,897
1008,934,1286,934,1286,1034,1008,1034
1302,934,1533,934,1533,1034,1302,1034
1549,940,1771,947,1768,1046,1546,1038
1260,1071,1349,1071,1349,1144,1260,1144
1370,1076,1517,1076,1517,1155,1370,1155
1086,1160,1212,1160,1212,1239,1086,1239
798,1165,887,1165,887,1228,798,1228
892,1165,992,1165,992,1244,892,1244
1218,1165,1333,1165,1333,1239,1218,1239
1344,1170,1459,1170,1459,1233,1344,1233
1475,1167,1656,1174,1653,1250,1472,1243
997,1176,1076,1176,1076,1244,997,1244
1669,1190,1824,1197,1821,1261,1666,1254
1832,1197,1974,1197,1974,1270,1832,1270
708,1249,908,1249,908,1338,708,1338
1002,1265,1092,1265,1092,1338,1002,1338
1496,1268,1828,1276,1826,1350,1494,1342
1848,1281,2037,1281,2037,1354,1848,1354
719,1359,834,1359,834,1433,719,1433
882,1365,1097,1365,1097,1438,882,1438
1149,1370,1501,1370,1501,1443,1149,1443
1596,1375,1685,1375,1685,1454,1596,1454
1695,1386,1842,1386,1842,1454,1695,1454
1858,1386,2031,1386,2031,1459,1858,1459
708,1485,834,1485,834,1559,708,1559
925,1491,1217,1518,1210,1590,918,1564
1312,1506,1464,1506,1464,1575,1312,1575
1475,1506,1596,1506,1596,1580,1475,1580
1926,1506,2073,1506,2073,1585,1926,1585
1695,1512,1911,1512,1911,1585,1695,1585
698,1604,1203,1617,1201,1694,696,1682
1239,1617,1396,1617,1396,1690,1239,1690
1407,1617,1817,1623,1816,1701,1406,1695
1827,1632,2068,1632,2068,1706,1827,1706
703,1711,829,1711,829,1774,703,1774
903,1711,960,1711,960,1764,903,1764
861,1716,903,1716,903,1769,861,1769
1317,1727,1396,1727,1396,1785,1317,1785
1407,1727,1527,1727,1527,1790,1407,1790
1533,1732,1606,1732,1606,1785,1533,1785
1779,1737,1874,1737,1874,1800,1779,1800
1863,1737,1989,1737,1989,1800,1863,1800
1995,1737,2068,1737,2068,1795,1995,1795
698,1803,1198,1811,1196,1886,697,1877
1239,1816,1391,1816,1391,1884,1239,1884
1407,1821,1811,1821,1811,1890,1407,1890
1821,1827,2068,1827,2068,1895,1821,1895
703,1905,824,1905,824,1968,703,1968
855,1905,955,1905,955,1968,855,1968
1317,1921,1396,1921,1396,1984,1317,1984
1401,1921,1527,1921,1527,1984,1401,1984
1527,1926,1606,1926,1606,1989,1527,1989
1780,1925,1985,1932,1983,1999,1777,1992
1989,1932,2063,1932,2063,1989,1989,1989
693,1998,1197,2006,1196,2080,692,2072
1239,2010,1359,2010,1359,2079,1239,2079
1370,2007,1509,2014,1506,2085,1367,2078
1519,2011,1722,2031,1715,2104,1512,2084
1732,2016,1911,2016,1911,2089,1732,2089
1916,2021,2000,2021,2000,2089,1916,2089
2010,2031,2042,2031,2042,2084,2010,2084
703,2100,819,2100,819,2157,703,2157
850,2105,892,2105,892,2163,850,2163
892,2105,955,2105,955,2157,892,2157
1139,2115,1170,2115,1170,2168,1139,2168
1349,2115,1522,2115,1522,2184,1349,2184
1522,2115,1606,2115,1606,2184,1522,2184
1774,2121,1858,2121,1858,2184,1774,2184
1858,2126,1979,2126,1979,2189,1858,2189
1979,2126,2058,2126,2058,2184,1979,2184
698,2187,1193,2200,1191,2277,696,2263
1233,2205,1354,2205,1354,2273,1233,2273
1359,2205,1459,2205,1459,2268,1359,2268
1622,2210,1858,2210,1858,2278,1622,2278
1475,2215,1606,2215,1606,2273,1475,2273
1863,2215,1942,2215,1942,2283,1863,2283
1953,2215,2063,2215,2063,2283,1953,2283
708,2289,824,2289,824,2346,708,2346
892,2294,955,2294,955,2346,892,2346
861,2304,897,2304,897,2352,861,2352
1312,2310,1517,2310,1517,2373,1312,2373
1522,2310,1601,2310,1601,2373,1522,2373
1769,2315,1863,2315,1863,2378,1769,2378
1858,2315,1974,2315,1974,2378,1858,2378
1979,2320,2058,2320,2058,2373,1979,2373
712,2383,865,2408,851,2499,698,2475
861,2415,971,2415,971,2483,861,2483
1748,2441,2068,2441,2068,2514,1748,2514
712,2477,867,2501,854,2588,698,2563
861,2499,924,2499,924,2567,861,2567
937,2505,1117,2532,1105,2604,926,2577
1114,2513,1267,2537,1255,2609,1103,2585
1905,2541,1942,2541,1942,2593,1905,2593
1947,2535,2063,2535,2063,2598,1947,2598
708,2583,840,2583,840,2661,708,2661
846,2590,1018,2604,1012,2674,840,2660
1018,2614,1097,2614,1097,2672,1018,2672
1743,2625,1858,2625,1858,2693,1743,2693
1863,2625,2000,2625,2000,2693,1863,2693
1989,2625,2063,2625,2063,2682,1989,2682
703,2672,834,2672,834,2745,703,2745
840,2688,918,2688,918,2751,840,2751
924,2688,1008,2688,1008,2761,924,2761
1013,2698,1118,2698,1118,2761,1013,2761
1129,2695,1306,2708,1301,2779,1124,2766
1779,2719,1869,2719,1869,2787,1779,2787
1874,2719,1995,2719,1995,2782,1874,2782
1989,2719,2068,2719,2068,2782,1989,2782
710,2769,865,2800,847,2894,691,2863
855,2803,971,2803,971,2882,855,2882
971,2819,1113,2819,1113,2898,971,2898
1108,2839,1213,2818,1227,2889,1122,2910
1926,2850,1974,2850,1974,2908,1926,2908
1979,2850,2058,2850,2058,2908,1979,2908
714,3009,844,3022,838,3082,708,3069
850,3024,913,3024,913,3081,850,3081
1779,3060,1916,3060,1916,3139,1779,3139
1932,3071,2068,3071,2068,3134,1932,3134
714,3108,745,3108,745,3155,714,3155
756,3102,834,3102,834,3165,756,3165
1774,3165,1853,3165,1853,3228,1774,3228
1863,3165,1984,3165,1984,3234,1863,3234
1984,3165,2063,3165,2063,3228,1984,3228
708,3213,824,3213,824,3276,708,3276
829,3213,929,3213,929,3286,829,3286
935,3224,1101,3236,1097,3298,930,3287
1113,3244,1244,3244,1244,3307,1113,3307
714,3302,861,3302,861,3360,714,3360
877,3309,1017,3322,1012,3381,872,3368
1753,3375,1853,3375,1853,3438,1753,3438
1848,3381,1974,3381,1974,3449,1848,3449
1979,3386,2063,3386,2063,3449,1979,3449
1071,3633,1139,3633,1139,3685,1071,3685
1139,3638,1233,3638,1233,3696,1139,3696
1405,3643,1648,3637,1649,3697,1407,3704
1239,3643,1375,3643,1375,3696,1239,3696
1354,3722,1386,3722,1386,3748,1354,3748
1391,3722,1422,3722,1422,3748,1391,3748
740,3781,890,3768,896,3839,746,3852
899,3768,1067,3792,1058,3853,890,3829
1758,3774,1874,3774,1874,3848,1758,3848
1664,3785,1743,3785,1743,3848,1664,3848
1072,3783,1201,3796,1195,3857,1066,3844
1308,3787,1446,3796,1441,3867,1303,3857
1449,3790,1659,3790,1659,3858,1449,3858
1884,3795,2010,3795,2010,3843,1884,3843
1212,3801,1291,3801,1291,3848,1212,3848
895,3836,1056,3861,1045,3937,884,3913
1779,3858,1869,3858,1869,3932,1779,3932
1050,3864,1139,3864,1139,3937,1050,3937
1149,3864,1485,3864,1485,3932,1149,3932
1659,3869,1774,3869,1774,3948,1659,3948
1517,3874,1648,3874,1648,3942,1517,3942
