997,69,1202,88,1195,166,990,147
1207,94,1312,94,1312,152,1207,152
1307,105,1386,105,1386,168,1307,168
850,173,950,173,950,241,850,241
950,173,1076,173,1076,246,950,246
1065,173,1186,173,1186,241,1065,241
1191,178,1275,178,1275,246,1191,246
1286,183,1401,183,1401,246,1286,246
1417,194,1538,194,1538,257,1417,257
997,262,1155,262,1155,336,997,336
819,273,918,273,918,341,819,341
1202,273,1391,273,1391,346,1202,346
929,278,992,278,992,330,929,330
1386,274,1567,284,1563,355,1382,346
960,362,1097,362,1097,441,960,441
1102,367,1155,367,1155,425,1102,425
1172,363,1332,392,1321,456,1160,427
840,372,950,372,950,441,840,441
1333,376,1524,383,1521,455,1331,448
750,383,829,383,829,446,750,446
1653,383,1774,383,1774,456,1653,456
635,388,745,388,745,456,635,456
1527,388,1648,388,1648,462,1527,462
1076,447,1336,459,1332,532,1073,520
955,538,1314,550,1312,621,953,608
787,546,903,546,903,619,787,619
955,635,1680,635,1680,708,955,708
719,640,908,640,908,708,719,708
1123,729,1485,729,1485,803,1123,803
672,735,908,735,908,803,672,803
966,745,1113,745,1113,792,966,792
1485,745,1611,745,1611,792,1485,792
1622,745,1690,745,1690,792,1622,792
832,849,1112,842,1114,944,835,951
1128,845,1359,845,1359,939,1128,939
1370,845,1585,845,1585,945,1370,945
915,1070,1043,1062,1047,1133,919,1141
1176,1065,1291,1065,1291,1139,1176,1139
1302,1065,1485,1065,1485,1139,1302,1139
1055,1071,1165,1071,1165,1139,1055,1139
1659,1071,1800,1071,1800,1149,1659,1149
645,1076,735,1076,735,1144,645,1144
740,1076,834,1076,834,1155,740,1155
1491,1075,1650,1082,1648,1146,1488,1139
840,1081,908,1081,908,1139,840,1139
567,1160,761,1160,761,1249,567,1249
1328,1160,1659,1160,1659,1233,1328,1233
1685,1160,1869,1160,1869,1233,1685,1233
845,1165,934,1165,934,1239,845,1239
1433,1260,1522,1260,1522,1344,1433,1344
996,1270,1338,1264,1339,1341,997,1347
1533,1265,1674,1265,1674,1338,1533,1338
1690,1265,1863,1265,1863,1338,1690,1338
572,1270,682,1270,682,1328,572,1328
735,1270,950,1270,950,1344,735,1344
1764,1370,1916,1370,1916,1459,1764,1459
561,1380,687,1380,687,1454,561,1454
778,1387,1070,1413,1064,1486,771,1459
1535,1396,1747,1388,1750,1459,1538,1468
1165,1398,1310,1406,1306,1471,1162,1464
1323,1401,1438,1401,1438,1464,1323,1464
546,1493,1057,1512,1054,1587,543,1568
1443,1501,1627,1501,1627,1580,1443,1580
1722,1501,1916,1501,1916,1575,1722,1575
1627,1506,1716,1506,1716,1580,1627,1580
1097,1507,1345,1513,1343,1586,1095,1580
1354,1527,1428,1527,1428,1575,1354,1575
551,1596,672,1596,672,1653,551,1653
750,1596,813,1596,813,1648,750,1648
708,1601,750,1601,750,1653,708,1653
1176,1611,1375,1611,1375,1674,1176,1674
1622,1611,1716,1611,1716,1674,1622,1674
1711,1611,1827,1611,1827,1674,1711,1674
1832,1611,1905,1611,1905,1664,1832,1664
997,1622,1023,1622,1023,1659,997,1659
1380,1617,1454,1617,1454,1669,1380,1669
541,1682,1056,1691,1054,1766,539,1757
1097,1701,1307,1701,1307,1769,1097,1769
1311,1710,1704,1693,1708,1763,1314,1780
1716,1701,1916,1701,1916,1764,1716,1764
546,1785,666,1785,666,1842,546,1842
750,1790,808,1790,808,1842,750,1842
703,1795,745,1795,745,1848,703,1848
1176,1800,1260,1800,1260,1869,1176,1869
1244,1800,1375,1800,1375,1863,1244,1863
1380,1800,1454,1800,1454,1858,1380,1858
1627,1800,1827,1800,1827,1863,1627,1863
1832,1800,1911,1800,1911,1863,1832,1863
540,1884,1055,1884,1055,1953,540,1953
1097,1884,1249,1884,1249,1958,1097,1958
1475,1890,1648,1890,1648,1958,1475,1958
1653,1890,1769,1890,1769,1958,1653,1958
1779,1890,1895,1890,1895,1958,1779,1958
1260,1900,1464,1900,1464,1963,1260,1963
546,1984,672,1984,672,2047,546,2047
745,1984,808,1984,808,2037,745,2037
703,1989,745,1989,745,2042,703,2042
1176,1989,1265,1989,1265,2052,1176,2052
1260,1989,1386,1989,1386,2052,1260,2052
1386,1989,1459,1989,1459,2042,1386,2042
1632,1989,1722,1989,1722,2047,1632,2047
1716,1989,1832,1989,1832,2052,1716,2052
1837,1989,1911,1989,1911,2052,1837,2052
1480,2073,1653,2073,1653,2142,1480,2142
535,2079,1055,2079,1055,2152,535,2152
1097,2079,1249,2079,1249,2147,1097,2147
1842,2079,1916,2079,1916,2136,1842,2136
1265,2084,1464,2084,1464,2152,1265,2152
1659,2084,1827,2084,1827,2147,1659,2147
540,2178,672,2178,672,2247,540,2247
745,2178,808,2178,808,2236,745,2236
1170,2178,1265,2178,1265,2241,1170,2241
1260,2178,1386,2178,1386,2241,1260,2241
1386,2178,1459,2178,1459,2236,1386,2236
1632,2178,1732,2178,1732,2247,1632,2247
1722,2178,1842,2178,1842,2241,1722,2241
1842,2178,1921,2178,1921,2241,1842,2241
708,2189,745,2189,745,2241,708,2241
544,2283,708,2306,696,2389,532,2365
703,2299,819,2299,819,2373,703,2373
1606,2298,1933,2304,1931,2372,1605,2365
549,2372,712,2396,700,2482,537,2459
708,2388,782,2388,782,2462,708,2462
978,2389,1135,2411,1124,2483,968,2461
1764,2394,1821,2394,1821,2446,1764,2446
1816,2394,1932,2394,1932,2457,1816,2457
788,2396,975,2410,970,2481,783,2467
546,2478,687,2478,687,2556,546,2556
1611,2478,1853,2478,1853,2551,1611,2551
693,2488,871,2488,871,2556,693,2556
882,2488,960,2488,960,2546,882,2546
1853,2488,1932,2488,1932,2541,1853,2541
546,2567,682,2567,682,2646,546,2646
992,2572,1170,2572,1170,2640,992,2640
1800,2572,1858,2572,1858,2630,1800,2630
1853,2572,1932,2572,1932,2635,1853,2635
693,2577,777,2577,777,2646,693,2646
782,2577,861,2577,861,2640,782,2640
876,2577,981,2577,981,2635,876,2635
548,2680,711,2696,702,2786,539,2770
708,2693,829,2693,829,2772,708,2772
987,2698,1081,2698,1081,2782,987,2782
834,2703,981,2703,981,2782,834,2782
1795,2703,1842,2703,1842,2761,1795,2761
1832,2703,1926,2703,1926,2761,1832,2761
1648,2919,1785,2919,1785,2992,1648,2992
1800,2924,1937,2924,1937,2992,1800,2992
551,2934,687,2934,687,2997,551,2997
1680,3018,1853,3018,1853,3092,1680,3092
1853,3018,1937,3018,1937,3087,1853,3087
551,3034,582,3034,582,3087,551,3087
593,3029,677,3029,677,3092,593,3092
666,3150,771,3150,771,3228,666,3228
540,3155,656,3155,656,3223,540,3223
963,3160,1106,3150,1110,3212,967,3221
777,3160,955,3160,955,3223,777,3223
1590,3244,1711,3244,1711,3312,1590,3312
1722,3244,1848,3244,1848,3312,1722,3312
1853,3244,1932,3244,1932,3312,1853,3312
706,3261,865,3253,868,3313,709,3321
535,3260,698,3260,698,3323,535,3323
929,3575,997,3575,997,3633,929,3633
1001,3574,1106,3591,1095,3658,989,3641
1098,3588,1243,3599,1238,3669,1092,3658
1275,3596,1527,3596,1527,3664,1275,3664
1107,3685,1134,3685,1134,3717,1107,3717
1139,3685,1176,3685,1176,3717,1139,3717
1176,3690,1212,3690,1212,3722,1176,3722
1218,3690,1249,3690,1249,3722,1218,3722
1254,3690,1286,3690,1286,3722,1254,3722
582,3738,729,3738,729,3801,582,3801
747,3739,920,3759,911,3836,738,3816
924,3753,1055,3753,1055,3832,924,3832
1643,3753,1764,3753,1764,3843,1643,3843
1543,3764,1627,3764,1627,3837,1543,3837
1315,3772,1532,3765,1535,3842,1318,3849
1165,3780,1307,3780,1307,3858,1165,3858
1065,3785,1144,3785,1144,3837,1065,3837
1776,3784,1906,3800,1898,3860,1769,3844
737,3822,901,3845,890,3927,725,3903
897,3848,992,3848,992,3921,897,3921
997,3851,1361,3864,1358,3960,994,3947
1382,3860,1532,3873,1525,3949,1376,3936
1533,3864,1659,3864,1659,3948,1533,3948
1664,3864,1758,3864,1758,3942,1664,3942
