1223,115,1412,115,1412,199,1223,199
1417,120,1512,120,1512,189,1417,189
1512,136,1585,136,1585,199,1512,199
1086,204,1176,204,1176,273,1086,273
1181,210,1396,210,1396,288,1181,288
1401,215,1480,215,1480,283,1401,283
1491,220,1596,220,1596,278,1491,278
1611,220,1727,220,1727,288,1611,288
1149,294,1212,294,1212,362,1149,362
1218,294,1365,294,1365,372,1218,372
1044,299,1144,299,1144,367,1044,367
1412,309,1748,309,1748,378,1412,378
850,388,971,388,971,456,850,456
966,393,1050,393,1050,462,966,462
1060,399,1176,399,1176,467,1060,467
1186,404,1302,404,1302,472,1186,472
1317,404,1359,404,1359,462,1317,462
1533,404,1706,404,1706,477,1533,477
1376,406,1521,417,1516,480,1371,468
1711,409,1821,409,1821,483,1711,483
1832,409,1937,409,1937,483,1832,483
1291,483,1527,483,1527,546,1291,546
1018,567,1128,567,1128,635,1018,635
1176,567,1281,567,1281,635,1176,635
1286,577,1312,577,1312,630,1286,630
1312,572,1475,572,1475,635,1312,635
1470,577,1501,577,1501,630,1470,630
950,656,1128,656,1128,714,950,714
1181,656,1774,656,1774,724,1181,724
1779,666,1848,666,1848,708,1779,708
897,740,1128,740,1128,798,897,798
1328,745,1653,745,1653,813,1328,813
1659,750,1779,750,1779,798,1659,798
1790,750,1853,750,1853,792,1790,792
1186,761,1323,761,1323,798,1186,798
1554,845,1753,845,1753,939,1554,939
1060,855,1323,855,1323,945,1060,945
1333,850,1543,850,1543,945,1333,945
1134,1050,1254,1050,1254,1118,1134,1118
1266,1052,1369,1061,1364,1120,1261,1112
1375,1055,1480,1055,1480,1113,1375,1113
1491,1055,1659,1055,1659,1118,1491,1118
876,1060,955,1060,955,1113,876,1113
966,1060,1055,1060,1055,1134,966,1134
1060,1060,1123,1060,1123,1123,1060,1123
1664,1059,1813,1066,1810,1125,1662,1118
1816,1060,1942,1060,1942,1123,1816,1123
1840,1139,2010,1132,2012,1201,1843,1208
803,1139,987,1139,987,1223,803,1223
1517,1139,1821,1139,1821,1202,1517,1202
1065,1144,1149,1144,1149,1212,1065,1212
1611,1228,1690,1228,1690,1307,1611,1307
1848,1233,2005,1233,2005,1302,1848,1302
960,1239,1160,1239,1160,1307,960,1307
1202,1239,1522,1239,1522,1307,1202,1307
1701,1239,1832,1239,1832,1302,1701,1302
813,1244,934,1244,934,1302,813,1302
1911,1333,2047,1333,2047,1417,1911,1417
798,1354,924,1354,924,1422,798,1422
1501,1354,1611,1354,1611,1417,1501,1417
1701,1354,1900,1354,1900,1422,1701,1422
1003,1354,1268,1371,1264,1435,999,1418
1359,1359,1491,1359,1491,1422,1359,1422
1680,1454,1779,1454,1779,1533,1680,1533
1548,1459,1674,1459,1674,1522,1548,1522
1790,1459,1895,1459,1895,1527,1790,1527
1900,1459,2010,1459,2010,1517,1900,1517
2016,1464,2052,1464,2052,1512,2016,1512
803,1464,1254,1464,1254,1533,803,1533
1296,1464,1417,1464,1417,1522,1296,1522
1433,1464,1533,1464,1533,1522,1433,1522
955,1554,1050,1554,1050,1611,955,1611
1144,1554,1244,1554,1244,1611,1144,1611
1338,1554,1443,1554,1443,1611,1338,1611
1449,1554,1554,1554,1554,1611,1449,1611
1748,1554,1953,1554,1953,1611,1748,1611
1968,1554,2037,1554,2037,1606,1968,1606
813,1559,924,1559,924,1611,813,1611
1102,1564,1134,1564,1134,1606,1102,1606
1559,1559,1627,1559,1627,1606,1559,1606
813,1638,1265,1638,1265,1706,813,1706
1296,1638,1512,1638,1512,1706,1296,1706
1601,1638,1764,1638,1764,1695,1601,1695
1769,1638,1874,1638,1874,1695,1769,1695
1884,1638,2058,1638,2058,1695,1884,1695
1517,1648,1585,1648,1585,1695,1517,1695
997,1727,1055,1727,1055,1779,997,1779
1454,1727,1554,1727,1554,1785,1454,1785
1779,1727,1863,1727,1863,1785,1779,1785
1858,1727,1963,1727,1963,1785,1858,1785
1968,1727,2037,1727,2037,1779,1968,1779
819,1732,929,1732,929,1785,819,1785
966,1737,1002,1737,1002,1785,966,1785
1370,1732,1443,1732,1443,1790,1370,1790
1559,1732,1627,1732,1627,1785,1559,1785
1044,1811,1160,1811,1160,1890,1044,1890
1255,1816,1368,1808,1373,1873,1260,1882
1370,1811,1438,1811,1438,1863,1370,1863
945,1816,1039,1816,1039,1874,945,1874
1181,1816,1265,1816,1265,1879,1181,1879
1601,1890,1769,1890,1769,1947,1601,1947
1774,1890,1879,1890,1879,1947,1774,1947
1890,1890,2058,1890,2058,1947,1890,1947
824,1895,1270,1895,1270,1963,824,1963
1307,1895,1512,1895,1512,1953,1307,1953
1522,1905,1585,1905,1585,1953,1522,1953
1863,1979,1968,1979,1968,2037,1863,2037
1002,1984,1060,1984,1060,2031,1002,2031
1375,1984,1449,1984,1449,2042,1375,2042
1454,1984,1559,1984,1559,2037,1454,2037
1564,1984,1632,1984,1632,2037,1564,2037
1785,1984,1858,1984,1858,2037,1785,2037
1974,1984,2037,1984,2037,2031,1974,2031
829,1989,939,1989,939,2042,829,2042
966,1989,1008,1989,1008,2042,966,2042
1055,2063,1160,2063,1160,2136,1055,2136
1265,2063,1370,2063,1370,2126,1265,2126
1186,2068,1265,2068,1265,2126,1186,2126
1375,2068,1438,2068,1438,2121,1375,2121
950,2073,1044,2073,1044,2126,950,2126
1312,2142,1533,2142,1533,2205,1312,2205
829,2147,1275,2147,1275,2215,829,2215
1622,2147,1785,2147,1785,2199,1622,2199
1795,2147,1890,2147,1890,2205,1795,2205
1892,2154,2062,2142,2066,2204,1896,2216
1543,2157,1606,2157,1606,2199,1543,2199
1380,2231,1569,2231,1569,2289,1380,2289
1564,2231,1632,2231,1632,2283,1564,2283
834,2236,945,2236,945,2294,834,2294
1013,2236,1071,2236,1071,2283,1013,2283
1785,2236,1968,2236,1968,2294,1785,2294
1979,2236,2047,2236,2047,2289,1979,2289
981,2247,1013,2247,1013,2289,981,2289
1060,2315,1165,2315,1165,2383,1060,2383
1191,2315,1275,2315,1275,2373,1191,2373
1270,2315,1370,2315,1370,2373,1270,2373
955,2320,1050,2320,1050,2373,955,2373
1380,2320,1443,2320,1443,2367,1380,2367
837,2412,977,2428,969,2497,829,2482
976,2420,1076,2420,1076,2483,976,2483
1764,2425,1884,2425,1884,2483,1764,2483
1874,2425,2058,2425,2058,2483,1874,2483
840,2499,981,2499,981,2577,840,2577
981,2504,1044,2504,1044,2562,981,2562
1055,2502,1211,2515,1206,2575,1050,2562
1215,2496,1345,2512,1337,2576,1207,2559
1953,2504,2052,2504,2052,2562,1953,2562
1911,2514,1942,2514,1942,2562,1911,2562
966,2583,1123,2583,1123,2646,966,2646
1128,2583,1202,2583,1202,2640,1128,2640
1774,2583,1884,2583,1884,2640,1774,2640
1879,2583,1979,2583,1979,2640,1879,2640
1989,2583,2058,2583,2058,2640,1989,2640
840,2588,955,2588,955,2646,840,2646
840,2661,955,2661,955,2730,840,2730
1123,2667,1218,2667,1218,2724,1123,2724
1228,2667,1386,2667,1386,2724,1228,2724
1984,2667,2058,2667,2058,2724,1984,2724
960,2672,1034,2672,1034,2730,960,2730
1044,2672,1118,2672,1118,2735,1044,2735
1937,2672,1984,2672,1984,2719,1937,2719
834,2772,976,2772,976,2856,834,2856
976,2777,1081,2777,1081,2845,976,2845
1223,2777,1307,2777,1307,2850,1223,2850
1086,2782,1212,2782,1212,2845,1086,2845
1800,2782,1995,2782,1995,2840,1800,2840
1984,2782,2058,2782,2058,2840,1984,2840
1811,2971,1932,2971,1932,3045,1811,3045
1947,2982,2068,2982,2068,3045,1947,3045
840,2992,960,2992,960,3050,840,3050
1837,3060,2000,3060,2000,3123,1837,3123
1995,3071,2063,3071,2063,3129,1995,3129
829,3076,871,3076,871,3129,829,3129
876,3076,950,3076,950,3129,876,3129
1837,3150,1989,3150,1989,3207,1837,3207
876,3155,950,3155,950,3207,876,3207
1995,3155,2063,3155,2063,3218,1995,3218
834,3165,871,3165,871,3213,834,3213
945,3255,1044,3255,1044,3328,945,3328
1212,3260,1333,3260,1333,3318,1212,3318
834,3265,939,3265,939,3333,834,3333
1044,3265,1202,3265,1202,3318,1044,3318
987,3344,1123,3344,1123,3402,987,3402
834,3349,971,3349,971,3407,834,3407
1764,3354,1884,3354,1884,3417,1764,3417
1884,3354,1995,3354,1995,3423,1884,3423
1995,3365,2068,3365,2068,3423,1995,3423
1165,3664,1228,3664,1228,3722,1165,3722
1233,3669,1323,3669,1323,3727,1233,3727
1323,3669,1449,3669,1449,3732,1323,3732
1485,3675,1643,3675,1643,3743,1485,3743
1643,3675,1706,3675,1706,3727,1643,3727
1459,3685,1485,3685,1485,3732,1459,3732
1365,3759,1396,3759,1396,3790,1365,3790
1401,3759,1428,3759,1428,3790,1401,3790
861,3827,992,3827,992,3895,861,3895
1821,3832,1932,3832,1932,3916,1821,3916
998,3834,1160,3849,1153,3924,991,3910
1160,3837,1286,3837,1286,3911,1160,3911
1527,3843,1722,3843,1722,3916,1527,3916
1732,3843,1806,3843,1806,3911,1732,3911
1386,3848,1517,3848,1517,3927,1386,3927
1296,3853,1370,3853,1370,3906,1296,3906
1944,3861,2066,3883,2056,3937,1935,3915
994,3909,1144,3934,1132,4011,981,3986
1139,3921,1228,3921,1228,4000,1139,4000
1239,3926,1565,3932,1564,4019,1237,4013
1585,3932,1716,3932,1716,4011,1585,4011
1722,3932,1837,3932,1837,4016,1722,4016
1842,3932,1926,3932,1926,4005,1842,4005
