1344,171,1456,182,1452,220,1340,209
1459,178,1512,178,1512,210,1459,210
1512,183,1559,183,1559,215,1512,215
1260,225,1443,225,1443,262,1260,262
1443,225,1491,225,1491,257,1443,257
1496,225,1564,225,1564,262,1496,262
1571,221,1646,232,1641,267,1566,256
1239,273,1291,273,1291,304,1239,304
1296,273,1338,273,1338,304,1296,304
1338,273,1422,273,1422,309,1338,309
1454,273,1554,273,1554,309,1454,309
1554,273,1627,273,1627,309,1554,309
1123,320,1233,320,1233,362,1123,362
1244,320,1307,320,1307,357,1244,357
1317,325,1386,325,1386,362,1317,362
1396,325,1422,325,1422,357,1396,357
1428,323,1520,331,1516,369,1425,361
1522,325,1627,325,1627,362,1522,362
1627,336,1690,336,1690,372,1627,372
1701,336,1764,336,1764,372,1701,372
1375,367,1517,367,1517,404,1375,404
1212,420,1270,420,1270,451,1212,451
1307,420,1370,420,1370,451,1307,451
1370,420,1506,420,1506,456,1370,456
1176,467,1270,467,1270,504,1176,504
1307,465,1512,472,1511,510,1306,503
1512,471,1713,479,1711,520,1510,511
1139,518,1277,525,1275,562,1137,554
1307,530,1386,530,1386,551,1307,551
1396,530,1548,530,1548,561,1396,561
1548,535,1590,535,1590,567,1548,567
1596,535,1669,535,1669,567,1596,567
1669,540,1711,540,1711,567,1669,567
1228,582,1386,582,1386,640,1228,640
1396,582,1522,582,1522,640,1396,640
1527,588,1648,588,1648,645,1527,645
1365,661,1422,661,1422,703,1365,703
1422,661,1512,661,1512,703,1422,703
1270,714,1344,714,1344,756,1270,756
1118,719,1165,719,1165,750,1118,750
1349,719,1412,719,1412,750,1349,750
1417,719,1480,719,1480,750,1417,750
1485,719,1585,719,1585,756,1485,756
1170,724,1223,724,1223,761,1170,761
1228,724,1265,724,1265,756,1228,756
1596,728,1682,735,1679,773,1593,766
1685,735,1764,735,1764,771,1685,771
1071,771,1176,771,1176,813,1071,813
1228,771,1275,771,1275,808,1228,808
1496,766,1686,774,1684,815,1495,807
1695,777,1795,777,1795,813,1695,813
1302,813,1501,813,1501,861,1302,861
1160,819,1275,819,1275,866,1160,866
1548,819,1606,819,1606,866,1548,866
1071,829,1149,829,1149,861,1071,861
1606,824,1690,824,1690,871,1606,871
1695,829,1795,829,1795,871,1695,871
1065,892,1134,892,1134,929,1065,929
1181,892,1218,892,1218,929,1181,929
1218,891,1340,897,1338,935,1215,928
1396,892,1480,892,1480,929,1396,929
1480,887,1554,887,1554,934,1480,934
1732,887,1821,887,1821,945,1732,945
1606,892,1732,892,1732,939,1606,939
1055,950,1333,950,1333,992,1055,992
1354,955,1449,955,1449,992,1354,992
1454,966,1501,966,1501,1002,1454,1002
1501,960,1659,960,1659,1008,1501,1008
1664,966,1722,966,1722,1013,1664,1013
1144,1008,1202,1008,1202,1039,1144,1039
1228,1008,1323,1008,1323,1044,1228,1044
1396,1013,1443,1013,1443,1050,1396,1050
1449,1018,1559,1018,1559,1055,1449,1055
1653,1029,1816,1029,1816,1065,1653,1065
1050,1055,1333,1055,1333,1102,1050,1102
1349,1060,1407,1060,1407,1102,1349,1102
1464,1071,1522,1071,1522,1107,1464,1107
1412,1076,1459,1076,1459,1113,1412,1113
1522,1071,1632,1071,1632,1118,1522,1118
1060,1118,1128,1118,1128,1155,1060,1155
1144,1118,1197,1118,1197,1155,1144,1155
1228,1118,1323,1118,1323,1155,1228,1155
1396,1128,1438,1128,1438,1160,1396,1160
1444,1124,1560,1131,1558,1166,1442,1159
1653,1139,1811,1139,1811,1176,1653,1176
1050,1165,1328,1165,1328,1212,1050,1212
1354,1181,1422,1181,1422,1218,1354,1218
1433,1186,1480,1186,1480,1218,1433,1218
1491,1186,1548,1186,1548,1218,1491,1218
1554,1186,1611,1186,1611,1223,1554,1223
1617,1191,1664,1191,1664,1233,1617,1233
1144,1228,1197,1228,1197,1265,1144,1265
1060,1233,1123,1233,1123,1265,1060,1265
1223,1233,1317,1233,1317,1270,1223,1270
1391,1239,1438,1239,1438,1275,1391,1275
1443,1239,1506,1239,1506,1275,1443,1275
1512,1244,1554,1244,1554,1275,1512,1275
1648,1249,1806,1249,1806,1286,1648,1286
1055,1286,1328,1286,1328,1323,1055,1323
1349,1281,1454,1281,1454,1328,1349,1328
1527,1289,1636,1301,1632,1339,1523,1327
1459,1296,1522,1296,1522,1328,1459,1328
1638,1302,1748,1302,1748,1338,1638,1338
1749,1303,1810,1314,1804,1347,1744,1337
1055,1344,1123,1344,1123,1375,1055,1375
1139,1344,1197,1344,1197,1375,1139,1375
1391,1349,1506,1349,1506,1386,1391,1386
1506,1354,1554,1354,1554,1386,1506,1386
1648,1359,1690,1359,1690,1391,1648,1391
1695,1359,1806,1359,1806,1396,1695,1396
1055,1396,1323,1396,1323,1433,1055,1433
1349,1401,1438,1401,1438,1438,1349,1438
1517,1394,1687,1403,1685,1448,1515,1439
1443,1407,1512,1407,1512,1438,1443,1438
1695,1417,1795,1417,1795,1449,1695,1449
1055,1449,1123,1449,1123,1485,1055,1485
1139,1449,1197,1449,1197,1485,1139,1485
1391,1459,1428,1459,1428,1496,1391,1496
1438,1459,1506,1459,1506,1496,1438,1496
1506,1464,1548,1464,1548,1496,1506,1496
1643,1470,1680,1470,1680,1501,1643,1501
1690,1470,1753,1470,1753,1501,1690,1501
1753,1475,1800,1475,1800,1506,1753,1506
1055,1501,1328,1507,1327,1549,1054,1542
1344,1512,1496,1512,1496,1548,1344,1548
1496,1508,1796,1523,1795,1563,1494,1549
1055,1559,1123,1559,1123,1590,1055,1590
1139,1559,1197,1559,1197,1590,1139,1590
1391,1569,1428,1569,1428,1601,1391,1601
1433,1569,1506,1569,1506,1601,1433,1601
1501,1575,1543,1575,1543,1601,1501,1601
1638,1575,1674,1575,1674,1611,1638,1611
1685,1580,1748,1580,1748,1611,1685,1611
1748,1580,1795,1580,1795,1611,1748,1611
1055,1606,1323,1606,1323,1648,1055,1648
1344,1613,1571,1623,1569,1662,1342,1653
1575,1627,1617,1627,1617,1659,1575,1659
1622,1632,1706,1632,1706,1664,1622,1664
1711,1632,1774,1632,1774,1669,1711,1669
1055,1664,1123,1664,1123,1695,1055,1695
1134,1664,1181,1664,1181,1701,1134,1701
1407,1672,1544,1679,1543,1713,1405,1706
1653,1685,1748,1685,1748,1716,1653,1716
1748,1685,1790,1685,1790,1716,1748,1716
1044,1711,1312,1711,1312,1758,1044,1758
1338,1716,1391,1716,1391,1758,1338,1758
1397,1719,1571,1727,1569,1767,1395,1759
1569,1727,1606,1727,1606,1764,1569,1764
1611,1732,1669,1732,1669,1769,1611,1769
1674,1732,1748,1732,1748,1769,1674,1769
1753,1737,1779,1737,1779,1769,1753,1769
1050,1769,1113,1769,1113,1800,1050,1800
1428,1779,1496,1779,1496,1816,1428,1816
1496,1785,1538,1785,1538,1816,1496,1816
1627,1790,1669,1790,1669,1821,1627,1821
1674,1790,1737,1790,1737,1821,1674,1821
1743,1790,1785,1790,1785,1821,1743,1821
1044,1815,1313,1823,1312,1864,1043,1857
1333,1821,1391,1821,1391,1863,1333,1863
1396,1827,1564,1827,1564,1869,1396,1869
1564,1837,1601,1837,1601,1869,1564,1869
1606,1837,1664,1837,1664,1874,1606,1874
1669,1842,1743,1842,1743,1874,1669,1874
1044,1874,1113,1874,1113,1905,1044,1905
1128,1874,1186,1874,1186,1905,1128,1905
1428,1890,1538,1890,1538,1921,1428,1921
1627,1895,1674,1895,1674,1926,1627,1926
1669,1895,1737,1895,1737,1926,1669,1926
1737,1895,1779,1895,1779,1926,1737,1926
1044,1920,1213,1926,1212,1965,1043,1958
1207,1926,1312,1926,1312,1963,1207,1963
1334,1930,1425,1937,1422,1975,1331,1968
1433,1937,1564,1937,1564,1974,1433,1974
1569,1947,1643,1947,1643,1979,1569,1979
1732,1947,1774,1947,1774,1989,1732,1989
1643,1953,1722,1953,1722,1979,1643,1979
1044,1979,1113,1979,1113,2010,1044,2010
1128,1979,1186,1979,1186,2010,1128,2010
1422,1995,1485,1995,1485,2026,1422,2026
1485,1995,1533,1995,1533,2026,1485,2026
1643,2000,1779,2000,1779,2031,1643,2031
1039,2026,1307,2026,1307,2068,1039,2068
1333,2037,1422,2037,1422,2073,1333,2073
1433,2042,1506,2042,1506,2079,1433,2079
1512,2042,1548,2042,1548,2079,1512,2079
1554,2040,1666,2048,1663,2087,1551,2079
1675,2042,1743,2059,1734,2099,1666,2082
1039,2084,1107,2084,1107,2115,1039,2115
1123,2084,1170,2084,1170,2115,1123,2115
1417,2094,1485,2094,1485,2126,1417,2126
1485,2100,1527,2100,1527,2126,1485,2126
1664,2100,1774,2100,1774,2136,1664,2136
1638,2105,1669,2105,1669,2136,1638,2136
1039,2129,1303,2137,1301,2177,1038,2169
1328,2142,1417,2142,1417,2178,1328,2178
1428,2142,1506,2142,1506,2178,1428,2178
1512,2147,1543,2147,1543,2178,1512,2178
1548,2147,1664,2147,1664,2184,1548,2184
1664,2147,1732,2147,1732,2194,1664,2194
1039,2184,1107,2184,1107,2215,1039,2215
1123,2189,1165,2189,1165,2220,1123,2220
1412,2199,1475,2199,1475,2231,1412,2231
1480,2205,1522,2205,1522,2231,1480,2231
1660,2201,1730,2210,1726,2244,1655,2235
1732,2210,1769,2210,1769,2241,1732,2241
1034,2236,1223,2236,1223,2273,1034,2273
1244,2241,1302,2241,1302,2278,1244,2278
1328,2239,1429,2247,1426,2286,1325,2279
1433,2247,1485,2247,1485,2283,1433,2283
1491,2250,1593,2259,1590,2296,1488,2287
1596,2247,1680,2247,1680,2289,1596,2289
1690,2257,1774,2257,1774,2294,1690,2294
1034,2289,1102,2289,1102,2320,1034,2320
1118,2289,1176,2289,1176,2320,1118,2320
1365,2304,1401,2304,1401,2336,1365,2336
1407,2304,1475,2304,1475,2336,1407,2336
1475,2304,1522,2304,1522,2336,1475,2336
1611,2310,1653,2310,1653,2346,1611,2346
1659,2315,1769,2315,1769,2346,1659,2346
1029,2337,1297,2345,1296,2385,1027,2377
1317,2352,1412,2352,1412,2388,1317,2388
1419,2347,1497,2362,1489,2403,1411,2387
1491,2357,1559,2357,1559,2394,1491,2394
1564,2354,1744,2364,1742,2404,1562,2394
1029,2394,1097,2394,1097,2425,1029,2425
1113,2399,1139,2399,1139,2430,1113,2430
1359,2409,1401,2409,1401,2441,1359,2441
1407,2409,1470,2409,1470,2441,1407,2441
1470,2415,1517,2415,1517,2441,1470,2441
1611,2420,1727,2420,1727,2451,1611,2451
1722,2425,1769,2425,1769,2451,1722,2451
1024,2442,1292,2451,1291,2493,1022,2483
1312,2457,1401,2457,1401,2493,1312,2493
1407,2462,1464,2462,1464,2493,1407,2493
1470,2462,1522,2462,1522,2499,1470,2499
1522,2457,1653,2457,1653,2504,1522,2504
1659,2467,1764,2467,1764,2509,1659,2509
1023,2499,1092,2499,1092,2535,1023,2535
1401,2514,1470,2514,1470,2546,1401,2546
1464,2514,1512,2514,1512,2546,1464,2546
1653,2525,1764,2525,1764,2556,1653,2556
1008,2543,1287,2553,1286,2602,1006,2593
1307,2562,1375,2562,1375,2598,1307,2598
1380,2562,1454,2562,1454,2598,1380,2598
1461,2564,1574,2578,1569,2617,1456,2602
1580,2572,1680,2572,1680,2609,1580,2609
1680,2583,1758,2583,1758,2609,1680,2609
1102,2614,1155,2614,1155,2646,1102,2646
1396,2619,1464,2619,1464,2656,1396,2656
1464,2625,1506,2625,1506,2651,1464,2651
1601,2630,1648,2630,1648,2661,1601,2661
1648,2630,1716,2630,1716,2667,1648,2667
1716,2635,1758,2635,1758,2661,1716,2661
1002,2654,1282,2663,1280,2711,1001,2702
1307,2672,1443,2672,1443,2709,1307,2709
1538,2677,1564,2677,1564,2709,1538,2709
1569,2677,1664,2677,1664,2714,1569,2714
1449,2682,1533,2682,1533,2719,1449,2719
1669,2682,1753,2682,1753,2719,1669,2719
1008,2719,1076,2719,1076,2751,1008,2751
1092,2719,1149,2719,1149,2756,1092,2756
1344,2730,1391,2730,1391,2761,1344,2761
1396,2730,1459,2730,1459,2766,1396,2766
1459,2735,1501,2735,1501,2761,1459,2761
1596,2735,1643,2735,1643,2772,1596,2772
1643,2735,1711,2735,1711,2772,1643,2772
1711,2740,1753,2740,1753,2772,1711,2772
998,2780,1088,2796,1080,2838,991,2822
1086,2793,1149,2793,1149,2829,1086,2829
1580,2803,1758,2803,1758,2840,1580,2840
999,2829,1090,2842,1084,2885,992,2872
1086,2845,1123,2845,1123,2882,1086,2882
1129,2849,1230,2856,1227,2894,1126,2887
1234,2847,1315,2854,1312,2894,1230,2887
1643,2850,1690,2850,1690,2892,1643,2892
1695,2856,1758,2856,1758,2892,1695,2892
1002,2887,1076,2887,1076,2924,1002,2924
1076,2889,1175,2903,1170,2939,1071,2925
1176,2908,1223,2908,1223,2934,1176,2934
1580,2908,1643,2908,1643,2945,1580,2945
1643,2908,1711,2908,1711,2945,1643,2945
1711,2913,1758,2913,1758,2945,1711,2945
997,2934,1071,2934,1071,2971,997,2971
1076,2945,1118,2945,1118,2976,1076,2976
1123,2950,1165,2950,1165,2982,1123,2982
1170,2955,1233,2955,1233,2987,1170,2987
1239,2955,1333,2955,1333,2992,1239,2992
1580,2955,1712,2961,1711,3001,1578,2995
1711,2966,1758,2966,1758,2992,1711,2992
999,2990,1088,3006,1080,3048,992,3032
1086,3008,1144,3008,1144,3045,1086,3045
1149,3018,1228,3018,1228,3055,1149,3055
1228,3029,1281,3029,1281,3066,1228,3066
1706,3039,1753,3039,1753,3071,1706,3071
1002,3123,1076,3123,1076,3155,1002,3155
1590,3150,1669,3150,1669,3197,1590,3197
1674,3155,1753,3155,1753,3197,1674,3197
1023,3171,1071,3171,1071,3202,1023,3202
1638,3213,1706,3213,1706,3249,1638,3249
1706,3213,1748,3213,1748,3249,1706,3249
1023,3218,1071,3218,1071,3249,1023,3249
1585,3265,1701,3265,1701,3302,1585,3302
997,3270,1055,3270,1055,3307,997,3307
1706,3270,1753,3270,1753,3302,1706,3302
1060,3276,1118,3276,1118,3318,1060,3318
1118,3288,1215,3297,1212,3331,1115,3322
1223,3302,1296,3302,1296,3333,1223,3333
997,3323,1081,3323,1081,3360,997,3360
1082,3331,1172,3340,1169,3376,1078,3367
1554,3381,1632,3381,1632,3417,1554,3417
1627,3386,1701,3386,1701,3423,1627,3423
1701,3386,1748,3386,1748,3423,1701,3423
992,3396,1039,3396,1039,3428,992,3428
1045,3399,1153,3412,1149,3446,1040,3433
1155,3412,1218,3412,1218,3444,1155,3444
1018,3480,1060,3480,1060,3517,1018,3517
1065,3480,1165,3480,1165,3517,1065,3517
1171,3480,1259,3492,1253,3530,1166,3518
1055,3528,1160,3528,1160,3564,1055,3564
992,3533,1050,3533,1050,3570,992,3570
1161,3529,1251,3537,1248,3572,1157,3564
1487,3540,1742,3592,1735,3627,1480,3576
1092,3570,1160,3570,1160,3606,1092,3606
997,3575,1081,3575,1081,3617,997,3617
1160,3575,1244,3575,1244,3612,1160,3612
1092,3622,1134,3622,1134,3654,1092,3654
1140,3619,1231,3628,1228,3661,1136,3652
1234,3619,1332,3634,1326,3672,1228,3657
1674,3622,1732,3622,1732,3654,1674,3654
997,3627,1081,3627,1081,3669,997,3669
1328,3633,1391,3633,1391,3664,1328,3664
1197,3774,1239,3774,1239,3806,1197,3806
1239,3780,1370,3780,1370,3816,1239,3816
1386,3780,1522,3780,1522,3811,1386,3811
1197,3864,1270,3864,1270,3895,1197,3895
1333,3864,1401,3864,1401,3900,1333,3900
1412,3864,1522,3864,1522,3900,1412,3900
1527,3869,1575,3869,1575,3906,1527,3906
1580,3869,1648,3869,1648,3906,1580,3906
1099,3879,1191,3872,1194,3910,1102,3917
1275,3874,1323,3874,1323,3900,1275,3900
1653,3885,1727,3885,1727,3911,1653,3911
1029,3895,1097,3895,1097,3942,1029,3942
1244,3906,1428,3906,1428,3948,1244,3948
1445,3901,1522,3916,1514,3954,1438,3939
1186,3911,1233,3911,1233,3948,1186,3948
1087,3922,1180,3914,1184,3962,1092,3971
1522,3921,1590,3921,1590,3953,1522,3953
1596,3921,1643,3921,1643,3953,1596,3953
