1151,300,1364,343,1347,429,1134,386
1365,330,1454,330,1454,393,1365,393
1464,341,1548,341,1548,399,1464,399
992,400,1343,425,1336,512,986,487
1580,414,1711,414,1711,488,1580,488
1344,420,1428,420,1428,488,1344,488
1438,420,1559,420,1559,472,1438,472
945,498,1055,498,1055,567,945,567
1060,504,1134,504,1134,567,1060,567
1144,504,1302,504,1302,588,1144,588
1354,504,1543,504,1543,572,1354,572
1543,504,1732,504,1732,572,1543,572
724,593,855,593,855,666,724,666
855,598,945,598,945,672,855,672
1483,603,1684,597,1687,674,1486,681
1690,598,1821,598,1821,677,1690,677
960,603,1086,603,1086,677,960,677
1097,614,1239,614,1239,687,1097,687
1312,614,1475,614,1475,687,1312,687
1249,619,1296,619,1296,677,1249,677
1214,696,1479,682,1483,754,1218,768
1202,782,1417,782,1417,855,1202,855
1412,782,1454,782,1454,840,1412,840
903,787,1029,787,1029,855,903,855
1086,792,1202,792,1202,855,1086,855
1086,871,1769,871,1769,955,1086,955
824,876,1023,876,1023,934,824,934
1774,882,1848,882,1848,929,1774,929
761,958,1031,970,1028,1039,758,1028
1239,976,1643,976,1643,1050,1239,1050
1638,976,1774,976,1774,1029,1638,1029
1785,981,1858,981,1858,1023,1785,1023
1092,987,1249,987,1249,1039,1092,1039
940,1087,1245,1093,1243,1192,938,1186
1260,1092,1501,1092,1501,1191,1260,1191
1517,1092,1743,1092,1743,1191,1517,1191
1023,1312,1160,1312,1160,1391,1023,1391
714,1317,819,1317,819,1391,714,1391
1170,1317,1291,1317,1291,1391,1170,1391
1443,1317,1638,1317,1638,1391,1443,1391
824,1323,924,1323,924,1401,824,1401
1307,1323,1428,1323,1428,1391,1307,1391
934,1328,1013,1328,1013,1396,934,1396
1821,1328,1974,1328,1974,1407,1821,1407
1650,1323,1822,1344,1813,1417,1641,1395
624,1407,845,1407,845,1512,624,1512
939,1417,1034,1417,1034,1496,939,1496
1470,1412,1823,1422,1821,1500,1468,1490
1848,1422,2047,1422,2047,1496,1848,1496
1580,1522,1674,1522,1674,1606,1580,1606
1858,1527,2031,1527,2031,1606,1858,1606
630,1533,782,1533,782,1606,630,1606
819,1533,1044,1533,1044,1606,819,1606
1102,1533,1475,1533,1475,1611,1102,1611
1685,1533,1837,1533,1837,1606,1685,1606
1932,1653,2089,1653,2089,1737,1932,1737
640,1664,766,1664,766,1743,640,1743
1690,1664,1916,1664,1916,1737,1690,1737
861,1669,939,1669,939,1743,861,1743
931,1666,1180,1686,1173,1763,925,1743
1286,1669,1438,1669,1438,1743,1286,1743
1454,1669,1585,1669,1585,1737,1454,1737
624,1790,1160,1790,1160,1869,624,1869
1748,1790,1905,1790,1905,1863,1748,1863
1916,1790,2005,1790,2005,1874,1916,1874
1212,1795,1302,1795,1302,1869,1212,1869
1307,1795,1449,1795,1449,1863,1307,1863
1586,1788,1738,1804,1730,1878,1578,1862
1464,1806,1569,1806,1569,1858,1464,1858
1785,1895,2005,1895,2005,1968,1785,1968
2010,1895,2094,1895,2094,1963,2010,1963
635,1900,766,1900,766,1968,635,1968
797,1907,909,1893,917,1953,805,1967
971,1900,1155,1900,1155,1968,971,1968
1296,1900,1401,1900,1401,1974,1296,1974
1391,1900,1517,1900,1517,1968,1391,1968
1517,1900,1601,1900,1601,1963,1517,1963
633,2015,806,2039,794,2126,621,2102
1793,2032,2109,2019,2112,2098,1796,2110
798,2031,929,2031,929,2105,798,2105
638,2111,812,2133,800,2225,626,2203
808,2126,887,2126,887,2205,808,2205
1984,2126,2105,2126,2105,2199,1984,2199
1093,2124,1255,2140,1247,2219,1086,2203
1926,2131,1974,2131,1974,2189,1926,2189
897,2134,1089,2147,1085,2218,893,2205
635,2220,782,2220,782,2304,635,2304
792,2226,981,2226,981,2299,792,2299
1806,2226,2021,2226,2021,2299,1806,2299
2031,2226,2115,2226,2115,2294,2031,2294
992,2236,1071,2236,1071,2294,992,2294
630,2320,777,2320,777,2399,630,2399
1107,2325,1296,2325,1296,2399,1107,2399
782,2331,871,2331,871,2394,782,2394
882,2331,971,2331,971,2399,882,2399
983,2326,1100,2334,1096,2396,979,2388
1974,2331,2021,2331,2021,2388,1974,2388
2031,2331,2121,2331,2121,2394,2031,2394
644,2441,808,2463,796,2551,632,2528
803,2451,929,2451,929,2530,803,2530
939,2462,1092,2462,1092,2546,939,2546
1102,2462,1202,2462,1202,2541,1102,2541
1974,2472,2026,2472,2026,2535,1974,2535
2031,2472,2121,2472,2121,2541,2031,2541
645,2709,792,2709,792,2772,645,2772
1816,2709,1963,2709,1963,2787,1816,2787
1979,2719,2136,2719,2136,2787,1979,2787
845,2730,871,2730,871,2766,845,2766
645,2808,677,2808,677,2866,645,2866
687,2803,777,2803,777,2871,687,2871
1905,2819,2131,2819,2131,2898,1905,2898
771,2929,876,2929,876,3013,771,3013
635,2934,756,2934,756,3008,635,3008
887,2945,1071,2945,1071,3018,887,3018
1086,2945,1233,2945,1233,3018,1086,3018
645,3039,808,3039,808,3102,645,3102
819,3045,981,3045,981,3113,819,3113
1795,3076,2058,3076,2058,3160,1795,3160
2047,3087,2136,3087,2136,3160,2047,3160
1023,3433,1107,3433,1107,3507,1023,3507
1102,3438,1212,3438,1212,3512,1102,3512
1213,3440,1363,3447,1359,3524,1209,3516
1365,3454,1596,3454,1596,3533,1365,3533
1590,3465,1664,3465,1664,3538,1590,3538
1218,3549,1249,3549,1249,3585,1218,3585
1254,3554,1370,3554,1370,3596,1254,3596
1375,3559,1407,3559,1407,3601,1375,3601
641,3615,801,3623,797,3708,636,3700
810,3634,999,3656,989,3747,799,3725
1002,3648,1149,3648,1149,3738,1002,3738
1266,3660,1427,3670,1421,3772,1260,3763
1165,3675,1254,3675,1254,3743,1165,3743
1435,3666,1679,3679,1674,3773,1430,3761
1685,3685,1779,3685,1779,3780,1685,3780
1790,3685,1937,3685,1937,3790,1790,3790
1955,3726,2125,3743,2118,3815,1948,3798
788,3724,971,3766,949,3862,766,3821
960,3759,1065,3759,1065,3848,960,3848
1083,3760,1497,3793,1488,3903,1075,3871
1506,3795,1659,3795,1659,3890,1506,3890
1669,3811,1811,3811,1811,3921,1669,3921
1816,3822,1926,3822,1926,3921,1816,3921
