893,496,980,496,980,563,893,563
995,500,1258,528,1251,597,988,569
526,556,593,556,593,610,526,610
599,552,728,576,717,639,587,614
732,564,855,586,844,648,720,626
854,584,955,590,952,648,851,642
987,591,1176,620,1166,680,978,650
1186,609,1301,634,1288,692,1173,667
1302,626,1430,641,1424,695,1296,681
787,645,915,652,912,709,784,702
1434,644,1528,650,1525,701,1431,695
1530,656,1566,656,1566,700,1530,700
920,660,953,660,953,706,920,706
973,660,1043,660,1043,716,973,716
1046,666,1116,666,1116,723,1046,723
1120,673,1200,673,1200,730,1120,730
1207,680,1326,690,1321,745,1203,735
754,711,1053,740,1048,795,749,766
1057,741,1336,760,1332,816,1053,796
654,831,800,840,795,915,649,905
815,856,967,867,962,932,810,921
980,870,1213,887,1208,952,976,935
1228,884,1413,896,1408,965,1223,952
826,966,903,966,903,1013,826,1013
914,965,1079,976,1075,1030,910,1019
1080,983,1216,983,1216,1036,1080,1036
460,1051,606,1063,602,1107,457,1095
606,1066,706,1066,706,1110,606,1110
716,1073,813,1073,813,1120,716,1120
1084,1097,1169,1103,1166,1148,1080,1142
460,1104,545,1111,542,1155,457,1149
1173,1110,1293,1110,1293,1160,1173,1160
546,1116,636,1116,636,1156,546,1156
1298,1113,1433,1126,1429,1175,1293,1162
647,1117,770,1130,765,1175,643,1163
774,1125,1017,1148,1012,1199,769,1176
1437,1128,1545,1135,1542,1185,1434,1177
1270,1174,1352,1180,1348,1228,1266,1222
1350,1186,1410,1186,1410,1233,1350,1233
1417,1189,1539,1198,1536,1248,1413,1239
460,1226,546,1226,546,1276,460,1276
555,1227,667,1247,658,1297,545,1277
1137,1287,1270,1299,1265,1347,1132,1335
453,1296,513,1296,513,1343,453,1343
516,1303,603,1303,603,1350,516,1350
1300,1303,1436,1312,1432,1362,1296,1352
606,1310,693,1310,693,1356,606,1356
696,1316,756,1316,756,1363,696,1363
1436,1323,1520,1323,1520,1370,1436,1370
760,1330,856,1330,856,1376,760,1376
861,1329,1040,1350,1035,1396,855,1375
450,1345,595,1352,593,1402,448,1395
596,1360,663,1360,663,1406,596,1406
673,1364,842,1377,839,1423,670,1411
1373,1383,1518,1391,1516,1441,1371,1433
444,1474,539,1482,536,1527,440,1519
546,1473,657,1497,646,1548,535,1524
653,1493,716,1493,716,1546,653,1546
1350,1570,1416,1570,1416,1620,1350,1620
1410,1576,1493,1576,1493,1623,1410,1623
437,1596,656,1613,651,1672,432,1655
666,1620,833,1620,833,1686,666,1686
433,1673,513,1673,513,1723,433,1723
520,1677,620,1686,616,1734,516,1725
1224,1680,1427,1697,1421,1764,1218,1747
1436,1710,1476,1710,1476,1770,1436,1770
1298,1764,1437,1779,1432,1828,1292,1812
1436,1786,1466,1786,1466,1830,1436,1830
580,1940,673,1940,673,1990,580,1990
680,1956,733,1956,733,1996,680,1996
740,1961,821,1966,818,2015,737,2010
824,1965,953,1977,949,2024,819,2012
956,1986,1006,1986,1006,2026,956,2026
1013,1986,1093,1986,1093,2036,1013,2036
1096,2000,1180,2000,1180,2050,1096,2050
1183,2003,1240,2003,1240,2050,1183,2050
751,2013,851,2024,846,2070,746,2059
853,2026,910,2026,910,2076,853,2076
914,2031,1086,2046,1082,2094,910,2079
703,2070,790,2070,790,2120,703,2120
794,2075,913,2087,909,2134,789,2122
914,2086,1123,2105,1118,2153,909,2134
