300,403,396,403,396,421,300,421
400,405,456,405,456,421,400,421
277,428,311,432,309,447,276,444
312,430,338,430,338,446,312,446
340,432,370,432,370,445,340,445
374,432,401,432,401,446,374,446
404,432,432,432,432,446,404,446
434,432,472,432,472,446,434,446
181,454,202,454,202,468,181,468
268,488,314,488,314,513,268,513
372,489,417,489,417,514,372,514
421,490,484,490,484,516,421,516
318,492,368,492,368,514,318,514
189,521,218,521,218,537,189,537
221,521,263,525,262,542,220,538
285,522,308,522,308,540,285,540
325,524,360,524,360,540,325,540
386,524,418,524,418,540,386,540
422,525,448,525,448,544,422,544
466,525,517,525,517,541,466,541
520,526,552,526,552,541,520,541
182,548,238,548,238,565,182,565
237,548,305,548,305,565,237,565
305,548,355,552,354,567,304,563
357,550,373,550,373,565,357,565
374,550,424,550,424,565,374,565
426,550,468,550,468,570,426,570
469,552,493,552,493,568,469,568
274,576,284,576,284,586,274,586
312,574,344,574,344,588,312,588
402,574,422,574,422,592,402,592
424,576,454,576,454,592,424,592
508,577,533,577,533,593,508,593
530,577,564,577,564,594,530,594
182,601,284,601,284,618,182,618
282,601,304,601,304,618,282,618
305,602,341,602,341,622,305,622
406,604,430,604,430,621,406,621
381,605,405,605,405,620,381,620
342,606,380,606,380,621,342,621
310,629,342,629,342,641,310,641
401,630,424,630,424,646,401,646
424,630,456,630,456,648,424,648
509,633,532,633,532,649,509,649
532,633,564,633,564,650,532,650
181,653,304,656,303,674,181,671
304,657,338,657,338,673,304,673
342,657,362,657,362,674,342,674
364,657,416,661,415,676,363,673
418,659,485,661,485,677,418,675
489,662,513,662,513,678,489,678
312,682,342,682,342,696,312,696
401,685,454,685,454,704,401,704
509,688,532,688,532,705,509,705
532,689,564,689,564,706,532,706
176,708,218,715,215,734,173,728
216,714,240,714,240,730,216,730
177,731,218,737,215,757,175,751
218,735,256,740,254,757,215,751
512,746,534,746,534,764,512,764
534,748,566,748,566,765,534,765
177,758,210,758,210,774,177,774
213,759,263,760,262,776,212,774
264,761,292,761,292,777,264,777
364,768,400,768,400,785,364,785
512,773,534,773,534,790,512,790
533,773,566,773,566,790,533,790
196,792,218,792,218,809,196,809
218,794,246,794,246,809,218,809
248,794,396,801,395,819,247,812
397,802,441,802,441,822,397,822
442,802,562,808,561,827,441,821
320,826,350,826,350,844,320,844
352,829,396,829,396,848,352,848
397,830,429,830,429,848,397,848
230,841,255,844,254,859,229,857
257,845,289,845,289,860,257,860
313,848,333,848,333,862,313,862
336,848,365,848,365,864,336,864
292,849,312,849,312,861,292,861
366,850,396,850,396,866,366,866
398,852,418,852,418,866,398,866
420,854,449,854,449,869,420,869
450,854,498,854,498,870,450,870
