404,238,493,237,493,262,405,264
240,243,394,241,395,267,241,269
464,281,522,281,522,304,464,304
416,284,458,284,458,305,416,305
365,284,408,284,408,308,365,308
261,286,303,284,304,307,262,309
310,286,360,286,360,308,310,308
208,286,261,290,259,311,206,307
40,328,84,328,84,348,40,348
448,376,547,374,548,409,449,412
196,377,272,377,272,414,196,414
369,378,440,378,440,413,369,413
281,381,360,381,360,414,281,414
610,421,644,421,644,445,610,445
523,424,606,422,607,447,524,448
645,425,662,425,662,445,645,445
452,425,492,425,492,454,452,454
393,429,446,429,446,450,393,450
222,429,258,429,258,454,222,454
290,429,346,429,346,453,290,453
115,430,185,436,183,462,113,457
60,433,109,433,109,458,60,458
613,462,648,462,648,486,613,486
540,464,609,464,609,490,540,490
422,469,537,466,537,489,422,492
257,472,319,468,321,494,259,498
323,471,415,468,416,495,324,499
48,474,253,471,253,497,49,500
604,502,645,502,645,529,604,529
640,501,690,501,690,525,640,525
460,504,509,504,509,530,460,530
421,506,464,506,464,533,421,533
273,510,325,510,325,530,273,530
456,550,494,550,494,578,456,578
386,554,450,554,450,580,386,580
364,557,381,557,381,580,364,580
39,564,235,558,236,586,40,592
293,564,358,561,359,585,295,588
240,564,288,564,288,589,240,589
648,590,700,590,700,616,648,616
609,592,652,592,652,621,609,621
463,596,515,594,516,620,464,622
424,596,458,596,458,621,424,621
269,600,324,596,326,621,271,625
201,605,220,605,220,624,201,624
457,614,466,614,466,625,457,625
578,644,618,641,619,667,580,670
404,646,499,649,498,676,403,673
350,649,398,649,398,674,350,674
503,652,574,650,574,670,504,671
242,652,346,652,346,681,242,681
119,656,236,651,238,679,120,684
38,657,120,657,120,684,38,684
649,685,702,682,703,709,650,712
612,686,654,686,654,714,612,714
427,690,518,687,519,718,428,721
273,696,326,696,326,717,273,717
37,751,106,758,102,789,33,781
105,757,141,757,141,784,105,784
660,784,712,784,712,812,660,812
605,786,665,786,665,817,605,817
39,789,107,797,104,829,36,821
108,796,175,801,172,830,106,824
605,835,713,830,714,861,607,866
41,835,99,838,98,864,40,860
102,837,186,837,186,864,102,864
190,837,240,837,240,864,190,864
357,841,418,841,418,868,357,868
78,893,112,893,112,917,78,917
505,898,703,892,704,918,506,925
117,897,162,897,162,918,117,918
166,897,421,900,421,924,166,921
426,900,500,900,500,929,426,929
296,940,344,940,344,960,296,960
349,942,420,936,422,960,351,966
428,940,480,940,480,960,428,960
148,962,188,962,188,984,148,984
193,964,246,964,246,985,193,985
520,964,597,964,597,981,520,981
430,965,461,965,461,985,430,985
466,965,514,965,514,985,466,985
604,966,612,966,612,976,604,976
325,966,373,966,373,986,325,986
252,968,284,968,284,985,252,985
289,968,318,968,318,986,289,986
378,968,426,968,426,988,378,988
