326,441,400,441,400,456,326,456
404,442,448,442,448,456,404,456
309,463,336,465,335,479,308,477
336,464,357,464,357,477,336,477
358,464,382,464,382,477,358,477
385,464,406,464,406,477,385,477
432,465,461,465,461,477,432,477
408,465,430,465,430,477,408,477
230,486,249,486,249,496,230,496
306,512,342,512,342,532,306,532
386,512,421,512,421,532,386,532
424,512,472,512,472,532,424,532
346,513,384,513,384,532,346,532
457,536,497,536,497,549,457,549
497,536,522,536,522,549,497,549
320,537,337,537,337,550,320,550
350,537,376,537,376,550,350,550
397,537,424,537,424,550,397,550
424,537,444,537,444,552,424,552
244,538,268,538,268,552,244,552
269,538,303,540,302,555,268,553
408,556,425,556,425,569,408,569
425,556,445,556,445,569,425,569
448,556,464,556,464,568,448,568
276,557,328,557,328,570,276,570
329,557,352,557,352,570,329,570
352,557,377,557,377,570,352,570
394,557,405,557,405,569,394,569
238,558,276,558,276,572,238,572
378,558,394,558,394,570,378,570
508,573,532,573,532,586,508,586
409,574,426,574,426,588,409,588
428,574,450,574,450,588,428,588
490,574,509,574,509,586,490,586
342,576,366,576,366,588,342,588
421,597,438,597,438,610,421,610
238,600,334,597,334,612,238,614
336,598,366,598,366,612,336,612
366,598,388,598,388,612,366,612
388,600,418,600,418,610,388,610
492,616,509,616,509,629,492,629
509,616,533,616,533,629,509,629
410,617,428,617,428,630,410,630
428,617,452,617,452,630,428,630
342,618,366,618,366,630,342,630
449,637,482,640,481,655,448,652
500,638,518,638,518,652,500,652
425,640,448,640,448,653,425,653
481,640,497,640,497,652,481,652
297,641,334,641,334,656,297,656
336,641,366,641,366,654,336,654
368,640,400,642,399,656,367,654
401,641,425,641,425,653,401,653
238,643,297,641,297,655,238,657
496,657,537,657,537,672,496,672
430,658,454,658,454,673,430,673
412,660,429,660,429,673,412,673
342,661,368,661,368,673,342,673
409,682,432,682,432,697,409,697
434,682,452,682,452,696,434,696
400,685,406,685,406,697,400,697
236,687,298,685,299,699,237,702
300,683,333,687,331,702,298,698
333,685,357,685,357,698,333,698
360,685,397,685,397,697,360,697
416,702,457,702,457,717,416,717
234,706,257,706,257,721,234,721
292,706,312,706,312,721,292,721
258,708,290,708,290,722,258,722
516,721,541,721,541,736,516,736
498,722,516,722,516,737,498,737
414,724,457,724,457,738,414,738
342,726,368,726,368,738,342,738
234,729,257,729,257,742,234,742
258,729,284,729,284,742,258,742
229,755,263,758,262,775,228,772
264,757,284,757,284,772,264,772
521,769,548,769,548,785,521,785
497,770,520,770,520,785,497,785
229,777,264,777,264,796,229,796
264,778,296,778,296,793,264,793
498,798,522,798,522,813,498,813
522,798,548,798,548,812,522,812
229,804,263,806,262,823,228,821
264,805,288,805,288,820,264,820
522,818,548,818,548,833,522,833
497,820,522,820,522,833,497,833
382,822,412,822,412,837,382,837
229,824,258,824,258,840,229,840
304,824,328,824,328,837,304,837
261,825,302,825,302,838,261,838
522,841,546,841,546,856,522,856
497,842,521,842,521,856,497,856
224,848,253,848,253,862,224,862
253,848,272,848,272,862,253,862
272,848,289,848,289,862,272,862
290,848,324,848,324,861,290,861
450,870,514,868,515,882,450,885
512,869,544,869,544,882,512,882
290,874,413,871,413,885,290,888
414,872,449,872,449,886,414,886
246,874,264,874,264,888,246,888
265,874,289,874,289,888,265,888
413,892,440,892,440,905,413,905
352,893,376,893,376,905,352,905
377,893,412,893,412,906,377,906
433,906,456,906,456,917,433,917
457,905,496,905,496,916,457,916
365,908,388,908,388,918,365,918
416,908,432,908,432,917,416,917
392,909,414,909,414,918,392,918
278,910,297,910,297,920,278,920
300,910,326,910,326,920,300,920
329,910,345,910,345,920,329,920
348,910,362,910,362,918,348,918
