326,120,354,120,354,137,326,137
353,120,376,120,376,138,353,138
373,119,410,121,409,139,372,137
407,120,434,118,435,134,408,136
301,121,328,121,328,138,301,138
421,140,457,140,457,156,421,156
394,141,421,141,421,157,394,157
298,142,321,142,321,161,298,161
320,142,354,142,354,160,320,160
353,142,380,142,380,158,353,158
282,144,300,144,300,161,282,161
409,162,438,160,439,175,410,177
324,164,350,164,350,180,324,180
349,164,373,164,373,180,349,180
375,163,411,166,410,181,373,178
142,165,254,165,254,192,142,192
304,165,321,165,321,180,304,180
339,185,425,182,425,200,340,203
318,186,341,186,341,204,318,204
318,222,348,222,348,238,318,238
352,222,389,222,389,237,352,237
285,224,314,224,314,240,285,240
252,225,280,225,280,240,252,240
404,238,430,238,430,254,404,254
429,238,450,238,450,256,429,256
448,238,473,238,473,253,448,253
472,238,498,238,498,253,472,253
329,244,354,244,354,258,329,258
235,246,271,244,272,262,236,264
269,245,305,245,305,260,269,260
313,245,330,245,330,258,313,258
185,248,220,248,220,264,185,264
220,248,237,248,237,262,220,262
142,249,178,249,178,266,142,266
388,259,499,255,500,272,389,276
144,269,180,269,180,286,144,286
185,269,212,269,212,284,185,284
181,273,185,273,185,282,181,282
451,297,503,295,504,311,452,314
330,304,360,299,363,318,332,322
393,301,410,301,410,314,393,314
298,302,328,302,328,320,298,320
178,308,218,310,217,327,178,325
145,310,172,310,172,325,145,325
391,320,435,318,436,334,392,336
325,321,345,321,345,340,325,340
350,322,385,322,385,337,350,337
290,324,321,324,321,341,290,341
224,326,252,326,252,344,224,344
256,326,284,326,284,341,256,341
146,329,184,329,184,346,146,346
188,329,216,329,216,344,188,344
478,338,508,338,508,354,478,354
454,340,474,340,474,356,454,356
334,342,364,342,364,360,334,360
310,345,329,345,329,360,310,360
144,351,258,347,259,363,145,367
363,363,405,360,405,376,364,378
301,364,329,364,329,380,301,380
276,365,296,365,296,381,276,381
337,365,354,365,354,380,337,380
250,368,269,368,269,382,250,382
200,369,245,369,245,384,200,384
147,372,194,370,195,387,148,389
481,380,510,378,511,393,482,395
465,381,477,381,477,394,465,394
337,384,365,384,365,398,337,398
321,388,338,388,338,400,321,400
226,389,261,389,261,404,226,404
147,392,227,388,228,404,148,408
329,404,360,404,360,421,329,421
365,404,393,404,393,421,365,421
253,408,298,408,298,425,253,425
305,408,324,408,324,421,305,421
217,409,245,409,245,428,217,428
174,410,212,410,212,428,174,428
149,412,169,412,169,429,149,429
486,420,514,420,514,434,486,434
469,421,480,421,480,436,469,436
340,425,368,425,368,440,340,440
322,426,334,426,334,441,322,441
148,433,263,429,264,446,149,451
490,461,518,461,518,476,490,476
464,464,490,464,490,478,464,478
300,466,337,466,337,485,300,485
237,470,275,468,276,487,238,489
194,470,233,470,233,490,194,490
282,470,300,470,300,485,282,485
150,473,189,473,189,492,150,492
510,484,520,484,520,496,510,496
265,489,304,489,304,508,265,508
238,490,260,490,260,509,238,509
196,493,234,493,234,512,196,512
152,494,190,494,190,514,152,514
493,502,522,502,522,518,493,518
466,505,494,505,494,520,466,520
248,511,277,509,278,529,249,531
195,515,243,513,244,531,196,533
151,516,190,515,191,534,152,536
489,524,524,524,524,540,489,540
469,526,489,526,489,541,469,541
161,537,200,537,200,556,161,556
205,537,234,537,234,554,205,554
497,545,526,545,526,562,497,562
480,546,492,546,492,561,480,561
162,560,210,560,210,577,162,577
197,578,227,576,229,597,199,599
234,580,264,580,264,597,234,597
154,581,193,581,193,600,154,600
366,594,406,591,407,610,368,613
413,592,458,592,458,609,413,609
332,594,362,594,362,616,332,616
269,597,290,597,290,617,269,617
296,598,326,598,326,614,296,614
225,601,263,599,264,618,226,620
489,633,534,633,534,648,489,648
389,638,408,638,408,653,389,653
272,641,311,643,310,661,271,659
216,645,266,642,267,662,217,664
182,645,212,645,212,665,182,665
157,649,177,649,177,666,157,666
344,660,384,660,384,680,344,680
263,666,337,662,338,680,264,684
201,666,249,666,249,686,201,686
248,669,256,669,256,682,248,682
155,670,195,668,196,687,156,689
510,677,540,677,540,694,510,694
381,682,510,676,511,695,382,701
228,689,277,687,278,706,229,708
157,692,177,692,177,712,157,712
184,692,224,692,224,710,184,710
432,748,472,748,472,769,432,769
341,752,373,752,373,772,341,772
378,752,428,752,428,770,378,770
224,756,253,756,253,777,224,777
258,756,298,756,298,776,258,776
305,756,336,756,336,773,305,773
516,768,547,770,546,788,515,786
425,772,465,772,465,790,425,790
469,773,510,770,511,786,471,789
343,777,401,774,402,793,344,796
406,774,426,774,426,792,406,792
268,782,307,779,309,797,269,800
316,780,337,780,337,797,316,797
198,784,263,781,264,801,198,803
160,788,189,788,189,805,160,805
429,818,460,818,460,837,429,837
466,818,497,818,497,836,466,836
365,821,385,821,385,841,365,841
392,821,424,821,424,840,392,840
308,825,359,822,360,841,309,844
273,825,302,825,302,845,273,845
245,828,266,828,266,846,245,846
208,829,238,829,238,849,208,849
438,843,507,840,508,859,438,861
513,841,545,841,545,857,513,857
355,847,431,843,432,862,356,866
244,853,350,847,351,866,245,871
200,856,237,856,237,873,200,873
161,857,192,857,192,876,161,876
192,858,200,858,200,872,192,872
146,933,209,933,209,957,146,957
212,934,295,936,294,956,211,954
140,959,200,962,199,981,139,978
202,960,241,960,241,978,202,978
