485,76,548,87,544,108,481,97
551,85,583,85,583,104,551,104
581,90,604,90,604,108,581,108
423,97,477,107,473,126,420,116
480,103,526,107,524,127,478,123
530,108,554,108,554,128,530,128
560,109,593,112,592,132,558,129
599,111,664,115,662,137,598,133
409,122,432,122,432,142,409,142
469,127,520,130,519,150,468,147
437,129,462,129,462,145,437,145
526,130,637,139,636,161,525,152
330,136,374,147,369,167,325,157
634,142,670,142,670,163,634,163
378,144,398,144,398,167,378,167
396,145,439,145,439,167,396,167
466,151,500,156,497,175,463,170
505,156,537,156,537,179,505,179
536,156,579,164,575,185,532,176
585,163,636,163,636,184,585,184
334,165,366,165,366,184,334,184
374,166,408,174,404,194,370,187
645,165,699,175,695,195,641,185
412,172,455,172,455,193,412,193
704,176,727,176,727,192,704,192
493,178,537,186,534,204,489,196
462,181,485,181,485,195,462,195
560,186,594,186,594,204,560,204
321,188,345,188,345,208,321,208
544,190,553,190,553,202,544,202
601,187,655,191,654,212,600,209
381,192,415,196,414,216,379,213
661,192,714,197,712,217,660,213
352,195,373,195,373,211,352,211
421,199,444,199,444,216,421,216
448,206,480,206,480,224,448,224
489,203,534,210,531,230,486,224
539,207,574,210,572,230,537,227
578,213,611,213,611,233,578,233
636,218,659,218,659,236,636,236
396,220,428,220,428,240,396,240
669,219,723,224,721,243,667,238
436,222,471,226,469,246,434,243
474,227,498,227,498,247,474,247
506,231,537,231,537,250,506,250
544,236,576,236,576,254,544,254
585,238,618,238,618,257,585,257
627,237,669,247,664,268,622,258
364,243,378,243,378,259,364,259
393,243,429,249,426,268,390,262
433,246,468,255,463,275,428,267
473,254,494,254,494,272,473,272
501,256,526,256,526,275,501,275
534,256,586,265,582,287,530,277
594,263,617,263,617,284,594,284
622,266,647,266,647,286,622,286
653,267,687,272,684,291,650,285
380,269,442,272,440,293,379,290
448,274,651,292,648,316,446,298
366,292,419,297,417,318,364,313
650,297,672,297,672,314,650,314
417,298,448,298,448,320,417,320
455,305,491,307,490,324,454,321
497,306,620,319,618,342,494,328
617,318,659,321,658,340,616,336
659,327,681,327,681,339,659,339
360,343,465,352,463,376,357,367
482,355,565,363,563,386,480,378
297,366,320,366,320,385,297,385
583,364,666,372,664,396,581,389
327,369,361,369,361,393,327,393
368,371,400,371,400,393,368,393
407,378,449,378,449,398,407,398
457,380,493,385,490,405,454,399
498,384,531,387,529,408,496,405
537,389,583,389,583,412,537,412
589,392,644,402,640,423,586,413
647,403,691,403,691,425,647,425
292,415,345,426,341,447,288,436
350,423,375,423,375,446,350,446
430,431,483,435,481,460,428,455
491,436,598,445,596,469,489,460
287,440,333,447,330,468,284,461
612,448,677,453,675,475,610,470
338,449,391,454,389,473,336,469
398,454,443,458,440,479,396,475
674,455,699,455,699,478,674,478
449,458,504,470,500,491,444,479
510,465,564,475,561,496,506,486
569,473,592,473,592,492,569,492
599,476,633,476,633,499,599,499
639,477,696,480,695,504,637,501
281,493,429,508,426,534,279,518
432,512,455,512,455,533,432,533
462,515,485,515,485,537,462,537
490,521,526,521,526,542,490,542
279,520,345,526,342,550,277,544
531,522,554,522,554,547,531,547
439,540,464,540,464,562,439,562
469,542,510,542,510,567,469,567
508,547,533,547,533,569,508,569
460,553,467,553,467,563,460,563
590,554,620,554,620,579,590,579
345,554,400,561,398,582,343,576
620,558,656,558,656,581,620,581
661,562,688,562,688,583,661,583
414,565,441,565,441,586,414,586
269,598,314,609,309,630,265,619
318,611,341,611,341,627,318,627
350,611,393,611,393,633,350,633
400,615,455,620,453,641,398,636
461,620,514,629,511,650,458,641
316,633,360,641,356,663,312,655
583,636,649,636,649,663,583,663
643,642,677,642,677,663,643,663
366,643,389,643,389,659,366,659
395,641,452,651,448,672,392,662
456,647,509,658,505,679,452,668
257,678,323,692,319,713,253,700
329,688,373,694,371,714,326,709
381,693,436,699,433,721,378,714
441,700,494,709,492,728,438,720
254,709,297,709,297,731,254,731
302,716,336,716,336,736,302,736
558,740,603,744,601,772,556,768
599,747,636,747,636,770,599,770
642,750,666,750,666,773,642,773
246,761,292,768,289,789,243,781
297,767,341,772,339,793,295,788
349,772,383,777,380,798,346,792
557,791,601,805,594,827,550,813
595,802,638,802,638,825,595,825
636,807,661,807,661,830,636,830
238,816,274,822,270,843,235,837
279,827,313,827,313,846,279,846
320,825,366,831,363,853,318,847
371,832,417,832,417,857,371,857
433,839,466,839,466,860,433,860
235,844,292,848,291,874,233,870
295,853,332,853,332,876,295,876
567,855,658,858,657,886,566,883
336,855,396,861,394,886,334,880
398,862,448,866,446,890,396,886
454,867,502,875,498,900,450,892
250,876,275,876,275,899,250,899
505,875,572,881,570,908,503,902
281,883,305,883,305,899,281,899
247,903,272,903,272,924,247,924
279,905,323,911,321,933,277,927
244,929,290,933,287,956,241,951
296,935,332,941,328,962,292,956
336,945,390,950,389,971,334,966
240,957,286,962,284,985,237,979
291,969,316,969,316,987,291,987
324,968,370,977,366,999,320,990
376,973,434,986,429,1008,371,996
437,983,473,983,473,1006,437,1006
480,988,524,995,521,1015,477,1008
221,1040,267,1048,264,1069,217,1061
273,1045,329,1059,324,1081,267,1067
334,1061,368,1061,368,1079,334,1079
375,1067,398,1067,398,1084,375,1084
409,1063,447,1076,439,1099,401,1086
247,1070,294,1082,288,1105,241,1092
448,1070,509,1078,506,1103,445,1095
298,1081,330,1081,330,1102,298,1102
512,1083,537,1083,537,1104,512,1104
340,1083,375,1089,371,1111,336,1105
542,1086,579,1086,579,1108,542,1108
371,1092,407,1092,407,1116,371,1116
587,1093,622,1097,620,1116,584,1111
402,1096,446,1099,444,1119,401,1116
454,1100,491,1105,488,1127,451,1121
496,1110,535,1113,533,1137,494,1134
540,1113,576,1113,576,1138,540,1138
197,1125,222,1125,222,1145,197,1145
229,1126,264,1129,262,1151,227,1148
270,1131,414,1148,411,1174,267,1156
418,1150,479,1160,475,1185,414,1175
480,1162,539,1166,536,1191,478,1186
566,1172,624,1177,621,1203,563,1198
