462,232,489,232,489,253,462,253
489,234,498,234,498,250,489,250
432,236,462,236,462,254,432,254
406,237,432,237,432,256,406,256
378,238,396,238,396,257,378,257
396,240,402,240,402,254,396,254
350,240,378,240,378,258,350,258
322,241,350,241,350,260,322,260
436,260,464,260,464,278,436,278
464,261,472,261,472,276,464,276
405,261,436,261,436,280,405,280
381,262,406,262,406,281,381,281
350,264,369,264,369,282,350,282
369,265,377,265,377,280,369,280
473,280,501,280,501,300,473,300
446,284,474,284,474,301,446,301
398,285,416,285,416,304,398,304
418,285,446,285,446,304,418,304
368,286,397,286,397,305,368,305
338,288,368,288,368,306,338,306
173,290,289,290,289,321,173,321
436,308,470,308,470,326,436,326
358,311,435,308,436,327,358,330
384,350,424,350,424,369,384,369
350,352,380,352,380,370,350,370
322,354,345,354,345,372,322,372
288,356,317,356,317,373,288,373
446,370,538,366,539,385,446,389
351,377,395,375,396,390,352,392
298,377,345,377,345,396,298,396
216,380,301,377,301,396,217,399
174,382,212,382,212,401,174,401
431,393,549,387,549,406,432,411
212,402,246,402,246,418,212,418
176,404,213,404,213,422,176,422
485,433,542,431,543,450,486,453
360,442,390,437,393,456,363,461
424,440,442,440,442,454,424,454
336,442,357,442,357,460,336,460
212,445,252,447,251,465,211,463
177,448,206,448,206,466,177,466
486,457,533,455,533,473,486,475
450,457,481,457,481,477,450,477
397,460,445,460,445,478,397,478
345,461,393,461,393,481,345,481
301,465,321,465,321,482,301,482
320,465,338,465,338,482,320,482
266,466,294,466,294,484,266,484
178,469,206,469,206,488,178,488
214,469,242,469,242,486,214,486
249,469,269,469,269,485,249,485
522,477,553,477,553,494,522,494
488,478,518,478,518,496,488,496
445,484,453,484,453,496,445,496
373,484,402,484,402,501,373,501
346,486,368,486,368,501,346,501
178,492,297,487,297,505,178,510
525,521,556,521,556,538,525,538
490,522,520,522,520,540,490,540
332,528,370,528,370,546,332,546
269,529,308,529,308,549,269,549
314,530,332,530,332,545,314,545
225,532,264,532,264,550,225,550
181,533,220,533,220,553,181,553
537,545,546,545,546,558,537,558
287,551,326,549,327,569,288,571
269,552,281,552,281,570,269,570
226,553,265,553,265,573,226,573
181,556,220,556,220,574,181,574
492,566,557,564,557,580,493,583
281,572,309,572,309,592,281,592
226,576,274,576,274,594,226,594
182,577,221,577,221,597,182,597
494,588,524,588,524,605,494,605
528,588,558,588,558,605,528,605
192,598,230,598,230,618,192,618
236,598,265,598,265,617,236,617
228,620,256,617,258,638,229,640
264,620,294,620,294,638,264,638
182,621,222,621,222,641,182,641
441,633,488,633,488,652,441,652
396,636,435,634,437,653,397,655
361,637,392,637,392,658,361,658
298,640,320,640,320,658,298,658
325,640,356,640,356,657,325,657
255,642,293,640,294,659,256,661
453,702,493,702,493,722,453,722
364,705,394,705,394,724,364,724
400,705,449,705,449,724,400,724
248,708,277,708,277,729,248,729
284,708,322,708,322,728,284,728
328,708,358,708,358,726,328,726
537,724,566,724,566,742,537,742
446,725,486,725,486,744,446,744
491,726,530,724,531,741,492,743
365,730,422,727,423,746,366,748
428,728,448,728,448,745,428,745
292,732,312,732,312,749,292,749
312,732,330,732,330,749,312,749
337,732,358,732,358,749,337,749
222,736,287,733,288,751,222,754
186,737,214,737,214,754,186,754
449,770,480,770,480,789,449,789
485,770,516,770,516,788,485,788
385,773,406,773,406,792,385,792
412,773,444,773,444,792,412,792
330,774,381,774,381,794,330,794
268,777,289,777,289,797,268,797
294,777,325,777,325,796,294,796
232,778,262,778,262,797,232,797
457,795,525,791,526,809,458,813
530,792,560,792,560,806,530,806
377,796,424,796,424,814,377,814
422,796,449,796,449,812,422,812
267,802,370,797,371,816,268,821
186,804,224,804,224,820,186,820
224,804,260,804,260,818,224,818
