514,202,561,202,561,224,514,224
454,207,498,202,500,224,456,229
398,210,452,205,454,227,400,232
362,214,396,214,396,233,362,233
286,216,314,216,314,237,286,237
316,218,359,215,361,234,317,237
237,221,285,221,285,240,237,240
374,237,416,233,418,254,376,258
538,258,570,258,570,272,538,272
508,260,536,260,536,276,508,276
461,261,504,261,504,276,461,276
422,264,446,264,446,281,422,281
386,268,418,268,418,280,386,280
330,269,384,269,384,285,330,285
289,270,312,270,312,284,289,284
228,272,253,272,253,286,228,286
257,272,288,272,288,285,257,285
425,284,460,284,460,298,425,298
336,288,362,288,362,302,336,302
376,288,422,288,422,302,376,302
384,305,469,302,469,317,385,320
327,308,382,306,383,321,328,323
450,328,501,327,501,346,450,348
384,333,447,331,448,348,385,350
300,334,338,334,338,353,300,353
341,334,382,334,382,352,341,352
414,360,438,360,438,376,414,376
362,364,411,362,412,377,362,378
368,390,453,388,453,402,369,405
345,392,366,392,366,405,345,405
284,418,312,418,312,432,284,432
266,420,282,420,282,430,266,430
216,421,233,421,233,433,216,433
234,421,261,421,261,433,234,433
384,442,416,442,416,452,384,452
320,443,355,441,356,454,321,456
357,444,374,444,374,453,357,453
258,445,321,443,321,455,258,457
218,446,253,446,253,460,218,460
334,467,368,469,367,481,334,479
242,470,278,470,278,485,242,485
282,470,304,470,304,481,282,481
304,470,334,470,334,482,304,482
217,472,242,472,242,484,217,484
484,493,498,493,498,505,484,505
540,500,557,500,557,513,540,513
424,502,445,502,445,516,424,516
370,504,386,504,386,518,370,518
274,506,300,506,300,521,274,521
301,508,333,508,333,520,301,520
480,510,504,510,504,525,480,525
538,540,557,540,557,554,538,554
558,540,585,540,585,554,558,554
426,542,444,542,444,557,426,557
445,542,474,542,474,556,445,556
278,549,313,549,313,562,278,562
314,549,344,549,344,561,314,561
250,549,278,552,277,564,249,562
316,574,344,574,344,588,316,588
280,576,313,576,313,589,280,589
250,576,278,578,277,591,249,589
541,586,560,586,560,600,541,600
561,586,588,586,588,600,561,600
446,588,476,588,476,602,446,602
428,589,445,589,445,602,428,602
288,592,335,594,334,609,287,607
266,594,285,594,285,608,266,608
250,596,268,596,268,608,250,608
252,613,280,613,280,628,252,628
316,634,345,634,345,649,316,649
280,636,314,636,314,649,280,649
250,637,277,637,277,650,250,650
545,648,565,648,565,664,545,664
449,649,478,649,478,664,449,664
565,649,590,649,590,662,565,662
430,650,448,650,448,665,430,665
250,656,285,656,285,669,250,669
288,657,333,657,333,670,288,670
251,672,295,676,294,692,249,689
516,705,598,705,598,734,516,734
275,713,333,711,333,732,276,735
336,712,381,712,381,730,336,730
225,713,273,713,273,737,225,737
566,738,600,738,600,753,566,753
546,740,565,740,565,754,546,754
256,746,282,746,282,760,256,760
581,773,602,773,602,794,581,794
278,776,326,776,326,793,278,793
225,776,254,779,252,799,224,796
253,777,277,777,277,797,253,797
338,820,374,820,374,836,338,836
461,820,489,820,489,834,461,834
377,820,423,824,422,839,376,836
425,821,458,821,458,834,425,834
508,872,545,872,545,886,508,886
301,874,361,874,361,889,301,889
374,874,404,874,404,889,374,889
432,875,476,872,477,886,433,889
478,874,505,874,505,888,478,888
405,876,432,876,432,888,405,888
