334,553,365,553,365,566,334,566
368,552,408,554,407,568,367,566
406,554,439,552,440,566,406,568
441,553,481,553,481,568,441,568
314,572,346,575,345,588,313,586
264,574,292,574,292,588,264,588
292,574,314,574,314,586,292,586
348,574,364,574,364,586,348,586
365,574,386,574,386,586,365,586
388,574,408,574,408,588,388,588
410,574,446,574,446,589,410,589
448,573,470,576,468,588,446,586
469,574,498,574,498,588,469,588
500,576,534,576,534,588,500,588
536,576,558,576,558,589,536,589
408,593,481,593,481,608,408,608
334,594,402,594,402,606,334,606
341,641,370,641,370,656,341,656
405,641,433,641,433,657,405,657
434,642,476,642,476,657,434,657
373,644,404,644,404,656,373,656
278,670,338,670,338,685,278,685
462,672,497,672,497,685,462,685
497,672,533,672,533,685,497,685
530,672,560,672,560,685,530,685
258,673,278,673,278,685,258,685
376,723,403,725,402,739,375,737
404,724,424,724,424,741,404,741
534,724,561,724,561,740,534,740
492,726,534,726,534,740,492,740
257,728,276,728,276,741,257,741
294,749,334,749,334,768,294,768
398,749,436,749,436,769,398,769
255,752,294,750,295,767,256,769
334,750,360,750,360,765,334,765
361,750,397,750,397,765,361,765
374,774,394,774,394,789,374,789
396,774,425,774,425,790,396,790
514,776,534,776,534,793,514,793
534,776,564,776,564,793,534,793
294,804,324,804,324,821,294,821
324,803,362,807,360,825,322,820
254,805,294,805,294,824,254,824
514,806,565,806,565,825,514,825
310,842,340,842,340,857,310,857
358,845,385,843,386,858,360,860
385,844,428,844,428,858,385,858
341,846,360,846,360,857,341,857
430,846,457,846,457,861,430,861
458,846,485,846,485,865,458,865
484,846,509,846,509,861,484,861
