240,130,254,130,254,140,240,140
264,133,276,133,276,144,264,144
198,134,214,134,214,145,198,145
277,134,288,134,288,145,277,145
288,137,318,137,318,146,288,146
332,137,349,137,349,148,332,148
350,137,373,137,373,146,350,146
219,135,241,140,239,152,216,147
240,142,252,142,252,152,240,152
273,146,297,146,297,158,273,158
199,149,225,153,223,164,197,160
297,150,342,150,342,160,297,160
245,159,274,162,273,172,244,168
198,164,212,164,212,174,198,174
213,165,263,172,262,183,212,176
276,176,293,176,293,185,276,185
294,177,350,177,350,186,294,186
241,185,266,185,266,194,241,194
266,188,280,188,280,196,266,196
292,189,337,190,337,199,291,197
205,209,220,209,220,217,205,217
220,210,233,210,233,220,220,220
234,212,246,212,246,221,234,221
189,218,202,218,202,228,189,228
318,218,337,218,337,226,318,226
205,220,227,222,226,232,204,230
226,224,245,224,245,234,226,234
246,225,258,225,258,236,246,236
304,230,316,230,316,240,304,240
318,230,337,230,337,240,318,240
382,230,406,230,406,238,382,238
189,232,205,232,205,242,189,242
206,236,220,236,220,245,206,245
220,236,233,236,233,245,220,245
305,244,317,244,317,252,305,252
318,244,337,244,337,252,318,252
382,244,406,244,406,252,382,252
189,246,211,248,210,257,188,255
210,248,231,250,230,260,209,258
232,252,244,252,244,261,232,261
317,256,337,256,337,266,317,266
384,257,408,257,408,266,384,266
188,258,209,258,209,272,188,272
209,264,228,264,228,273,209,273
229,265,248,265,248,274,229,274
305,270,317,270,317,280,305,280
318,270,337,270,337,280,318,280
370,270,382,270,382,280,370,280
384,270,408,270,408,280,384,280
189,272,216,277,214,287,187,282
214,276,234,276,234,288,214,288
236,280,249,280,249,289,236,289
305,284,317,284,317,292,305,292
318,284,337,284,337,292,318,292
384,284,408,284,408,293,384,293
185,286,200,286,200,297,185,297
201,290,209,290,209,298,201,298
209,290,222,290,222,300,209,300
317,294,337,294,337,306,317,306
383,297,409,295,409,306,384,307
304,296,317,296,317,305,304,305
369,296,382,296,382,306,369,306
185,299,211,301,210,313,184,311
210,302,224,302,224,314,210,314
317,308,337,308,337,320,317,320
384,308,409,308,409,320,384,320
186,316,206,316,206,326,186,326
206,318,225,318,225,329,206,329
226,318,240,318,240,330,226,330
317,322,337,322,337,333,317,333
385,324,409,324,409,333,385,333
184,329,198,329,198,340,184,340
201,333,220,333,220,342,201,342
220,334,238,334,238,344,220,344
240,336,253,336,253,345,240,345
317,336,337,336,337,346,317,346
385,337,410,337,410,346,385,346
184,342,198,342,198,354,184,354
198,345,214,345,214,356,198,356
213,345,228,345,228,357,213,357
385,349,410,349,410,360,385,360
317,349,337,349,337,361,317,361
310,352,317,352,317,360,310,360
377,352,384,352,384,360,377,360
184,360,198,360,198,369,184,369
200,361,220,361,220,370,200,370
222,362,240,362,240,372,222,372
248,362,254,362,254,372,248,372
317,362,337,362,337,374,317,374
384,362,410,362,410,374,384,374
310,365,317,365,317,374,310,374
377,366,384,366,384,374,377,374
182,372,197,372,197,384,182,384
198,372,225,374,223,387,197,384
225,377,244,377,244,385,225,385
304,377,317,377,317,388,304,388
318,377,337,377,337,389,318,389
385,377,412,377,412,389,385,389
372,380,384,380,384,389,372,389
182,386,201,386,201,398,182,398
202,390,226,390,226,400,202,400
226,390,258,390,258,401,226,401
310,393,317,393,317,401,310,401
317,392,337,392,337,402,317,402
386,393,412,393,412,402,386,402
378,394,385,394,385,402,378,402
181,400,210,404,209,416,180,412
209,404,236,404,236,416,209,416
237,405,250,405,250,414,237,414
305,406,317,406,317,417,305,417
317,405,337,405,337,417,317,417
385,405,412,405,412,417,385,417
372,406,385,406,385,417,372,417
182,417,204,417,204,428,182,428
205,418,225,418,225,429,205,429
226,418,240,418,240,429,226,429
385,418,412,418,412,430,385,430
318,421,338,421,338,430,318,430
305,422,316,422,316,430,305,430
373,422,384,422,384,430,373,430
180,430,202,430,202,442,180,442
202,433,217,433,217,442,202,442
216,432,232,432,232,444,216,444
385,433,413,433,413,445,385,445
305,436,317,436,317,445,305,445
317,434,338,434,338,445,317,445
373,436,386,436,386,445,373,445
180,445,198,445,198,457,180,457
200,448,206,448,206,457,200,457
206,446,221,446,221,457,206,457
386,448,413,448,413,460,386,460
320,450,338,450,338,460,320,460
373,450,386,450,386,460,373,460
305,452,317,452,317,460,305,460
180,460,196,460,196,472,180,472
194,460,210,460,210,472,194,472
210,464,242,464,242,474,210,474
386,462,413,462,413,474,386,474
282,465,294,465,294,474,282,474
305,465,317,465,317,474,305,474
318,464,338,464,338,474,318,474
366,464,386,464,386,476,366,476
180,476,194,476,194,486,180,486
196,476,212,476,212,488,196,488
214,477,228,477,228,488,214,488
318,478,338,478,338,490,318,490
388,478,414,478,414,489,388,489
374,481,385,481,385,489,374,489
178,489,198,489,198,501,178,501
214,490,234,490,234,502,214,502
236,490,264,492,263,504,235,502
197,492,214,492,214,504,197,504
318,493,338,493,338,505,318,505
388,493,414,493,414,505,388,505
310,496,317,496,317,504,310,504
373,494,385,494,385,505,373,505
178,505,197,505,197,517,178,517
198,508,214,508,214,517,198,517
214,508,233,508,233,518,214,518
234,508,258,508,258,518,234,518
304,509,317,509,317,520,304,520
318,508,338,508,338,520,318,520
388,508,414,508,414,520,388,520
374,510,388,510,388,520,374,520
178,521,200,521,200,533,178,533
200,521,213,521,213,533,200,533
216,522,226,522,226,533,216,533
302,524,317,524,317,536,302,536
318,524,338,524,338,536,318,536
373,524,388,524,388,536,373,536
388,524,416,524,416,536,388,536
177,536,210,536,210,548,177,548
212,538,228,538,228,548,212,548
229,538,256,538,256,549,229,549
304,540,317,540,317,550,304,550
318,538,338,538,338,550,318,550
388,538,416,538,416,550,388,550
374,541,388,541,388,550,374,550
176,550,198,550,198,564,176,564
198,552,224,552,224,564,198,564
225,553,240,553,240,564,225,564
318,553,338,553,338,565,318,565
310,556,317,556,317,565,310,565
381,556,388,556,388,566,381,566
389,554,416,554,416,566,389,566
177,568,205,568,205,578,177,578
206,569,220,569,220,578,206,578
221,570,252,570,252,580,221,580
304,570,317,570,317,581,304,581
318,569,338,569,338,581,318,581
374,570,388,570,388,582,374,582
389,570,416,570,416,582,389,582
176,582,201,582,201,596,176,596
201,584,228,584,228,597,201,597
229,586,256,587,255,597,228,595
304,586,317,586,317,597,304,597
318,585,338,585,338,597,318,597
374,586,389,586,389,598,374,598
389,586,417,586,417,598,389,598
174,598,200,598,200,612,174,612
200,600,228,600,228,612,200,612
228,600,260,600,260,612,228,612
310,602,317,602,317,613,310,613
317,601,338,601,338,613,317,613
373,602,389,602,389,614,373,614
389,602,417,602,417,614,389,614
173,614,201,614,201,626,173,626
201,617,217,617,217,628,201,628
217,616,236,616,236,628,217,628
237,616,252,616,252,628,237,628
317,617,338,617,338,629,317,629
310,620,317,620,317,628,310,628
390,618,417,618,417,630,390,630
173,630,193,630,193,642,173,642
193,632,212,634,211,644,192,642
213,632,244,632,244,644,213,644
318,633,338,633,338,645,318,645
310,636,317,636,317,645,310,645
382,636,389,636,389,646,382,646
390,634,418,634,418,648,390,648
172,648,185,648,185,660,172,660
184,648,204,648,204,660,184,660
204,648,230,648,230,661,204,661
302,650,317,650,317,662,302,662
317,650,338,650,338,662,317,662
390,650,418,650,418,664,390,664
376,652,390,652,390,664,376,664
171,660,200,664,198,679,169,675
200,665,226,665,226,678,200,678
277,666,293,666,293,678,277,678
364,668,386,668,386,681,364,681
388,668,417,668,417,681,388,681
169,682,200,682,200,696,169,696
198,682,225,682,225,696,198,696
226,684,248,684,248,696,226,696
248,684,279,686,278,699,247,697
402,688,418,688,418,700,402,700
168,699,199,703,196,718,166,714
197,702,213,702,213,716,197,716
213,702,242,702,242,716,213,716
244,704,269,704,269,716,244,716
365,705,386,705,386,718,365,718
388,705,418,705,418,718,388,718
229,724,264,724,264,741,229,741
202,725,228,725,228,740,202,740
317,725,364,725,364,741,317,741
264,726,286,726,286,740,264,740
288,726,314,726,314,740,288,740
