351,293,387,291,388,311,352,313
158,294,196,294,196,313,158,313
306,294,350,294,350,314,306,314
200,296,250,296,250,314,200,314
249,298,305,298,305,314,249,314
104,317,130,317,130,334,104,334
138,317,170,317,170,336,138,336
341,317,374,317,374,336,341,336
172,316,225,322,223,339,170,334
300,318,340,318,340,337,300,337
228,320,264,320,264,338,228,338
265,321,300,321,300,337,265,337
105,342,147,344,146,362,104,359
148,345,178,345,178,361,148,361
180,345,205,348,203,363,178,360
206,348,248,348,248,364,206,364
104,366,128,366,128,384,104,384
129,366,223,369,222,387,128,385
262,369,353,369,353,386,262,386
233,370,262,372,261,387,232,385
104,389,138,389,138,406,104,406
174,392,197,392,197,412,174,412
196,392,218,392,218,409,196,409
218,392,238,392,238,406,218,406
249,392,330,392,330,409,249,409
140,393,172,393,172,408,140,408
414,412,442,412,442,428,414,428
362,413,413,413,413,428,362,428
102,414,132,414,132,429,102,429
133,413,171,419,168,434,131,428
242,416,262,416,262,430,242,430
282,416,308,416,308,430,282,430
333,416,354,416,354,429,333,429
374,438,404,438,404,456,374,456
405,438,444,438,444,454,405,454
94,439,138,443,137,460,93,456
137,441,158,441,158,457,137,457
160,441,189,441,189,457,160,457
272,441,301,441,301,457,272,457
302,441,332,441,332,457,302,457
346,441,357,441,357,454,346,454
190,442,224,442,224,457,190,457
401,461,442,461,442,478,401,478
93,460,134,464,133,483,91,479
368,462,401,462,401,480,368,480
135,462,174,466,172,483,133,479
421,486,442,486,442,501,421,501
93,489,136,489,136,506,93,506
134,489,173,489,173,505,134,505
174,490,204,490,204,505,174,505
206,489,244,491,243,507,205,505
402,512,445,512,445,530,402,530
364,513,400,513,400,529,364,529
93,512,136,516,134,536,91,533
134,516,154,516,154,532,134,532
200,516,238,516,238,532,200,532
157,517,197,517,197,532,157,532
181,543,227,541,228,565,182,567
304,542,377,542,377,564,304,564
263,545,301,543,302,563,264,566
230,546,261,546,261,565,230,565
142,548,180,548,180,566,142,566
