298,141,326,141,326,154,298,154
328,141,410,141,410,156,328,156
410,141,445,141,445,156,410,156
445,141,473,141,473,156,445,156
257,158,277,158,277,172,257,172
282,158,306,158,306,172,282,172
308,156,349,162,347,176,306,171
437,158,462,158,462,173,437,173
378,160,435,160,435,173,378,173
349,161,377,161,377,173,349,173
256,177,286,177,286,189,256,189
289,181,312,181,312,192,289,192
313,180,333,180,333,192,313,192
332,181,361,181,361,193,332,193
256,194,273,194,273,206,256,206
274,194,304,194,304,208,274,208
318,198,337,198,337,208,318,208
390,198,445,198,445,212,390,212
256,212,281,212,281,225,256,225
284,216,306,216,306,226,284,226
309,216,324,216,324,225,309,225
341,216,356,216,356,225,341,225
325,217,341,217,341,225,325,225
256,230,277,230,277,242,256,242
276,230,305,233,303,246,274,243
248,250,270,250,270,262,248,262
273,252,281,252,281,262,273,262
394,254,401,254,401,264,394,264
402,253,425,253,425,265,402,265
481,252,511,254,510,267,480,265
465,254,480,254,480,265,465,265
248,268,273,268,273,281,248,281
276,270,282,270,282,281,276,281
402,269,425,269,425,284,402,284
386,270,402,270,402,282,386,282
464,270,480,270,480,284,464,284
481,270,510,270,510,284,481,284
246,285,272,285,272,298,246,298
272,285,288,285,288,298,272,298
290,288,297,288,297,298,290,298
402,288,425,288,425,301,402,301
480,288,510,288,510,302,480,302
386,289,401,289,401,301,386,301
464,289,480,289,480,302,464,302
246,302,268,302,268,317,246,317
278,305,285,305,285,317,278,317
268,306,276,306,276,316,268,316
480,305,509,305,509,320,480,320
402,306,424,306,424,318,402,318
464,306,478,306,478,320,464,320
394,309,401,309,401,318,394,318
248,319,279,322,278,336,246,333
278,322,308,322,308,336,278,336
310,324,317,324,317,334,310,334
393,325,401,325,401,336,393,336
401,324,424,324,424,337,401,337
462,324,478,324,478,337,462,337
480,324,509,324,509,337,480,337
248,337,266,337,266,350,248,350
268,340,296,340,296,352,268,352
298,341,306,341,306,352,298,352
306,341,322,341,322,352,306,352
322,341,352,341,352,353,322,353
385,341,401,341,401,353,385,353
401,341,424,341,424,354,401,354
478,341,509,341,509,354,478,354
462,342,478,342,478,354,462,354
246,356,265,356,265,369,246,369
266,357,288,357,288,369,266,369
289,357,322,357,322,370,289,370
324,357,342,357,342,370,324,370
384,358,398,358,398,372,384,372
401,358,424,358,424,372,401,372
478,358,508,358,508,373,478,373
462,360,477,360,477,373,462,373
246,373,270,373,270,386,246,386
272,374,296,374,296,388,272,388
296,374,313,374,313,388,296,388
313,374,330,374,330,388,313,388
401,376,422,376,422,389,401,389
384,377,400,377,400,389,384,389
461,377,477,377,477,390,461,390
478,377,508,377,508,390,478,390
248,390,270,390,270,404,248,404
272,392,288,392,288,404,272,404
288,392,305,392,305,404,288,404
314,393,332,393,332,405,314,405
384,394,400,394,400,406,384,406
401,394,422,394,422,406,401,406
461,394,477,394,477,408,461,408
477,394,506,394,506,408,477,408
246,408,262,408,262,420,246,420
264,409,292,409,292,421,264,421
293,409,310,409,310,421,293,421
384,412,398,412,398,424,384,424
400,412,422,412,422,424,400,424
477,412,506,412,506,425,477,425
461,413,477,413,477,425,461,425
246,425,262,425,262,437,246,437
264,425,294,425,294,438,264,438
294,426,313,426,313,438,294,438
400,428,422,428,422,441,400,441
384,429,398,429,398,441,384,441
477,429,506,429,506,442,477,442
460,430,476,430,476,441,460,441
245,442,266,442,266,456,245,456
266,445,273,445,273,454,266,454
276,445,282,445,282,456,276,456
400,445,421,445,421,458,400,458
392,448,398,448,398,458,392,458
476,446,505,446,505,460,476,460
468,449,476,449,476,460,468,460
245,460,269,460,269,472,245,472
270,461,294,461,294,473,270,473
296,461,314,461,314,474,296,474
322,462,340,462,340,474,322,474
400,462,421,462,421,476,400,476
385,465,397,465,397,474,385,474
460,464,476,464,476,477,460,477
476,464,505,464,505,477,476,477
245,477,269,477,269,489,245,489
270,478,294,478,294,490,270,490
296,478,313,478,313,490,296,490
322,478,340,478,340,490,322,490
398,480,421,480,421,493,398,493
390,482,397,482,397,492,390,492
458,481,474,481,474,493,458,493
476,481,505,481,505,494,476,494
248,494,272,494,272,506,248,506
272,494,294,494,294,508,272,508
297,497,304,497,304,508,297,508
398,497,420,497,420,510,398,510
460,498,474,498,474,512,460,512
476,498,505,498,505,512,476,512
245,510,273,510,273,524,245,524
274,512,292,512,292,525,274,525
398,514,420,514,420,528,398,528
390,517,397,517,397,526,390,526
466,517,476,517,476,529,466,529
474,516,505,516,505,529,474,529
245,529,269,529,269,542,245,542
269,530,290,530,290,542,269,542
292,530,309,530,309,542,292,542
398,532,420,532,420,544,398,544
389,534,397,534,397,544,389,544
458,533,474,533,474,546,458,546
474,533,504,533,504,546,474,546
244,545,273,545,273,558,244,558
274,546,292,546,292,560,274,560
389,550,396,550,396,561,389,561
397,549,420,549,420,562,397,562
474,550,504,550,504,564,474,564
466,553,473,553,473,564,466,564
244,564,269,564,269,577,244,577
269,564,290,564,290,576,269,576
290,564,309,564,309,577,290,577
389,568,396,568,396,578,389,578
397,566,418,566,418,578,397,578
458,568,473,568,473,580,458,580
474,568,504,568,504,581,474,581
244,580,268,580,268,594,244,594
268,581,288,581,288,593,268,593
288,581,306,581,306,594,288,594
305,581,328,581,328,594,305,594
397,582,418,582,418,596,397,596
381,584,396,584,396,596,381,596
458,585,473,585,473,598,458,598
473,585,504,585,504,598,473,598
244,597,260,597,260,610,244,610
260,597,276,597,276,610,260,610
274,600,312,600,312,613,274,613
381,601,394,601,394,613,381,613
397,601,418,601,418,614,397,614
473,602,504,602,504,617,473,617
457,604,472,604,472,616,457,616
242,613,260,613,260,626,242,626
260,614,276,614,276,628,260,628
274,615,311,618,310,631,274,628
380,618,396,618,396,630,380,630
396,618,418,618,418,630,396,630
450,620,473,620,473,633,450,633
473,620,504,620,504,634,473,634
242,632,262,632,262,645,242,645
262,632,294,632,294,645,262,645
294,633,331,635,330,648,294,646
381,637,394,637,394,648,381,648
396,636,418,636,418,649,396,649
457,638,473,638,473,650,457,650
473,638,502,638,502,652,473,652
241,648,272,650,271,664,240,662
273,650,301,650,301,665,273,665
302,652,317,652,317,662,302,662
396,653,417,653,417,666,396,666
457,656,472,656,472,668,457,668
473,656,504,656,504,670,473,670
241,666,278,666,278,681,241,681
278,669,293,669,293,681,278,681
394,672,417,672,417,685,394,685
465,676,472,676,472,685,465,685
473,674,502,674,502,688,473,688
240,685,257,685,257,698,240,698
256,686,272,686,272,698,256,698
394,689,417,689,417,702,394,702
378,690,393,690,393,702,378,702
456,692,472,692,472,705,456,705
473,692,502,692,502,706,473,706
239,699,272,705,270,719,236,714
270,704,293,704,293,717,270,717
296,706,309,706,309,717,296,717
378,709,393,709,393,720,378,720
394,708,416,708,416,720,394,720
456,709,472,709,472,721,456,721
473,709,502,709,502,724,473,724
238,720,264,720,264,733,238,733
385,726,393,726,393,737,385,737
393,725,416,725,416,738,393,738
456,726,472,726,472,740,456,740
472,726,502,726,502,741,472,741
237,738,257,738,257,752,237,752
258,740,273,740,273,752,258,752
377,741,393,741,393,754,377,754
393,741,416,741,416,756,393,756
456,744,472,744,472,757,456,757
472,745,501,745,501,758,472,758
237,756,264,758,263,771,236,769
264,758,286,758,286,772,264,772
286,758,301,758,301,770,286,770
385,761,392,761,392,772,385,772
393,760,416,760,416,773,393,773
472,762,501,762,501,777,472,777
464,765,470,765,470,776,464,776
236,776,260,776,260,788,236,788
262,778,276,778,276,788,262,788
384,780,389,780,389,789,384,789
393,778,414,778,414,792,393,792
454,781,470,781,470,793,454,793
470,781,501,781,501,796,470,796
236,793,256,793,256,805,236,805
256,794,264,794,264,805,256,805
265,796,280,796,280,805,265,805
392,796,414,796,414,809,392,809
454,798,469,798,469,810,454,810
470,798,500,798,500,813,470,813
236,809,261,809,261,824,236,824
282,810,308,810,308,822,282,822
261,813,282,813,282,824,261,824
392,813,414,813,414,826,392,826
384,816,390,816,390,825,384,825
462,818,469,818,469,829,462,829
470,817,500,817,500,830,470,830
234,828,282,828,282,841,234,841
282,828,306,828,306,840,282,840
374,830,390,830,390,844,374,844
390,829,414,832,413,845,389,843
453,834,469,834,469,846,453,846
469,834,500,834,500,849,469,849
266,844,282,844,282,856,266,856
282,844,330,844,330,857,282,857
236,846,265,846,265,856,236,856
382,850,389,850,389,860,382,860
390,849,413,849,413,861,390,861
453,852,469,852,469,864,453,864
469,852,498,852,498,865,469,865
289,861,304,861,304,873,289,873
264,864,289,864,289,873,264,873
381,868,389,868,389,878,381,878
390,866,413,866,413,878,390,878
469,869,498,869,498,882,469,882
460,872,468,872,468,881,460,881
241,879,264,881,263,891,240,889
272,881,292,881,292,892,272,892
348,881,364,881,364,894,348,894
440,885,464,885,464,898,440,898
465,886,496,886,496,900,465,900
262,896,292,896,292,908,262,908
293,898,316,898,316,909,293,909
317,899,346,902,345,912,316,909
478,906,496,906,496,918,478,918
280,917,309,917,309,928,280,928
262,918,277,918,277,928,262,928
312,918,337,918,337,929,312,929
241,920,262,920,262,929,241,929
437,921,462,921,462,933,437,933
464,922,496,922,496,936,464,936
296,938,330,938,330,953,296,953
268,940,294,940,294,953,268,953
332,940,356,940,356,954,332,954
357,940,385,940,385,954,357,954
386,941,444,941,444,956,386,956
