331,133,380,129,382,155,333,159
273,134,330,134,330,160,273,160
76,137,126,135,127,161,77,163
129,137,196,137,196,161,129,161
197,140,272,140,272,160,197,160
317,167,361,162,364,187,319,191
220,166,314,166,314,190,220,190
168,168,214,168,214,190,168,190
50,169,92,169,92,192,50,192
94,169,163,173,162,195,93,191
8,174,40,174,40,194,8,194
138,205,193,205,193,228,138,228
9,206,60,206,60,226,9,226
62,206,102,206,102,226,62,226
104,208,137,208,137,225,104,225
173,236,210,236,210,256,173,256
213,236,332,236,332,256,213,256
40,237,158,237,158,257,40,257
8,238,36,238,36,257,8,257
51,268,122,264,123,287,52,291
153,265,178,265,178,285,153,285
194,264,301,266,301,287,194,285
8,266,50,266,50,285,8,285
125,266,152,266,152,285,125,285
346,294,413,294,413,314,346,314
416,294,454,294,454,312,416,312
305,296,334,296,334,316,305,316
185,297,208,297,208,317,185,317
237,297,272,297,272,316,237,316
6,298,41,298,41,317,6,317
43,295,92,302,89,324,40,316
371,327,453,325,453,346,372,348
0,328,22,328,22,350,0,350
24,330,60,330,60,352,24,352
64,330,169,330,169,350,64,350
234,330,261,330,261,349,234,349
262,330,301,330,301,349,262,349
324,332,334,332,334,346,324,346
383,358,453,356,453,377,384,379
0,361,28,361,28,381,0,381
70,361,122,361,122,381,70,381
246,361,260,361,260,378,246,378
262,361,301,361,301,380,262,380
29,362,54,362,54,382,29,382
125,362,150,362,150,382,125,382
324,362,334,362,334,377,324,377
370,386,400,386,400,409,370,409
400,386,453,386,453,410,400,410
0,388,21,388,21,412,0,412
22,390,52,390,52,412,22,412
234,390,261,390,261,412,234,412
264,390,300,390,300,412,264,412
56,392,81,392,81,412,56,412
84,392,125,392,125,412,84,412
3,417,43,424,39,446,0,440
363,421,451,421,451,441,363,441
43,421,93,424,91,446,41,442
0,453,41,453,41,474,0,474
42,453,90,453,90,474,42,474
93,454,130,454,130,474,93,474
133,453,188,455,187,476,132,474
422,456,452,456,452,476,422,476
3,484,42,491,38,513,0,507
41,489,68,489,68,509,41,509
69,489,121,489,121,509,69,509
125,489,173,489,173,509,125,509
362,489,452,489,452,512,362,512
97,523,156,521,157,551,98,553
206,525,254,525,254,553,206,553
260,525,359,527,358,555,259,553
49,528,96,528,96,552,49,552
162,528,202,528,202,552,162,552
