178,162,221,162,221,180,178,180
222,162,253,162,253,181,222,181
76,181,97,181,97,197,76,197
261,181,302,181,302,201,261,201
113,182,146,182,146,198,113,198
160,184,182,184,182,201,160,201
184,184,217,184,217,206,184,206
245,184,258,184,258,197,245,197
305,184,348,184,348,204,305,204
133,184,176,184,176,220,133,220
110,198,135,207,129,222,105,213
177,202,213,202,213,220,177,220
225,200,283,203,282,223,224,219
284,202,324,202,324,220,284,220
144,222,169,222,169,240,144,240
221,222,253,222,253,241,221,241
177,224,221,224,221,241,177,241
256,224,289,224,289,241,256,241
144,253,176,253,176,266,144,266
213,253,245,253,245,268,213,268
245,252,288,254,287,269,244,267
178,254,212,254,212,268,178,268
120,272,136,272,136,282,120,282
145,273,192,273,192,284,145,284
190,274,205,274,205,284,190,284
206,273,236,273,236,285,206,285
245,273,270,273,270,285,245,285
278,273,289,273,289,286,278,286
289,273,316,273,316,286,289,286
152,290,168,290,168,301,152,301
176,289,193,289,193,302,176,302
201,290,232,290,232,302,201,302
240,292,256,292,256,304,240,304
262,292,280,292,280,304,262,304
72,313,109,313,109,325,72,325
109,312,143,314,142,328,108,326
72,332,98,332,98,345,72,345
70,350,92,350,92,364,70,364
93,352,112,352,112,364,93,364
70,389,99,391,98,401,70,399
101,392,120,392,120,401,101,401
290,390,329,390,329,402,290,402
330,390,356,390,356,402,330,402
238,393,252,393,252,402,238,402
69,408,92,408,92,421,69,421
93,409,134,409,134,421,93,421
69,429,85,429,85,442,69,442
86,429,110,429,110,442,86,442
316,430,334,430,334,446,316,446
333,432,360,432,360,449,333,449
68,450,86,450,86,464,68,464
89,450,114,450,114,464,89,464
85,470,109,470,109,486,85,486
66,472,84,472,84,486,66,486
317,472,333,472,333,485,317,485
336,472,360,472,360,489,336,489
167,507,203,510,202,524,165,521
204,509,230,509,230,521,204,521
232,508,266,512,264,524,230,521
318,509,336,509,336,522,318,522
336,509,360,509,360,522,336,522
196,529,230,529,230,544,196,544
233,530,269,530,269,544,233,544
353,534,360,534,360,544,353,544
196,550,231,556,228,570,194,565
232,553,268,556,267,570,231,567
318,554,337,554,337,568,318,568
337,554,361,554,361,566,337,566
170,574,198,574,198,589,170,589
200,576,238,576,238,589,200,589
320,576,336,576,336,589,320,589
338,576,362,576,362,589,338,589
240,577,265,577,265,589,240,589
208,598,234,598,234,612,208,612
237,600,265,600,265,612,237,612
221,620,253,620,253,636,221,636
61,621,88,621,88,634,61,634
124,622,149,622,149,636,124,636
188,621,220,623,219,637,187,635
89,624,122,624,122,636,89,636
150,624,186,624,186,637,150,637
145,656,177,656,177,669,145,669
197,656,213,656,213,669,197,669
214,656,240,656,240,669,214,669
241,656,266,656,266,672,241,672
266,656,288,656,288,669,266,669
177,657,196,657,196,669,177,669
141,675,196,677,195,690,140,689
216,676,269,676,269,689,216,689
270,676,292,676,292,689,270,689
197,677,213,677,213,692,197,692
