356,217,409,214,410,231,357,234
263,220,351,217,352,234,264,238
389,240,425,240,425,253,389,253
361,241,388,241,388,254,361,254
333,242,360,242,360,256,333,256
274,245,300,245,300,258,274,258
301,245,330,245,330,257,301,257
253,246,273,246,273,261,253,261
150,272,176,272,176,282,150,282
378,292,436,292,436,313,378,313
333,294,374,294,374,316,333,316
237,297,278,297,278,320,237,320
284,298,329,298,329,318,284,318
470,313,500,313,500,329,470,329
420,317,467,315,468,330,421,332
377,322,402,318,404,334,379,338
345,322,377,322,377,336,345,336
288,325,320,325,320,338,288,338
192,325,230,329,229,344,190,341
252,326,272,326,272,340,252,340
161,328,189,328,189,341,161,341
472,337,493,337,493,352,472,352
438,342,467,339,468,353,440,356
409,344,437,341,438,355,410,357
340,346,407,341,408,355,341,360
300,347,339,345,340,359,301,362
153,349,259,347,260,362,153,364
261,348,297,348,297,361,261,361
482,358,512,358,512,374,482,374
462,360,481,360,481,374,462,374
381,364,409,364,409,378,381,378
361,365,380,365,380,378,361,378
277,368,306,368,306,381,277,381
461,385,482,385,482,400,461,400
414,388,441,388,441,402,414,402
442,388,458,388,458,401,442,401
362,390,390,390,390,405,362,405
392,392,412,392,412,406,392,406
149,395,257,393,257,408,149,410
293,393,320,393,320,408,293,408
322,393,358,393,358,406,322,406
260,394,290,394,290,408,260,408
485,408,514,408,514,422,485,422
462,409,486,409,486,424,462,424
382,412,410,412,410,426,382,426
369,414,382,414,382,428,369,428
276,416,304,416,304,428,276,428
441,436,462,436,462,450,441,450
401,437,437,437,437,452,401,452
359,440,398,439,399,453,360,455
290,441,318,441,318,456,290,456
322,441,358,441,358,454,322,454
146,444,255,441,256,457,146,459
257,444,289,444,289,457,257,457
486,457,516,457,516,472,486,472
473,460,488,460,488,473,473,473
381,461,410,461,410,476,381,476
368,462,382,462,382,477,368,477
273,464,302,464,302,476,273,476
424,486,446,486,446,501,424,501
382,488,422,488,422,505,382,505
326,489,380,490,379,505,326,503
285,489,324,491,323,507,284,505
141,492,260,492,260,506,141,506
264,492,282,492,282,505,264,505
466,509,488,509,488,526,466,526
488,509,520,509,520,525,488,525
360,512,380,512,380,529,360,529
381,512,412,512,412,528,381,528
270,513,301,513,301,526,270,526
232,517,240,517,240,528,232,528
442,537,466,537,466,554,442,554
400,538,440,538,440,557,400,557
326,541,397,539,397,555,326,557
282,541,324,541,324,556,282,556
136,542,260,542,260,558,136,558
261,542,281,542,281,557,261,557
466,562,489,562,489,580,466,580
490,562,522,562,522,580,490,580
357,564,380,564,380,581,357,581
381,564,412,564,412,580,381,580
268,565,298,565,298,578,268,578
226,568,236,568,236,578,226,578
390,592,416,592,416,610,390,610
445,592,470,592,470,609,445,609
291,594,326,592,327,610,292,612
129,596,255,594,256,612,129,614
257,594,290,594,290,612,257,612
328,594,389,594,389,612,328,612
416,596,441,596,441,609,416,609
468,618,490,618,490,634,468,634
493,618,525,618,525,636,493,636
263,621,295,619,296,633,264,635
357,620,382,620,382,636,357,636
381,620,413,620,413,636,381,636
413,649,437,649,437,668,413,668
125,652,253,650,253,669,125,670
321,650,350,650,350,668,321,668
353,650,409,650,409,668,353,668
254,652,288,652,288,669,254,669
289,653,320,653,320,668,289,668
356,677,413,677,413,697,356,697
470,677,498,677,498,697,470,697
494,677,529,677,529,696,494,696
261,678,294,678,294,692,261,692
120,709,229,709,229,728,120,728
228,709,249,709,249,728,228,728
322,709,353,709,353,728,322,728
354,709,413,709,413,728,354,728
416,709,441,709,441,728,416,728
250,710,289,710,289,728,250,728
289,713,321,713,321,728,289,728
381,737,414,737,414,757,381,757
258,738,292,738,292,753,258,753
356,738,382,738,382,757,356,757
472,738,501,738,501,758,472,758
498,738,532,738,532,757,498,757
114,770,158,776,155,797,111,791
156,774,182,774,182,793,156,793
230,778,252,778,252,794,230,794
114,795,158,801,155,822,111,816
157,799,201,803,199,823,156,819
469,801,507,804,506,823,468,820
502,804,537,804,537,821,502,821
114,824,152,824,152,844,114,844
208,825,240,825,240,842,208,842
153,826,206,826,206,844,153,844
310,830,350,830,350,849,310,849
468,833,501,833,501,850,468,850
497,833,537,833,537,852,497,852
134,864,157,864,157,881,134,881
160,865,190,865,190,882,160,882
192,865,352,868,351,886,191,883
354,868,402,868,402,890,354,890
404,868,532,870,531,889,403,887
272,896,302,896,302,912,272,912
306,896,353,896,353,916,306,916
354,897,389,897,389,914,354,914
177,911,205,913,203,927,176,924
206,913,240,913,240,926,206,926
266,916,286,916,286,929,266,929
289,916,321,916,321,930,289,930
325,916,356,916,356,933,325,933
244,917,264,917,264,928,244,928
357,917,378,917,378,932,357,932
381,918,412,918,412,934,381,934
414,918,465,918,465,933,414,933
