334,86,396,83,397,109,335,112
399,88,481,86,482,109,400,111
253,88,330,88,330,113,253,113
302,125,434,122,435,142,303,145
438,126,481,126,481,143,438,143
250,130,300,130,300,145,250,145
536,149,593,146,593,168,536,170
492,153,534,150,536,171,493,174
368,153,396,153,396,175,368,175
141,154,192,158,191,175,140,171
326,155,365,155,365,173,326,173
398,155,423,155,423,173,398,173
450,155,491,155,491,171,450,171
195,156,230,156,230,175,195,175
426,156,448,156,448,175,426,175
231,158,258,158,258,175,231,175
261,158,288,158,288,175,261,175
296,158,323,158,323,173,296,173
518,173,545,173,545,193,518,193
545,173,580,173,580,191,545,191
340,172,394,177,392,197,338,193
396,175,450,175,450,195,396,195
153,176,215,176,215,195,153,195
455,176,486,176,486,193,455,193
490,176,515,176,515,193,490,193
220,176,294,179,293,198,219,195
300,178,336,178,336,195,300,195
227,218,313,215,313,243,228,246
423,215,505,217,504,243,422,241
319,221,418,221,418,243,319,243
130,261,158,261,158,280,130,280
268,261,481,261,481,281,268,281
161,263,196,263,196,281,161,281
130,297,184,300,182,322,128,318
266,298,381,298,381,318,266,318
386,298,445,298,445,316,386,316
186,300,221,300,221,318,186,318
128,335,182,339,181,356,127,353
265,335,324,339,322,358,264,354
328,336,361,336,361,356,328,356
365,333,394,341,389,360,360,353
186,338,236,338,236,355,186,355
520,383,601,383,601,405,520,405
196,385,228,385,228,406,196,406
358,385,401,385,401,406,358,406
405,386,456,383,457,406,407,409
125,424,194,427,193,450,124,447
195,428,258,428,258,451,195,451
261,430,303,430,303,450,261,450
305,430,346,430,346,451,305,451
346,430,418,430,418,451,346,451
215,458,225,458,225,473,215,473
540,456,555,456,555,475,540,475
558,456,601,456,601,478,558,478
395,458,411,458,411,476,395,476
408,458,455,458,455,476,408,476
125,486,194,491,192,515,123,510
196,493,258,493,258,515,196,515
260,495,318,495,318,515,260,515
321,495,360,495,360,513,321,513
363,495,430,495,430,516,363,516
213,521,226,521,226,538,213,538
395,521,415,521,415,541,395,541
413,521,455,521,455,541,413,541
538,521,555,521,555,540,538,540
556,521,598,521,598,540,556,540
124,556,193,553,194,576,125,579
195,555,223,555,223,576,195,576
225,555,271,555,271,576,225,576
273,558,360,558,360,578,273,578
363,558,415,558,415,578,363,578
493,557,545,560,544,579,492,577
418,559,488,559,488,576,418,576
210,581,225,581,225,600,210,600
381,583,410,583,410,601,381,601
413,583,455,583,455,603,413,603
526,585,555,585,555,603,526,603
558,585,598,585,598,603,558,603
223,615,270,615,270,638,223,638
123,616,191,616,191,640,123,640
193,616,221,616,221,638,193,638
271,620,358,620,358,638,271,638
363,620,415,620,415,640,363,640
418,620,486,620,486,638,418,638
490,621,541,621,541,640,490,640
210,645,223,645,223,663,210,663
381,645,411,645,411,666,381,666
413,645,455,645,455,666,413,666
526,646,555,646,555,665,526,665
559,647,601,645,602,664,560,667
250,692,304,697,302,719,248,714
306,695,353,695,353,713,306,713
526,696,556,696,556,718,526,718
558,696,601,696,601,718,558,718
283,746,353,746,353,771,283,771
198,748,278,748,278,771,198,771
510,748,555,752,553,777,508,773
551,751,603,751,603,773,551,773
215,785,255,785,255,808,215,808
255,786,296,786,296,805,255,805
300,786,351,786,351,806,300,806
253,826,300,826,300,848,253,848
303,828,353,828,353,851,303,851
515,831,560,831,560,853,515,853
555,831,605,831,605,853,555,853
223,861,270,861,270,885,223,885
273,861,316,861,316,886,273,886
318,863,353,863,353,888,318,888
513,868,606,868,606,891,513,891
185,896,231,896,231,918,185,918
233,898,278,898,278,918,233,918
281,898,311,898,311,920,281,920
313,897,355,900,354,920,312,918
358,900,408,900,408,925,358,925
411,900,463,900,463,921,411,921
465,901,533,903,533,925,464,923
188,1030,245,1030,245,1051,188,1051
248,1030,291,1030,291,1051,248,1051
295,1030,351,1030,351,1053,295,1053
355,1030,390,1030,390,1053,355,1053
391,1031,443,1031,443,1053,391,1053
446,1033,488,1033,488,1055,446,1055
491,1033,533,1033,533,1053,491,1053
118,1035,156,1035,156,1053,118,1053
536,1035,597,1040,596,1060,535,1056
230,1053,296,1053,296,1076,230,1076
181,1055,228,1055,228,1080,181,1080
337,1053,388,1058,386,1081,334,1076
388,1056,431,1056,431,1078,388,1078
433,1056,465,1056,465,1081,433,1081
116,1058,178,1058,178,1083,116,1083
300,1058,335,1058,335,1075,300,1075
466,1058,505,1058,505,1080,466,1080
508,1060,565,1060,565,1085,508,1085
568,1060,600,1060,600,1083,568,1083
173,1076,203,1076,203,1101,173,1101
250,1080,296,1080,296,1105,250,1105
298,1080,365,1080,365,1101,298,1101
368,1080,396,1080,396,1101,368,1101
398,1080,438,1080,438,1103,398,1103
438,1081,461,1081,461,1101,438,1101
115,1085,171,1082,172,1106,116,1108
206,1083,241,1083,241,1103,206,1103
466,1083,508,1083,508,1105,466,1105
555,1084,599,1086,598,1109,553,1106
511,1086,551,1086,551,1105,511,1105
238,1105,281,1105,281,1126,238,1126
285,1105,330,1105,330,1126,285,1126
330,1105,363,1105,363,1128,330,1128
365,1106,425,1108,424,1132,364,1129
428,1108,475,1108,475,1128,428,1128
187,1130,318,1127,318,1153,188,1155
320,1128,467,1131,466,1154,319,1151
466,1134,522,1136,521,1155,466,1153
176,1178,245,1178,245,1203,176,1203
246,1180,283,1180,283,1201,246,1201
285,1177,338,1183,336,1206,283,1201
390,1180,425,1180,425,1201,390,1201
126,1183,173,1180,174,1208,128,1210
426,1181,468,1181,468,1205,426,1205
336,1183,386,1183,386,1200,336,1200
470,1183,536,1183,536,1206,470,1206
537,1185,592,1187,591,1210,536,1208
306,1205,361,1205,361,1228,306,1228
365,1205,405,1205,405,1231,365,1231
109,1213,183,1202,187,1230,114,1241
248,1205,304,1208,303,1232,247,1230
405,1206,435,1206,435,1228,405,1228
186,1208,245,1208,245,1231,186,1231
438,1208,481,1208,481,1233,438,1233
484,1206,545,1214,542,1239,481,1232
546,1211,600,1213,599,1236,545,1234
208,1230,258,1230,258,1255,208,1255
338,1230,408,1230,408,1255,338,1255
166,1233,205,1233,205,1258,166,1258
293,1233,336,1233,336,1258,293,1258
416,1233,463,1233,463,1258,416,1258
260,1235,291,1235,291,1255,260,1255
463,1235,510,1235,510,1263,463,1263
510,1236,550,1236,550,1261,510,1261
