429,410,481,410,481,429,429,429
386,412,429,412,429,432,386,432
293,413,332,413,332,430,293,430
334,413,386,413,386,430,334,430
552,429,582,429,582,446,552,446
526,432,549,432,549,446,526,446
504,433,526,433,526,450,504,450
196,435,232,437,231,452,195,450
234,437,262,437,262,453,234,453
465,437,502,437,502,452,465,452
267,437,307,444,304,459,264,452
438,438,464,438,464,453,438,453
308,440,330,440,330,457,308,457
330,440,358,440,358,456,330,456
390,440,437,440,437,457,390,457
361,441,388,441,388,457,361,457
387,466,481,462,481,479,388,483
293,466,378,466,378,481,293,481
422,525,475,523,476,543,422,545
384,526,421,526,421,545,384,545
302,528,341,528,341,546,302,546
342,529,382,529,382,545,342,545
502,560,589,560,589,578,502,578
457,561,501,561,501,581,457,581
218,564,298,564,298,582,218,582
190,565,217,565,217,584,190,584
556,630,590,630,590,653,556,653
381,635,409,630,413,650,385,654
346,633,381,633,381,648,346,648
497,633,553,633,553,652,497,652
190,638,216,638,216,656,190,656
352,662,374,662,374,682,352,682
313,664,348,664,348,684,313,684
265,666,310,666,310,685,265,685
228,666,262,666,262,689,228,689
190,670,226,670,226,692,190,692
350,696,378,696,378,716,350,716
374,696,410,696,410,714,374,714
528,702,593,702,593,724,528,724
364,729,403,732,402,750,363,747
405,730,449,730,449,756,405,756
322,732,361,732,361,749,322,749
280,733,320,733,320,752,280,752
189,740,238,736,240,756,190,761
242,738,277,738,277,760,242,760
349,762,374,762,374,782,349,782
376,762,410,762,410,781,376,781
526,772,554,772,554,793,526,793
556,774,596,774,596,794,556,794
192,777,200,777,200,790,192,790
282,802,329,808,327,829,279,823
242,808,278,808,278,828,242,828
190,813,241,813,241,834,190,834
529,816,561,816,561,837,529,837
557,817,596,817,596,837,557,837
362,860,417,862,417,880,362,878
327,865,362,861,364,879,329,883
264,864,302,864,302,881,264,881
420,865,454,865,454,885,420,885
304,866,326,866,326,878,304,878
454,870,488,870,488,890,454,890
488,872,520,872,520,893,488,893
