296,213,324,213,324,230,296,230
322,213,350,213,350,230,322,230
269,214,294,214,294,229,269,229
350,213,375,216,374,231,349,229
404,214,441,214,441,233,404,233
374,216,404,216,404,230,374,230
296,233,324,233,324,252,296,252
324,234,349,234,349,250,324,250
349,236,378,236,378,249,349,249
378,236,414,236,414,250,378,250
120,250,234,250,234,276,120,276
282,253,312,253,312,272,282,272
312,254,340,254,340,272,312,272
341,254,358,254,358,269,341,269
361,254,388,254,388,270,361,270
414,254,442,254,442,270,414,270
272,257,280,257,280,269,272,269
389,256,412,256,412,270,389,270
301,276,377,276,377,293,301,293
377,276,413,276,413,293,377,293
353,313,389,313,389,330,353,330
158,314,249,314,249,332,158,332
396,314,468,314,468,330,396,330
468,314,486,314,486,329,468,329
114,316,152,316,152,333,114,333
152,318,158,318,158,330,152,330
281,334,321,334,321,353,281,353
237,336,274,336,274,350,237,350
326,336,364,336,364,350,326,350
113,356,149,358,149,375,112,373
156,357,184,357,184,372,156,372
370,357,416,357,416,372,370,372
414,357,489,357,489,373,414,373
150,361,157,361,157,372,150,372
113,378,142,378,142,396,113,396
149,378,246,378,246,394,149,394
113,400,133,400,133,418,113,418
140,401,161,401,161,417,140,417
212,401,238,401,238,417,212,417
166,402,212,402,212,417,166,417
