254,277,302,277,302,297,254,297
420,278,475,276,476,291,421,293
382,278,420,278,420,296,382,296
216,280,252,280,252,298,216,298
305,280,329,280,329,298,305,298
329,280,380,280,380,297,329,297
382,316,405,316,405,333,382,333
361,317,381,317,381,333,361,333
185,318,242,318,242,334,185,334
245,318,270,318,270,334,245,334
270,318,292,318,292,334,270,334
300,318,322,318,322,333,300,333
324,318,352,318,352,333,324,333
188,338,212,338,212,354,188,354
213,338,244,338,244,354,213,354
244,338,261,338,261,354,244,354
261,338,292,338,292,354,261,354
338,354,360,354,360,369,338,369
186,356,216,356,216,369,186,369
226,356,284,356,284,369,226,369
292,356,337,356,337,369,292,369
326,381,413,384,413,404,326,402
254,400,397,404,397,422,254,418
402,406,452,406,452,422,402,422
453,410,460,410,460,424,453,424
176,418,217,418,217,434,176,434
218,419,247,421,246,436,217,434
266,421,303,425,302,440,265,436
310,425,336,425,336,438,310,438
216,446,244,446,244,461,216,461
246,447,284,451,282,467,245,463
470,450,510,450,510,465,470,465
350,452,368,452,368,466,350,466
385,452,415,454,414,468,384,466
417,453,438,453,438,469,417,469
149,473,182,473,182,490,149,490
182,474,210,474,210,489,182,489
213,474,246,474,246,490,213,490
248,477,274,477,274,494,248,494
474,479,511,477,512,493,474,495
397,480,432,480,432,494,397,494
276,482,284,482,284,496,276,496
148,504,172,504,172,521,148,521
172,505,202,505,202,520,172,520
228,505,252,505,252,522,228,522
212,506,225,506,225,520,212,520
253,506,288,506,288,522,253,522
361,509,369,509,369,522,361,522
396,508,410,508,410,522,396,522
406,508,433,508,433,524,406,524
477,509,485,509,485,522,477,522
486,508,513,508,513,525,486,525
165,533,205,533,205,550,165,550
148,534,165,534,165,550,148,550
206,533,298,536,298,552,206,550
300,536,336,536,336,553,300,553
392,536,410,536,410,553,392,553
410,536,437,536,437,553,410,553
472,537,490,537,490,554,472,554
492,537,517,537,517,554,492,554
148,561,181,565,179,583,146,579
180,562,201,562,201,580,180,580
204,562,244,562,244,580,204,580
246,565,254,565,254,578,246,578
393,565,413,565,413,581,393,581
412,565,437,565,437,582,412,582
256,566,288,566,288,580,256,580
470,566,489,566,489,581,470,581
490,566,517,566,517,582,490,582
148,592,195,595,194,613,147,610
194,593,221,593,221,608,194,608
224,593,250,593,250,608,224,608
253,594,301,594,301,613,253,613
302,594,334,594,334,610,302,610
336,596,344,596,344,609,336,609
362,596,370,596,370,609,362,609
393,594,413,594,413,612,393,612
412,594,437,594,437,612,412,612
469,596,494,596,494,613,469,613
494,596,521,596,521,613,494,613
148,612,169,612,169,629,148,629
152,629,195,633,193,654,150,650
194,632,226,632,226,650,194,650
228,631,269,634,267,652,226,649
473,640,533,640,533,656,473,656
221,656,252,656,252,673,221,673
254,656,284,656,284,672,254,672
152,658,181,658,181,674,152,674
182,658,217,658,217,673,182,673
236,678,258,678,258,697,236,697
156,678,198,680,197,701,155,699
197,681,234,678,235,698,198,700
470,685,530,685,530,704,470,704
256,700,297,700,297,714,256,714
209,701,253,701,253,716,209,716
157,702,208,702,208,720,157,720
470,706,532,706,532,724,470,724
157,729,202,729,202,746,157,746
229,754,254,754,254,769,229,769
256,754,285,754,285,769,256,769
287,753,316,758,312,776,284,771
313,758,349,758,349,773,313,773
349,760,377,760,377,776,349,776
377,761,420,761,420,780,377,780
422,759,462,765,458,785,419,779
232,792,277,792,277,810,232,810
277,792,314,794,313,812,276,810
155,796,193,794,194,813,156,815
194,794,232,794,232,812,194,812
185,907,305,901,306,922,186,928
306,905,334,905,334,920,306,920
157,907,187,909,186,927,156,925
309,946,372,946,372,970,309,970
374,949,422,949,422,972,374,972
