290,424,365,424,365,438,290,438
369,424,413,424,413,438,369,438
273,446,300,446,300,461,273,461
300,446,322,446,322,460,300,460
322,446,348,446,348,460,322,460
350,446,372,446,372,460,350,460
373,446,396,446,396,460,373,460
396,446,426,446,426,460,396,460
194,466,216,466,216,477,194,477
269,493,306,493,306,513,269,513
349,494,385,494,385,514,349,514
309,496,348,496,348,514,309,514
388,496,436,496,436,514,388,514
205,518,230,518,230,532,205,532
231,517,265,521,263,535,229,531
282,520,298,520,298,532,282,532
313,520,340,520,340,532,313,532
421,520,461,520,461,533,421,533
360,521,386,521,386,533,360,533
388,521,408,521,408,536,388,536
461,521,488,521,488,533,461,533
200,538,290,538,290,553,200,553
290,540,314,540,314,553,290,553
316,540,338,540,338,553,316,553
340,540,386,540,386,553,340,553
388,541,410,541,410,553,388,553
410,541,442,541,442,553,410,553
304,558,329,558,329,570,304,570
380,558,413,558,413,572,380,572
453,560,496,560,496,573,453,573
198,581,244,581,244,594,198,594
244,581,289,581,289,594,244,594
290,581,313,581,313,594,290,594
314,581,337,581,337,594,314,594
338,581,373,581,373,594,338,594
397,581,433,581,433,596,397,596
373,582,396,582,396,594,373,594
434,582,453,582,453,594,434,594
304,601,328,601,328,612,304,612
380,602,389,602,389,614,380,614
389,601,413,601,413,614,389,614
453,601,496,601,496,614,453,614
198,622,294,622,294,637,198,637
296,622,328,622,328,637,296,637
346,622,374,622,374,637,346,637
330,624,346,624,346,637,330,637
409,624,429,624,429,637,409,637
429,624,460,624,460,637,429,637
374,625,408,625,408,637,374,637
461,625,480,625,480,637,461,637
302,642,328,642,328,654,302,654
378,642,413,642,413,657,378,657
461,644,496,644,496,658,461,658
196,665,294,665,294,680,196,680
294,666,326,666,326,680,294,680
344,666,361,666,361,680,344,680
390,666,409,666,409,680,390,680
328,668,344,668,344,680,328,680
361,668,388,668,388,681,361,681
301,686,326,686,326,698,301,698
372,686,389,686,389,700,372,700
389,686,413,686,413,700,389,700
270,689,277,689,277,698,270,698
453,688,497,688,497,701,453,701
269,709,293,709,293,724,269,724
194,710,269,710,269,723,194,723
294,710,320,710,320,724,294,724
321,710,352,710,352,724,321,724
353,710,377,710,377,724,353,724
378,710,405,710,405,724,378,724
408,710,438,710,438,725,408,725
440,710,460,710,460,724,440,724
378,730,413,728,413,744,378,745
301,730,326,730,326,742,301,742
454,732,474,732,474,745,454,745
472,732,497,732,497,746,472,746
188,755,222,759,220,775,186,771
221,758,240,758,240,772,221,772
278,761,294,761,294,773,278,773
188,776,222,776,222,794,188,794
221,777,254,780,253,795,220,792
457,778,478,778,478,793,457,793
474,780,501,780,501,793,474,793
186,796,216,796,216,812,186,812
217,797,257,797,257,812,217,812
258,797,284,797,284,810,258,810
340,800,369,800,369,813,340,813
457,801,476,801,476,816,457,816
476,802,501,802,501,816,476,816
200,826,220,826,220,844,200,844
220,828,244,828,244,842,220,842
245,827,365,827,365,842,245,842
366,829,402,829,402,846,366,846
404,828,481,830,481,846,403,844
481,832,497,832,497,845,481,845
304,852,328,852,328,866,304,866
329,853,365,853,365,869,329,869
366,853,393,853,393,869,366,869
228,869,250,869,250,884,228,884
250,870,278,870,278,884,250,884
316,870,341,870,341,884,316,884
280,872,297,872,297,884,280,884
298,872,314,872,314,884,298,884
341,872,366,872,366,886,341,886
366,872,384,872,384,885,366,885
409,872,449,872,449,886,409,886
385,873,409,873,409,888,385,888
