222,111,387,111,387,137,222,137
397,111,489,113,489,138,396,137
187,153,245,160,243,185,184,179
246,157,290,157,290,181,246,181
297,158,349,158,349,180,297,180
357,157,401,157,401,181,357,181
409,158,454,158,454,180,409,180
460,158,520,158,520,180,460,180
12,204,57,204,57,224,12,224
359,254,435,252,436,291,360,293
444,253,546,253,546,292,444,292
176,255,258,253,259,294,177,296
268,257,352,257,352,294,268,294
521,308,605,308,605,333,521,333
608,308,641,308,641,332,608,332
445,312,489,307,492,336,449,341
279,311,338,309,339,335,280,337
386,310,443,312,442,336,385,334
642,312,660,312,660,332,642,332
209,312,245,312,245,337,209,337
95,313,168,319,166,345,93,339
37,316,89,316,89,341,37,341
613,350,648,350,648,376,613,376
550,352,608,352,608,377,550,377
456,353,533,353,533,380,456,380
248,354,298,354,298,382,248,382
304,352,388,355,387,384,303,381
393,354,452,354,452,380,393,380
27,360,243,355,244,383,28,388
593,392,678,392,678,418,593,418
414,397,503,394,504,423,415,426
264,400,316,400,316,421,264,421
20,458,94,464,91,497,18,491
93,461,136,461,136,489,93,489
238,466,250,466,250,484,238,484
634,488,682,488,682,513,634,513
598,489,638,489,638,517,598,517
21,500,93,505,91,537,19,531
96,502,164,505,163,533,95,531
632,534,681,532,682,557,633,559
598,536,638,536,638,562,598,562
366,540,449,538,449,565,366,567
489,595,646,589,647,617,490,623
649,590,680,590,680,616,649,616
148,608,410,596,411,625,149,636
414,598,486,598,486,629,414,629
50,609,89,609,89,640,50,640
94,609,144,609,144,637,94,637
413,646,467,644,468,671,415,674
334,655,407,642,412,673,339,686
282,652,333,652,333,678,282,678
505,679,586,676,587,702,506,705
589,680,597,680,597,697,589,697
418,682,450,682,450,709,418,709
454,682,502,682,502,710,454,710
365,686,414,686,414,716,365,716
310,689,360,689,360,714,310,714
272,690,305,690,305,716,272,716
167,695,225,693,225,719,168,721
118,697,162,697,162,721,118,721
232,700,266,697,267,717,233,719
