232,245,269,245,269,262,232,262
273,250,297,250,297,262,273,262
237,266,349,266,349,309,237,309
253,305,346,305,346,340,253,340
413,368,437,368,437,384,413,384
225,369,274,369,274,389,225,389
309,369,353,369,353,389,309,389
397,369,414,369,414,386,397,386
153,370,217,370,217,388,153,388
277,370,306,370,306,388,277,388
354,370,394,370,394,386,354,386
257,397,292,397,292,413,257,413
294,397,372,397,372,411,294,411
221,398,254,398,254,413,221,413
225,426,370,424,370,444,225,446
344,453,410,451,411,477,345,479
182,457,256,455,257,481,182,483
260,461,341,459,341,479,261,482
313,488,362,488,362,502,313,502
249,489,298,489,298,504,249,504
134,490,156,490,156,508,134,508
156,489,201,491,201,509,155,507
201,490,222,490,222,505,201,505
272,508,306,508,306,528,272,528
213,510,238,510,238,528,213,528
318,510,354,510,354,525,318,525
241,512,270,512,270,529,241,529
152,514,174,514,174,530,152,530
136,516,152,516,152,530,136,530
345,534,384,534,384,549,345,549
284,536,304,536,304,552,284,552
304,536,338,536,338,550,304,550
177,540,202,535,206,552,181,557
262,537,281,537,281,552,262,552
205,538,236,538,236,552,205,552
136,540,178,540,178,558,136,558
346,557,385,557,385,572,346,572
284,558,302,558,302,573,284,573
304,558,338,558,338,573,304,573
262,560,281,560,281,574,262,574
178,564,202,559,206,574,181,580
137,562,178,562,178,581,137,581
205,564,225,564,225,576,205,576
213,584,310,584,310,598,213,598
166,585,206,585,206,602,166,602
136,586,164,586,164,601,136,601
453,601,500,601,500,618,453,618
389,602,413,602,413,618,389,618
374,605,392,605,392,620,374,620
218,606,248,606,248,622,218,622
321,606,338,606,338,620,321,620
188,608,216,608,216,625,188,625
457,634,500,634,500,652,457,652
374,636,414,634,415,650,374,652
328,640,334,640,334,652,328,652
124,640,161,640,161,658,124,658
162,640,214,640,214,656,162,656
376,661,418,661,418,678,376,678
458,661,502,661,502,685,458,685
328,664,336,664,336,677,328,677
124,664,161,664,161,682,124,682
162,665,214,665,214,680,162,680
444,693,466,693,466,710,444,710
469,693,502,693,502,712,469,712
146,692,193,697,191,718,143,714
326,696,336,696,336,709,326,709
145,729,188,733,186,755,143,751
188,732,220,732,220,752,188,752
221,732,274,732,274,753,221,753
446,732,469,732,469,750,446,750
470,730,507,732,506,758,469,755
145,770,192,770,192,793,145,793
269,770,326,770,326,792,269,792
196,772,265,772,265,792,196,792
432,772,461,772,461,792,432,792
465,772,512,772,512,793,465,793
330,777,336,777,336,789,330,789
341,822,438,822,438,844,341,844
453,824,474,824,474,844,453,844
478,825,513,825,513,845,478,845
349,888,389,888,389,904,349,904
390,890,412,890,412,904,390,904
337,893,345,893,345,902,337,902
470,893,490,893,490,909,470,909
492,894,518,894,518,912,492,912
350,909,373,909,373,924,350,924
374,909,420,909,420,924,374,924
337,913,346,913,346,922,337,922
