384,206,545,210,543,257,383,253
597,210,775,208,775,254,597,256
563,220,590,220,590,261,563,261
229,235,376,240,375,270,228,264
261,353,439,353,439,416,261,416
595,357,731,357,731,416,595,416
448,360,586,355,588,415,450,420
240,460,327,460,327,517,240,517
331,463,444,466,442,521,329,518
457,466,563,466,563,519,457,519
578,466,679,466,679,519,578,519
688,466,750,466,750,517,688,517
433,553,565,553,565,608,433,608
720,652,803,652,803,688,720,688
200,658,240,658,240,688,200,688
245,656,309,656,309,688,245,688
332,656,517,654,517,688,332,690
554,720,615,720,615,754,554,754
661,723,803,720,804,754,661,756
197,727,286,727,286,766,197,766
336,727,519,727,519,761,336,761
197,800,280,804,278,839,196,835
288,809,332,809,332,837,288,837
727,850,761,850,761,876,727,876
590,851,624,851,624,876,590,876
629,851,681,851,681,876,629,876
766,851,816,851,816,873,766,873
409,855,460,855,460,882,409,882
538,855,553,855,553,876,538,876
355,857,403,857,403,882,355,882
238,859,311,859,311,885,238,885
208,860,233,860,233,887,208,887
316,860,350,860,350,887,316,887
741,917,809,917,809,949,741,949
688,921,743,921,743,955,688,955
263,924,350,924,350,955,263,955
204,924,257,924,257,956,204,956
209,987,309,987,309,1019,209,1019
312,992,386,979,393,1014,318,1027
218,1052,259,1052,259,1084,218,1084
309,1060,382,1049,387,1087,314,1097
263,1060,307,1060,307,1088,263,1088
211,1131,326,1134,325,1175,210,1172
332,1138,428,1138,428,1175,332,1175
684,1147,811,1147,811,1188,684,1188
258,1222,373,1227,371,1271,256,1265
382,1226,528,1229,527,1282,381,1279
540,1230,672,1230,672,1282,540,1282
687,1226,772,1247,760,1294,675,1273
373,1298,469,1298,469,1346,373,1346
482,1298,648,1305,646,1353,480,1345
