320,192,361,192,361,206,320,206
258,193,281,193,281,208,258,208
280,193,304,193,304,208,280,208
302,193,321,193,321,209,302,209
329,210,353,210,353,225,329,225
352,209,378,212,377,227,350,224
244,212,258,212,258,226,244,226
257,212,277,212,277,228,257,228
276,212,298,212,298,226,276,226
297,212,318,212,318,225,297,225
321,213,328,213,328,224,321,224
120,228,213,228,213,253,120,253
270,229,293,229,293,245,270,245
292,229,313,229,313,244,292,244
254,230,269,230,269,244,254,244
314,230,346,232,345,247,313,245
345,230,368,230,368,242,345,242
284,248,356,248,356,262,284,262
266,249,285,249,285,264,266,264
236,281,254,281,254,296,236,296
257,281,282,281,282,294,257,294
285,281,317,281,317,294,285,294
209,282,233,282,233,296,209,296
334,298,409,296,409,310,334,312
278,298,296,298,296,312,278,312
181,300,224,300,224,314,181,314
222,300,253,300,253,313,222,313
257,300,274,300,274,312,257,312
117,301,148,301,148,316,117,316
152,301,181,301,181,313,152,313
321,313,416,313,416,328,321,328
146,317,174,317,174,332,146,332
117,318,148,318,148,332,117,332
364,347,410,344,411,359,365,362
263,349,288,347,290,362,265,365
316,349,330,349,330,361,316,361
145,350,176,350,176,365,145,365
244,350,261,350,261,362,244,362
117,352,140,352,140,366,117,366
272,365,296,365,296,380,272,380
302,365,332,365,332,380,302,380
193,366,218,366,218,381,193,381
224,366,268,368,267,382,223,380
117,369,162,369,162,382,117,382
166,369,190,369,190,381,166,381
393,381,418,381,418,394,393,394
373,382,388,382,388,396,373,396
273,384,297,384,297,397,273,397
117,386,211,384,212,398,117,400
252,385,268,385,268,397,252,397
394,416,418,416,418,430,394,430
237,418,269,416,270,431,238,433
373,417,389,417,389,430,373,430
117,418,148,418,148,433,117,433
153,418,184,418,184,433,153,433
188,418,220,418,220,433,188,433
224,420,240,420,240,433,224,433
202,434,233,434,233,450,202,450
117,436,149,436,149,452,117,452
153,436,184,436,184,450,153,450
189,437,197,437,197,450,189,450
374,452,390,452,390,465,374,465
396,452,420,452,420,465,396,465
116,453,148,453,148,468,116,468
152,453,190,453,190,468,152,468
196,453,218,453,218,468,196,468
374,469,397,469,397,482,374,482
396,469,420,469,420,482,396,482
124,470,156,470,156,486,124,486
160,472,184,472,184,485,160,485
397,485,421,485,421,500,397,500
374,486,393,486,393,500,374,500
116,488,149,488,149,505,116,505
153,488,177,488,177,505,153,505
181,489,205,489,205,504,181,504
289,504,320,504,320,520,289,520
325,504,362,504,362,518,325,518
209,505,226,505,226,520,209,520
260,505,284,505,284,521,260,521
174,506,205,506,205,522,174,522
230,506,254,506,254,520,230,520
260,557,285,557,285,573,260,573
166,558,190,558,190,573,166,573
195,559,226,557,227,573,196,575
230,558,256,558,256,573,230,573
289,558,328,560,327,574,288,572
333,558,364,558,364,573,333,573
326,576,357,576,357,590,326,590
362,576,394,576,394,589,362,589
398,576,422,576,422,590,398,590
145,577,197,577,197,592,145,592
202,577,233,577,233,592,202,592
262,577,306,577,306,590,262,590
310,577,328,577,328,589,310,589
238,578,256,578,256,592,238,592
116,580,140,580,140,593,116,593
202,612,228,612,228,628,202,628
231,612,271,610,272,626,232,628
326,612,352,612,352,626,326,626
356,612,381,612,381,626,356,626
152,613,177,613,177,628,152,628
181,613,200,613,200,629,181,629
276,613,293,613,293,626,276,626
297,613,322,613,322,628,297,628
269,630,328,630,328,645,269,645
333,630,388,630,388,644,333,644
393,630,417,630,417,644,393,644
179,632,263,631,264,645,180,646
114,633,138,633,138,648,114,648
138,634,144,634,144,645,138,645
145,633,174,633,174,646,145,646
