261,68,398,71,398,90,261,87
408,72,486,72,486,92,408,92
229,99,278,105,276,126,226,120
280,102,317,102,317,122,280,122
321,104,366,104,366,122,321,122
373,103,412,105,411,125,372,123
416,105,457,105,457,125,416,125
460,106,513,108,513,127,459,125
81,140,122,140,122,158,81,158
443,187,531,185,532,219,444,221
220,188,287,186,288,222,221,224
372,188,437,188,437,222,372,222
296,192,365,192,365,224,296,224
104,233,149,237,147,258,102,254
509,234,581,234,581,256,509,256
444,234,481,234,481,261,444,261
585,236,629,236,629,256,585,256
152,236,214,243,212,265,150,258
246,237,277,237,277,260,246,260
305,238,354,238,354,260,305,260
393,238,441,238,441,258,393,258
93,267,274,273,273,298,92,291
451,269,509,272,507,298,449,294
512,273,544,270,546,291,513,294
278,276,334,276,334,297,278,297
338,277,380,277,380,301,338,301
382,277,441,277,441,297,382,297
447,308,491,305,492,329,448,331
602,308,645,308,645,329,602,329
570,309,604,309,604,332,570,332
417,310,452,310,452,333,417,333
289,312,334,312,334,329,289,329
89,341,273,348,273,373,88,366
477,348,498,348,498,372,477,372
500,349,528,349,528,372,500,372
533,350,565,350,565,372,533,372
278,351,324,354,322,375,277,371
401,355,471,349,473,371,403,378
326,357,368,357,368,374,326,374
370,357,398,357,398,374,370,374
584,384,606,384,606,408,584,408
605,384,648,384,648,405,605,405
448,385,490,385,490,408,448,408
289,388,334,388,334,406,289,406
430,388,452,388,452,412,430,412
89,422,275,426,274,450,89,447
277,428,321,432,319,453,275,450
362,429,404,429,404,450,362,450
405,428,464,428,464,453,405,453
466,428,500,428,500,450,466,450
322,430,360,430,360,452,322,452
606,460,652,460,652,482,606,482
573,462,609,462,609,486,573,486
449,464,492,464,492,485,449,485
289,465,333,465,333,484,289,484
417,464,451,466,450,488,416,486
92,504,274,504,274,528,92,528
278,506,322,506,322,529,278,529
377,501,434,509,431,533,374,526
436,506,469,506,469,528,436,528
325,508,373,508,373,532,325,532
606,540,653,540,653,564,606,564
289,542,334,542,334,561,289,561
448,541,492,541,492,564,448,564
573,542,610,542,610,566,573,566
417,544,452,544,452,566,417,566
90,582,271,582,271,606,90,606
274,582,334,582,334,606,274,606
532,584,592,584,592,610,532,610
597,585,632,585,632,606,597,606
477,589,531,585,533,608,479,612
338,589,382,589,382,610,338,610
385,589,428,589,428,606,385,606
432,589,474,589,474,606,432,606
286,621,332,621,332,640,286,640
420,621,454,621,454,646,420,646
449,620,494,620,494,644,449,644
577,622,612,622,612,648,577,648
609,621,654,621,654,644,609,644
86,664,129,664,129,688,86,688
128,664,256,664,256,688,128,688
260,664,322,664,322,688,260,688
385,665,398,665,398,685,385,685
404,664,426,664,426,686,404,686
430,664,464,664,464,688,430,688
325,669,381,669,381,688,325,688
418,702,495,700,496,728,418,730
285,704,330,704,330,722,285,722
580,705,616,705,616,730,580,730
612,704,657,704,657,726,612,726
73,749,137,754,135,783,70,778
138,754,176,754,176,778,138,778
72,786,136,790,134,819,70,815
137,789,197,792,195,819,136,815
618,790,664,790,664,814,618,814
573,791,624,795,622,819,571,814
70,825,125,825,125,852,70,852
129,826,205,826,205,852,129,852
209,828,252,828,252,852,209,852
353,832,406,832,406,857,353,857
618,832,662,832,662,856,618,856
573,836,622,836,622,860,573,860
97,884,130,884,130,910,97,910
482,888,655,884,656,910,482,914
133,886,177,886,177,912,133,912
180,886,409,888,409,914,179,912
412,889,478,889,478,920,412,920
412,933,460,933,460,958,412,958
293,934,338,934,338,958,293,958
339,939,406,929,410,958,343,967
494,964,566,962,567,983,494,986
570,964,578,964,578,980,570,980
151,964,190,966,189,989,149,987
446,964,492,964,492,989,446,989
193,967,243,965,244,987,194,989
414,966,444,966,444,988,414,988
284,968,312,968,312,989,284,989
317,968,362,968,362,990,317,990
366,966,412,966,412,993,366,993
249,972,278,972,278,989,249,989
