208,275,357,279,357,302,207,298
185,330,200,330,200,342,185,342
201,330,216,330,216,344,201,344
217,330,233,330,233,344,217,344
290,333,309,333,309,346,290,346
306,333,341,333,341,346,306,346
341,334,361,334,361,348,341,348
360,334,385,334,385,348,360,348
184,346,200,346,200,360,184,360
200,346,216,346,216,360,200,360
233,346,246,346,246,361,233,361
217,348,232,348,232,361,217,361
306,350,328,350,328,362,306,362
326,350,348,350,348,364,326,364
348,350,368,350,368,364,348,364
369,350,385,350,385,364,369,364
306,366,322,366,322,380,306,380
324,366,338,366,338,380,324,380
340,366,364,366,364,381,340,381
364,368,384,368,384,381,364,381
184,380,206,380,206,393,184,393
229,381,273,381,273,394,229,394
290,381,309,381,309,396,290,396
348,384,384,384,384,397,348,397
209,404,244,404,244,418,209,418
249,406,276,406,276,420,249,420
281,406,317,406,317,421,281,421
322,408,358,408,358,422,322,422
190,429,226,429,226,442,190,442
182,445,201,445,201,458,182,458
240,446,276,446,276,460,240,460
288,448,308,448,308,460,288,460
317,447,383,449,382,463,316,461
182,461,193,461,193,474,182,474
194,461,209,461,209,474,194,474
246,462,276,462,276,476,246,476
288,464,300,464,300,477,288,477
301,465,308,465,308,477,301,477
308,464,328,464,328,477,308,477
353,465,382,465,382,480,353,480
252,486,284,486,284,501,252,501
284,486,312,486,312,501,284,501
250,504,262,504,262,517,250,517
262,504,274,504,274,517,262,517
274,504,290,504,290,517,274,517
292,505,312,505,312,518,292,518
181,517,202,517,202,532,181,532
336,522,365,522,365,536,336,536
365,522,381,522,381,536,365,536
181,534,200,534,200,549,181,549
200,536,220,536,220,549,200,549
336,538,365,538,365,552,336,552
365,538,381,538,381,552,365,552
181,552,196,552,196,566,181,566
249,553,273,553,273,566,249,566
180,568,198,568,198,582,180,582
336,572,365,572,365,585,336,585
364,572,381,572,381,585,364,585
178,585,197,585,197,598,178,598
198,585,218,585,218,598,198,598
336,587,365,589,365,603,335,601
364,589,380,589,380,602,364,602
