343,168,371,168,371,186,343,186
371,168,401,168,401,186,371,186
400,170,425,170,425,188,400,188
423,169,464,172,462,191,422,187
461,171,493,171,493,190,461,190
320,193,340,193,340,213,320,213
338,193,365,193,365,213,338,213
363,193,401,193,401,211,363,211
400,195,433,195,433,213,400,213
435,196,445,196,445,211,435,211
446,195,478,195,478,216,446,216
478,196,516,196,516,215,478,215
161,208,288,208,288,240,161,240
365,216,396,216,396,238,365,238
343,218,363,218,363,235,343,235
395,218,421,218,421,238,395,238
423,220,465,220,465,241,423,241
463,221,495,221,495,238,463,238
360,243,383,243,383,261,360,261
383,243,478,243,478,263,383,263
320,285,353,285,353,305,320,305
281,286,313,286,313,303,281,303
358,286,390,286,390,305,358,305
393,288,436,288,436,305,393,305
158,306,199,308,198,327,157,324
205,308,245,308,245,325,205,325
255,308,303,308,303,326,255,326
246,311,255,311,255,325,246,325
301,310,341,310,341,328,301,328
450,310,556,310,556,330,450,330
348,311,398,311,398,328,348,328
158,331,198,331,198,350,158,350
205,331,235,331,235,350,205,350
200,335,205,335,205,346,200,346
433,335,481,335,481,353,433,353
478,335,558,335,558,353,478,353
158,376,190,376,190,398,158,398
195,374,239,378,237,399,193,395
330,378,361,378,361,396,330,396
365,382,398,379,399,398,367,401
500,380,558,380,558,400,500,400
158,403,186,403,186,420,158,420
188,405,198,405,198,420,188,420
208,405,218,405,218,420,208,420
225,403,283,403,283,420,225,420
281,403,305,403,305,420,281,420
311,403,360,403,360,421,311,421
368,405,398,405,398,421,368,421
158,426,190,426,190,443,158,443
188,426,236,426,236,443,188,443
236,426,265,426,265,443,236,443
265,426,285,426,285,443,265,443
340,428,361,428,361,445,340,445
368,428,400,428,400,445,368,445
500,428,521,428,521,445,500,445
526,428,558,428,558,445,526,445
158,470,201,470,201,493,158,493
206,471,248,471,248,491,206,491
253,471,295,471,295,491,253,491
321,471,363,471,363,491,321,491
501,473,523,473,523,491,501,491
528,475,561,475,561,490,528,490
303,476,316,476,316,490,303,490
158,495,201,495,201,516,158,516
206,495,248,495,248,515,206,515
255,495,278,495,278,516,255,516
283,495,325,495,325,515,283,515
158,518,201,518,201,540,158,540
266,518,295,518,295,538,266,538
531,518,563,518,563,536,531,536
206,520,258,520,258,538,206,538
503,520,526,520,526,536,503,536
168,541,210,541,210,561,168,561
503,541,525,541,525,560,503,560
531,541,563,541,563,560,531,560
216,545,246,545,246,563,216,563
158,565,201,565,201,586,158,586
208,565,240,565,240,586,208,586
245,568,276,568,276,585,245,585
283,588,306,588,306,610,283,610
350,588,383,588,383,611,350,611
388,588,430,588,430,606,388,606
436,588,486,588,486,606,436,606
236,590,276,590,276,611,236,611
311,591,343,591,343,608,311,608
351,658,385,658,385,680,351,680
225,660,256,660,256,681,225,681
263,660,305,660,305,680,263,680
311,660,343,660,343,680,311,680
390,659,442,661,441,680,389,678
448,660,491,660,491,681,448,681
417,684,481,682,482,701,418,703
195,685,266,685,266,705,195,705
271,685,313,685,313,703,271,703
353,685,413,685,413,703,353,703
488,685,531,685,531,701,488,701
538,685,570,685,570,703,538,703
321,686,343,686,343,703,321,703
156,688,186,688,186,705,156,705
273,731,306,731,306,755,273,755
313,731,366,731,366,753,313,753
373,731,396,731,396,753,373,753
441,731,475,731,475,753,441,753
203,733,238,733,238,755,203,755
243,733,268,733,268,755,243,755
401,733,435,733,435,753,401,753
480,733,513,733,513,751,480,751
242,759,356,757,356,778,243,780
361,758,413,758,413,776,361,776
411,758,441,758,441,776,411,776
450,758,531,758,531,776,450,776
531,758,563,758,563,775,531,775
153,760,185,760,185,778,153,778
185,761,195,761,195,778,185,778
193,760,225,760,225,778,193,778
226,765,231,765,231,775,226,775
