392,243,439,238,441,258,393,262
330,247,391,243,392,266,331,269
278,255,326,250,327,269,280,274
216,261,277,255,280,276,218,282
180,263,216,263,216,285,180,285
126,269,177,265,179,286,128,291
375,273,403,273,403,291,375,291
330,278,363,278,363,295,330,295
289,283,329,278,331,296,292,301
248,288,280,288,280,305,248,305
210,291,221,291,221,308,210,308
220,290,246,290,246,306,220,306
196,295,206,295,206,308,196,308
373,300,442,290,445,306,375,316
170,295,191,295,191,311,170,311
350,305,363,305,363,316,350,316
363,305,376,305,376,315,363,315
259,308,329,305,330,321,260,324
226,311,248,311,248,326,226,326
167,317,217,313,219,330,168,334
220,316,225,316,225,326,220,326
400,323,439,319,441,333,402,337
136,320,170,320,170,336,136,336
100,323,126,323,126,338,100,338
356,323,400,323,400,340,356,340
310,326,356,326,356,343,310,343
251,333,278,333,278,348,251,348
203,340,241,340,241,353,203,353
166,341,200,341,200,356,166,356
337,362,401,359,402,384,338,387
288,365,335,365,335,391,288,391
233,375,284,370,286,393,235,397
181,375,230,375,230,401,181,401
271,406,359,398,361,416,273,424
225,411,264,407,266,424,226,428
328,430,343,430,343,446,328,446
250,433,286,433,286,453,250,453
288,433,326,433,326,450,288,450
444,442,479,440,480,458,445,460
390,448,444,443,446,462,391,466
348,451,373,451,373,471,348,471
310,456,345,456,345,473,310,473
248,460,281,460,281,478,248,478
206,465,228,465,228,481,206,481
140,471,183,471,183,490,140,490
106,473,138,473,138,490,106,490
140,496,219,490,221,507,141,514
100,500,143,496,144,514,102,517
355,503,378,503,378,521,355,521
325,506,346,506,346,525,325,525
290,511,323,509,324,526,292,529
221,515,263,509,266,529,224,536
266,511,290,511,290,530,266,530
181,518,221,518,221,536,181,536
463,520,496,517,498,534,465,537
441,521,463,521,463,538,441,538
158,523,180,523,180,541,158,541
135,525,156,525,156,540,135,540
106,526,135,526,135,543,106,543
355,530,388,527,389,545,356,547
335,531,355,531,355,548,335,548
248,543,271,540,273,552,250,556
196,543,238,543,238,558,196,558
106,577,226,566,228,586,108,596
356,583,380,583,380,600,356,600
326,586,355,586,355,603,326,603
292,590,324,587,326,604,293,607
223,591,265,591,265,611,223,611
266,591,290,591,290,608,266,608
473,598,506,595,507,614,475,617
181,598,223,598,223,616,181,616
451,600,471,600,471,618,451,618
158,601,180,601,180,621,158,621
111,603,156,603,156,621,111,621
365,608,396,608,396,626,365,626
341,610,365,610,365,628,341,628
256,621,280,621,280,633,256,633
223,623,233,623,233,636,223,636
203,625,215,625,215,638,203,638
482,653,516,650,517,668,483,671
231,655,253,655,253,671,231,671
451,655,483,655,483,673,451,673
151,658,178,658,178,678,151,678
211,660,223,660,223,673,211,673
108,661,151,661,151,681,108,681
265,673,311,670,312,689,266,692
228,676,263,676,263,696,228,696
196,680,225,680,225,698,196,698
490,683,520,683,520,701,490,701
110,685,155,685,155,708,110,708
155,685,196,685,196,703,155,703
456,686,488,686,488,705,456,705
308,700,345,700,345,718,308,718
208,709,241,707,242,724,210,727
153,713,207,709,209,728,155,733
492,713,523,710,524,729,493,732
115,716,153,716,153,735,115,735
208,738,248,738,248,756,208,756
160,741,185,741,185,763,160,763
185,741,206,741,206,758,185,758
121,745,158,745,158,765,121,765
408,755,529,745,531,766,410,776
356,760,408,760,408,785,356,785
166,779,354,760,356,784,168,802
131,781,166,781,166,803,131,803
103,783,130,783,130,806,103,806
338,795,409,789,411,812,340,817
291,800,336,800,336,821,291,821
258,805,290,805,290,821,258,821
398,818,446,818,446,836,398,836
345,825,396,820,397,838,346,843
313,826,345,826,345,846,313,846
290,831,311,831,311,846,290,846
251,833,286,833,286,851,251,851
221,836,250,836,250,853,221,853
181,904,502,873,505,904,184,936
