365,185,397,185,397,205,365,205
396,184,428,184,428,206,396,206
429,185,453,185,453,206,429,206
452,186,470,186,470,206,452,206
469,185,502,185,502,208,469,208
501,186,525,186,525,209,501,209
525,188,554,188,554,209,525,209
582,192,592,192,592,209,582,209
556,193,582,193,582,210,556,210
376,214,397,214,397,233,376,233
397,214,424,214,424,234,397,234
425,214,464,214,464,234,425,234
492,217,500,217,500,234,492,234
505,216,516,216,516,234,505,234
521,217,553,217,553,237,521,237
553,217,582,217,582,237,553,237
464,218,489,218,489,236,464,236
193,230,332,230,332,266,193,266
388,241,409,241,409,262,388,262
412,242,444,242,444,264,412,264
445,244,473,244,473,265,445,265
477,244,488,244,488,262,477,262
492,242,538,247,535,270,489,264
537,245,569,245,569,265,537,265
413,270,440,270,440,292,413,292
438,269,542,269,542,293,438,293
328,318,361,318,361,338,328,338
369,320,393,320,393,340,369,340
401,320,434,320,434,340,401,340
441,319,486,320,485,341,440,339
192,341,234,341,234,364,192,364
242,342,286,342,286,364,242,364
286,342,392,346,391,368,286,364
400,348,450,348,450,364,400,364
511,349,618,349,618,367,511,367
190,368,236,368,236,390,190,390
242,370,276,370,276,389,242,389
236,374,244,374,244,386,236,386
493,374,544,374,544,393,493,393
542,374,628,374,628,394,542,394
190,420,224,420,224,441,190,441
232,419,279,423,278,444,230,440
406,424,442,421,443,443,408,446
554,424,618,424,618,445,554,445
378,425,402,425,402,444,378,444
481,426,502,426,502,444,481,444
254,446,298,446,298,468,254,468
190,448,245,448,245,466,190,466
305,448,338,448,338,468,305,468
348,448,380,448,380,468,348,468
418,449,441,449,441,469,418,469
449,448,505,452,503,472,448,469
553,450,577,450,577,470,553,470
388,452,412,452,412,469,388,469
513,452,545,452,545,470,513,470
189,473,329,473,329,493,189,493
418,476,452,476,452,494,418,494
388,477,412,477,412,494,388,494
564,478,594,478,594,494,564,494
593,478,628,478,628,496,593,496
190,521,234,521,234,544,190,544
244,521,288,521,288,544,244,544
296,524,340,524,340,544,296,544
368,524,412,524,412,545,368,545
348,526,368,526,368,544,348,544
562,529,628,529,628,548,562,548
189,548,234,548,234,569,189,569
242,548,288,548,288,569,242,569
316,548,360,548,360,570,316,570
294,549,306,549,306,568,294,568
605,556,616,556,616,570,605,570
188,572,233,572,233,596,188,596
305,573,337,573,337,596,305,596
241,574,297,574,297,596,241,596
564,580,589,580,589,598,564,598
586,580,629,580,629,598,586,598
198,600,244,600,244,622,198,622
252,602,285,602,285,622,252,622
554,606,589,606,589,625,554,625
594,606,629,606,629,625,594,625
186,626,232,626,232,649,186,649
240,625,273,625,273,649,240,649
282,630,317,630,317,650,282,650
596,632,630,632,630,652,596,652
565,633,590,633,590,652,565,652
271,656,314,654,315,675,272,677
322,653,346,653,346,676,322,676
397,654,432,654,432,678,397,678
440,654,484,654,484,676,440,676
354,656,389,656,389,676,354,676
492,657,545,657,545,678,492,678
260,734,292,734,292,757,260,757
301,734,346,734,346,757,301,757
397,734,432,734,432,756,397,756
354,736,389,736,389,757,354,757
440,737,496,738,495,759,439,757
502,737,548,737,548,760,502,760
228,764,304,764,304,784,228,784
310,764,354,764,354,784,310,784
365,764,389,764,389,784,365,784
398,764,462,764,462,784,398,784
470,764,493,764,493,784,470,784
492,764,537,764,537,784,492,784
184,765,217,765,217,784,184,784
544,766,589,766,589,784,544,784
596,766,629,766,629,785,596,785
237,814,272,814,272,836,237,836
278,813,304,813,304,836,278,836
312,814,346,814,346,836,312,836
354,814,410,814,410,836,354,836
418,814,441,814,441,836,418,836
492,814,526,814,526,836,492,836
533,816,568,816,568,836,533,836
449,817,484,817,484,836,449,836
227,840,270,845,268,864,225,859
500,841,577,840,577,859,501,861
182,842,217,842,217,861,182,861
217,844,225,844,225,858,217,858
278,842,398,842,398,861,278,861
406,842,452,842,452,861,406,861
450,844,458,844,458,858,450,858
458,842,492,842,492,861,458,861
584,842,617,842,617,860,584,860
