472,152,497,152,497,177,472,177
337,154,370,154,370,174,337,174
369,153,402,153,402,176,369,176
402,156,426,156,426,176,402,176
425,156,445,156,445,177,425,177
497,153,546,158,543,182,495,176
444,156,473,156,473,180,444,180
544,157,568,157,568,177,544,177
370,182,393,182,393,204,370,204
349,184,369,184,369,202,349,202
393,184,421,184,421,204,393,204
460,182,482,182,482,204,460,204
484,184,504,184,504,204,484,204
421,185,460,185,460,208,421,208
504,185,545,185,545,205,504,205
545,186,554,186,554,204,545,204
162,201,302,201,302,237,162,237
348,213,356,213,356,226,348,226
361,212,394,212,394,233,361,233
395,210,431,214,429,236,392,232
430,213,449,213,449,233,430,233
453,213,486,213,486,234,453,234
486,213,516,213,516,234,486,234
536,213,560,213,560,233,536,233
521,216,530,216,530,232,521,232
381,238,409,238,409,261,381,261
409,238,478,238,478,262,409,262
477,240,520,240,520,262,477,262
297,290,332,290,332,310,297,310
340,290,364,290,364,310,340,310
372,292,406,292,406,312,372,312
413,292,458,292,458,312,413,312
160,314,204,314,204,336,160,336
212,314,256,314,256,336,212,336
256,315,363,318,362,340,255,336
372,320,424,320,424,338,372,338
486,320,594,320,594,338,486,338
158,341,204,341,204,362,158,362
212,342,245,342,245,361,212,361
205,346,212,346,212,360,205,360
465,346,604,346,604,365,465,365
158,393,193,393,193,413,158,413
201,391,249,395,247,416,200,413
379,399,414,394,416,415,381,419
529,396,594,396,594,417,529,417
349,397,374,397,374,416,349,416
454,398,477,398,477,417,454,417
160,420,193,420,193,438,160,438
202,421,266,421,266,440,202,440
277,422,310,422,310,441,277,441
319,422,352,424,351,443,317,441
350,422,393,422,393,442,350,442
157,445,300,447,299,467,157,465
350,449,382,449,382,468,350,468
390,450,424,450,424,468,390,468
528,450,561,450,561,468,528,468
568,450,604,450,604,469,568,469
384,456,390,456,390,466,384,466
157,493,204,493,204,518,157,518
212,494,257,494,257,518,212,518
265,497,310,497,310,518,265,518
338,498,384,498,384,518,338,518
318,500,338,500,338,517,318,517
528,502,561,502,561,521,528,521
569,502,604,502,604,521,569,521
157,521,204,521,204,544,157,544
213,522,257,522,257,545,213,545
286,522,332,522,332,545,286,545
264,524,276,524,276,542,264,542
157,548,202,548,202,570,157,570
210,549,269,549,269,570,210,570
276,549,309,549,309,570,276,570
528,554,561,554,561,573,528,573
569,554,604,554,604,573,569,573
168,574,213,574,213,597,168,597
221,577,256,577,256,597,221,597
526,580,564,580,564,598,526,598
569,581,604,581,604,600,569,600
156,601,202,601,202,624,156,624
210,601,244,601,244,624,210,624
253,604,288,604,288,624,253,624
528,606,564,606,564,625,528,625
569,608,605,608,605,626,569,626
293,626,317,626,317,650,293,650
242,630,286,628,287,650,242,652
369,629,402,629,402,652,369,652
410,629,456,629,456,650,410,650
326,630,361,630,361,650,326,650
464,632,517,632,517,652,464,652
230,708,264,708,264,730,230,730
271,709,317,707,317,729,272,731
368,708,404,708,404,730,368,730
325,709,360,709,360,730,325,730
474,710,520,710,520,733,474,733
410,711,467,713,466,733,409,731
198,737,274,737,274,757,198,757
282,737,326,737,326,757,282,757
336,737,360,737,360,757,336,757
369,737,434,737,434,757,369,757
442,737,465,737,465,757,442,757
154,738,188,738,188,757,154,757
464,738,509,738,509,757,464,757
569,739,604,741,603,760,568,758
516,741,562,741,562,758,516,758
325,788,382,788,382,810,325,810
208,789,242,789,242,810,208,810
249,788,274,788,274,810,249,810
282,789,317,789,317,810,282,810
389,788,412,788,412,810,389,810
464,790,498,790,498,812,464,812
421,792,456,792,456,812,421,812
506,793,541,793,541,812,506,812
186,817,240,817,240,837,186,837
249,818,370,817,370,836,249,838
378,817,432,817,432,837,378,837
432,817,464,817,464,837,432,837
153,818,186,818,186,837,153,837
473,818,551,818,551,837,473,837
557,820,593,820,593,837,557,837
