260,158,392,158,392,178,260,178
401,158,477,158,477,177,401,177
228,188,275,192,274,210,227,206
277,190,313,190,313,208,277,208
317,190,360,190,360,206,317,206
366,190,404,190,404,208,366,208
409,190,446,190,446,208,409,208
450,190,501,190,501,206,450,206
82,217,118,217,118,232,82,232
213,254,282,252,283,283,214,285
366,253,430,253,430,281,366,281
440,253,525,253,525,281,440,281
289,256,358,256,358,282,289,282
582,292,628,292,628,312,582,312
440,296,477,291,480,314,443,318
506,293,578,293,578,312,506,312
389,294,438,296,437,315,388,313
240,296,269,296,269,316,240,316
298,296,348,296,348,314,298,314
94,298,137,298,137,316,94,316
144,296,205,301,203,321,142,315
488,326,520,326,520,345,488,345
81,328,265,328,265,348,81,348
271,329,321,327,321,347,272,349
413,328,481,328,481,348,413,348
328,329,361,329,361,348,328,348
366,328,410,332,408,351,365,347
449,358,493,358,493,378,449,378
561,358,612,358,612,381,561,381
608,358,652,358,652,378,608,378
217,360,232,360,232,374,217,374
280,360,326,360,326,377,280,377
414,360,452,360,452,381,414,381
69,396,262,396,262,418,69,418
266,397,328,397,328,418,266,418
332,396,410,396,410,418,332,418
480,397,513,397,513,417,480,417
413,395,475,399,474,422,412,418
582,430,621,430,621,456,582,456
617,430,662,430,662,452,617,452
453,432,498,432,498,453,453,453
213,433,228,433,228,449,213,449
278,433,328,433,328,450,278,450
418,433,456,433,456,456,418,456
410,473,446,473,446,497,410,497
59,475,245,473,245,498,60,500
250,474,300,476,299,499,250,497
333,476,406,476,406,497,333,497
304,477,328,477,328,497,304,497
437,513,461,513,461,538,437,538
457,512,504,512,504,536,457,536
56,513,98,513,98,537,56,537
104,510,170,516,168,542,102,536
170,513,210,513,210,541,170,541
456,552,504,552,504,577,456,577
589,553,630,553,630,580,589,580
626,552,673,552,673,576,626,576
277,554,328,554,328,574,277,574
436,554,460,554,460,580,436,580
52,554,96,554,96,580,52,580
101,554,157,554,157,580,101,580
261,598,324,598,324,626,261,626
440,598,516,598,516,624,440,624
521,598,558,598,558,624,521,624
51,603,257,600,257,627,52,630
389,605,438,605,438,628,389,628
329,606,382,606,382,625,329,625
628,638,674,638,674,664,628,664
592,640,630,640,630,668,592,668
420,641,461,641,461,669,420,669
457,641,505,641,505,665,457,665
274,644,325,644,325,664,274,664
208,645,221,645,221,664,208,664
43,695,112,702,108,733,40,725
111,704,152,701,154,725,113,729
232,706,262,706,262,728,232,728
630,729,677,729,677,753,630,753
580,730,634,730,634,757,580,757
44,734,112,740,110,770,42,764
115,737,181,743,179,770,113,764
630,782,677,782,677,806,630,806
580,784,634,784,634,810,580,810
48,787,115,793,112,822,46,816
114,790,162,790,162,817,114,817
630,824,677,824,677,848,630,848
581,826,634,826,634,852,581,852
50,826,106,826,106,852,50,852
197,828,242,828,242,852,197,852
110,828,191,827,192,851,110,853
352,830,409,830,409,854,352,854
626,866,672,866,672,888,626,888
576,868,629,868,629,890,576,890
45,872,96,872,96,894,45,894
100,873,133,873,133,894,100,894
137,874,166,874,166,896,137,896
173,874,238,874,238,894,173,894
636,912,662,912,662,932,636,932
486,916,630,913,631,933,486,937
90,917,122,917,122,937,90,937
126,918,170,918,170,938,126,938
176,918,408,918,408,938,176,938
414,918,481,918,481,941,414,941
293,950,337,950,337,966,293,966
342,953,407,948,408,967,344,972
413,950,460,950,460,968,413,968
158,968,193,970,193,981,158,979
494,969,562,969,562,984,494,984
569,970,577,970,577,981,569,981
200,970,245,972,245,983,199,981
318,969,362,973,360,987,317,983
414,970,441,970,441,985,414,985
448,970,488,970,488,985,448,985
253,973,280,973,280,984,253,984
286,972,313,972,313,984,286,984
367,972,409,970,409,985,368,987
