384,11,452,18,449,51,380,44
459,18,549,39,541,70,451,49
552,35,667,45,665,75,549,64
265,38,318,43,315,70,262,65
672,40,765,43,764,74,671,71
320,41,391,57,384,85,314,70
389,53,462,59,460,88,387,82
467,63,541,71,538,100,464,91
545,77,557,77,557,96,545,96
557,77,592,77,592,106,557,106
594,79,642,79,642,108,594,108
662,81,729,81,729,108,662,108
646,83,662,83,662,104,646,104
731,83,786,83,786,112,731,112
786,84,828,84,828,112,786,112
832,86,879,86,879,114,832,114
447,96,504,103,501,128,444,121
514,105,659,116,657,145,512,133
656,118,693,118,693,142,656,142
504,155,576,159,574,189,502,185
583,164,632,164,632,191,583,191
221,203,260,203,260,231,221,231
262,207,324,207,324,237,262,237
326,211,367,211,367,241,326,241
219,236,294,250,288,281,213,267
292,249,332,249,332,278,292,278
764,251,832,251,832,276,764,276
830,253,899,253,899,280,830,280
336,254,413,256,413,284,335,282
213,278,287,286,283,315,210,307
288,290,324,290,324,318,288,318
328,289,382,292,381,321,326,318
820,290,875,290,875,318,820,318
879,292,897,292,897,318,879,318
207,319,260,322,258,350,206,347
261,322,325,326,323,356,259,352
725,324,800,324,800,351,725,351
802,329,898,334,896,358,801,352
670,355,750,361,748,388,668,383
203,358,256,362,254,390,202,387
751,360,822,365,819,394,749,388
824,367,867,367,867,395,824,395
256,369,294,369,294,391,256,391
863,369,901,369,901,395,863,395
666,392,748,399,746,427,664,421
749,399,821,403,819,431,747,427
822,404,896,408,895,436,821,432
192,455,256,459,254,490,190,485
260,456,340,470,334,501,255,486
646,488,685,488,685,517,646,517
792,498,838,498,838,529,792,529
840,502,901,502,901,533,840,533
182,509,247,512,246,533,181,530
255,508,335,512,333,541,253,537
337,513,385,513,385,541,337,541
387,517,444,517,444,545,387,545
178,535,226,541,222,570,175,565
219,541,276,541,276,569,219,569
808,547,855,552,851,582,805,577
847,553,901,553,901,583,847,583
170,586,255,589,254,619,169,616
261,588,352,599,348,630,257,619
354,596,414,599,412,629,352,626
166,620,209,620,209,652,166,652
207,622,266,622,266,652,207,652
810,631,906,638,904,668,808,661
156,672,207,672,207,701,156,701
213,671,273,682,268,711,207,700
274,679,359,679,359,711,274,711
363,685,401,685,401,715,363,715
150,709,197,709,197,741,150,741
193,711,254,711,254,741,193,741
812,716,910,722,908,755,810,748
143,761,205,766,202,800,139,794
211,763,284,770,282,800,209,794
136,800,185,800,185,836,136,836
180,799,244,802,242,836,178,833
814,806,855,806,855,836,814,836
857,810,915,810,915,840,857,840
130,856,183,860,181,892,128,889
648,887,668,887,668,919,648,919
124,899,154,899,154,934,124,934
816,899,919,899,919,932,816,932
148,899,211,899,211,932,148,932
114,966,189,966,189,994,114,994
195,969,271,972,270,1006,194,1003
274,962,367,975,362,1012,268,999
367,968,413,968,413,1013,367,1013
818,998,867,998,867,1033,818,1033
111,1000,165,1005,161,1040,108,1036
861,1000,923,1000,923,1033,861,1033
156,1004,221,1004,221,1039,156,1039
102,1089,197,1106,189,1150,94,1132
796,1134,859,1134,859,1170,796,1170
861,1138,925,1138,925,1174,861,1174
93,1221,202,1239,193,1290,85,1272
730,1261,924,1273,921,1319,727,1307
88,1290,164,1290,164,1326,88,1326
169,1296,237,1296,237,1332,169,1332
769,1323,840,1328,837,1362,767,1357
834,1326,918,1330,916,1366,832,1362
189,1363,268,1363,268,1395,189,1395
324,1371,349,1371,349,1399,324,1399
274,1373,318,1373,318,1397,274,1397
356,1371,438,1376,436,1406,354,1401
440,1377,504,1377,504,1409,440,1409
507,1381,579,1381,579,1413,507,1413
583,1385,662,1385,662,1421,583,1421
666,1389,751,1391,750,1424,665,1422
755,1393,814,1393,814,1421,755,1421
361,1422,502,1428,501,1453,360,1446
509,1429,549,1429,549,1458,509,1458
555,1429,639,1434,638,1461,554,1456
