325,54,378,54,378,76,325,76
240,58,286,58,286,77,240,77
289,58,322,58,322,72,289,72
381,58,413,58,413,72,381,72
416,58,456,58,456,77,416,77
468,58,545,58,545,77,468,77
392,109,450,113,448,133,390,130
309,116,342,116,342,134,309,134
346,116,386,116,386,129,346,129
450,116,497,116,497,134,450,134
513,172,570,172,570,192,513,192
572,172,601,172,601,192,572,192
604,171,638,173,637,192,602,190
168,173,218,173,218,192,168,192
216,173,258,173,258,192,216,192
564,212,597,212,597,228,564,228
600,213,634,213,634,229,600,229
169,214,212,214,212,232,169,232
212,214,245,214,245,233,212,233
578,243,638,251,635,275,575,267
441,248,495,249,494,269,440,267
501,249,570,249,570,270,501,270
170,249,272,250,271,275,170,274
538,290,602,290,602,309,538,309
314,304,353,304,353,324,314,324
176,305,209,305,209,322,176,322
210,305,233,305,233,324,210,324
354,305,377,305,377,324,354,324
618,306,629,306,629,321,618,321
521,314,564,314,564,330,521,330
566,314,601,314,601,332,566,332
556,341,602,344,601,362,555,359
490,344,524,344,524,362,490,362
528,344,554,344,554,362,528,362
616,357,628,357,628,373,616,373
178,358,210,358,210,376,178,376
212,358,234,358,234,376,212,376
321,358,353,358,353,377,321,377
354,358,377,358,377,377,354,377
520,366,564,368,563,383,519,381
566,366,598,366,598,381,566,381
482,368,516,368,516,384,482,384
480,401,516,401,516,420,480,420
518,400,560,402,559,418,517,415
564,401,596,401,596,416,564,416
180,404,213,404,213,421,180,421
213,404,236,404,236,421,213,421
321,404,353,404,353,421,321,421
354,404,377,404,377,422,354,422
280,444,308,444,308,461,280,461
490,453,562,453,562,469,490,469
213,454,233,454,233,470,213,470
350,454,377,454,377,470,350,470
422,454,444,454,444,472,422,472
285,465,302,465,302,481,285,481
557,498,600,498,600,514,557,514
445,499,484,501,483,516,444,514
486,500,522,500,522,514,486,514
524,502,549,502,549,516,524,516
602,502,630,502,630,516,602,516
358,532,424,532,424,546,358,546
585,532,629,532,629,548,585,548
476,533,501,533,501,546,476,546
434,534,457,534,457,546,434,546
457,534,476,534,476,546,457,546
500,534,577,534,577,546,500,546
546,564,566,564,566,577,546,577
574,564,606,564,606,577,574,577
608,564,629,564,629,577,608,577
338,592,441,592,441,609,338,609
441,592,468,592,468,608,441,608
344,622,418,622,418,642,344,642
424,622,473,622,473,642,424,642
280,624,338,624,338,644,280,644
476,624,525,624,525,644,476,644
316,657,357,657,357,676,316,676
356,657,418,657,418,674,356,674
424,654,486,658,485,675,423,671
370,678,428,678,428,698,370,698
326,681,368,681,368,698,326,698
444,680,476,682,475,700,443,698
233,704,269,701,270,720,234,723
342,701,372,705,370,723,339,719
417,702,484,702,484,722,417,722
272,705,325,705,325,722,272,722
374,705,412,705,412,721,374,721
193,706,232,706,232,722,193,722
498,706,532,706,532,722,498,722
536,703,573,709,571,723,534,718
578,708,609,708,609,725,578,725
377,736,425,736,425,756,377,756
334,762,396,762,396,785,334,785
206,762,261,762,261,788,206,788
280,764,329,764,329,785,280,785
400,764,441,764,441,782,400,782
446,765,496,765,496,786,446,786
501,766,534,766,534,789,501,789
538,766,597,766,597,785,538,785
