519,126,554,126,554,147,519,147
444,129,480,129,480,151,444,151
483,129,521,129,521,151,483,151
588,163,629,163,629,186,588,186
563,165,581,165,581,184,563,184
629,165,665,165,665,186,629,186
290,165,345,168,344,192,289,190
670,167,709,167,709,188,670,188
350,166,423,173,421,199,348,191
423,170,457,170,457,193,423,193
457,170,517,170,517,188,457,188
521,170,560,170,560,186,521,186
521,195,588,195,588,220,521,220
450,199,519,196,520,222,452,225
412,202,444,202,444,225,412,225
520,234,582,231,584,263,521,265
585,233,618,233,618,265,585,265
382,240,444,240,444,268,382,268
448,241,515,241,515,266,448,266
473,282,496,282,496,304,473,304
249,284,316,284,316,307,249,307
320,283,380,290,378,313,318,306
406,286,471,283,471,304,407,307
529,316,590,313,591,337,530,340
592,314,622,314,622,337,592,337
250,318,314,318,314,345,250,345
407,318,471,318,471,341,407,341
466,319,528,316,529,337,467,340
252,350,309,350,309,373,252,373
313,350,362,350,362,371,313,371
482,350,512,350,512,369,482,369
407,350,479,353,478,373,406,371
553,380,622,380,622,403,553,403
436,383,494,381,495,405,437,407
522,382,554,382,554,401,522,401
252,384,282,384,282,405,252,405
284,384,325,384,325,403,284,403
330,384,378,384,378,403,330,403
409,384,437,384,437,407,409,407
494,384,517,384,517,401,494,401
588,444,626,444,626,467,588,467
686,444,752,444,752,464,686,464
254,448,293,448,293,469,254,469
373,448,398,448,398,471,373,471
482,453,514,444,521,466,488,475
299,446,358,454,355,478,295,470
437,449,483,449,483,469,437,469
405,487,446,487,446,510,405,510
254,489,307,489,307,508,254,508
313,489,353,489,353,508,313,508
357,489,400,489,400,508,357,508
448,489,496,489,496,508,448,508
711,515,754,515,754,538,711,538
681,517,709,517,709,538,681,538
343,519,401,519,401,540,343,540
453,519,519,519,519,540,453,540
325,524,336,524,336,538,325,538
412,556,467,556,467,579,412,579
256,558,286,558,286,579,256,579
289,558,329,558,329,579,289,579
334,562,368,562,368,578,334,578
371,562,405,562,405,581,371,581
681,586,709,586,709,610,681,610
711,586,754,586,754,610,711,610
355,590,401,590,401,613,355,613
455,590,521,590,521,610,455,610
337,594,348,594,348,610,337,610
300,627,332,627,332,649,300,649
335,625,391,631,388,654,332,647
393,627,442,627,442,647,393,647
448,627,501,627,501,647,448,647
511,623,566,630,563,652,508,645
254,629,297,629,297,649,254,649
455,658,483,658,483,681,455,681
482,658,521,658,521,681,482,681
681,658,711,658,711,681,681,681
711,658,752,658,752,677,711,677
366,659,401,659,401,677,366,677
350,663,359,663,359,679,350,679
364,693,417,693,417,716,364,716
490,695,521,695,521,715,490,715
588,695,638,695,638,715,588,715
645,695,700,695,700,716,645,716
257,697,284,697,284,716,257,716
288,696,351,698,350,719,287,716
421,697,489,697,489,718,421,718
538,697,585,697,585,715,538,715
368,725,407,725,407,747,368,747
469,725,522,725,522,745,469,745
352,729,362,729,362,745,352,745
691,727,707,727,707,747,691,747
709,727,750,727,750,747,709,747
455,760,504,763,503,782,454,779
576,761,629,761,629,780,576,780
331,762,372,764,371,785,329,783
373,763,419,763,419,782,373,782
423,763,451,763,451,784,423,784
263,764,327,764,327,784,263,784
503,764,522,764,522,784,503,784
524,764,572,764,572,780,524,780
360,793,407,790,408,815,361,817
457,791,522,791,522,811,457,811
345,796,355,796,355,812,345,812
679,795,707,795,707,816,679,816
709,795,752,795,752,818,709,818
526,827,546,827,546,843,526,843
368,828,405,828,405,848,368,848
409,828,441,828,441,848,409,848
512,828,528,828,528,846,512,846
263,830,331,832,330,852,262,850
336,830,362,830,362,848,336,848
444,830,510,830,510,846,444,846
460,855,526,855,526,878,460,878
362,859,409,859,409,882,362,882
346,862,359,862,359,880,346,880
677,860,706,860,706,882,677,882
709,861,751,864,750,886,708,883
446,891,501,891,501,916,446,916
503,891,546,891,546,914,503,914
368,892,401,892,401,912,368,912
405,892,444,892,444,912,405,912
337,894,366,894,366,914,337,914
266,896,334,896,334,917,266,917
366,921,409,921,409,942,366,942
460,921,524,921,524,940,460,940
350,924,361,924,361,940,350,940
677,924,707,924,707,948,677,948
708,924,752,930,749,953,705,947
366,953,432,956,432,978,365,976
433,956,498,956,498,976,433,976
313,960,343,960,343,980,313,980
345,960,362,960,362,978,345,978
268,965,307,965,307,985,268,985
368,983,412,983,412,1008,368,1008
474,985,526,985,526,1003,474,1003
350,988,364,988,364,1006,350,1006
677,990,706,990,706,1012,677,1012
708,989,748,992,746,1012,706,1010
407,1027,461,1035,458,1058,404,1050
460,1033,487,1033,487,1051,460,1051
490,1033,524,1033,524,1052,490,1052
528,1040,549,1040,549,1058,528,1058
716,1042,745,1042,745,1061,716,1061
402,1057,456,1066,452,1090,399,1082
457,1065,494,1065,494,1084,457,1084
499,1069,525,1072,524,1086,498,1083
663,1072,704,1072,704,1093,663,1093
704,1072,745,1072,745,1095,704,1095
393,1088,445,1096,442,1118,390,1111
458,1095,485,1095,485,1115,458,1115
487,1097,528,1097,528,1116,487,1116
645,1108,693,1108,693,1132,645,1132
688,1108,745,1108,745,1134,688,1134
403,1127,461,1129,460,1150,402,1147
467,1134,505,1134,505,1152,467,1152
526,1136,549,1136,549,1154,526,1154
508,1140,517,1140,517,1156,508,1156
663,1141,704,1141,704,1165,663,1165
704,1141,745,1141,745,1165,704,1165
675,1173,704,1173,704,1195,675,1195
702,1173,745,1173,745,1197,702,1197
335,1212,398,1198,403,1219,340,1233
403,1202,437,1202,437,1221,403,1221
440,1199,489,1210,485,1231,436,1220
489,1207,526,1207,526,1227,489,1227
583,1213,613,1213,613,1234,583,1234
526,1214,542,1214,542,1229,526,1229
544,1213,579,1216,577,1233,543,1230
615,1216,656,1216,656,1237,615,1237
290,1224,335,1216,339,1238,294,1247
661,1219,705,1221,704,1240,660,1237
707,1223,734,1223,734,1241,707,1241
355,1230,402,1225,405,1248,357,1253
406,1223,473,1232,470,1255,403,1246
473,1233,508,1236,506,1255,471,1251
508,1237,524,1237,524,1253,508,1253
528,1238,565,1243,563,1262,525,1257
568,1237,604,1244,599,1265,564,1258
297,1249,353,1239,356,1259,301,1269
605,1242,653,1244,652,1265,604,1262
658,1242,727,1249,725,1271,656,1264
380,1253,426,1253,426,1273,380,1273
429,1253,494,1258,492,1279,427,1275
323,1269,376,1258,380,1278,327,1289
498,1262,526,1262,526,1282,498,1282
556,1268,601,1268,601,1285,556,1285
537,1269,551,1269,551,1285,537,1285
283,1281,322,1268,328,1288,290,1301
605,1269,662,1274,661,1292,603,1288
665,1271,700,1271,700,1289,665,1289
706,1273,739,1273,739,1289,706,1289
382,1277,412,1277,412,1296,382,1296
414,1280,451,1280,451,1300,414,1300
353,1284,380,1284,380,1303,353,1303
453,1284,515,1284,515,1305,453,1305
530,1291,569,1291,569,1309,530,1309
570,1291,601,1291,601,1309,570,1309
296,1299,349,1291,353,1311,299,1320
645,1293,690,1293,690,1310,645,1310
604,1294,642,1294,642,1310,604,1310
693,1294,727,1294,727,1312,693,1312
414,1304,463,1308,462,1328,412,1323
464,1310,483,1310,483,1328,464,1328
482,1313,521,1316,520,1334,480,1331
537,1315,570,1318,568,1332,536,1330
576,1317,610,1317,610,1332,576,1332
393,1328,435,1328,435,1349,393,1349
437,1333,478,1333,478,1353,437,1353
480,1335,508,1335,508,1353,480,1353
554,1335,626,1335,626,1351,554,1351
515,1341,551,1341,551,1353,515,1353
