473,339,525,336,525,353,474,355
197,340,222,340,222,356,197,356
228,338,265,341,263,359,226,356
362,341,389,341,389,357,362,357
340,342,357,342,357,356,340,356
418,342,434,342,434,356,418,356
197,360,230,360,230,374,197,374
237,360,262,360,262,374,237,374
441,360,492,360,492,374,441,374
269,360,302,362,301,377,268,375
308,361,341,361,341,376,308,376
378,361,397,361,397,376,378,376
348,362,373,362,373,376,348,376
402,362,436,362,436,376,402,376
196,380,214,380,214,393,196,393
220,380,270,380,270,396,220,396
293,382,302,382,302,396,293,396
308,381,333,381,333,396,308,396
340,381,358,381,358,396,340,396
277,384,286,384,286,394,277,394
196,398,245,398,245,413,196,413
482,398,533,398,533,413,482,413
245,400,302,400,302,414,245,414
348,401,366,401,366,414,348,414
365,401,397,401,397,414,365,414
474,418,506,418,506,433,474,433
506,418,533,418,533,433,506,433
196,420,216,420,216,433,196,433
292,437,318,437,318,456,292,456
196,438,214,438,214,453,196,453
252,438,285,438,285,453,252,453
322,438,358,438,358,456,322,456
220,440,246,440,246,453,220,453
364,440,396,440,396,456,364,456
196,458,302,458,302,473,196,473
482,458,501,458,501,473,482,473
506,458,533,458,533,473,506,473
348,460,366,460,366,473,348,473
370,460,397,460,397,473,370,473
506,477,533,477,533,492,506,492
196,478,214,478,214,493,196,493
474,478,502,478,502,493,474,493
196,514,232,514,232,533,196,533
237,514,272,514,272,533,237,533
276,516,310,516,310,532,276,532
332,516,366,516,366,532,332,532
501,517,534,517,534,532,501,532
316,518,332,518,332,532,316,532
484,518,501,518,501,532,484,532
196,534,232,534,232,553,196,553
292,534,328,534,328,553,292,553
237,536,272,536,272,553,237,553
277,537,285,537,285,552,277,552
468,538,493,538,493,552,468,552
493,538,526,538,526,552,493,552
284,554,310,554,310,573,284,573
196,556,232,556,232,573,196,573
236,556,278,556,278,572,236,572
484,558,502,558,502,572,484,572
502,558,536,558,536,573,502,573
204,576,238,576,238,593,204,593
244,577,270,577,270,593,244,593
477,578,504,578,504,593,477,593
508,578,537,578,537,594,508,594
236,594,262,594,262,613,236,613
194,596,230,596,230,613,194,613
266,597,293,597,293,613,266,613
509,598,537,598,537,616,509,616
485,600,504,600,504,613,485,613
298,616,317,616,317,633,298,633
354,616,382,616,382,636,354,636
258,617,293,617,293,634,258,634
322,617,349,617,349,632,322,632
388,617,422,617,422,634,388,634
428,618,470,618,470,636,428,636
217,656,245,656,245,674,217,674
249,657,293,657,293,674,249,674
194,658,212,658,212,673,194,673
298,657,333,659,333,675,297,673
404,660,421,660,421,673,404,673
470,661,510,661,510,674,470,674
510,661,537,661,537,676,510,676
354,677,397,677,397,696,354,696
193,678,220,678,220,693,193,693
225,678,269,678,269,696,225,696
281,678,348,678,348,694,281,694
268,681,276,681,276,693,268,693
521,684,529,684,529,696,521,696
192,697,212,697,212,716,192,716
257,698,301,698,301,716,257,716
217,700,252,700,252,714,217,714
394,699,538,702,538,718,394,715
249,761,274,761,274,778,249,778
280,761,314,761,314,777,280,777
321,762,349,762,349,780,321,780
354,762,382,762,382,780,354,780
388,763,432,766,431,782,386,778
437,764,474,764,474,784,437,784
192,782,217,782,217,798,192,798
224,782,284,782,284,800,224,800
288,784,322,784,322,798,288,798
329,785,349,785,349,801,329,801
356,785,408,785,408,802,356,802
429,785,466,785,466,802,429,802
412,788,430,788,430,801,412,801
470,788,506,788,506,802,470,802
512,787,540,789,539,806,511,803
232,824,260,824,260,841,232,841
264,824,284,824,284,842,264,842
289,825,316,825,316,842,289,842
321,825,366,825,366,844,321,844
370,826,390,826,390,844,370,844
429,828,458,828,458,846,429,846
396,829,425,829,425,845,396,845
462,830,490,830,490,845,462,845
190,845,216,845,216,860,190,860
217,846,224,846,224,858,217,858
224,844,256,847,255,862,222,860
262,846,357,848,357,865,262,863
362,849,405,849,405,864,362,864
404,849,429,849,429,865,404,865
437,850,498,850,498,865,437,865
504,853,532,853,532,866,504,866
