268,145,368,145,368,175,268,175
136,182,304,169,306,196,138,209
312,175,417,175,417,197,312,197
309,230,342,230,342,260,309,260
353,234,391,234,391,260,353,260
391,230,431,230,431,260,391,260
443,234,487,234,487,264,443,264
208,238,297,238,297,268,208,268
167,242,197,242,197,268,167,268
253,264,327,264,327,290,253,290
338,260,487,260,487,294,338,294
167,268,201,268,201,294,167,294
208,275,242,275,242,290,208,290
327,293,407,298,405,325,326,320
417,294,435,294,435,320,417,320
182,297,227,297,227,323,182,323
238,297,316,297,316,323,238,323
225,324,330,317,333,349,227,356
338,316,461,316,461,350,338,350
33,320,85,320,85,350,33,350
96,322,158,327,155,354,94,349
167,327,215,327,215,353,167,353
472,323,607,323,607,357,472,357
215,350,346,350,346,379,215,379
346,346,522,357,520,390,344,378
96,353,156,353,156,379,96,379
82,378,146,384,144,412,79,406
156,379,215,379,215,405,156,405
312,379,379,379,379,405,312,405
402,374,593,381,591,418,401,411
238,379,309,379,309,439,238,439
312,402,465,402,465,439,312,439
182,405,230,405,230,435,182,435
78,431,126,431,126,461,78,461
141,435,171,435,171,465,141,465
186,432,566,439,565,471,185,465
562,446,595,446,595,469,562,469
126,461,186,461,186,491,126,491
186,465,234,465,234,491,186,491
256,469,305,469,305,491,256,491
316,469,350,469,350,491,316,491
350,469,450,469,450,495,350,495
465,472,510,472,510,499,465,499
521,476,554,476,554,499,521,499
204,506,309,506,309,532,204,532
327,506,342,506,342,528,327,528
350,506,413,506,413,532,350,532
450,510,513,510,513,536,450,536
37,532,70,532,70,558,37,558
81,532,130,532,130,562,81,562
141,536,186,536,186,562,141,562
201,536,260,536,260,562,201,562
275,536,320,536,320,562,275,562
391,532,454,532,454,566,391,566
335,539,379,539,379,562,335,562
465,539,544,544,543,572,464,567
554,547,610,547,610,573,554,573
37,576,113,581,111,608,35,604
242,577,309,577,309,610,242,610
346,577,484,577,484,614,346,614
510,584,625,584,625,618,510,618
271,584,338,584,338,640,271,640
33,599,100,599,100,633,33,633
111,607,186,607,186,636,111,636
201,607,264,607,264,636,201,636
450,610,484,610,484,644,450,644
491,610,543,610,543,644,491,644
551,614,625,614,625,647,551,647
33,657,250,662,249,697,32,692
256,666,338,666,338,700,256,700
346,670,528,670,528,707,346,707
539,681,573,681,573,711,539,711
580,681,614,681,614,711,580,711
33,688,130,688,130,722,33,722
160,696,189,696,189,722,160,722
290,700,309,700,309,729,290,729
316,700,368,700,368,733,316,733
376,703,413,703,413,733,376,733
491,703,532,703,532,737,491,737
536,703,588,703,588,741,536,741
595,707,629,707,629,741,595,741
34,714,132,722,129,758,31,750
126,722,249,722,249,759,126,759
256,726,309,726,309,759,256,759
316,729,383,729,383,763,316,763
480,732,549,737,546,773,477,768
394,741,469,741,469,767,394,767
551,737,618,737,618,770,551,770
33,747,132,752,130,787,31,782
156,755,189,755,189,785,156,785
294,763,305,763,305,789,294,789
316,763,368,763,368,796,316,796
376,763,413,763,413,796,376,796
495,767,532,767,532,800,495,800
539,767,592,767,592,800,539,800
595,767,633,767,633,800,595,800
63,782,115,782,115,815,63,815
126,793,189,793,189,819,126,819
424,800,443,800,443,830,424,830
450,796,502,796,502,830,450,830
510,796,547,796,547,830,510,830
33,810,250,815,249,853,32,848
260,817,342,826,338,861,256,852
346,822,443,822,443,860,346,860
450,825,574,831,573,867,449,861
584,830,621,830,621,863,584,863
29,841,130,841,130,878,29,878
275,852,312,852,312,886,275,886
320,856,368,856,368,890,320,890
499,856,532,856,532,890,499,890
539,856,592,856,592,890,539,890
379,863,413,863,413,890,379,890
599,860,633,860,633,893,599,893
291,862,430,867,428,924,289,919
33,872,250,879,249,917,32,910
264,886,283,886,283,916,264,916
525,886,607,886,607,923,525,923
435,890,517,890,517,923,435,923
33,904,130,904,130,942,33,942
275,912,309,912,309,949,275,949
320,916,368,916,368,949,320,949
379,919,413,919,413,953,379,953
495,919,532,919,532,953,495,953
539,919,592,919,592,953,539,953
599,919,633,919,633,953,599,953
33,936,253,942,253,980,32,974
264,949,312,949,312,979,264,979
320,949,368,949,368,986,320,986
450,949,502,949,502,983,450,983
394,957,443,957,443,983,394,983
513,957,547,957,547,986,513,986
33,971,130,971,130,1005,33,1005
275,979,312,979,312,1012,275,1012
320,979,368,979,368,1012,320,1012
379,983,413,983,413,1016,379,1016
499,983,592,983,592,1016,499,1016
599,983,636,983,636,1016,599,1016
171,1009,219,1009,219,1042,171,1042
245,1009,283,1009,283,1042,245,1042
33,1035,189,1035,189,1072,33,1072
201,1038,253,1038,253,1076,201,1076
264,1042,312,1042,312,1076,264,1076
320,1042,353,1042,353,1076,320,1076
368,1050,413,1050,413,1076,368,1076
424,1046,472,1046,472,1079,424,1079
469,1046,532,1046,532,1079,469,1079
539,1046,595,1046,595,1113,539,1113
33,1068,130,1068,130,1102,33,1102
320,1072,372,1072,372,1109,320,1109
275,1076,309,1076,309,1106,275,1106
379,1076,417,1076,417,1109,379,1109
495,1079,532,1079,532,1109,495,1109
599,1079,633,1079,633,1113,599,1113
171,1102,223,1102,223,1135,171,1135
245,1102,283,1102,283,1135,245,1135
37,1132,249,1132,249,1165,37,1165
260,1135,294,1135,294,1165,260,1165
306,1137,370,1142,368,1170,303,1165
376,1139,413,1139,413,1199,376,1199
33,1158,134,1158,134,1195,33,1195
275,1161,312,1161,312,1195,275,1195
316,1161,368,1161,368,1199,316,1199
510,1173,539,1173,539,1202,510,1202
536,1169,584,1169,584,1202,536,1202
592,1169,629,1169,629,1202,592,1202
175,1195,223,1195,223,1225,175,1225
242,1191,279,1191,279,1225,242,1225
37,1214,250,1219,249,1255,36,1251
264,1225,338,1225,338,1254,264,1254
350,1227,411,1232,409,1259,347,1254
417,1225,510,1225,510,1258,417,1258
517,1232,554,1232,554,1258,517,1258
37,1247,134,1247,134,1281,37,1281
275,1254,309,1254,309,1284,275,1284
316,1251,368,1251,368,1284,316,1284
372,1251,409,1251,409,1281,372,1281
532,1251,584,1251,584,1284,532,1284
491,1254,525,1254,525,1284,491,1284
595,1258,629,1258,629,1284,595,1284
171,1277,219,1277,219,1314,171,1314
145,1284,163,1284,163,1310,145,1310
242,1281,279,1281,279,1314,242,1314
37,1307,145,1307,145,1340,37,1340
141,1310,249,1310,249,1344,141,1344
261,1313,340,1318,338,1348,259,1344
391,1310,528,1310,528,1344,391,1344
536,1314,599,1314,599,1344,536,1344
346,1314,379,1314,379,1348,346,1348
37,1335,134,1340,133,1376,35,1371
271,1340,309,1340,309,1374,271,1374
316,1340,368,1340,368,1374,316,1374
376,1340,409,1340,409,1374,376,1374
491,1344,525,1344,525,1377,491,1377
536,1344,584,1344,584,1377,536,1377
592,1344,629,1344,629,1377,592,1377
41,1402,106,1408,103,1439,38,1433
160,1407,219,1407,219,1437,160,1437
230,1403,309,1403,309,1437,230,1437
320,1407,394,1407,394,1437,320,1437
476,1403,528,1403,528,1437,476,1437
536,1403,588,1403,588,1437,536,1437
115,1411,148,1411,148,1433,115,1433
592,1407,629,1407,629,1437,592,1437
111,1433,175,1433,175,1467,111,1467
186,1441,219,1441,219,1467,186,1467
234,1441,309,1441,309,1470,234,1470
320,1441,383,1441,383,1470,320,1470
551,1437,584,1437,584,1470,551,1470
37,1482,130,1482,130,1515,37,1515
137,1482,204,1482,204,1515,137,1515
212,1482,294,1482,294,1515,212,1515
305,1489,379,1489,379,1515,305,1515
37,1511,100,1511,100,1545,37,1545
111,1519,160,1519,160,1545,111,1545
569,1519,588,1519,588,1549,569,1549
592,1515,629,1515,629,1578,592,1578
37,1549,85,1549,85,1575,37,1575
93,1545,160,1545,160,1578,93,1578
167,1543,236,1549,234,1580,165,1575
476,1545,528,1545,528,1578,476,1578
536,1545,588,1545,588,1578,536,1578
67,1578,100,1578,100,1608,67,1608
107,1575,160,1575,160,1608,107,1608
171,1608,234,1608,234,1638,171,1638
242,1605,294,1605,294,1638,242,1638
67,1608,100,1608,100,1638,67,1638
316,1608,350,1608,350,1638,316,1638
111,1616,160,1616,160,1638,111,1638
33,1634,85,1634,85,1672,33,1672
152,1634,219,1634,219,1672,152,1672
227,1638,294,1638,294,1672,227,1672
536,1638,588,1638,588,1672,536,1672
96,1645,145,1645,145,1672,96,1672
595,1642,629,1642,629,1675,595,1675
33,1668,85,1668,85,1701,33,1701
152,1668,219,1668,219,1701,152,1701
536,1668,633,1668,633,1705,536,1705
227,1672,294,1672,294,1701,227,1701
305,1675,353,1675,353,1701,305,1701
495,1675,528,1675,528,1705,495,1705
96,1679,145,1679,145,1705,96,1705
63,1716,115,1716,115,1750,63,1750
122,1720,175,1720,175,1750,122,1750
78,1750,130,1750,130,1783,78,1783
52,1757,70,1757,70,1783,52,1783
37,1843,111,1843,111,1865,37,1865
29,1884,115,1884,115,1921,29,1921
178,1884,264,1884,264,1921,178,1921
271,1884,338,1884,338,1917,271,1917
346,1884,413,1884,413,1917,346,1917
420,1884,502,1884,502,1917,420,1917
126,1891,175,1891,175,1917,126,1917
59,1921,96,1921,96,1955,59,1955
107,1925,141,1925,141,1955,107,1955
63,1955,96,1955,96,1984,63,1984
111,1958,171,1958,171,1988,111,1988
59,1984,126,1984,126,2018,59,2018
137,1988,189,1988,189,2018,137,2018
197,1988,264,1988,264,2018,197,2018
257,2013,340,2018,338,2053,255,2047
346,2014,398,2014,398,2048,346,2048
59,2018,126,2018,126,2051,59,2051
182,2018,249,2018,249,2051,182,2051
409,2022,469,2022,469,2048,409,2048
137,2022,175,2022,175,2051,137,2051
374,2081,457,2076,459,2111,376,2116
212,2081,264,2081,264,2115,212,2115
316,2081,368,2081,368,2115,316,2115
275,2089,309,2089,309,2115,275,2115
256,2115,309,2115,309,2148,256,2148
383,2118,413,2118,413,2145,383,2145
320,2122,368,2122,368,2148,320,2148
554,2193,633,2193,633,2226,554,2226
225,2201,338,2196,340,2234,227,2238
350,2197,428,2197,428,2234,350,2234
435,2197,517,2197,517,2230,435,2230
137,2200,230,2200,230,2238,137,2238
74,2204,126,2204,126,2241,74,2241
26,2208,63,2208,63,2241,26,2241
279,2405,379,2405,379,2439,279,2439
137,2441,316,2437,317,2465,137,2469
320,2439,431,2439,431,2461,320,2461
350,2475,419,2480,416,2515,347,2509
256,2480,309,2480,309,2513,256,2513
487,2509,532,2509,532,2536,487,2536
539,2506,599,2506,599,2539,539,2539
320,2510,385,2516,383,2544,318,2539
391,2509,443,2509,443,2543,391,2543
443,2513,476,2513,476,2539,443,2539
197,2513,264,2513,264,2547,197,2547
104,2517,189,2517,189,2554,104,2554
275,2521,309,2521,309,2543,275,2543
476,2543,543,2543,543,2573,476,2573
312,2547,376,2547,376,2573,312,2573
387,2547,435,2547,435,2569,387,2569
189,2547,242,2547,242,2580,189,2580
253,2550,301,2550,301,2573,253,2573
130,2558,178,2558,178,2584,130,2584
309,2569,361,2569,361,2603,309,2603
372,2573,435,2573,435,2603,372,2603
264,2573,301,2573,301,2606,264,2606
346,2617,491,2617,491,2655,346,2655
513,2621,640,2621,640,2655,513,2655
245,2629,309,2629,309,2658,245,2658
29,2640,96,2640,96,2670,29,2670
454,2647,491,2647,491,2681,454,2681
290,2651,342,2651,342,2684,290,2684
350,2651,383,2651,383,2681,350,2681
499,2655,547,2655,547,2684,499,2684
558,2651,640,2651,640,2684,558,2684
275,2658,294,2658,294,2688,275,2688
197,2658,264,2658,264,2692,197,2692
107,2670,186,2670,186,2699,107,2699
29,2670,96,2670,96,2703,29,2703
484,2681,536,2681,536,2714,484,2714
323,2688,398,2688,398,2714,323,2714
543,2684,595,2684,595,2714,543,2714
603,2684,640,2684,640,2718,603,2718
227,2688,312,2688,312,2722,227,2722
148,2696,219,2696,219,2729,148,2729
29,2703,96,2703,96,2737,29,2737
107,2707,145,2707,145,2733,107,2733
350,2748,417,2748,417,2781,350,2781
424,2748,506,2748,506,2781,424,2781
242,2752,294,2752,294,2785,242,2785
301,2755,338,2755,338,2785,301,2785
186,2763,234,2763,234,2796,186,2796
25,2769,125,2757,130,2795,30,2808
141,2770,175,2770,175,2792,141,2792
271,2781,309,2781,309,2819,271,2819
316,2781,368,2781,368,2819,316,2819
379,2781,431,2781,431,2815,379,2815
439,2781,487,2781,487,2811,439,2811
227,2785,264,2785,264,2819,227,2819
182,2789,219,2789,219,2822,182,2822
75,2806,173,2794,177,2825,79,2837
29,2807,67,2807,67,2841,29,2841
