485,10,508,10,508,25,485,25
508,10,528,10,528,25,508,25
526,10,543,10,543,25,526,25
541,10,565,10,565,26,541,26
565,10,593,10,593,26,565,26
483,30,496,30,496,45,483,45
496,30,521,30,521,46,496,46
520,30,548,30,548,45,520,45
551,31,558,31,558,43,551,43
560,30,578,30,578,46,560,46
578,30,610,30,610,46,578,46
468,31,485,31,485,48,468,48
333,39,436,45,434,74,331,68
518,48,536,48,536,65,518,65
533,48,561,48,561,65,533,65
493,50,520,50,520,65,493,65
563,50,578,50,578,65,563,65
576,51,596,51,596,65,576,65
489,70,554,68,555,84,490,86
556,68,588,68,588,85,556,85
511,103,546,103,546,120,511,120
428,105,455,105,455,120,428,120
458,105,478,105,478,120,458,120
481,105,508,105,508,120,481,120
578,120,643,122,643,138,577,136
330,123,363,123,363,136,330,136
368,124,400,126,399,138,367,136
398,123,438,123,438,138,398,138
436,123,478,123,478,138,436,138
481,123,521,123,521,138,481,138
563,123,581,123,581,136,563,136
331,140,363,140,363,153,331,153
368,141,393,141,393,153,368,153
588,140,651,140,651,155,588,155
550,141,590,141,590,155,550,155
330,166,355,166,355,178,330,178
360,168,394,171,393,182,359,179
468,176,486,176,486,186,468,186
488,175,515,175,515,190,488,190
596,175,645,175,645,191,596,191
543,176,560,176,560,191,543,191
330,180,345,180,345,190,330,190
353,181,376,181,376,193,353,193
383,185,400,185,400,195,383,195
407,183,455,187,454,200,405,196
476,191,486,191,486,201,476,201
328,192,432,199,431,212,327,206
491,193,515,193,515,205,491,205
520,193,540,193,540,206,520,206
498,208,523,208,523,220,498,220
326,208,351,208,351,223,326,223
360,213,385,213,385,225,360,225
390,210,424,214,423,228,388,224
628,213,653,213,653,225,628,225
430,216,455,216,455,228,430,228
460,215,485,215,485,231,460,231
493,220,517,223,516,235,492,233
521,225,570,225,570,238,521,238
325,226,345,226,345,241,325,241
591,228,601,228,601,240,591,240
601,228,631,228,631,241,601,241
576,230,585,230,585,240,576,240
325,246,431,246,431,261,325,261
475,250,495,250,495,265,475,265
500,253,525,253,525,266,500,266
608,260,626,260,626,271,608,271
631,261,655,261,655,273,631,273
325,266,345,266,345,281,325,281
618,276,626,276,626,286,618,286
633,278,658,278,658,288,633,288
326,285,351,285,351,301,326,301
436,285,470,285,470,303,436,303
356,286,391,286,391,301,356,301
396,286,430,286,430,301,396,301
475,286,503,286,503,301,475,301
506,286,526,286,526,301,506,301
531,286,588,288,588,304,531,302
593,290,636,290,636,305,593,305
325,305,431,305,431,321,325,321
475,306,495,306,495,321,475,321
498,306,525,306,525,321,498,321
608,308,628,308,628,323,608,323
633,308,660,308,660,323,633,323
326,325,351,325,351,340,326,340
356,325,391,325,391,341,356,341
398,325,423,325,423,341,398,341
426,326,455,326,455,341,426,341
460,326,510,326,510,341,460,341
515,326,548,326,548,341,515,341
325,345,431,345,431,361,325,361
475,346,495,346,495,361,475,361
498,346,525,346,525,361,498,361
631,346,660,346,660,363,631,363
608,348,628,348,628,361,608,361
325,363,351,363,351,380,325,380
358,365,383,365,383,380,358,380
388,365,415,365,415,380,388,380
420,366,455,366,455,383,420,383
325,382,431,385,431,402,324,399
475,386,493,386,493,401,475,401
498,386,525,386,525,401,498,401
608,388,626,388,626,403,608,403
631,388,660,388,660,403,631,403
325,403,376,403,376,418,325,418
380,405,430,405,430,420,380,420
435,405,460,405,460,421,435,421
466,405,501,405,501,421,466,421
506,406,531,406,531,421,506,421
538,406,563,406,563,421,538,421
568,406,605,406,605,423,568,423
325,420,430,424,429,441,324,438
475,426,493,426,493,441,475,441
498,426,525,426,525,441,498,441
631,426,658,426,658,443,631,443
608,428,626,428,626,441,608,441
323,441,366,441,366,458,323,458
371,442,407,445,406,461,370,458
411,445,446,445,446,460,411,460
450,445,470,445,470,460,450,460
473,445,516,445,516,463,473,463
523,445,563,445,563,461,523,461
568,446,626,446,626,463,568,463
325,459,430,463,429,480,324,476
473,465,493,465,493,480,473,480
498,465,525,465,525,480,498,480
606,466,626,466,626,481,606,481
631,466,658,466,658,481,631,481
323,478,351,478,351,495,323,495
356,480,391,480,391,496,356,496
395,481,421,481,421,498,395,498
468,483,500,483,500,500,468,500
505,483,531,483,531,500,505,500
426,485,461,485,461,498,426,498
536,485,571,485,571,500,536,500
576,485,601,485,601,503,576,503
608,485,641,485,641,503,608,503
323,497,430,501,429,518,322,514
498,503,525,503,525,520,498,520
483,506,493,506,493,518,483,518
561,508,571,508,571,520,561,520
616,508,626,508,626,521,616,521
630,506,656,506,656,521,630,521
323,518,366,518,366,535,323,535
371,519,414,521,413,537,370,535
418,521,436,521,436,536,418,536
442,520,471,523,469,539,440,536
475,523,500,523,500,538,475,538
536,523,571,523,571,540,536,540
505,525,531,525,531,540,505,540
575,525,608,525,608,541,575,541
608,525,640,525,640,541,608,541
323,536,430,540,429,557,322,553
473,543,493,543,493,558,473,558
496,543,525,543,525,558,496,558
608,545,625,545,625,560,608,560
630,545,656,545,656,560,630,560
323,556,358,556,358,573,323,573
363,558,398,558,398,575,363,575
403,558,436,558,436,576,403,576
441,561,476,561,476,576,441,576
481,561,555,561,555,578,481,578
560,563,586,563,586,578,560,578
321,575,430,578,429,595,321,592
483,583,493,583,493,596,483,596
496,581,525,581,525,596,496,596
630,583,656,583,656,600,630,600
616,586,626,586,626,598,616,598
321,596,365,596,365,613,321,613
371,598,390,598,390,613,371,613
410,598,445,598,445,615,410,615
396,601,405,601,405,616,396,616
450,600,493,600,493,618,450,618
528,601,601,601,601,618,528,618
498,603,523,603,523,616,498,616
606,603,633,603,633,618,606,618
321,615,430,618,429,635,321,632
483,623,493,623,493,635,483,635
496,621,523,621,523,636,496,636
616,625,626,625,626,638,616,638
630,623,658,623,658,638,630,638
321,636,350,636,350,651,321,651
355,636,381,636,381,653,355,653
418,636,438,636,438,653,418,653
386,638,413,638,413,655,386,655
443,638,468,638,468,655,443,655
475,640,508,640,508,656,475,656
513,640,538,640,538,658,513,658
545,641,570,641,570,656,545,656
321,656,348,656,348,671,321,671
346,656,430,656,430,673,346,673
473,660,493,660,493,675,473,675
496,660,523,660,523,675,496,675
608,661,626,661,626,676,608,676
631,661,658,661,658,676,631,676
321,676,341,676,341,691,321,691
631,681,658,681,658,696,631,696
601,685,618,685,618,696,601,696
618,685,626,685,626,696,618,696
320,695,358,695,358,713,320,713
360,696,390,696,390,713,360,713
393,698,430,698,430,715,393,715
435,698,468,698,468,715,435,715
475,700,516,700,516,716,475,716
520,700,546,700,546,716,520,716
551,699,587,701,586,718,550,716
320,716,428,716,428,733,320,733
473,720,491,720,491,735,473,735
496,720,523,720,523,735,496,735
608,721,628,721,628,736,608,736
631,721,660,721,660,736,631,736
319,738,388,738,388,753,319,753
395,738,411,738,411,755,395,755
418,736,454,740,452,757,416,754
458,738,476,738,476,755,458,755
480,738,515,738,515,756,480,756
520,738,553,738,553,756,520,756
560,740,586,740,586,758,560,758
320,758,380,758,380,775,320,775
378,758,428,758,428,775,378,775
496,758,523,758,523,775,496,775
473,760,491,760,491,775,473,775
608,760,628,760,628,776,608,776
631,760,660,760,660,776,631,776
351,778,395,778,395,795,351,795
401,778,436,778,436,795,401,795
441,778,475,778,475,795,441,795
320,780,346,780,346,795,320,795
480,780,498,780,498,795,480,795
505,780,555,780,555,795,505,795
560,780,580,780,580,795,560,795
585,780,636,780,636,796,585,796
643,783,651,783,651,796,643,796
318,800,336,800,336,816,318,816
335,800,363,800,363,816,335,816
368,800,388,800,388,816,368,816
318,821,428,819,428,836,318,838
473,820,491,820,491,835,473,835
496,820,523,820,523,835,496,835
610,821,628,821,628,836,610,836
633,821,661,821,661,836,633,836
360,860,396,860,396,878,360,878
400,860,436,860,436,876,400,876
456,860,491,860,491,876,456,876
318,861,355,861,355,880,318,880
441,861,458,861,458,876,441,876
601,861,630,861,630,876,601,876
635,861,663,861,663,878,635,878
401,881,411,881,411,898,401,898
416,880,451,880,451,898,416,898
318,881,355,881,355,901,318,901
360,881,395,881,395,900,360,900
595,881,623,881,623,898,595,898
626,883,655,883,655,898,626,898
408,901,435,901,435,918,408,918
317,904,354,901,356,921,318,924
357,904,403,901,404,919,358,922
603,903,631,903,631,920,603,920
635,903,663,903,663,920,635,920
603,923,631,923,631,940,603,940
326,925,363,925,363,943,326,943
366,925,395,925,395,941,366,941
635,925,663,925,663,941,635,941
613,945,631,945,631,961,613,961
635,946,665,946,665,963,635,963
325,948,370,948,370,965,325,965
316,966,353,966,353,985,316,985
360,966,386,966,386,985,360,985
391,966,420,966,420,985,391,985
611,966,633,966,633,983,611,983
636,968,665,968,665,985,636,985
423,985,443,985,443,1003,423,1003
480,985,508,985,508,1003,480,1003
513,985,548,985,548,1001,513,1001
383,986,418,986,418,1005,383,1005
448,986,475,986,475,1001,448,1001
555,986,596,986,596,1003,555,1003
340,1028,366,1028,366,1048,340,1048
421,1027,459,1029,458,1047,420,1044
371,1030,418,1030,418,1046,371,1046
315,1031,335,1031,335,1048,315,1048
606,1033,666,1033,666,1050,606,1050
480,1045,524,1047,523,1067,479,1064
355,1051,391,1049,392,1068,356,1070
405,1050,473,1050,473,1066,405,1066
391,1053,406,1053,406,1068,391,1068
313,1053,341,1053,341,1071,313,1071
348,1055,358,1055,358,1070,348,1070
640,1056,658,1056,658,1071,640,1071
895,1062,947,1065,946,1084,893,1081
380,1071,425,1071,425,1090,380,1090
521,1069,669,1076,668,1096,520,1089
313,1075,333,1075,333,1093,313,1093
338,1075,375,1075,375,1091,338,1091
480,1134,511,1136,509,1156,478,1153
371,1136,398,1136,398,1156,371,1156
403,1137,441,1135,442,1154,405,1157
446,1138,475,1138,475,1155,446,1155
513,1136,561,1141,559,1159,512,1154
563,1141,601,1141,601,1161,563,1161
430,1160,448,1160,448,1176,430,1176
455,1160,475,1160,475,1178,455,1178
481,1160,535,1160,535,1176,481,1176
411,1161,431,1161,431,1178,411,1178
556,1161,594,1163,593,1182,555,1179
344,1164,406,1161,407,1179,345,1182
538,1163,558,1163,558,1178,538,1178
311,1166,338,1166,338,1183,311,1183
598,1168,635,1168,635,1185,598,1185
641,1169,671,1171,669,1189,640,1186
446,1203,493,1203,493,1223,446,1223
386,1205,408,1205,408,1223,386,1223
413,1205,441,1205,441,1223,413,1223
498,1205,518,1205,518,1223,498,1223
353,1206,381,1206,381,1225,353,1225
521,1206,551,1206,551,1223,521,1223
556,1206,586,1206,586,1225,556,1225
590,1210,620,1210,620,1228,590,1228
385,1228,483,1228,483,1246,385,1246
488,1228,533,1228,533,1245,488,1245
531,1228,558,1228,558,1246,531,1246
345,1231,380,1231,380,1248,345,1248
565,1228,629,1235,628,1252,563,1246
308,1233,336,1233,336,1251,308,1251
336,1235,345,1235,345,1248,336,1248
633,1238,663,1238,663,1256,633,1256
