563,122,613,122,613,149,563,149
613,122,670,122,670,145,613,145
478,126,510,126,510,149,478,149
512,126,563,126,563,149,512,149
576,154,629,154,629,179,576,179
562,156,578,156,578,179,562,179
679,155,737,158,736,182,678,180
535,158,563,158,563,181,535,181
642,160,679,160,679,181,642,181
469,163,533,163,533,183,469,183
199,184,383,192,381,235,197,227
634,186,661,186,661,209,634,209
688,188,720,188,720,208,688,208
533,189,600,191,599,219,532,216
599,190,631,190,631,213,599,213
659,190,686,190,686,209,659,209
499,193,530,193,530,215,499,215
444,196,500,199,499,223,443,220
521,226,613,221,614,247,523,252
610,222,665,222,665,245,610,245
489,227,524,227,524,250,489,250
537,282,601,282,601,309,537,309
482,288,529,285,531,309,483,312
426,289,473,289,473,314,426,314
372,296,417,292,419,312,374,317
653,311,782,307,783,336,654,340
622,311,656,311,656,339,622,339
469,316,544,316,544,345,469,345
395,322,460,319,461,348,397,351
259,325,394,323,395,350,259,352
595,345,784,339,785,368,596,374
247,359,305,359,305,384,247,384
190,359,239,362,238,385,189,382
417,370,524,349,533,396,426,418
270,398,418,380,422,418,275,436
697,410,787,410,787,439,697,439
496,416,544,416,544,444,496,444
597,417,629,417,629,441,597,441
441,419,489,419,489,444,441,444
244,420,307,425,305,451,241,445
192,425,234,425,234,446,192,446
693,442,758,445,757,477,692,474
652,444,686,444,686,478,652,478
455,448,542,448,542,478,455,478
554,448,643,448,643,476,554,476
395,454,444,452,445,478,396,481
284,455,334,455,334,480,284,480
227,457,275,457,275,482,227,482
339,457,389,457,389,480,339,480
681,478,729,478,729,510,681,510
736,478,786,478,786,508,736,508
494,480,544,480,544,512,494,512
213,488,375,485,375,513,213,516
441,485,489,485,489,512,441,512
739,547,787,547,787,576,739,576
684,549,732,549,732,576,684,576
325,553,391,553,391,585,325,585
254,556,315,553,317,584,256,587
184,556,249,556,249,586,184,586
399,560,488,557,489,582,400,585
369,590,432,590,432,618,369,618
254,590,318,590,318,620,254,620
325,590,361,590,361,618,325,618
187,593,251,595,250,623,186,620
684,615,732,615,732,647,684,647
739,615,791,615,791,645,739,645
343,626,389,626,389,654,343,654
184,626,247,626,247,658,184,658
257,629,332,629,332,656,257,656
738,651,789,648,791,679,740,682
683,650,736,650,736,683,683,683
200,665,261,665,261,691,200,691
275,666,318,666,318,691,275,691
700,686,738,686,738,718,700,718
734,688,793,688,793,718,734,718
186,699,245,699,245,727,186,727
259,699,304,699,304,725,259,725
313,702,364,702,364,727,313,727
599,727,672,727,672,755,599,755
528,731,588,731,588,757,528,757
307,734,361,734,361,761,307,761
369,734,403,734,403,759,369,759
412,734,462,734,462,761,412,761
469,734,517,734,517,763,469,763
731,798,793,798,793,825,731,825
222,802,273,802,273,832,222,832
281,803,361,803,361,830,281,830
370,801,435,806,433,835,367,830
558,807,594,807,594,827,558,827
252,837,474,837,474,867,252,867
483,837,547,837,547,866,483,866
179,841,241,841,241,867,179,867
542,867,796,867,796,901,542,901
293,875,373,875,373,903,293,903
222,878,286,878,286,905,222,905
531,983,610,985,609,1016,530,1013
275,983,327,983,327,1013,275,1013
412,985,462,985,462,1013,412,1013
469,983,522,983,522,1013,469,1013
617,983,683,983,683,1015,617,1015
336,987,401,987,401,1015,336,1015
350,1019,416,1019,416,1052,350,1052
572,1019,670,1019,670,1051,572,1051
754,1019,804,1024,801,1052,751,1047
473,1022,565,1022,565,1052,473,1052
426,1024,462,1024,462,1052,426,1052
679,1024,743,1024,743,1049,679,1049
234,1026,343,1026,343,1054,234,1054
501,1099,537,1099,537,1129,501,1129
606,1097,656,1097,656,1127,606,1127
665,1097,718,1097,718,1127,665,1127
348,1099,401,1099,401,1131,348,1131
410,1099,492,1099,492,1131,410,1131
243,1102,295,1102,295,1131,243,1131
546,1102,597,1102,597,1129,546,1129
305,1106,339,1106,339,1131,305,1131
622,1134,734,1132,735,1164,622,1167
487,1138,610,1138,610,1168,487,1168
743,1138,795,1138,795,1163,743,1163
302,1138,476,1138,476,1170,302,1170
165,1140,291,1140,291,1173,165,1173
