485,174,510,174,510,200,485,200
557,177,581,177,581,198,557,198
511,175,559,181,556,203,508,198
384,180,417,180,417,202,384,202
417,181,440,181,440,202,417,202
440,181,458,181,458,201,440,201
457,180,486,180,486,204,457,204
353,182,385,182,385,202,353,202
497,206,517,206,517,226,497,226
528,206,558,206,558,226,528,226
558,206,569,206,569,224,558,224
473,206,496,206,496,228,473,228
518,209,526,209,526,225,518,225
364,210,384,210,384,230,364,230
385,210,408,210,408,230,385,230
408,210,434,210,434,230,408,230
434,210,473,210,473,233,434,233
182,232,318,232,318,268,182,268
549,233,573,233,573,256,549,256
466,234,500,234,500,257,466,257
501,235,534,237,533,259,500,257
534,236,548,236,548,254,534,254
376,238,409,238,409,260,376,260
409,238,445,240,443,261,408,259
442,237,464,237,464,258,442,258
362,241,372,241,372,258,362,258
490,262,533,262,533,285,490,285
422,264,493,264,493,288,422,288
396,265,424,265,424,288,396,288
314,316,348,316,348,337,314,337
386,316,420,316,420,336,386,336
428,316,472,316,472,336,428,336
356,317,380,317,380,336,356,336
520,341,610,338,611,358,521,360
181,342,224,342,224,364,181,364
232,342,274,342,274,362,232,362
273,342,378,342,378,364,273,364
500,342,522,342,522,360,500,360
386,344,417,344,417,361,386,361
417,344,440,344,440,361,417,361
181,366,224,366,224,389,181,389
531,367,621,364,621,384,532,386
480,368,532,368,532,388,480,388
232,369,264,369,264,388,232,388
225,373,232,373,232,385,225,385
564,417,610,417,610,438,564,438
222,417,267,420,266,442,221,439
181,420,213,420,213,440,181,440
393,421,428,419,430,439,395,442
544,420,565,420,565,438,544,438
365,421,389,421,389,440,365,440
468,421,490,421,490,440,468,440
273,444,314,444,314,465,273,465
181,445,205,445,205,464,181,464
202,445,265,445,265,466,202,466
324,443,369,448,367,469,322,463
180,470,294,470,294,490,180,490
293,472,316,472,316,490,293,490
405,472,438,472,438,490,405,490
553,472,578,472,578,490,553,490
584,472,620,472,620,490,584,490
376,473,400,473,400,490,376,490
181,518,225,518,225,540,181,540
233,518,276,518,276,541,233,541
284,520,328,520,328,540,284,540
356,521,398,521,398,541,356,541
336,522,356,522,356,540,336,540
553,525,585,525,585,542,553,542
585,525,621,525,621,542,585,542
181,544,225,544,225,565,181,565
233,544,276,544,276,566,233,566
282,545,294,545,294,564,282,564
304,545,348,545,348,566,304,566
597,553,608,553,608,568,597,568
181,570,224,570,224,592,181,592
232,570,286,570,286,592,232,592
294,570,326,570,326,592,294,592
553,577,586,577,586,596,553,596
585,577,621,577,621,596,585,596
190,596,234,596,234,617,190,617
242,597,276,597,276,618,242,618
553,604,577,604,577,621,553,621
584,604,620,604,620,622,584,622
180,621,224,621,224,642,180,642
232,621,264,621,264,642,232,642
272,625,306,625,306,644,272,644
608,633,618,633,618,646,608,646
260,649,303,647,304,669,261,671
310,646,334,646,334,669,310,669
384,649,417,649,417,672,384,672
342,650,376,650,376,669,342,669
425,650,469,650,469,670,425,670
478,653,532,653,532,674,478,674
250,725,282,725,282,746,250,746
290,725,334,725,334,748,290,748
384,726,419,728,418,749,382,747
342,728,376,728,376,748,342,748
425,729,482,733,481,754,424,750
488,732,533,732,533,754,488,754
178,753,210,753,210,772,178,772
220,753,293,753,293,773,220,773
300,754,344,754,344,773,300,773
352,756,376,756,376,774,352,774
385,755,449,757,449,776,384,775
456,758,478,758,478,777,456,777
478,758,522,758,522,778,478,778
530,761,576,761,576,780,530,780
584,761,620,765,617,786,581,781
229,802,262,802,262,824,229,824
301,804,334,804,334,825,301,825
269,805,293,805,293,825,269,825
342,805,397,805,397,826,342,826
405,806,428,806,428,828,405,828
478,809,513,809,513,830,478,830
436,810,470,810,470,829,436,829
520,813,554,813,554,832,520,832
177,829,220,829,220,849,177,849
218,829,252,829,252,849,218,849
269,830,386,833,386,852,269,850
252,836,258,836,258,848,252,848
394,834,446,834,446,853,394,853
445,836,477,836,477,854,445,854
488,836,566,839,565,859,487,855
573,842,608,842,608,860,573,860
