144,162,186,160,187,182,145,184
360,165,401,161,403,182,363,186
190,164,246,164,246,184,190,184
312,162,360,164,359,187,311,185
246,166,310,166,310,185,246,185
121,189,157,189,157,208,121,208
84,190,113,190,113,209,84,209
159,189,219,193,218,212,157,208
221,190,262,190,262,209,221,209
304,190,346,190,346,210,304,210
349,192,385,190,386,209,350,211
265,192,302,192,302,210,265,210
85,218,129,218,129,237,85,237
130,220,165,220,165,236,130,236
168,220,196,220,196,237,168,237
196,220,240,220,240,240,196,240
82,244,109,244,109,261,82,261
112,242,215,244,214,264,111,262
226,246,257,246,257,264,226,264
260,246,361,246,361,265,260,265
82,268,121,268,121,286,82,286
121,271,181,268,182,288,122,291
184,270,232,270,232,289,184,289
245,272,334,272,334,290,245,290
429,294,462,294,462,313,429,313
82,296,113,296,113,313,82,313
114,293,157,299,155,318,111,312
371,299,427,296,428,314,372,317
237,300,258,300,258,314,237,314
281,300,310,300,310,317,281,317
338,300,361,300,361,314,338,314
72,325,108,325,108,345,72,345
417,325,461,325,461,344,417,344
109,326,140,326,140,341,109,341
144,326,172,326,172,341,144,341
383,328,415,326,416,343,384,345
269,328,301,328,301,345,269,345
302,329,334,329,334,345,302,345
72,350,104,350,104,369,72,369
417,350,461,350,461,369,417,369
105,352,130,352,130,369,105,369
137,352,169,352,169,369,137,369
393,352,416,352,416,370,393,370
278,353,301,353,301,370,278,370
302,354,334,354,334,372,302,372
70,376,102,376,102,394,70,394
102,377,138,377,138,394,102,394
141,377,184,377,184,394,141,394
418,377,461,377,461,396,418,396
405,380,414,380,414,394,405,394
302,380,334,380,334,397,302,397
70,402,101,402,101,420,70,420
130,402,162,402,162,421,130,421
165,402,212,402,212,421,165,421
418,402,461,402,461,421,418,421
101,404,128,404,128,422,101,422
302,404,334,404,334,422,302,422
289,405,301,405,301,421,289,421
404,405,416,405,416,420,404,420
69,426,100,426,100,445,69,445
101,426,122,426,122,445,101,445
126,427,199,430,198,447,126,443
418,429,461,429,461,446,418,446
289,430,301,430,301,446,289,446
302,430,334,430,334,448,302,448
404,430,416,430,416,446,404,446
67,448,113,452,111,473,65,468
113,452,157,456,155,472,112,469
414,456,460,456,460,474,414,474
376,457,412,457,412,474,376,474
66,480,113,480,113,498,66,498
113,480,156,480,156,500,113,500
158,481,192,481,192,500,158,500
193,480,243,485,242,504,192,499
436,485,460,485,460,502,436,502
67,506,114,512,111,533,64,527
112,512,136,512,136,529,112,529
137,512,182,512,182,528,137,528
186,512,229,514,229,529,186,527
376,512,411,514,410,532,375,530
413,513,460,513,460,532,413,532
166,541,216,541,216,565,166,565
258,544,298,544,298,566,258,566
302,544,384,544,384,568,302,568
122,546,162,546,162,564,122,564
220,548,256,548,256,566,220,566
