336,200,381,200,381,215,336,215
298,201,338,201,338,218,298,218
275,205,298,205,298,218,275,218
393,215,415,215,415,233,393,233
368,216,395,216,395,231,368,231
309,221,368,217,369,233,310,237
275,225,310,225,310,238,275,238
246,225,261,225,261,240,246,240
368,236,395,236,395,251,368,251
335,238,370,238,370,255,335,255
325,241,336,241,336,255,325,255
121,241,225,241,225,266,121,266
275,241,301,241,301,258,275,258
300,241,323,241,323,256,300,256
261,245,276,245,276,258,261,258
300,256,380,256,380,275,300,275
281,261,303,261,303,276,281,276
303,293,338,293,338,308,303,308
273,295,300,295,300,310,273,310
218,296,246,296,246,311,218,311
248,296,270,296,270,310,248,310
372,308,439,304,440,320,373,323
358,310,375,310,375,323,358,323
281,313,315,313,315,328,281,328
189,316,269,314,270,329,190,332
158,318,191,318,191,331,158,331
120,318,153,318,153,331,120,331
381,323,448,323,448,340,381,340
343,328,385,328,385,341,343,341
120,335,153,335,153,350,120,350
151,335,183,335,183,350,151,350
408,358,443,358,443,376,408,376
393,365,410,365,410,376,393,376
336,365,355,365,355,380,336,380
281,366,310,366,310,383,281,383
260,370,278,370,278,381,260,381
120,371,145,371,145,385,120,385
150,371,185,371,185,386,150,386
283,385,318,385,318,400,283,400
230,386,246,386,246,401,230,401
250,386,278,386,278,401,250,401
118,388,146,388,146,403,118,403
181,388,230,388,230,403,181,403
150,390,168,390,168,403,150,403
168,391,176,391,176,403,168,403
425,396,451,396,451,411,425,411
400,398,421,398,421,413,400,413
291,403,318,403,318,418,291,418
268,405,286,405,286,420,268,420
118,406,225,406,225,421,118,421
378,415,430,415,430,433,378,433
300,420,350,420,350,436,300,436
355,420,375,420,375,433,355,433
228,421,270,421,270,438,228,438
190,423,223,423,223,440,190,440
275,423,293,423,293,436,275,436
120,425,138,425,138,440,120,440
150,425,186,425,186,440,150,440
120,445,136,445,136,458,120,458
135,443,161,443,161,460,135,460
166,443,186,443,186,458,166,458
426,453,455,453,455,468,426,468
413,456,423,456,423,470,413,470
293,460,320,460,320,475,293,475
118,461,153,461,153,476,118,476
160,461,225,461,225,476,160,476
278,463,288,463,288,475,278,475
153,465,160,465,160,475,153,475
420,471,448,471,448,488,420,488
405,475,416,475,416,490,405,490
365,475,385,475,385,490,365,490
333,476,366,476,366,491,333,491
183,478,201,478,201,496,183,496
255,478,305,478,305,495,255,495
310,478,328,478,328,493,310,493
206,480,225,480,225,495,206,495
230,480,248,480,248,495,230,495
120,481,138,481,138,496,120,496
143,481,178,481,178,496,143,496
118,500,138,500,138,515,118,515
430,510,456,510,456,526,430,526
406,511,426,511,426,526,406,526
271,516,290,516,290,531,271,531
295,516,320,516,320,531,295,531
118,518,226,518,226,535,118,535
408,550,428,550,428,565,408,565
431,550,458,550,458,565,431,565
200,553,235,553,235,571,200,571
256,553,291,553,291,570,256,570
120,555,155,555,155,573,120,573
160,555,195,555,195,571,160,571
243,558,258,558,258,570,243,570
216,573,251,573,251,590,216,590
120,575,155,575,155,591,120,591
160,575,195,575,195,591,160,591
201,576,210,576,210,590,201,590
435,588,461,588,461,603,435,603
410,590,430,590,430,605,410,605
118,593,155,593,155,611,118,611
159,594,203,592,203,609,160,612
210,593,235,593,235,610,210,610
435,606,463,606,463,623,435,623
403,608,431,608,431,625,403,625
126,613,163,613,163,631,126,631
168,615,195,615,195,631,168,631
436,626,465,626,465,643,436,643
421,631,431,631,431,641,421,641
126,635,171,635,171,650,126,650
438,646,466,646,466,663,438,663
405,648,433,648,433,663,405,663
161,651,186,651,186,670,161,670
118,653,155,653,155,671,118,671
193,653,221,653,221,670,193,670
281,670,310,670,310,690,281,690
315,670,351,670,351,686,315,686
356,670,400,670,400,685,356,685
225,671,245,671,245,690,225,690
185,673,220,673,220,690,185,690
250,673,278,673,278,688,250,688
408,708,468,708,468,725,408,725
335,711,386,711,386,726,335,726
143,713,171,713,171,731,143,731
176,713,221,713,221,731,176,731
225,712,262,714,261,732,224,729
120,716,138,716,138,733,120,733
283,730,326,730,326,748,283,748
210,735,278,735,278,750,210,750
118,736,146,736,146,753,118,753
151,736,195,736,195,751,151,751
196,738,203,738,203,748,196,748
326,751,469,747,470,765,326,769
210,755,230,755,230,771,210,771
118,756,138,756,138,773,118,773
143,756,180,756,180,773,143,773
185,756,211,756,211,771,185,771
286,813,315,813,315,831,286,831
370,813,408,813,408,831,370,831
210,816,246,813,247,833,211,835
320,815,365,815,365,833,320,833
178,816,205,816,205,835,178,835
253,816,281,816,281,833,253,833
448,833,476,833,476,851,448,851
363,835,400,835,400,851,363,851
405,835,443,835,443,850,405,850
288,836,341,836,341,853,288,853
346,836,365,836,365,851,346,851
236,838,255,838,255,855,236,855
261,838,281,838,281,855,261,855
153,840,215,840,215,858,153,858
218,840,238,840,238,855,218,855
118,841,146,841,146,858,118,858
365,878,393,878,393,896,365,896
398,878,428,878,428,895,398,895
255,880,300,880,300,898,255,898
305,880,325,880,325,896,305,896
330,880,360,880,360,896,330,896
161,881,190,881,190,900,161,900
195,881,215,881,215,900,195,900
220,881,248,881,248,898,220,898
383,900,436,900,436,916,383,916
443,900,471,900,471,915,443,915
296,901,366,901,366,918,296,918
375,903,385,903,385,916,375,916
193,904,291,901,291,919,193,922
151,905,188,905,188,923,151,923
118,906,145,906,145,923,118,923
146,908,153,908,153,921,146,921
