276,78,297,78,297,90,276,90
298,78,321,78,321,89,298,89
241,80,273,80,273,92,241,92
324,79,391,84,390,95,323,90
208,81,238,81,238,93,208,93
177,85,205,85,205,94,177,94
392,88,408,88,408,97,392,97
257,93,286,93,286,106,257,106
290,93,321,93,321,105,290,105
324,93,342,93,342,105,324,105
347,92,392,99,390,113,344,106
232,94,250,94,250,106,232,106
201,96,225,96,225,108,201,108
174,97,198,97,198,109,174,109
391,98,430,104,428,120,389,115
430,104,455,107,454,121,429,118
457,106,476,106,476,120,457,120
245,108,269,108,269,120,245,120
222,109,244,109,244,121,222,121
174,109,220,111,219,124,174,122
244,122,288,122,288,137,244,137
288,121,331,124,330,139,287,136
209,124,241,124,241,138,209,138
170,126,202,126,202,140,170,140
294,151,343,156,342,170,293,165
345,155,398,159,397,175,344,171
158,254,182,254,182,270,158,270
188,254,275,259,274,274,187,270
414,278,501,277,501,291,414,292
368,278,412,278,412,293,368,293
157,290,221,290,221,310,157,310
225,293,262,293,262,310,225,310
156,312,201,312,201,326,156,326
300,312,316,312,316,324,300,324
205,312,248,315,247,330,204,327
251,314,297,312,297,326,252,328
156,326,180,331,178,345,154,340
182,329,206,329,206,344,182,344
150,362,186,362,186,376,150,376
466,378,518,378,518,393,466,393
368,380,404,380,404,393,368,393
286,381,312,381,312,394,286,394
404,385,468,385,468,401,404,401
329,388,350,388,350,401,329,401
146,390,178,390,178,405,146,405
182,389,227,392,226,407,181,404
230,390,262,390,262,404,230,404
370,396,401,396,401,414,370,414
477,396,514,396,514,413,477,413
285,398,309,398,309,413,285,413
196,424,250,424,250,441,196,441
144,425,193,425,193,441,144,441
322,433,369,431,369,450,322,452
424,432,441,432,441,449,424,449
440,432,472,432,472,449,440,449
393,433,405,433,405,448,393,448
294,437,302,437,302,449,294,449
141,445,255,443,256,462,141,464
241,472,276,472,276,490,241,490
200,473,237,473,237,490,200,490
139,476,197,473,197,491,140,493
441,492,474,492,474,509,441,509
138,493,178,493,178,513,138,513
181,493,213,493,213,512,181,512
217,493,281,493,281,510,217,510
311,494,369,492,369,512,312,514
394,493,406,493,406,508,394,508
416,493,444,493,444,510,416,510
293,497,302,497,302,510,293,510
136,516,214,514,215,534,137,536
214,514,250,514,250,534,214,534
133,546,165,544,166,563,134,565
169,545,213,545,213,565,169,565
216,544,254,546,253,565,215,563
218,564,240,564,240,584,218,584
135,563,180,567,178,587,133,583
181,566,216,566,216,585,181,585
245,568,253,568,253,581,245,581
133,586,166,586,166,605,133,605
168,586,202,586,202,604,168,604
205,586,248,586,248,604,205,604
252,586,281,586,281,604,252,604
428,601,478,599,479,620,429,621
320,601,370,601,370,621,320,621
396,601,408,601,408,617,396,617
290,602,301,602,301,617,290,617
133,608,190,608,190,625,133,625
131,632,282,627,283,650,132,655
129,657,141,657,141,673,129,673
126,690,189,690,189,709,126,709
190,690,208,690,208,708,190,708
208,690,261,690,261,709,208,709
165,709,220,713,219,735,164,731
125,712,163,716,162,735,123,731
234,713,246,713,246,730,234,730
337,716,370,716,370,734,337,734
448,717,482,717,482,734,448,734
122,736,240,736,240,757,122,757
119,795,166,798,164,823,117,820
168,798,202,798,202,820,168,820
207,795,259,802,256,826,204,819
471,803,503,806,501,828,468,825
498,805,534,805,534,825,498,825
117,829,164,829,164,849,117,849
166,829,217,829,217,850,166,850
524,840,533,840,533,854,524,854
116,860,180,860,180,881,116,881
179,863,227,859,229,881,181,885
229,862,268,862,268,884,229,884
472,867,506,870,503,891,470,887
501,868,536,868,536,888,501,888
497,913,538,899,546,919,505,934
136,905,172,909,170,929,134,925
172,907,230,905,231,929,173,931
234,909,273,909,273,930,234,930
277,912,354,912,354,936,277,936
401,913,441,913,441,934,401,934
445,914,500,914,500,934,445,934
357,916,397,916,397,936,357,936
218,936,254,932,256,952,220,957
258,933,292,933,292,953,258,953
293,936,325,936,325,954,293,954
329,938,388,940,387,959,328,957
392,938,405,938,405,957,392,957
410,938,464,938,464,958,410,958
