240,6,377,6,377,29,240,29
384,6,462,6,462,29,384,29
209,40,258,48,255,69,206,61
437,44,489,44,489,62,437,62
260,45,296,45,296,65,260,65
352,45,388,45,388,65,352,65
392,45,432,45,432,64,392,64
300,46,345,46,345,65,300,65
61,74,104,76,103,95,60,93
201,122,266,122,266,158,201,158
348,126,412,124,413,157,349,159
420,125,506,125,506,157,420,157
273,129,342,129,342,158,273,158
84,167,128,169,127,191,83,189
558,168,602,168,602,189,558,189
418,174,456,167,460,189,422,196
484,169,554,169,554,190,484,190
132,169,192,175,190,197,130,191
282,170,330,170,330,190,282,190
370,170,418,172,417,192,369,190
225,172,256,172,256,192,225,192
74,203,249,206,249,228,74,225
372,201,431,206,428,230,370,225
432,202,489,206,487,230,430,226
552,204,582,204,582,224,552,224
254,204,308,204,308,226,254,226
312,208,367,204,369,226,313,230
490,205,546,205,546,228,490,228
578,236,621,236,621,256,578,256
546,237,581,237,581,260,546,260
268,240,310,240,310,257,268,257
394,240,429,240,429,262,394,262
426,240,468,240,468,261,426,261
72,277,237,277,237,301,72,301
442,278,473,278,473,300,442,300
241,280,269,280,269,300,241,300
272,280,350,280,350,301,272,301
356,278,403,280,402,301,355,299
406,278,436,278,436,304,406,304
582,309,624,309,624,330,582,330
548,310,584,310,584,334,548,334
407,314,469,312,470,336,408,339
265,314,310,314,310,332,265,332
497,350,572,350,572,381,497,381
572,350,606,350,606,373,572,373
351,350,412,354,410,380,349,377
412,350,472,354,470,380,410,377
70,353,250,353,250,377,70,377
472,353,494,353,494,376,472,376
253,354,302,359,300,380,251,375
305,360,348,360,348,380,305,380
584,386,628,386,628,408,584,408
550,388,586,388,586,412,550,412
395,390,470,390,470,414,395,414
265,392,312,392,312,409,265,409
66,429,150,429,150,453,66,453
149,429,250,429,250,453,149,453
253,429,309,429,309,454,253,454
485,429,520,429,520,452,485,452
414,431,481,431,481,453,414,453
365,437,411,433,413,455,367,459
314,436,362,436,362,454,314,454
550,464,634,460,635,487,551,490
642,462,661,462,661,484,642,484
396,468,432,468,432,492,396,492
428,466,472,466,472,489,428,489
265,469,310,469,310,486,265,486
56,511,119,517,116,545,54,539
120,518,156,518,156,541,120,541
226,522,254,522,254,541,226,541
594,545,641,545,641,570,594,570
545,546,598,546,598,573,545,573
55,546,118,552,115,579,52,574
119,550,179,554,178,579,117,575
53,585,105,585,105,610,53,610
190,586,233,586,233,609,190,609
110,586,186,586,186,610,110,610
597,586,644,586,644,612,597,612
333,588,386,588,386,612,333,612
548,589,601,589,601,614,548,614
597,629,654,629,654,658,597,658
38,630,90,630,90,656,38,656
93,630,128,630,128,656,93,656
164,630,226,630,226,656,164,656
561,630,600,630,600,657,561,657
130,633,160,633,160,656,130,656
175,690,353,690,353,715,175,715
98,692,150,692,150,717,98,717
58,693,97,693,97,717,58,717
58,733,97,733,97,764,58,764
164,733,198,733,198,758,164,758
202,733,234,733,234,757,202,757
97,737,162,737,162,762,97,762
616,774,648,774,648,798,616,798
53,775,117,775,117,801,53,801
122,782,184,782,184,801,122,801
605,817,649,817,649,841,605,841
50,818,116,818,116,844,50,844
118,818,174,818,174,846,118,846
177,818,237,818,237,844,177,844
51,861,119,867,116,894,48,888
120,862,176,862,176,889,120,889
178,862,238,862,238,888,178,888
605,901,652,901,652,925,605,925
50,901,94,904,93,928,49,926
128,899,222,904,220,934,126,929
573,905,609,905,609,929,573,929
96,905,125,905,125,930,96,930
222,905,272,905,272,929,222,929
276,905,325,905,325,933,276,933
466,960,643,955,644,981,466,986
70,958,104,958,104,984,70,984
108,960,152,960,152,985,108,985
154,961,391,959,392,985,154,987
396,961,462,961,462,990,396,990
276,1006,392,1006,392,1022,276,1022
396,1005,445,1005,445,1022,396,1022
