443,201,488,201,488,226,443,226
343,206,376,206,376,230,343,230
376,206,410,206,410,228,376,228
406,206,443,206,443,225,406,225
310,208,345,208,345,230,310,230
278,210,311,210,311,231,278,231
410,231,456,231,456,256,410,256
375,233,411,233,411,256,375,256
311,236,333,236,333,258,311,258
331,238,343,238,343,256,331,256
345,236,376,236,376,258,345,258
453,260,490,260,490,283,453,283
103,261,238,261,238,295,103,295
388,261,423,261,423,285,388,285
421,261,455,261,455,285,421,285
295,263,330,263,330,288,295,288
328,263,363,263,363,286,328,286
365,263,388,263,388,283,365,283
406,290,450,290,450,313,406,313
316,292,406,290,407,313,316,315
303,341,340,341,340,361,303,361
345,341,391,341,391,363,345,363
231,343,266,343,266,363,231,363
271,343,296,343,296,361,271,361
416,366,526,366,526,386,416,386
211,368,255,368,255,391,211,391
303,368,348,368,348,386,303,386
190,370,215,370,215,390,190,390
251,370,296,370,296,388,251,388
348,371,356,371,356,385,348,385
98,371,140,371,140,391,98,391
146,371,191,371,191,388,146,388
448,391,538,391,538,413,448,413
396,393,451,393,451,411,396,411
148,395,180,395,180,415,148,415
98,396,140,396,140,416,98,416
141,400,150,400,150,415,141,415
461,441,528,441,528,461,461,461
311,447,347,442,349,461,314,466
283,445,306,445,306,463,283,463
388,445,410,445,410,461,388,461
96,446,130,446,130,465,96,465
136,446,181,446,181,465,136,465
345,465,403,470,401,492,343,488
315,468,336,468,336,486,315,486
408,468,443,468,443,491,408,491
450,468,503,468,503,486,450,486
96,470,130,470,130,491,96,491
180,470,203,470,203,488,180,488
210,470,253,470,253,488,210,488
261,470,283,470,283,488,261,488
283,470,306,470,306,490,283,490
138,471,170,471,170,488,138,488
158,495,233,495,233,513,158,513
305,496,315,496,315,511,305,511
323,495,358,495,358,513,323,513
400,495,421,495,421,513,400,513
471,495,498,495,498,515,471,515
503,495,538,495,538,513,503,513
95,496,160,496,160,516,95,516
96,545,141,545,141,568,96,568
148,545,193,545,193,568,148,568
200,545,245,545,245,566,200,566
273,545,318,545,318,566,273,566
473,546,498,546,498,565,473,565
505,546,540,546,540,563,505,563
253,550,273,550,273,565,253,565
220,570,266,570,266,593,220,593
96,571,141,571,141,595,96,595
148,571,193,571,193,593,148,593
198,571,211,571,211,591,198,591
518,576,528,576,528,590,518,590
95,596,141,596,141,620,95,620
146,596,205,596,205,620,146,620
210,596,245,596,245,620,210,620
473,598,506,598,506,616,473,616
505,598,541,598,541,618,505,618
105,623,151,623,151,646,105,646
156,625,191,625,191,646,156,646
463,625,498,625,498,643,463,643
505,625,540,625,540,643,505,643
93,648,140,648,140,671,93,671
146,648,180,648,180,671,146,671
186,651,221,651,221,670,186,670
473,651,498,651,498,668,473,668
506,651,541,651,541,668,506,668
175,676,221,674,222,696,176,698
228,675,253,675,253,696,228,696
301,675,338,675,338,700,301,700
345,675,391,675,391,696,345,696
260,676,295,676,295,695,260,695
398,676,455,676,455,698,398,698
123,726,158,726,158,750,123,750
165,728,221,728,221,750,165,750
228,727,276,729,274,752,227,749
93,730,116,730,116,750,93,750
465,730,541,730,541,750,465,750
93,753,126,753,126,776,93,776
301,753,358,753,358,776,301,776
133,755,190,755,190,778,133,778
206,755,291,755,291,775,206,775
186,756,208,756,208,775,186,775
520,760,530,760,530,775,520,775
93,780,116,780,116,803,93,803
175,780,231,780,231,803,175,803
123,781,168,781,168,801,123,801
356,781,543,784,543,806,356,803
165,858,198,858,198,883,165,883
206,860,253,860,253,883,206,883
301,860,338,860,338,885,301,885
260,861,295,861,295,885,260,885
345,862,402,866,401,887,343,883
410,863,458,863,458,888,410,888
91,888,125,888,125,910,91,910
133,888,210,888,210,910,133,910
216,890,260,890,260,910,216,910
270,890,295,890,295,911,270,911
303,889,368,891,368,911,302,910
376,891,401,891,401,913,376,913
400,891,446,891,446,913,400,913
453,895,500,895,500,913,453,913
508,895,545,895,545,916,508,916
141,940,178,940,178,963,141,963
183,941,210,941,210,963,183,963
216,941,251,941,251,965,216,965
260,941,318,941,318,965,260,965
325,943,350,943,350,965,325,965
400,943,436,943,436,968,400,968
356,945,393,945,393,966,356,966
443,948,480,948,480,968,443,968
88,968,123,968,123,990,88,990
123,970,131,970,131,986,123,986
131,968,173,968,173,988,131,988
183,970,306,970,306,991,183,991
313,971,370,971,370,993,313,993
366,971,400,971,400,991,366,991
410,973,490,973,490,993,410,993
498,976,533,976,533,995,498,995
