485,120,558,120,558,143,485,143
565,120,620,120,620,141,565,141
344,124,419,121,420,144,345,148
423,121,480,121,480,143,423,143
232,129,292,125,294,150,233,154
298,126,341,126,341,150,298,150
433,156,480,156,480,176,433,176
482,158,523,156,524,174,483,177
538,156,571,156,571,178,538,178
330,160,378,160,378,181,330,181
380,158,420,164,417,183,377,177
283,163,310,163,310,181,283,181
313,163,328,163,328,180,313,180
490,183,661,185,661,205,489,203
395,186,481,186,481,205,395,205
351,188,378,188,378,205,351,205
281,190,341,190,341,208,281,208
343,191,353,191,353,206,343,206
241,193,280,193,280,211,241,211
193,196,235,196,235,215,193,215
513,212,566,216,564,237,511,233
566,213,615,213,615,233,566,233
455,215,486,215,486,233,455,233
483,216,511,216,511,231,483,231
320,218,368,218,368,238,320,238
240,221,276,221,276,240,240,240
276,221,316,221,316,238,276,238
485,258,565,258,565,288,485,288
290,260,351,260,351,291,290,291
423,260,481,260,481,290,423,290
356,263,418,263,418,291,356,291
401,308,509,305,510,324,401,327
345,308,393,308,393,330,345,330
613,335,651,335,651,353,613,353
546,336,610,336,610,355,546,355
487,344,520,335,525,355,492,364
445,340,486,340,486,358,445,358
316,341,341,341,341,360,316,360
368,341,410,341,410,360,368,360
233,342,288,347,286,367,231,362
191,345,230,345,230,365,191,365
186,376,343,371,343,394,186,399
486,401,513,401,513,423,486,423
513,401,538,401,538,420,513,420
541,401,566,401,566,420,541,420
433,403,486,403,486,423,433,423
393,405,431,405,431,425,393,425
260,408,291,408,291,430,260,430
291,408,323,408,323,426,291,426
373,408,390,408,390,428,373,428
190,410,258,410,258,431,190,431
326,410,368,410,368,425,326,425
631,428,671,428,671,450,631,450
601,430,630,430,630,451,601,451
496,433,536,433,536,455,496,455
468,435,496,435,496,456,468,456
187,473,344,469,345,491,188,496
565,496,593,496,593,518,565,518
506,498,521,498,521,518,506,518
523,498,563,498,563,520,523,520
433,500,506,500,506,523,433,523
395,501,433,501,433,525,395,525
333,503,371,503,371,525,333,525
271,504,332,506,331,527,271,524
373,505,390,505,390,523,373,523
231,506,270,506,270,528,231,528
190,508,228,508,228,526,190,526
618,526,635,526,635,546,618,546
636,526,675,526,675,545,636,545
501,531,538,531,538,550,501,550
483,533,503,533,503,553,483,553
388,536,398,536,398,551,388,551
358,536,386,536,386,551,358,551
261,570,348,568,348,590,261,592
189,573,264,570,265,591,190,594
497,597,566,592,567,613,498,617
570,593,598,593,598,615,570,615
428,598,495,598,495,618,428,618
332,601,372,598,374,619,333,622
373,598,425,601,424,622,372,619
243,603,281,603,281,625,243,625
282,605,331,602,332,621,283,624
193,605,238,605,238,625,193,625
613,625,643,625,643,646,613,646
643,625,683,625,683,645,643,645
487,630,543,627,544,648,488,650
363,633,403,633,403,650,363,650
192,671,351,665,352,688,193,694
438,696,478,696,478,718,438,718
480,696,508,696,508,718,480,718
368,700,435,700,435,720,368,720
285,703,323,703,323,723,285,723
326,703,363,703,363,721,326,721
195,706,240,706,240,725,195,725
244,708,282,705,284,723,245,725
648,723,688,723,688,745,648,745
630,725,646,725,646,745,630,745
508,728,549,725,550,748,510,750
493,728,508,728,508,748,493,748
366,731,405,731,405,750,366,750
196,771,354,765,355,788,196,794
570,793,598,793,598,816,570,816
496,795,570,795,570,820,496,820
453,796,493,796,493,820,453,820
316,801,363,801,363,821,316,821
366,801,405,801,405,820,366,820
408,803,450,803,450,820,408,820
196,805,243,805,243,825,196,825
246,806,315,806,315,823,246,823
636,826,653,826,653,846,636,846
653,826,693,826,693,846,653,846
515,830,555,830,555,851,515,851
498,831,516,831,516,851,498,851
191,873,246,880,242,906,187,899
243,878,271,878,271,898,243,898
341,878,368,878,368,896,341,896
316,880,340,880,340,896,316,896
630,898,660,898,660,921,630,921
660,898,701,898,701,920,660,920
336,905,381,905,381,931,336,931
295,908,333,905,334,929,297,932
383,906,441,906,441,930,383,930
190,907,245,912,243,937,188,932
245,910,297,912,296,935,244,933
663,933,703,933,703,955,663,955
631,935,660,935,660,956,631,956
440,940,488,940,488,961,440,961
313,941,351,941,351,963,313,963
245,945,311,945,311,968,245,968
196,946,241,946,241,966,196,966
555,976,618,976,618,1008,555,1008
321,983,551,977,552,1004,321,1009
276,985,320,985,320,1010,276,1010
243,986,273,986,273,1011,243,1011
434,1020,531,1016,532,1038,435,1042
375,1020,431,1020,431,1046,375,1046
333,1021,371,1021,371,1043,333,1043
540,1051,600,1053,599,1077,539,1075
472,1055,536,1052,537,1075,473,1078
356,1056,400,1056,400,1081,356,1081
318,1058,353,1058,353,1081,318,1081
433,1058,473,1058,473,1081,433,1081
403,1060,430,1060,430,1076,403,1076
244,1140,628,1131,629,1167,245,1176
