523,235,568,231,570,247,525,252
490,240,515,240,515,256,490,256
469,245,490,245,490,259,469,259
318,247,384,247,384,261,318,261
438,250,465,248,467,261,439,263
439,298,471,298,471,314,439,314
517,305,562,305,562,323,517,323
479,313,517,310,518,329,480,332
437,316,478,316,478,332,437,332
336,320,359,320,359,332,336,332
361,318,387,318,387,334,361,334
389,318,433,318,433,334,389,334
544,320,567,320,567,336,544,336
505,323,542,323,542,341,505,341
464,331,503,327,504,344,466,347
334,332,393,334,392,352,333,349
423,332,455,332,455,348,423,348
393,334,423,334,423,348,393,348
453,346,480,346,480,362,453,362
428,348,451,348,451,362,428,362
446,365,533,356,535,374,448,383
371,366,407,366,407,382,371,382
409,369,448,369,448,382,409,382
489,392,538,388,540,408,491,411
366,394,403,394,403,414,366,414
451,394,487,394,487,414,451,414
407,396,448,396,448,414,407,414
441,416,517,411,518,428,443,433
389,416,410,416,410,432,389,432
412,416,441,416,441,432,412,432
512,430,549,425,551,443,514,447
357,433,394,433,394,453,357,453
416,431,460,436,458,454,414,449
460,433,480,433,480,449,460,449
480,433,512,433,512,448,480,448
398,435,416,435,416,449,398,449
493,464,522,461,524,478,494,481
329,464,375,464,375,480,329,480
375,464,418,467,417,484,374,481
421,467,432,467,432,482,421,482
434,464,493,467,492,484,433,481
327,482,362,482,362,498,327,498
366,483,401,483,401,499,366,499
400,483,444,483,444,499,400,499
327,499,353,499,353,515,327,515
355,501,380,501,380,517,355,517
538,538,569,538,569,556,538,556
329,542,364,542,364,558,329,558
490,544,538,541,539,559,491,561
366,544,391,544,391,560,366,560
462,546,483,546,483,560,462,560
329,567,355,567,355,585,329,585
357,568,390,571,389,589,355,586
391,569,412,569,412,586,391,586
423,569,464,569,464,588,423,588
505,620,563,620,563,638,505,638
327,622,361,622,361,640,327,640
432,622,471,622,471,638,432,638
473,622,503,622,503,640,473,640
361,624,401,624,401,640,361,640
403,624,430,624,430,640,403,640
330,642,378,642,378,658,330,658
514,666,542,666,542,684,514,684
542,666,570,666,570,683,542,683
327,668,357,668,357,684,327,684
359,668,387,668,387,684,359,684
370,717,412,723,410,742,368,737
410,720,442,720,442,738,410,738
542,720,570,720,570,736,542,736
445,720,492,724,490,743,443,738
514,722,542,722,542,738,514,738
396,745,439,745,439,763,396,763
441,745,482,745,482,763,441,763
542,770,570,770,570,787,542,787
357,770,399,773,398,792,356,789
448,771,490,771,490,789,448,789
514,771,542,771,542,787,514,787
400,773,446,773,446,789,400,789
519,795,559,798,557,817,518,814
323,798,361,798,361,816,323,816
362,798,398,798,398,814,362,814
398,798,433,798,433,814,398,814
435,798,474,798,474,814,435,814
474,798,519,798,519,816,474,816
560,802,569,802,569,812,560,812
323,814,359,814,359,832,323,832
325,848,368,848,368,864,325,864
366,848,464,848,464,864,366,864
366,899,403,899,403,917,366,917
428,901,448,901,448,917,428,917
449,901,480,901,480,919,449,919
480,901,510,901,510,919,480,919
510,901,537,901,537,919,510,919
405,903,426,903,426,917,405,917
455,919,519,919,519,935,455,935
382,923,437,923,437,935,382,935
439,923,455,923,455,935,439,935
288,1296,414,1299,414,1321,287,1318
414,1299,474,1302,472,1322,413,1318
471,1303,546,1303,546,1323,471,1323
581,1310,604,1310,604,1326,581,1326
