256,183,359,198,356,219,253,204
362,199,422,202,421,221,361,218
233,211,272,220,267,239,228,230
269,220,298,220,298,238,269,238
300,223,334,226,332,241,298,238
118,228,146,228,146,242,118,242
336,227,366,229,365,244,335,242
368,230,397,230,397,245,368,245
398,231,439,233,438,248,398,246
225,278,274,278,274,306,225,306
280,284,333,288,331,312,278,308
336,286,384,286,384,313,336,313
388,289,452,291,451,316,387,314
134,297,171,301,168,320,132,315
173,301,222,313,217,332,168,319
244,316,266,316,266,333,244,333
286,320,324,320,324,337,286,337
352,322,386,322,386,338,352,338
389,324,416,324,416,344,389,344
434,324,485,324,485,338,434,338
127,323,265,341,263,361,124,343
489,325,520,325,520,340,489,340
266,343,309,346,307,364,265,361
310,348,332,348,332,362,310,362
410,349,442,349,442,368,410,368
486,350,497,350,497,364,486,364
332,350,406,350,406,366,332,366
444,350,484,350,484,365,444,365
500,350,524,350,524,365,500,365
274,370,307,372,306,386,273,384
480,372,500,372,500,388,480,388
502,373,533,373,533,389,502,389
369,373,396,377,394,392,367,389
392,374,424,374,424,392,392,392
125,381,266,397,264,416,123,400
266,397,299,400,298,417,265,415
301,401,334,401,334,418,301,418
373,402,396,402,396,420,373,420
337,404,370,404,370,418,337,418
428,404,452,404,452,418,428,418
398,406,424,406,424,420,398,420
232,424,240,424,240,436,232,436
274,425,308,425,308,440,274,440
481,425,504,425,504,442,481,442
506,425,537,425,537,440,506,440
369,429,396,429,396,448,369,448
394,429,425,429,425,446,394,446
122,442,265,451,263,472,121,463
266,454,301,454,301,473,266,473
488,454,513,454,513,473,488,473
304,456,343,458,342,475,303,473
442,457,485,457,485,476,442,476
347,457,398,462,396,479,345,474
399,460,441,457,442,475,400,477
120,473,153,473,153,492,120,492
156,472,204,477,202,497,154,491
204,477,232,477,232,497,204,497
396,485,428,485,428,502,396,502
381,486,397,486,397,504,381,504
118,501,152,504,151,523,117,521
154,504,196,504,196,522,154,522
218,506,241,506,241,521,218,521
509,508,544,508,544,526,509,526
484,509,512,509,512,529,484,529
274,510,309,510,309,524,274,524
393,512,426,512,426,530,393,530
381,513,396,513,396,529,381,529
112,538,162,544,159,566,110,560
161,544,192,544,192,562,161,562
245,549,268,549,268,564,245,564
111,564,161,572,158,594,108,587
480,570,514,570,514,589,480,589
514,570,549,570,549,589,514,589
161,570,210,574,208,594,160,590
108,606,158,610,157,633,106,629
481,608,520,608,520,628,481,628
516,608,552,608,552,626,516,626
158,609,194,609,194,629,158,629
106,637,149,637,149,657,106,657
216,637,252,637,252,657,216,657
517,637,553,637,553,656,517,656
153,638,213,638,213,657,153,657
482,638,521,638,521,657,482,657
325,640,365,640,365,658,325,658
492,669,521,669,521,689,492,689
517,669,553,669,553,688,517,688
138,673,166,673,166,693,138,693
196,673,245,673,245,693,196,693
100,674,137,674,137,694,100,694
168,676,192,676,192,693,168,693
204,721,341,716,341,737,205,742
141,723,183,721,184,742,142,744
109,724,140,724,140,744,109,744
138,760,215,746,219,773,143,786
220,753,248,753,248,773,220,773
250,756,295,754,296,769,250,771
108,756,137,756,137,781,108,781
533,777,556,777,556,794,533,794
104,792,157,792,157,812,104,812
160,794,211,791,212,809,161,812
522,808,558,808,558,826,522,826
208,821,254,821,254,841,208,841
160,824,205,824,205,845,160,845
104,825,157,825,157,846,104,846
207,858,254,853,256,872,209,878
161,858,206,858,206,880,161,880
104,861,158,861,158,882,104,882
499,872,561,869,561,890,500,893
281,881,320,881,320,902,281,902
239,886,279,881,281,902,242,907
168,888,241,888,241,912,168,912
141,892,166,892,166,912,141,912
102,896,139,891,141,912,105,917
424,919,534,914,535,935,425,940
538,916,560,916,560,936,538,936
370,921,422,921,422,946,370,946
186,934,368,918,370,943,188,959
120,934,148,934,148,961,120,961
150,936,185,936,185,956,150,956
369,958,409,956,410,977,370,979
314,962,366,955,370,978,317,985
278,962,313,962,313,982,278,982
434,982,491,977,493,998,436,1003
398,984,434,984,434,1005,398,1005
373,985,397,985,397,1005,373,1005
336,986,372,986,372,1008,336,1008
297,988,333,988,333,1006,297,1006
270,990,294,990,294,1010,270,1010
242,997,266,997,266,1013,242,1013
164,998,194,998,194,1018,164,1018
196,1002,238,996,241,1015,199,1021
