428,237,450,237,450,250,428,250
449,237,509,240,509,256,448,253
508,241,529,241,529,256,508,256
398,254,414,254,414,270,398,270
412,253,461,257,459,273,411,270
277,257,377,264,375,290,275,283
460,258,482,258,482,272,460,272
482,258,502,258,502,273,482,273
504,260,514,260,514,274,504,274
514,260,538,260,538,276,514,276
538,261,560,261,560,280,538,280
413,273,471,276,470,291,412,288
470,277,481,277,481,290,470,290
482,275,515,281,512,297,479,291
513,280,538,280,538,293,513,293
429,294,449,294,449,309,429,309
448,295,523,298,522,313,447,309
368,325,393,325,393,340,368,340
397,326,416,326,416,341,397,341
420,329,445,329,445,342,420,342
448,329,481,329,481,344,448,344
270,335,303,338,302,352,269,349
308,338,340,338,340,353,308,353
338,339,415,345,414,360,337,354
418,346,436,346,436,360,418,360
441,348,458,348,458,361,441,361
436,350,442,350,442,360,436,360
498,350,575,350,575,365,498,365
269,352,302,355,301,370,268,367
301,357,330,357,330,370,301,370
484,366,522,366,522,380,484,380
521,368,582,368,582,382,521,382
268,389,292,389,292,404,268,404
298,389,333,394,331,409,296,404
402,398,420,398,420,412,402,412
422,400,449,397,450,413,424,415
476,401,492,401,492,414,476,414
528,402,576,402,576,418,528,418
266,406,305,408,305,423,266,421
305,410,324,410,324,424,305,424
329,409,368,415,366,430,327,424
372,416,389,416,389,429,372,429
394,415,425,418,423,431,393,429
432,418,448,418,448,432,432,432
453,418,470,418,470,432,453,432
474,420,521,420,521,433,474,433
265,425,367,431,366,447,264,440
409,434,426,434,426,448,409,448
430,436,454,436,454,449,430,449
534,440,552,440,552,453,534,453
556,440,581,440,581,454,556,454
265,443,314,446,313,461,264,458
318,448,342,448,342,462,318,462
349,450,378,450,378,464,349,464
384,452,409,452,409,468,384,468
414,453,430,453,430,466,414,466
429,454,454,454,454,468,429,468
460,454,490,454,490,469,460,469
489,454,513,454,513,469,489,469
264,462,364,468,363,483,263,477
406,470,424,470,424,484,406,484
429,472,453,472,453,485,429,485
533,476,550,476,550,489,533,489
556,477,580,477,580,490,556,490
262,481,296,481,296,497,262,497
301,484,318,484,318,497,301,497
324,485,341,485,341,498,324,498
346,488,370,488,370,501,346,501
376,488,392,488,392,501,376,501
390,489,416,489,416,502,390,502
421,489,460,489,460,504,421,504
465,492,496,492,496,505,465,505
505,494,518,494,518,506,505,506
518,493,534,493,534,506,518,506
261,498,363,503,362,519,260,514
405,506,424,506,424,521,405,521
428,508,452,508,452,522,428,522
533,512,550,512,550,526,533,526
554,513,580,513,580,526,554,526
261,536,294,536,294,553,261,553
298,537,332,537,332,553,298,553
336,540,369,540,369,554,336,554
390,541,422,541,422,557,390,557
376,544,385,544,385,556,376,556
532,549,549,549,549,562,532,562
554,550,580,550,580,564,554,564
260,554,293,554,293,572,260,572
298,557,330,557,330,572,298,572
336,560,345,560,345,573,336,573
350,558,385,558,385,576,350,576
564,570,572,570,572,581,564,581
258,573,292,573,292,592,258,592
296,576,338,576,338,592,296,592
342,577,366,577,366,593,342,593
532,586,548,586,548,600,532,600
553,586,580,586,580,601,553,601
264,593,298,593,298,609,264,609
302,596,328,596,328,610,302,610
524,605,549,605,549,618,524,618
553,606,578,606,578,620,553,620
254,612,290,612,290,629,254,629
294,613,321,613,321,630,294,630
325,616,350,616,350,630,325,630
524,624,549,624,549,638,524,638
553,624,578,624,578,638,553,638
317,633,350,633,350,652,317,652
354,634,373,634,373,652,354,652
377,637,402,637,402,652,377,652
408,637,436,637,436,656,408,656
438,638,473,638,473,656,438,656
477,641,516,641,516,656,477,656
305,692,332,692,332,709,305,709
336,693,369,693,369,709,336,709
406,694,433,694,433,713,406,713
374,696,401,696,401,710,374,710
437,696,479,700,478,715,436,711
482,698,517,698,517,717,482,717
249,713,274,713,274,728,249,728
281,713,337,714,337,729,280,728
358,714,376,714,376,729,358,729
342,716,360,716,360,729,342,729
382,716,400,716,400,730,382,730
406,717,454,717,454,732,406,732
458,718,476,718,476,732,458,732
474,718,508,718,508,733,474,733
513,721,546,721,546,734,513,734
552,722,578,722,578,738,552,738
286,752,314,752,314,769,286,769
317,752,338,752,338,769,317,769
342,753,369,753,369,770,342,770
373,753,417,753,417,772,373,772
420,756,438,756,438,770,420,770
442,757,469,757,469,772,442,772
474,757,501,757,501,774,474,774
505,758,532,758,532,773,505,773
244,773,278,773,278,788,244,788
277,773,309,773,309,788,277,788
316,773,406,774,406,790,315,789
412,776,445,776,445,792,412,792
444,777,474,777,474,792,444,792
481,777,539,780,538,794,480,791
544,781,570,781,570,794,544,794
