428,473,478,473,478,493,428,493
386,476,428,476,428,496,386,496
294,478,332,478,332,497,294,497
334,478,386,478,386,497,334,497
552,497,582,497,582,514,552,514
526,498,550,498,550,516,526,516
504,500,526,500,526,517,504,517
464,501,502,503,501,518,463,517
198,504,236,504,236,521,198,521
437,504,462,504,462,518,437,518
236,505,265,505,265,521,236,521
268,504,308,509,306,525,266,519
390,505,436,505,436,522,390,522
309,506,329,506,329,521,309,521
332,506,360,506,360,521,332,521
362,506,389,506,389,522,362,522
388,530,481,528,481,546,389,548
294,532,380,532,380,546,294,546
385,590,422,590,422,610,385,610
424,590,476,590,476,610,424,610
302,593,342,593,342,612,302,612
344,594,384,594,384,610,344,610
504,629,590,629,590,648,504,648
460,630,501,630,501,648,460,648
220,633,281,630,282,649,221,652
280,632,300,632,300,648,280,648
194,634,218,634,218,650,194,650
386,698,412,698,412,720,386,720
349,700,385,700,385,717,349,717
500,701,556,701,556,721,500,721
557,701,592,701,592,724,557,724
193,709,218,709,218,726,193,726
380,729,404,729,404,750,380,750
402,729,437,729,437,749,402,749
337,732,377,730,378,750,338,753
272,736,336,736,336,756,272,756
221,741,268,736,270,756,223,761
193,741,220,741,220,762,193,762
377,762,413,762,413,782,377,782
350,764,377,764,377,785,350,785
520,767,563,771,561,794,518,789
556,771,595,773,594,795,555,793
284,808,330,808,330,829,284,829
245,809,281,809,281,833,245,833
520,808,597,816,595,839,518,832
192,817,244,817,244,838,192,838
365,852,420,852,420,870,365,870
422,853,458,853,458,872,422,872
331,856,365,853,366,873,333,876
458,856,490,856,490,876,458,876
265,859,306,857,307,876,266,879
490,858,521,858,521,878,490,878
308,860,330,860,330,873,308,873
