146,117,333,117,333,145,146,145
380,119,437,116,438,143,381,146
86,123,141,118,143,145,88,149
350,120,378,120,378,144,350,144
189,156,244,156,244,180,189,180
248,157,305,157,305,180,248,180
303,158,361,154,363,178,304,182
361,156,416,156,416,178,361,178
56,157,102,157,102,182,56,182
106,156,184,160,183,184,105,181
8,165,50,165,50,185,8,185
155,201,219,196,221,221,157,225
8,198,65,198,65,222,8,222
69,200,114,200,114,222,69,222
117,201,154,201,154,221,117,221
241,233,379,231,380,255,241,257
196,234,238,234,238,257,196,257
6,234,40,234,40,258,6,258
42,234,178,234,178,258,42,258
6,268,54,268,54,292,6,292
109,269,202,269,202,292,109,292
221,269,342,269,342,290,221,290
57,273,110,273,110,294,57,294
393,302,472,302,472,325,393,325
210,305,236,305,236,326,210,326
269,305,309,305,309,325,269,325
348,304,380,304,380,325,348,325
4,306,44,306,44,328,4,328
476,306,520,306,520,325,476,325
48,305,101,311,99,334,45,328
409,342,456,342,456,366,409,366
458,344,517,342,517,365,458,367
0,345,40,345,40,368,0,368
44,341,112,348,110,372,42,366
113,344,142,344,142,370,113,370
250,344,296,344,296,366,250,366
298,345,342,345,342,366,298,366
368,345,384,345,384,365,368,365
230,348,238,348,238,362,230,362
4,373,48,380,44,407,0,400
48,378,102,382,101,406,46,402
400,378,448,378,448,404,400,404
452,378,514,378,514,404,452,404
0,416,46,416,46,438,0,438
46,416,101,416,101,440,46,440
105,418,146,418,146,440,105,440
151,416,214,421,212,443,149,439
481,418,514,418,514,441,481,441
1,449,47,456,42,484,-3,477
46,457,76,457,76,480,46,480
77,458,137,458,137,479,77,479
141,458,197,458,197,480,141,480
398,458,454,458,454,482,398,482
450,458,514,458,514,482,450,482
112,497,178,497,178,530,112,530
234,500,289,500,289,532,234,532
294,500,409,500,409,533,294,533
56,502,106,502,106,528,56,528
182,502,229,502,229,530,182,530
