257,112,328,110,328,129,258,132
192,117,249,113,250,133,193,137
229,139,329,133,330,153,230,158
186,145,229,142,230,159,186,162
148,148,186,148,186,166,148,166
398,151,430,151,430,170,398,170
360,153,396,153,396,170,360,170
338,156,360,156,360,173,338,173
308,158,336,158,336,173,308,173
251,161,296,161,296,180,251,180
225,163,250,163,250,181,225,181
200,168,223,168,223,185,200,185
141,171,186,171,186,190,141,190
118,178,141,178,141,195,118,195
318,182,394,175,396,199,320,206
261,185,316,185,316,210,261,210
197,193,254,188,256,211,198,216
138,198,192,193,194,216,140,221
281,215,300,215,300,228,281,228
238,218,281,218,281,233,238,233
184,221,236,219,237,235,185,237
136,226,180,226,180,241,136,241
82,230,134,227,135,243,83,245
221,240,255,240,255,256,221,256
166,241,220,241,220,258,166,258
117,248,159,244,161,260,118,264
85,250,116,250,116,265,85,265
229,260,311,253,312,271,230,278
191,261,215,261,215,276,191,276
166,263,190,263,190,278,166,278
415,266,459,263,460,281,416,284
123,266,160,266,160,285,123,285
83,269,122,266,124,282,85,285
403,268,418,268,418,283,403,283
307,275,344,272,345,289,308,292
265,280,286,280,286,293,265,293
173,281,207,278,209,296,175,299
129,285,171,282,172,299,130,302
380,293,449,285,451,303,382,311
83,290,120,290,120,305,83,305
326,295,381,295,381,313,326,313
283,298,325,298,325,313,283,313
212,302,279,298,280,315,213,318
167,307,209,302,211,319,169,324
128,308,165,308,165,323,128,323
232,321,291,317,292,334,233,338
193,323,228,323,228,340,193,340
175,326,188,326,188,341,175,341
128,328,171,328,171,343,128,343
433,328,468,328,468,345,433,345
410,333,431,333,431,345,410,345
315,336,351,336,351,351,315,351
154,348,186,346,187,358,155,361
130,350,151,350,151,361,130,361
388,350,431,350,431,361,388,361
342,354,384,350,385,362,343,367
321,355,340,355,340,366,321,366
223,360,316,357,317,369,223,372
172,362,216,360,217,371,173,373
129,366,166,363,167,374,130,377
266,373,324,371,325,383,266,385
218,375,261,375,261,388,218,388
173,376,213,376,213,388,173,388
127,379,169,376,170,389,128,392
443,376,478,376,478,393,443,393
416,378,441,378,441,393,416,393
318,383,356,383,356,398,318,398
150,390,183,390,183,405,150,405
376,401,416,401,416,418,376,418
328,403,371,403,371,420,328,420
219,409,323,404,324,422,220,427
122,412,164,410,165,428,123,430
170,411,216,411,216,428,170,428
197,433,259,429,260,448,198,452
123,435,193,435,193,453,123,453
448,446,483,446,483,465,448,465
421,448,446,448,446,466,421,466
323,451,360,451,360,470,323,470
150,458,185,458,185,476,150,476
123,461,148,461,148,478,123,478
435,473,476,470,477,491,436,494
374,474,431,472,432,491,375,493
327,478,371,475,372,493,328,496
279,480,324,477,325,496,280,498
233,480,276,480,276,498,233,498
182,483,229,480,230,500,183,502
153,485,180,485,180,501,153,501
125,486,148,486,148,503,125,503
126,510,180,510,180,531,126,531
453,523,488,523,488,541,453,541
428,525,451,525,451,543,428,543
325,529,364,526,365,544,327,547
278,531,301,531,301,550,278,550
143,536,180,536,180,556,143,556
128,541,138,541,138,556,128,556
209,560,286,556,287,575,210,579
176,561,208,561,208,581,176,581
128,563,173,563,173,585,128,585
456,575,490,575,490,593,456,593
428,576,453,576,453,595,428,595
329,581,366,579,367,598,330,600
293,586,303,586,303,600,293,600
145,588,181,588,181,610,145,610
131,593,141,593,141,608,131,608
428,603,481,600,482,618,430,622
350,605,393,605,393,623,350,623
396,605,425,605,425,621,396,621
292,608,344,606,345,624,293,627
260,610,288,610,288,628,260,628
208,613,254,609,256,628,210,632
180,613,206,613,206,631,180,631
128,616,174,614,176,634,130,637
458,626,491,626,491,645,458,645
431,628,455,628,455,646,431,646
331,631,368,631,368,650,331,650
295,638,305,638,305,651,295,651
146,640,183,640,183,660,146,660
133,646,143,646,143,660,133,660
410,653,461,653,461,671,410,671
376,655,405,655,405,673,376,673
330,658,373,658,373,676,330,676
275,660,326,660,326,678,275,678
240,661,270,661,270,680,240,680
191,665,236,665,236,683,191,683
161,668,188,668,188,685,161,685
133,670,155,670,155,686,133,686
460,678,493,678,493,696,460,696
443,680,456,680,456,696,443,696
333,683,370,683,370,701,333,701
150,693,185,693,185,711,150,711
136,698,148,698,148,713,136,713
360,708,413,705,414,723,361,727
328,708,358,708,358,726,328,726
264,711,324,709,325,728,265,730
215,713,260,713,260,731,215,731
185,716,213,716,213,733,185,733
136,718,180,718,180,736,136,736
86,726,96,726,96,741,86,741
446,731,461,731,461,750,446,750
463,731,498,731,498,748,463,748
335,735,373,735,373,753,335,753
153,743,188,743,188,761,153,761
138,745,151,745,151,763,138,763
362,759,416,757,417,776,363,778
331,760,361,760,361,780,331,780
265,761,326,761,326,780,265,780
216,765,261,765,261,783,216,783
186,768,213,768,213,785,186,785
137,771,181,769,182,787,138,790
468,780,503,780,503,795,468,795
451,781,465,781,465,796,451,796
336,785,375,785,375,803,336,803
153,795,188,795,188,813,153,813
140,800,150,800,150,815,140,815
399,805,468,802,468,821,400,824
337,809,394,806,395,824,338,827
300,811,333,811,333,828,300,828
245,813,295,813,295,831,245,831
178,818,238,813,239,833,180,837
136,821,176,821,176,840,136,840
86,826,108,826,108,843,86,843
473,828,510,828,510,846,473,846
446,830,471,830,471,848,446,848
330,836,376,832,378,851,332,856
300,840,310,840,310,855,300,855
148,845,183,845,183,863,148,863
133,846,146,846,146,863,133,863
257,864,348,862,348,884,258,887
194,869,254,866,256,888,195,891
129,871,191,869,192,891,130,893
78,876,98,876,98,893,78,893
450,886,476,886,476,908,450,908
478,886,518,886,518,915,478,915
341,890,383,890,383,911,341,911
480,918,519,915,521,937,482,940
439,920,477,918,479,938,440,940
141,931,176,931,176,951,141,951
90,935,138,935,138,953,90,953
496,946,523,946,523,968,496,968
196,957,259,951,261,978,198,984
161,960,196,960,196,980,161,980
95,960,131,965,127,986,91,981
133,961,158,961,158,981,133,981
481,988,526,988,526,1011,481,1011
430,991,485,991,485,1016,430,1016
143,999,199,996,200,1024,145,1027
80,1001,144,1005,142,1032,78,1028
488,1030,526,1030,526,1051,488,1051
446,1035,482,1030,485,1049,448,1054
196,1046,235,1046,235,1065,196,1065
145,1046,196,1050,194,1072,143,1068
80,1050,143,1050,143,1071,80,1071
440,1058,470,1058,470,1076,440,1076
397,1076,435,1066,440,1086,402,1095
286,1073,346,1073,346,1095,286,1095
356,1073,398,1073,398,1091,356,1091
170,1077,214,1075,215,1094,171,1097
246,1076,286,1076,286,1098,246,1098
136,1078,170,1078,170,1098,136,1098
216,1078,245,1078,245,1095,216,1095
358,1103,465,1077,470,1101,364,1126
308,1101,365,1101,365,1123,308,1123
270,1103,311,1103,311,1123,270,1123
216,1105,266,1105,266,1125,216,1125
173,1106,213,1106,213,1126,173,1126
138,1108,168,1108,168,1126,138,1126
303,1133,394,1125,397,1150,305,1158
238,1133,291,1133,291,1156,238,1156
