405,158,429,158,429,177,405,177
357,160,378,160,378,178,357,178
378,160,405,160,405,178,378,178
296,161,324,161,324,180,296,180
322,161,356,161,356,178,322,178
270,162,297,162,297,180,270,180
406,181,430,181,430,200,406,200
381,182,408,182,408,201,381,201
285,184,341,184,341,202,285,202
341,183,382,185,381,204,340,202
269,185,286,185,286,204,269,204
390,205,418,205,418,222,390,222
118,205,230,205,230,236,118,236
301,206,329,206,329,225,301,225
329,206,352,206,352,225,329,225
354,206,392,206,392,226,354,226
281,208,300,208,300,225,281,225
295,230,370,228,371,247,296,249
369,229,404,229,404,246,369,246
286,270,316,270,316,289,286,289
318,270,358,270,358,288,318,288
226,272,256,272,256,289,226,289
261,272,282,272,282,289,261,289
396,289,468,289,468,308,396,308
378,292,397,292,397,306,378,306
286,293,306,293,306,309,286,309
305,293,332,293,332,309,305,309
160,294,196,294,196,313,160,313
194,294,281,294,281,312,194,312
118,296,154,296,154,314,118,314
362,310,450,310,450,329,362,329
448,310,476,310,476,325,448,325
120,317,154,317,154,336,120,336
154,317,186,317,186,333,154,333
416,352,468,352,468,369,416,369
296,356,324,356,324,374,296,374
356,356,373,356,373,370,356,370
270,357,292,357,292,373,270,373
120,358,148,358,148,377,120,377
153,357,191,359,190,377,152,375
237,378,290,378,290,396,237,396
296,378,324,378,324,396,296,396
179,381,230,379,231,394,180,396
120,381,173,381,173,396,120,396
424,396,449,396,449,412,424,412
449,396,478,396,478,413,449,413
281,398,300,398,300,414,281,414
305,398,333,398,333,414,305,414
180,400,233,400,233,417,180,417
120,401,181,401,181,418,120,418
364,417,408,417,408,433,364,433
289,420,306,420,306,434,289,434
306,420,325,420,325,436,306,436
332,420,358,420,358,434,332,434
120,421,148,421,148,438,120,438
154,421,181,421,181,438,154,438
205,421,222,421,222,436,205,436
230,421,281,421,281,436,230,436
188,422,206,422,206,436,188,436
424,438,450,438,450,453,424,453
449,438,477,438,477,453,449,453
305,440,333,440,333,456,305,456
119,442,233,441,233,458,120,460
281,441,300,441,300,456,281,456
444,480,478,480,478,496,444,496
121,481,158,481,158,501,121,501
164,481,201,481,201,500,164,500
205,481,242,481,242,500,205,500
264,482,301,480,302,498,265,500
425,481,445,481,445,496,425,496
248,484,265,484,265,498,248,498
222,501,260,501,260,520,222,520
121,502,158,502,158,521,121,521
164,502,201,502,201,521,164,521
206,504,216,504,216,520,206,520
460,502,470,502,470,514,460,514
213,524,242,521,243,541,215,543
425,522,445,522,445,537,425,537
445,522,480,522,480,537,445,537
121,524,158,524,158,542,121,542
162,524,210,524,210,542,162,542
425,544,445,544,445,558,425,558
445,544,478,544,478,558,445,558
129,545,166,545,166,564,129,564
172,546,200,546,200,564,172,564
164,565,192,565,192,584,164,584
121,566,158,566,158,585,121,585
197,568,226,568,226,585,197,585
368,585,412,585,412,604,368,604
188,588,225,586,226,605,189,607
230,586,250,586,250,604,230,604
290,586,320,586,320,605,290,605
325,586,362,586,362,602,325,602
256,588,284,588,284,602,256,602
290,649,321,649,321,668,290,668
377,649,414,649,414,669,377,669
181,650,208,650,208,669,181,669
213,651,251,649,252,667,214,669
257,650,286,650,286,668,257,668
326,650,373,652,373,669,326,667
369,672,408,672,408,689,369,689
412,672,449,672,449,686,412,686
454,672,484,672,484,689,454,689
266,673,286,673,286,690,266,690
293,673,346,673,346,689,293,689
352,673,370,673,370,688,352,688
156,674,217,674,217,692,156,692
222,674,257,674,257,689,222,689
120,676,148,676,148,690,120,690
258,713,306,713,306,733,258,733
370,713,400,713,400,733,370,733
310,714,330,714,330,733,310,733
164,716,193,716,193,734,164,734
197,716,218,716,218,734,197,734
222,717,253,715,254,733,224,735
336,716,365,716,365,733,336,733
405,716,434,716,434,733,405,733
301,737,370,737,370,753,301,753
378,737,442,737,442,753,378,753
448,737,477,737,477,752,448,752
197,738,296,738,296,756,197,756
118,740,156,740,156,756,118,756
154,740,189,740,189,756,154,756
