389,99,463,93,465,117,391,122
260,102,384,102,384,123,260,123
438,132,488,132,488,148,438,148
398,133,436,133,436,150,398,150
358,134,394,134,394,154,358,154
247,136,274,139,272,156,245,153
276,138,309,138,309,154,276,154
314,138,354,138,354,156,314,156
97,164,132,164,132,180,97,180
422,205,502,204,503,233,422,235
220,206,282,206,282,238,220,238
356,207,415,205,416,234,357,236
286,213,350,209,351,235,288,239
553,244,594,244,594,264,553,264
482,246,549,244,549,264,482,265
113,246,153,246,153,265,113,265
421,250,456,245,459,267,424,272
156,246,212,252,210,271,154,266
376,248,420,248,420,266,376,266
242,249,270,249,270,269,242,269
295,250,339,248,340,267,296,269
102,277,140,277,140,297,102,297
140,276,255,280,254,301,139,298
389,280,417,280,417,300,389,300
421,280,450,280,450,300,421,300
284,282,357,281,357,300,285,302
361,281,386,281,386,300,361,300
258,284,284,284,284,301,258,301
98,308,136,308,136,328,98,328
139,306,193,312,191,333,137,327
194,310,221,310,221,332,194,332
430,310,469,310,469,332,430,332
412,312,430,312,430,332,412,332
571,336,614,331,616,352,573,357
96,339,134,341,132,360,95,358
541,340,576,340,576,358,541,358
136,341,184,341,184,361,136,361
210,344,237,344,237,361,210,361
428,344,467,342,468,363,429,365
410,345,430,345,430,366,410,366
278,346,320,346,320,362,278,362
92,374,252,382,251,403,91,395
254,382,300,382,300,402,254,402
305,384,356,384,356,402,305,402
574,403,618,398,620,419,576,423
557,406,577,406,577,425,557,425
222,413,234,413,234,429,222,429
412,414,468,414,468,437,412,437
277,416,320,416,320,432,277,432
77,443,137,453,133,476,73,466
137,453,172,453,172,473,137,473
240,462,266,462,266,480,240,480
581,476,627,473,628,498,582,500
73,472,134,482,130,508,69,499
537,478,586,478,586,502,537,502
136,481,193,487,191,510,134,504
68,518,129,527,125,554,64,545
583,525,630,521,632,545,585,549
540,526,589,526,589,550,540,550
130,528,173,528,173,550,130,550
64,558,116,558,116,581,64,581
121,560,196,562,195,584,120,582
200,561,241,561,241,585,200,585
539,564,633,560,634,587,540,591
337,569,386,569,386,592,337,592
66,620,104,620,104,644,66,644
106,621,157,621,157,645,106,645
182,621,354,624,354,649,182,645
100,664,194,654,198,685,104,695
64,660,101,660,101,689,64,689
198,662,234,662,234,688,198,688
237,662,330,662,330,690,237,690
56,701,121,701,121,726,56,726
610,705,640,705,640,729,610,729
128,708,189,708,189,726,128,726
52,744,118,744,118,769,52,769
122,744,178,744,178,772,122,772
181,745,241,745,241,770,181,770
594,750,642,750,642,773,594,773
51,786,121,792,119,818,48,812
121,788,178,788,178,816,121,816
181,788,241,788,241,813,181,813
128,824,224,830,221,860,126,854
46,829,92,829,92,854,46,854
224,829,273,829,273,854,224,854
277,825,327,834,322,862,272,852
94,830,125,830,125,856,94,856
564,833,606,837,603,863,562,859
600,834,646,834,646,861,600,861
152,887,387,884,388,912,153,915
390,885,456,885,456,917,390,917
64,888,98,888,98,914,64,914
102,889,149,889,149,914,102,914
461,886,646,895,645,922,460,914
316,938,383,926,388,956,321,968
390,932,438,932,438,958,390,958
269,933,316,933,316,960,269,960
344,968,389,968,389,998,344,998
293,969,340,969,340,994,293,994
392,969,422,969,422,994,392,994
164,970,217,970,217,996,164,996
258,970,289,970,289,994,258,994
118,972,160,972,160,997,118,997
425,972,472,972,472,1001,425,1001
474,971,551,974,550,1001,473,998
222,976,253,976,253,996,222,996
556,981,564,981,564,997,556,997
