381,119,462,119,462,143,381,143
234,121,373,121,373,145,234,145
346,161,385,161,385,182,346,182
392,161,430,161,430,181,392,181
435,160,488,164,487,183,433,179
253,163,291,161,292,182,255,184
296,162,341,162,341,182,296,182
204,161,253,165,251,187,202,183
54,197,94,197,94,216,54,216
418,245,506,245,506,280,418,280
195,247,262,245,263,281,196,283
345,247,411,245,412,279,346,281
270,249,340,249,340,281,270,281
558,290,604,290,604,312,558,312
484,292,556,292,556,313,484,313
420,292,456,292,456,320,420,320
77,294,121,294,121,316,77,316
127,292,188,300,185,322,124,315
222,296,252,296,252,317,222,317
280,296,329,296,329,316,280,316
368,296,416,296,416,316,368,316
469,328,500,328,500,349,469,349
68,330,150,330,150,352,68,352
395,331,463,329,464,350,396,352
150,330,234,330,234,353,150,353
316,330,354,330,354,353,316,353
357,332,392,332,392,352,357,352
240,333,274,333,274,353,240,353
281,333,312,333,312,353,281,353
545,361,582,361,582,385,545,385
580,361,622,361,622,382,580,382
424,362,468,362,468,386,424,386
393,365,428,365,428,388,393,388
264,368,310,368,310,385,264,385
407,404,471,403,472,426,408,428
477,405,510,405,510,425,477,425
64,405,249,405,249,429,64,429
252,408,293,408,293,429,252,429
298,409,352,409,352,429,298,429
357,410,404,410,404,428,357,428
61,440,102,440,102,464,61,464
408,442,470,440,471,463,409,466
107,438,168,444,166,469,104,463
168,442,205,442,205,468,168,468
583,476,627,474,628,495,584,497
548,476,586,476,586,500,548,500
60,477,101,477,101,501,60,501
426,477,469,477,469,500,426,500
106,480,158,480,158,501,106,501
264,480,310,480,310,498,264,498
408,480,429,480,429,502,408,502
524,517,558,517,558,540,524,540
461,518,520,518,520,544,461,544
253,521,297,521,297,544,253,544
361,521,404,521,404,542,361,542
409,521,457,521,457,541,409,541
60,521,204,521,204,545,60,545
202,521,248,521,248,544,202,544
302,522,356,522,356,544,302,544
429,554,473,554,473,578,429,578
410,557,433,557,433,581,410,581
103,554,166,560,164,586,101,580
57,558,98,558,98,582,57,582
165,558,202,558,202,584,165,584
407,593,471,591,472,617,408,619
552,593,590,593,590,618,552,618
586,592,633,592,633,614,586,614
264,597,310,597,310,616,264,616
56,597,98,597,98,621,56,621
102,598,156,598,156,621,102,621
48,645,112,650,110,678,46,672
113,650,150,650,150,674,113,674
222,653,253,653,253,673,222,673
560,677,597,677,597,705,560,705
593,677,640,677,640,701,593,701
48,681,112,686,109,715,46,710
113,683,174,687,173,714,112,710
596,729,642,729,642,753,596,753
562,732,601,732,601,757,562,757
47,732,110,736,108,766,45,762
110,734,156,734,156,762,110,762
548,770,601,770,601,798,548,798
597,770,644,770,644,794,597,794
45,772,100,772,100,798,45,798
185,773,229,773,229,796,185,796
332,772,386,772,386,797,332,797
102,773,179,772,180,797,102,798
547,816,643,814,644,841,548,843
32,820,84,820,84,846,32,846
86,820,121,820,121,845,86,845
158,820,222,820,222,845,158,845
122,821,153,821,153,845,122,845
461,866,641,868,641,895,461,893
393,870,458,870,458,901,393,901
155,876,389,870,389,897,156,902
70,874,104,874,104,901,70,901
106,877,152,877,152,901,106,901
392,914,441,914,441,940,392,940
321,916,388,916,388,945,321,945
272,918,318,918,318,941,272,941
476,946,550,946,550,970,476,970
427,949,473,947,474,974,428,976
554,950,562,950,562,966,554,966
131,949,170,952,169,972,129,970
173,950,224,950,224,972,173,972
264,950,293,950,293,973,264,973
346,949,392,949,392,977,346,977
394,949,425,949,425,973,394,973
297,952,342,952,342,973,297,973
229,954,258,954,258,972,229,972
