333,181,358,181,358,196,333,196
358,181,384,181,384,198,358,198
384,181,400,181,400,197,384,197
401,182,414,182,414,197,401,197
414,182,441,182,441,200,414,200
440,182,457,182,457,198,440,198
457,184,481,184,481,198,457,198
504,185,510,185,510,200,504,200
481,186,502,186,502,200,481,200
341,202,358,202,358,218,341,218
357,202,378,202,378,217,357,217
380,202,402,202,402,220,380,220
401,205,409,205,409,218,401,218
454,204,478,204,478,220,454,220
432,206,438,206,438,218,432,218
442,206,452,206,452,218,442,218
480,205,502,205,502,220,480,220
409,206,430,206,430,218,409,218
200,213,308,213,308,242,200,242
350,224,368,224,368,241,350,241
369,224,396,224,396,241,369,241
396,225,418,225,418,242,396,242
422,226,429,226,429,241,422,241
432,226,468,228,467,245,431,243
468,226,493,226,493,242,468,242
370,245,393,245,393,262,370,262
390,244,473,246,473,265,390,263
302,282,329,282,329,297,302,297
334,282,356,282,356,300,334,300
360,284,388,284,388,300,360,300
392,283,427,284,426,300,391,298
194,300,229,300,229,316,194,316
236,301,269,301,269,316,236,316
269,300,355,303,354,321,268,318
360,303,401,305,401,320,359,318
448,305,530,305,530,321,448,321
194,318,230,318,230,337,194,337
229,321,261,321,261,334,229,334
433,325,473,325,473,340,433,340
472,325,540,325,540,340,472,340
193,358,221,358,221,374,193,374
227,358,265,362,263,379,225,375
342,362,361,362,361,377,342,377
365,364,393,362,394,379,366,382
481,364,532,364,532,380,481,380
424,365,440,365,440,380,424,380
192,377,236,379,235,394,191,393
317,380,344,380,344,398,317,398
242,381,269,381,269,396,242,396
276,381,312,381,312,398,276,398
350,383,392,385,391,400,349,398
190,397,235,399,234,414,190,413
234,401,302,401,302,416,234,416
349,404,374,404,374,418,349,418
374,404,400,404,400,418,374,418
488,405,508,405,508,420,488,420
513,405,541,405,541,420,513,420
190,418,220,420,219,436,189,434
225,420,252,420,252,437,225,437
258,422,293,422,293,436,258,436
300,420,345,424,343,442,298,438
349,424,392,424,392,438,349,438
422,424,498,424,498,441,422,441
398,425,417,425,417,438,398,438
497,425,524,425,524,441,497,441
189,437,301,442,301,460,188,455
357,444,374,444,374,458,357,458
373,444,400,444,400,458,373,458
513,445,541,445,541,460,513,460
496,446,508,446,508,460,496,460
189,478,226,478,226,497,189,497
232,480,269,480,269,498,232,498
273,480,310,480,310,498,273,498
332,482,369,482,369,500,332,500
316,484,333,484,333,498,316,498
489,486,509,486,509,501,489,501
513,486,541,486,541,501,513,501
188,497,226,499,225,519,187,517
232,501,268,501,268,518,232,518
274,502,282,502,282,517,274,517
290,501,326,501,326,520,290,520
524,509,533,509,533,521,524,521
186,520,225,520,225,538,186,538
230,521,276,521,276,540,230,540
282,521,309,521,309,540,282,540
514,526,542,526,542,542,514,542
489,528,514,528,514,542,489,542
194,541,233,541,233,560,194,560
238,544,266,544,266,561,238,561
489,548,509,548,509,564,489,564
514,548,542,548,542,564,514,564
193,564,240,564,240,581,193,581
514,568,544,568,544,585,514,585
497,569,509,569,509,584,497,584
228,582,256,582,256,602,228,602
184,584,222,584,222,602,184,602
261,585,290,585,290,604,261,604
534,593,542,593,542,604,534,604
251,606,289,604,290,623,252,625
294,605,314,605,314,624,294,624
320,606,349,606,349,624,320,624
354,606,382,606,382,626,354,626
388,606,425,606,425,625,388,625
430,609,474,609,474,626,430,626
206,648,236,648,236,668,206,668
241,649,288,649,288,668,241,668
181,650,201,650,201,666,181,666
293,649,331,652,330,670,292,667
405,653,542,653,542,669,405,669
180,670,209,670,209,689,180,689
214,669,261,671,261,691,214,689
352,669,398,673,397,692,350,689
258,672,344,672,344,688,258,688
178,692,198,692,198,712,178,712
248,693,296,693,296,712,248,712
205,694,242,694,242,712,205,712
396,694,545,697,545,716,395,713
237,758,266,758,266,778,237,778
273,760,310,760,310,778,273,778
350,760,381,760,381,780,350,780
316,761,345,761,345,780,316,780
386,762,434,764,433,783,385,780
438,762,477,762,477,782,438,782
176,784,204,784,204,801,176,801
212,784,274,784,274,801,212,801
280,785,316,785,316,801,280,801
324,785,345,785,345,802,324,802
352,785,406,785,406,802,352,802
430,785,468,785,468,804,430,804
412,786,430,786,430,801,412,801
473,788,510,788,510,802,473,802
517,787,547,789,546,807,516,805
218,826,248,826,248,846,218,846
253,828,274,828,274,846,253,846
280,828,309,828,309,846,280,846
368,828,388,828,388,848,368,848
316,829,362,829,362,848,316,848
429,830,460,830,460,849,429,849
394,832,425,832,425,849,394,849
465,832,494,832,494,850,465,850
173,850,202,850,202,868,173,868
201,852,209,852,209,866,201,866
209,850,246,852,245,870,208,867
252,850,353,852,353,871,251,869
358,853,405,853,405,870,358,870
402,854,430,854,430,872,402,872
437,854,504,854,504,873,437,873
509,857,538,857,538,873,509,873
