284,141,389,149,387,169,282,161
394,149,454,153,453,172,393,169
261,173,273,173,273,184,261,184
274,173,297,173,297,189,274,189
298,173,328,173,328,188,298,188
330,174,366,177,365,191,329,189
368,178,397,178,397,194,368,194
400,179,431,182,430,196,398,193
433,180,472,183,471,198,432,195
146,189,179,192,178,207,145,205
256,232,306,232,306,258,256,258
310,236,365,238,365,261,310,259
369,238,417,238,417,265,369,265
421,240,486,242,485,269,420,266
165,264,198,264,198,281,165,281
203,265,249,271,247,287,201,282
276,269,300,269,300,285,276,285
320,270,354,270,354,285,320,285
385,273,420,276,419,291,384,289
422,279,448,274,451,290,424,294
469,276,520,280,519,295,468,292
522,280,554,280,554,296,522,296
158,290,297,295,297,313,158,309
300,296,333,296,333,313,300,313
336,297,365,297,365,314,336,314
369,301,413,301,413,316,369,316
418,302,440,302,440,316,418,316
308,321,343,323,342,337,307,335
394,324,427,326,426,343,393,341
428,326,458,326,458,341,428,341
505,328,537,328,537,342,505,342
538,328,569,328,569,342,538,342
156,348,189,348,189,364,156,364
189,348,288,350,287,369,188,366
289,352,344,352,344,370,289,370
344,354,400,354,400,370,344,370
402,356,434,356,434,372,402,372
437,356,461,356,461,372,437,372
308,378,341,378,341,392,308,392
406,381,429,381,429,397,406,397
430,381,462,381,462,397,430,397
518,381,540,381,540,397,518,397
542,381,573,381,573,396,542,396
154,404,296,408,295,426,154,422
300,409,338,409,338,425,300,425
493,410,517,410,517,425,493,425
342,412,400,412,400,426,342,426
452,412,489,412,489,426,452,426
401,414,449,414,449,429,401,429
309,436,342,436,342,449,309,449
418,437,463,435,464,451,418,454
533,436,549,436,549,453,533,453
548,436,580,436,580,453,548,453
153,465,298,465,298,484,153,484
497,466,540,466,540,484,497,484
542,466,568,466,568,484,542,484
300,468,337,468,337,484,300,484
402,468,458,468,458,484,402,484
460,468,493,468,493,482,460,482
341,469,400,469,400,484,341,484
434,493,468,493,468,512,434,512
552,493,585,493,585,510,552,510
309,494,345,494,345,509,309,509
412,494,437,494,437,512,412,512
528,494,553,494,553,510,528,510
144,528,194,532,193,554,142,550
194,532,221,532,221,552,194,552
524,554,564,554,564,574,524,574
560,554,594,554,594,572,560,572
510,556,526,556,526,573,510,573
144,556,194,560,193,582,142,578
195,558,243,561,242,582,193,579
562,584,596,584,596,602,562,602
526,585,566,585,566,605,526,605
142,586,185,586,185,606,142,606
189,586,249,586,249,606,189,606
513,586,529,586,529,604,513,604
252,588,286,588,286,604,252,604
358,588,400,588,400,605,358,605
242,637,381,632,381,652,242,657
180,638,222,636,223,657,181,659
148,638,178,638,178,658,148,658
178,670,200,670,200,690,178,690
201,670,230,670,230,690,201,690
233,670,258,670,258,689,233,689
146,670,178,670,178,694,146,694
573,692,606,692,606,710,573,710
144,705,197,705,197,725,144,725
200,708,250,706,251,721,201,723
557,726,607,724,608,743,558,746
246,736,293,736,293,756,246,756
198,738,244,738,244,758,198,758
142,740,196,740,196,760,142,760
247,772,295,769,296,789,248,792
200,773,245,773,245,794,200,794
142,775,197,777,197,799,142,797
565,789,607,784,609,803,568,808
549,789,572,789,572,806,549,806
206,800,281,801,281,828,206,826
325,801,364,801,364,824,325,824
282,802,322,802,322,824,282,824
141,806,177,806,177,828,141,828
180,808,205,808,205,828,180,828
558,830,602,827,603,846,560,849
470,836,562,830,563,849,472,856
417,840,469,840,469,861,417,861
228,850,414,840,415,861,229,871
158,852,186,852,186,873,158,873
189,852,226,852,226,872,189,872
416,870,453,870,453,889,416,889
361,874,413,874,413,896,361,896
322,878,358,878,358,896,322,896
476,888,530,884,531,899,477,903
442,890,474,890,474,906,442,906
416,893,438,893,438,908,416,908
380,897,413,897,413,913,380,913
340,900,374,900,374,914,340,914
313,902,336,902,336,917,313,917
240,906,280,902,282,919,241,923
286,905,309,905,309,918,286,918
206,908,237,908,237,924,206,924
