317,112,401,112,401,129,317,129
405,112,454,112,454,128,405,128
384,137,408,137,408,152,384,152
409,137,434,137,434,150,409,150
436,137,468,137,468,150,436,150
329,138,352,138,352,153,329,153
353,138,381,138,381,152,353,152
300,140,328,140,328,154,300,154
214,164,234,164,234,176,214,176
295,192,335,190,336,213,296,215
384,192,422,192,422,213,384,213
425,192,478,192,478,212,425,212
340,194,380,194,380,213,340,213
228,219,255,221,254,235,227,233
256,219,292,223,290,238,254,234
344,220,372,220,372,233,344,233
396,220,424,220,424,233,396,233
425,220,448,220,448,236,425,236
462,220,505,220,505,233,462,233
506,220,533,220,533,233,506,233
310,221,328,221,328,234,310,234
222,241,248,241,248,256,222,256
246,241,272,241,272,256,246,256
270,242,320,242,320,256,270,256
320,242,353,242,353,256,320,256
410,242,445,242,445,256,410,256
446,242,472,242,472,256,446,256
473,242,490,242,490,256,473,256
493,242,513,242,513,256,493,256
353,245,379,242,381,256,354,259
380,245,409,245,409,256,380,256
401,262,426,262,426,277,401,277
428,262,453,262,453,277,428,277
490,262,514,262,514,277,490,277
516,262,541,262,541,276,516,276
334,264,361,264,361,276,334,276
222,286,264,286,264,300,222,300
262,286,320,288,319,302,262,300
321,288,338,288,338,301,321,301
341,288,393,288,393,301,341,301
398,289,405,289,405,301,398,301
408,288,424,288,424,301,408,301
426,288,444,288,444,301,426,301
445,288,464,288,464,301,445,301
336,308,361,308,361,320,336,320
428,308,453,308,453,321,428,321
497,308,514,308,514,321,497,321
516,308,541,308,541,321,516,321
409,309,430,309,430,322,409,322
222,329,326,329,326,344,222,344
328,332,356,332,356,346,328,346
358,332,376,332,376,345,358,345
442,332,469,332,469,345,442,345
469,332,484,332,484,345,469,345
485,332,505,332,505,345,485,345
376,333,396,333,396,345,376,345
397,333,420,333,420,346,397,346
421,333,442,333,442,348,421,348
334,352,361,352,361,364,334,364
428,352,453,352,453,365,428,365
498,352,517,352,517,366,498,366
516,352,542,352,542,365,516,365
409,353,428,353,428,366,409,366
221,373,326,375,326,389,221,387
493,376,513,376,513,390,493,390
328,377,346,377,346,392,328,392
346,377,392,377,392,389,346,389
394,377,438,377,438,389,394,389
440,376,466,378,465,391,439,389
466,377,490,377,490,389,466,389
402,396,428,396,428,409,402,409
429,396,454,396,454,409,429,409
334,397,361,397,361,408,334,408
490,397,516,397,516,410,490,410
517,397,542,397,542,410,517,410
221,418,326,418,326,433,221,433
328,420,362,420,362,433,328,433
381,420,412,420,412,433,381,433
468,420,485,420,485,433,468,433
488,420,506,420,506,433,488,433
365,421,382,421,382,433,365,433
413,421,438,421,438,433,413,433
440,421,466,421,466,433,440,433
420,441,428,441,428,453,420,453
429,440,454,440,454,453,429,453
500,440,520,440,520,454,500,454
517,440,544,440,544,454,517,454
334,441,361,441,361,452,334,452
220,462,318,462,318,477,220,477
320,462,344,462,344,477,320,477
376,463,418,466,417,480,375,477
493,464,513,464,513,478,493,478
346,465,374,465,374,477,346,477
418,465,444,465,444,478,418,478
445,465,460,465,460,477,445,477
461,465,489,465,489,478,461,478
334,485,361,485,361,497,334,497
409,485,428,485,428,498,409,498
429,485,454,485,454,498,429,498
500,485,518,485,518,498,500,498
518,485,545,485,545,498,518,498
220,508,326,508,326,522,220,522
328,509,345,509,345,522,328,522
346,508,381,510,381,524,346,522
434,512,441,512,441,524,434,524
444,510,469,510,469,525,444,525
472,510,492,510,492,524,472,524
384,512,430,512,430,525,384,525
334,530,361,530,361,542,334,542
402,530,428,530,428,545,402,545
429,530,456,530,456,545,429,545
493,530,518,530,518,545,493,545
520,532,546,532,546,545,520,545
217,554,317,554,317,569,217,569
320,554,344,554,344,569,320,569
378,554,400,554,400,569,378,569
344,556,377,556,377,569,344,569
401,556,434,556,434,569,401,569
437,556,470,556,470,572,437,572
472,556,492,556,492,569,472,569
334,577,360,577,360,589,334,589
420,578,429,578,429,592,420,592
430,577,456,577,456,590,430,590
501,577,522,577,522,592,501,592
520,577,548,577,548,592,520,592
217,602,317,600,317,615,217,617
408,602,417,602,417,616,408,616
319,600,362,604,361,619,317,615
362,602,405,604,405,619,362,617
418,602,444,602,444,618,418,618
446,602,465,602,465,616,446,616
334,624,361,624,361,636,334,636
410,624,430,624,430,640,410,640
430,624,456,624,456,638,430,638
502,624,549,624,549,640,502,640
211,651,248,655,246,671,209,667
246,654,266,654,266,669,246,669
310,656,328,656,328,669,310,669
209,674,246,674,246,693,209,693
500,674,526,674,526,692,500,692
246,674,283,677,282,692,246,690
526,676,554,676,554,690,526,690
208,697,240,697,240,712,208,712
242,697,286,697,286,712,242,712
288,697,314,697,314,712,288,712
373,698,405,698,405,713,373,713
500,700,528,700,528,716,500,716
528,700,556,700,556,716,528,716
281,736,385,736,385,750,281,750
212,737,234,737,234,753,212,753
236,737,265,737,265,752,236,752
234,758,290,758,290,780,234,780
313,760,342,760,342,778,313,778
210,761,233,761,233,778,210,778
292,761,313,761,313,777,292,777
208,786,245,786,245,801,208,801
538,786,558,786,558,802,538,802
249,789,286,789,286,801,249,801
208,809,246,809,246,828,208,828
248,812,280,812,280,826,248,826
282,812,317,812,317,826,282,826
530,812,560,812,560,829,530,829
207,836,247,840,246,856,205,852
249,837,281,837,281,853,249,853
282,838,317,838,317,853,282,853
206,861,233,861,233,878,206,878
253,859,307,862,306,880,252,877
233,862,253,862,253,880,233,880
309,862,337,862,337,878,309,878
338,862,368,862,368,881,338,881
512,864,536,864,536,880,512,880
532,864,562,864,562,881,532,881
217,896,238,896,238,913,217,913
240,896,268,896,268,913,240,913
268,897,408,897,408,915,268,915
409,898,450,898,450,920,409,920
452,898,561,900,561,918,451,917
336,926,364,926,364,945,336,945
365,928,406,928,406,948,365,948
408,928,440,928,440,945,408,945
245,946,270,946,270,965,245,965
272,946,304,948,303,965,271,963
328,950,348,950,348,968,328,968
349,950,378,950,378,969,349,969
306,952,325,952,325,965,306,965
380,952,409,952,409,970,380,970
409,952,429,952,429,968,409,968
460,952,506,952,506,969,460,969
430,953,458,953,458,972,430,972
