418,318,485,318,485,338,418,338
298,321,413,319,413,339,298,342
461,353,506,353,506,372,461,372
274,352,315,358,312,377,271,371
390,354,422,354,422,374,390,374
425,354,458,354,458,372,425,372
314,356,345,356,345,373,314,373
349,356,386,356,386,373,349,373
150,381,185,381,185,400,150,400
268,425,321,425,321,454,268,454
389,425,441,425,441,454,389,454
446,425,518,425,518,453,446,453
326,429,384,429,384,454,326,454
564,461,602,461,602,481,564,481
170,464,208,464,208,482,170,482
445,468,477,461,481,481,449,488
500,464,561,464,561,482,500,482
211,464,262,469,260,489,209,483
334,465,374,465,374,484,334,484
406,465,445,465,445,484,406,484
288,466,313,466,313,484,288,484
164,493,265,495,265,515,163,513
392,494,426,494,426,513,392,513
512,494,538,494,538,512,512,512
265,496,310,496,310,514,265,514
429,496,445,496,445,513,429,513
449,496,506,496,506,512,449,512
311,499,352,495,354,514,313,518
356,500,389,500,389,517,356,517
452,522,488,522,488,542,452,542
553,522,581,522,581,542,553,542
580,522,617,522,617,541,580,541
426,524,454,524,454,544,426,544
322,525,357,525,357,538,322,538
440,557,496,557,496,576,440,576
498,557,526,557,526,576,498,576
162,558,310,558,310,577,162,577
312,558,342,558,342,577,312,577
345,558,372,558,372,577,345,577
376,558,406,558,406,576,376,576
408,558,436,558,436,574,408,574
453,586,488,586,488,606,453,606
273,588,285,588,285,601,273,601
321,588,358,588,358,602,321,602
428,588,456,588,456,608,428,608
553,588,584,588,584,609,553,609
581,588,618,588,618,606,581,606
302,621,350,621,350,640,302,640
352,620,394,623,393,643,350,640
159,623,298,621,298,641,160,643
393,622,422,622,422,641,393,641
425,622,496,622,496,641,425,641
516,621,568,624,567,643,515,641
500,625,509,625,509,638,500,638
573,624,601,624,601,642,573,642
321,652,357,652,357,668,321,668
437,653,489,653,489,673,437,673
566,654,585,654,585,673,566,673
584,654,621,654,621,673,584,673
152,692,202,696,201,718,150,714
202,694,233,694,233,714,202,714
151,720,202,724,200,747,149,743
204,723,252,725,251,745,203,743
560,725,592,725,592,746,560,746
589,726,628,726,628,745,589,745
260,750,297,750,297,770,260,770
197,752,258,752,258,772,197,772
150,753,194,753,194,773,150,773
382,756,425,756,425,774,382,774
561,760,593,760,593,781,561,781
590,761,628,761,628,778,590,778
238,797,418,797,418,818,238,818
172,798,197,798,197,820,172,820
201,800,236,800,236,820,201,820
422,800,476,800,476,824,422,824
478,801,621,801,621,821,478,821
329,832,364,832,364,852,329,852
365,836,417,829,420,853,368,860
422,834,461,834,461,854,422,854
214,860,246,860,246,880,214,880
249,860,290,860,290,880,249,880
321,860,344,860,344,880,321,880
348,859,384,861,383,880,346,878
386,860,422,860,422,882,386,882
488,860,546,858,547,877,489,879
424,861,449,861,449,880,424,880
450,862,486,862,486,881,450,881
293,864,317,864,317,878,293,878
