616,452,710,452,710,485,616,485
540,455,616,455,616,488,540,488
369,457,438,457,438,488,369,488
445,457,535,457,535,485,445,485
191,495,258,495,258,521,191,521
838,495,891,495,891,523,838,523
260,497,312,497,312,521,260,521
796,497,836,497,836,521,796,521
320,495,396,506,392,534,316,523
395,500,433,500,433,526,395,526
758,500,793,500,793,523,758,523
438,502,488,502,488,526,438,526
495,500,547,505,544,532,493,527
547,502,632,502,632,530,547,530
635,502,682,502,682,526,635,526
687,504,703,504,703,523,687,523
703,502,753,502,753,526,703,526
369,542,526,545,525,571,369,568
544,543,715,540,716,565,545,569
564,642,609,642,609,675,564,675
610,643,710,640,711,672,611,675
386,644,457,644,457,677,386,677
460,649,535,645,536,675,462,679
540,646,564,646,564,673,540,673
762,701,914,695,915,728,763,733
182,706,218,706,218,732,182,732
229,706,379,706,379,737,229,737
680,705,761,708,760,736,679,733
862,815,924,815,924,853,862,853
778,824,859,821,861,853,780,857
758,824,779,824,779,850,758,850
542,827,590,827,590,864,542,864
177,831,220,831,220,862,177,862
471,831,535,831,535,857,471,857
305,886,357,886,357,924,305,924
364,886,447,886,447,921,364,921
452,886,518,886,518,926,452,926
177,888,248,888,248,921,177,921
253,888,298,888,298,921,253,921
857,936,937,930,940,968,860,975
817,933,867,933,867,973,817,973
488,943,582,943,582,981,488,981
180,947,220,947,220,981,180,981
823,1009,945,1006,946,1045,824,1048
272,1016,341,1016,341,1054,272,1054
171,1014,272,1023,269,1067,167,1058
349,1015,438,1022,434,1061,346,1053
751,1101,810,1101,810,1142,751,1142
687,1104,748,1104,748,1144,687,1144
504,1106,609,1106,609,1139,504,1139
617,1104,687,1111,683,1148,613,1141
436,1115,501,1107,506,1143,441,1151
315,1111,388,1111,388,1144,315,1144
391,1116,433,1116,433,1139,391,1139
