249,174,373,174,373,190,249,190
382,175,454,178,453,196,381,193
220,196,267,202,264,222,218,216
268,201,301,201,301,221,268,221
305,204,346,204,346,222,305,222
350,204,387,206,386,227,349,224
390,208,425,208,425,228,390,228
429,209,476,209,476,228,429,228
84,224,116,224,116,240,84,240
213,274,276,274,276,308,213,308
281,280,346,284,345,314,280,310
352,282,410,282,410,314,352,314
414,284,494,284,494,316,414,316
100,311,142,313,141,333,99,331
147,311,206,321,203,343,144,334
237,320,264,320,264,341,237,341
290,322,334,322,334,342,290,342
540,325,581,325,581,345,540,345
371,325,414,329,413,348,369,344
415,329,448,325,451,347,418,352
473,326,537,326,537,346,473,346
92,344,235,350,234,373,91,366
234,353,262,353,262,373,234,373
265,354,300,354,300,374,265,374
332,355,399,362,396,383,330,377
542,358,572,358,572,378,542,378
453,359,515,362,514,383,452,379
302,361,328,361,328,380,302,380
400,361,449,361,449,380,400,380
517,361,537,361,537,378,517,378
224,386,232,386,232,400,224,400
277,387,319,389,318,405,276,403
558,389,597,389,597,409,558,409
529,390,561,390,561,412,529,412
393,392,424,392,424,413,393,413
421,392,460,392,460,412,421,412
89,418,169,418,169,440,89,440
168,418,262,423,261,445,167,441
267,423,323,426,322,447,265,444
322,422,356,422,356,449,322,449
512,426,541,426,541,446,512,446
358,428,406,428,406,448,358,448
409,428,445,428,445,448,409,448
446,428,508,428,508,448,446,448
220,456,233,456,233,472,220,472
562,456,602,456,602,476,562,476
276,457,318,457,318,474,276,474
532,457,565,457,565,480,532,480
424,460,461,460,461,480,424,480
393,461,426,461,426,482,393,482
76,493,136,499,134,526,74,520
137,500,173,500,173,522,137,522
254,506,266,506,266,522,254,522
76,527,136,531,134,559,74,555
569,530,610,530,610,552,569,552
540,532,573,532,573,554,540,554
137,531,195,535,194,559,136,555
206,565,248,565,248,588,206,588
73,565,125,565,125,589,73,589
572,566,612,566,612,588,572,588
129,566,202,566,202,589,129,589
530,568,574,568,574,589,530,589
340,569,386,569,386,590,340,590
572,604,613,604,613,625,572,625
541,605,576,605,576,628,541,628
181,606,241,606,241,630,181,630
72,608,112,608,112,633,72,633
114,609,146,609,146,632,114,632
149,610,177,610,177,632,149,632
192,663,357,659,357,683,193,688
119,667,167,665,168,689,120,691
80,666,116,666,116,690,80,690
115,709,205,694,210,725,120,740
247,702,310,699,311,721,248,724
210,701,244,701,244,725,210,725
80,705,114,705,114,733,80,733
74,746,138,744,139,769,74,771
143,749,202,745,203,765,144,769
561,773,623,770,624,793,563,797
197,781,252,781,252,805,197,805
141,784,194,784,194,809,141,809
74,786,137,784,137,809,74,811
198,821,254,821,254,845,198,845
142,824,196,824,196,849,142,849
73,827,141,830,139,855,72,851
585,848,626,848,626,869,585,869
553,849,589,849,589,873,553,873
288,856,333,856,333,882,288,882
241,858,286,858,286,881,241,881
150,859,238,859,238,887,150,887
74,865,116,865,116,890,74,890
118,865,148,865,148,890,118,890
463,906,622,899,623,922,464,929
397,906,460,906,460,936,397,936
174,915,394,904,395,931,176,943
94,918,125,918,125,944,94,944
129,920,172,920,172,944,129,944
397,948,442,948,442,972,397,972
332,950,393,950,393,978,332,978
286,954,329,954,329,977,286,977
473,973,538,967,540,986,475,993
430,980,471,976,473,995,432,999
153,980,189,980,189,996,153,996
401,980,428,980,428,1000,401,1000
356,982,397,982,397,1006,356,1006
193,982,239,985,238,1001,192,997
309,985,352,985,352,1006,309,1006
277,986,305,986,305,1006,277,1006
245,990,272,990,272,1004,245,1004
