279,166,412,174,409,226,276,218
432,221,472,221,472,238,432,238
266,222,286,222,286,240,266,240
228,224,246,224,246,240,228,240
248,224,266,224,266,240,248,240
432,242,462,240,463,258,433,260
464,242,472,242,472,256,464,256
246,242,268,242,268,260,246,260
384,242,408,242,408,260,384,260
408,242,433,242,433,260,408,260
228,244,248,244,248,261,228,261
344,244,356,244,356,260,344,260
358,244,384,244,384,260,358,260
418,261,473,261,473,278,418,278
228,264,253,264,253,281,228,281
254,264,284,264,284,281,254,281
330,324,413,320,413,338,330,341
292,324,325,324,325,341,292,341
401,350,445,350,445,370,401,370
264,352,306,352,306,372,264,372
313,353,345,353,345,372,313,372
352,353,364,353,364,369,352,369
364,353,394,353,394,370,364,370
432,380,445,380,445,396,432,396
444,380,474,380,474,394,444,394
377,381,430,381,430,397,377,397
233,385,257,385,257,402,233,402
257,385,282,385,282,401,257,401
431,400,474,398,475,414,432,416
353,402,377,402,377,420,353,420
284,404,309,404,309,421,284,421
309,404,328,404,328,420,309,420
328,404,353,404,353,420,328,420
234,405,258,405,258,422,234,422
258,405,284,405,284,421,258,421
295,423,397,421,397,439,296,441
233,425,279,422,280,443,235,446
278,428,285,428,285,440,278,440
469,449,476,449,476,464,469,464
420,450,428,450,428,465,420,465
428,449,448,449,448,465,428,465
448,449,468,449,468,465,448,465
349,452,364,452,364,466,349,466
256,453,281,453,281,472,256,472
277,453,304,453,304,469,277,469
237,456,256,456,256,472,237,472
449,468,468,468,468,484,449,484
470,469,474,469,474,481,470,481
420,470,428,470,428,485,420,485
428,469,449,469,449,485,428,485
350,472,365,472,365,486,350,486
266,473,292,473,292,490,266,490
237,474,266,474,266,492,237,492
429,488,449,488,449,505,429,505
449,488,469,488,469,505,449,505
470,489,477,489,477,501,470,501
337,490,369,490,369,506,337,506
302,493,336,493,336,508,302,508
237,494,266,494,266,512,237,512
268,494,292,494,292,510,268,510
450,514,469,514,469,532,450,532
470,516,477,516,477,529,470,529
430,516,450,516,450,532,430,532
338,518,370,518,370,533,338,533
304,520,336,520,336,534,304,534
268,521,292,521,292,537,268,537
238,522,268,522,268,537,238,537
450,534,470,534,470,552,450,552
472,536,478,536,478,549,472,549
432,536,450,536,450,552,432,552
338,538,372,538,372,553,338,553
304,540,337,540,337,554,304,554
269,541,293,541,293,557,269,557
240,542,253,542,253,557,240,557
254,542,268,542,268,557,254,557
450,553,470,553,470,570,450,570
432,554,450,554,450,570,432,570
472,556,477,556,477,566,472,566
339,558,373,556,374,573,340,575
304,558,338,558,338,576,304,576
268,561,291,559,293,574,269,576
240,561,268,561,268,576,240,576
432,573,452,573,452,590,432,590
452,573,470,573,470,589,452,589
338,576,369,576,369,593,338,593
305,577,340,577,340,594,305,594
240,580,268,580,268,596,240,596
270,580,294,580,294,597,270,597
437,593,450,593,450,609,437,609
453,593,472,593,472,609,453,609
473,594,480,594,480,608,473,608
340,596,384,596,384,613,340,613
305,597,340,597,340,614,305,614
241,600,269,600,269,617,241,617
270,600,294,600,294,616,270,616
434,613,453,613,453,630,434,630
453,613,472,613,472,629,453,629
474,614,478,614,478,626,474,626
341,614,389,614,389,633,341,633
305,617,340,617,340,634,305,634
270,618,296,618,296,636,270,636
241,620,270,620,270,637,241,637
474,633,480,633,480,646,474,646
433,633,453,633,453,650,433,650
453,633,473,633,473,649,453,649
425,636,433,636,433,649,425,649
340,636,375,634,376,651,341,653
305,637,340,637,340,653,305,653
270,638,294,638,294,656,270,656
241,640,269,640,269,657,241,657
434,653,454,653,454,670,434,670
454,653,473,653,473,669,454,669
340,657,375,655,376,671,341,673
306,657,340,657,340,674,306,674
270,658,294,658,294,676,270,676
241,660,270,660,270,677,241,677
436,673,454,673,454,690,436,690
454,673,474,673,474,689,454,689
476,674,482,674,482,688,476,688
306,676,341,676,341,694,306,694
341,676,376,676,376,693,341,693
270,678,296,678,296,696,270,696
241,680,270,680,270,697,241,697
436,693,456,693,456,710,436,710
456,693,476,693,476,709,456,709
477,694,484,694,484,706,477,706
342,696,377,696,377,713,342,713
321,697,341,697,341,714,321,714
306,698,325,698,325,714,306,714
240,700,270,700,270,717,240,717
270,700,296,700,296,717,270,717
442,721,456,721,456,738,442,738
457,721,477,721,477,738,457,738
477,724,485,724,485,737,477,737
341,724,392,724,392,742,341,742
306,726,341,726,341,744,306,744
270,728,296,728,296,745,270,745
240,729,270,729,270,746,240,746
438,742,457,742,457,760,438,760
458,742,477,742,477,760,458,760
478,744,485,744,485,757,478,757
341,745,397,743,398,762,342,765
306,746,342,746,342,765,306,765
270,748,296,748,296,766,270,766
240,749,270,749,270,768,240,768
458,762,478,762,478,780,458,780
480,764,486,764,486,777,480,777
444,764,457,764,457,780,444,780
342,765,393,765,393,784,342,784
306,768,342,768,342,785,306,785
270,769,296,769,296,788,270,788
239,772,270,770,271,787,240,789
438,784,458,784,458,801,438,801
458,784,478,784,478,801,458,801
342,786,398,786,398,805,342,805
306,789,341,789,341,806,306,806
270,790,296,790,296,809,270,809
238,792,257,792,257,809,238,809
254,792,269,792,269,808,254,808
465,824,488,824,488,842,465,842
280,829,326,827,327,847,281,849
241,832,273,832,273,850,241,850
436,845,468,845,468,864,436,864
474,845,486,845,486,860,474,860
374,848,386,848,386,864,374,864
394,848,428,848,428,864,394,864
460,874,472,874,472,889,460,889
322,876,337,876,337,893,322,893
362,876,388,876,388,893,362,893
388,876,402,876,402,890,388,890
404,876,428,876,428,890,404,890
429,876,442,876,442,890,429,890
444,876,458,876,458,892,444,892
297,878,322,878,322,896,297,896
337,878,353,878,353,894,337,894
256,880,276,880,276,897,256,897
277,880,290,880,290,894,277,894
424,893,448,893,448,909,424,909
449,893,466,893,466,908,449,908
378,894,392,894,392,909,378,909
394,894,424,894,424,910,394,910
282,894,408,894,408,937,282,937
358,896,377,896,377,909,358,909
219,901,282,896,285,932,222,938
