218,67,314,83,308,124,211,108
206,116,220,116,220,128,206,128
340,135,395,139,394,155,339,151
191,145,218,145,218,160,191,160
355,158,395,158,395,170,355,170
223,198,256,198,256,213,223,213
260,200,293,200,293,215,260,215
291,198,342,201,341,218,290,215
196,223,236,223,236,238,196,238
243,225,273,225,273,240,243,240
280,225,323,225,323,241,280,241
330,226,370,226,370,243,330,243
166,250,188,250,188,263,166,263
191,251,211,251,211,263,191,263
305,253,356,253,356,268,305,268
360,256,370,256,370,268,360,268
373,256,400,256,400,270,373,270
165,266,188,266,188,281,165,281
190,270,213,270,213,281,190,281
215,268,236,268,236,281,215,281
238,268,256,268,256,283,238,283
256,270,278,270,278,283,256,283
281,271,305,271,305,283,281,283
358,271,371,271,371,286,358,286
371,271,386,271,386,286,371,286
153,285,208,285,208,301,153,301
223,286,246,286,246,301,223,301
251,286,276,286,276,301,251,301
280,286,323,286,323,303,280,303
165,311,183,311,183,328,165,328
183,313,208,313,208,328,183,328
208,313,231,313,231,328,208,328
353,316,371,316,371,331,353,331
373,316,391,316,391,331,373,331
165,331,193,331,193,346,165,346
193,333,216,333,216,346,193,346
353,335,371,335,371,350,353,350
373,335,391,335,391,350,373,350
166,351,178,351,178,365,166,365
178,350,193,350,193,365,178,365
191,350,216,350,216,366,191,366
261,349,310,351,309,368,260,366
226,351,261,351,261,366,226,366
353,353,371,353,371,368,353,368
373,353,391,353,391,370,373,370
191,376,216,376,216,391,191,391
261,376,315,376,315,393,261,393
230,380,261,380,261,391,230,391
355,380,371,380,371,393,355,393
373,380,391,380,391,393,373,393
191,395,216,395,216,410,191,410
261,395,310,395,310,410,261,410
226,396,260,396,260,410,226,410
360,396,373,396,373,411,360,411
373,396,391,396,391,411,373,411
393,398,400,398,400,410,393,410
193,413,216,413,216,428,193,428
261,413,295,413,295,430,261,430
226,415,260,415,260,428,226,428
360,415,373,415,373,430,360,430
375,415,393,415,393,431,375,431
261,431,300,431,300,448,261,448
226,433,261,433,261,448,226,448
360,433,373,433,373,450,360,450
375,433,395,433,395,451,375,451
395,435,403,435,403,450,395,450
261,450,300,450,300,466,261,466
156,453,190,453,190,465,156,465
226,451,261,451,261,466,226,466
360,451,373,451,373,468,360,468
375,451,393,451,393,468,375,468
395,455,403,455,403,468,395,468
178,471,190,471,190,485,178,485
261,470,300,470,300,486,261,486
375,470,393,470,393,486,375,486
226,471,260,471,260,485,226,485
356,471,373,471,373,486,356,486
395,473,403,473,403,486,395,486
165,490,176,490,176,501,165,501
178,490,191,490,191,501,178,501
261,488,300,488,300,503,261,503
226,490,260,490,260,503,226,503
356,490,375,490,375,505,356,505
375,490,403,490,403,505,375,505
178,508,190,508,190,521,178,521
226,506,261,506,261,523,226,523
261,506,298,506,298,523,261,523
355,508,375,508,375,523,355,523
375,508,395,508,395,523,375,523
396,511,401,511,401,521,396,521
175,526,190,526,190,540,175,540
226,526,261,526,261,541,226,541
261,526,300,526,300,541,261,541
355,526,375,526,375,543,355,543
375,526,395,526,395,543,375,543
396,530,403,530,403,541,396,541
226,545,260,545,260,561,226,561
261,545,300,545,300,561,261,561
366,548,373,548,373,560,366,560
376,546,395,546,395,563,376,563
396,548,405,548,405,561,396,561
155,571,175,571,175,586,155,586
193,573,213,573,213,586,193,586
226,571,260,571,260,586,226,586
261,571,300,571,300,586,261,586
368,575,373,575,373,586,368,586
376,573,405,573,405,588,376,588
261,590,300,590,300,606,261,606
153,591,175,591,175,606,153,606
175,591,190,591,190,605,175,605
226,591,261,591,261,606,226,606
356,591,375,591,375,608,356,608
376,591,405,591,405,608,376,608
226,610,260,610,260,625,226,625
261,610,300,610,300,626,261,626
175,611,190,611,190,625,175,625
356,611,375,611,375,626,356,626
376,611,396,611,396,626,376,626
398,613,405,613,405,625,398,625
153,630,166,630,166,640,153,640
260,628,300,628,300,645,260,645
190,630,213,630,213,645,190,645
226,630,260,630,260,645,226,645
376,630,396,630,396,646,376,646
398,631,406,631,406,645,398,645
361,631,375,631,375,646,361,646
151,636,173,636,173,665,151,665
260,648,300,648,300,665,260,665
173,650,188,650,188,665,173,665
190,650,213,650,213,665,190,665
225,650,260,650,260,665,225,665
361,650,376,650,376,666,361,666
376,650,396,650,396,666,376,666
398,651,406,651,406,665,398,665
151,668,175,668,175,690,151,690
260,668,300,668,300,685,260,685
173,670,188,670,188,685,173,685
190,670,213,670,213,685,190,685
225,670,260,670,260,685,225,685
361,670,376,670,376,686,361,686
378,670,406,670,406,686,378,686
151,688,173,688,173,711,151,711
173,690,188,690,188,705,173,705
188,690,215,690,215,705,188,705
225,690,260,690,260,705,225,705
261,690,311,690,311,706,261,706
363,690,376,690,376,706,363,706
376,690,396,690,396,705,376,705
400,691,406,691,406,703,400,703
151,710,171,710,171,725,151,725
188,710,213,710,213,726,188,726
225,710,260,710,260,726,225,726
261,710,296,710,296,726,261,726
363,710,376,710,376,726,363,726
378,710,398,710,398,726,378,726
400,711,406,711,406,725,400,725
173,711,186,711,186,726,173,726
188,730,211,730,211,746,188,746
225,730,260,730,260,746,225,746
260,730,301,730,301,746,260,746
363,730,378,730,378,746,363,746
378,730,398,730,398,746,378,746
401,731,406,731,406,743,401,743
175,733,186,733,186,746,175,746
150,750,171,750,171,766,150,766
223,750,258,750,258,766,223,766
260,750,301,750,301,766,260,766
363,750,378,750,378,766,363,766
380,750,398,750,398,766,380,766
401,751,406,751,406,763,401,763
173,753,186,753,186,766,173,766
188,751,211,751,211,766,188,766
151,766,163,766,163,775,151,775
148,776,170,776,170,795,148,795
260,778,301,778,301,795,260,795
358,778,380,778,380,796,358,796
380,778,410,778,410,796,380,796
171,780,185,780,185,795,171,795
195,781,211,781,211,795,195,795
225,780,260,780,260,795,225,795
223,800,258,800,258,816,223,816
260,800,301,800,301,816,260,816
370,801,380,801,380,816,370,816
380,800,400,800,400,816,380,816
155,801,170,801,170,816,155,816
170,801,185,801,185,816,170,816
188,803,211,803,211,816,188,816
401,803,410,803,410,816,401,816
260,820,301,820,301,838,260,838
155,821,170,821,170,838,155,838
170,821,185,821,185,838,170,838
186,821,210,821,210,838,186,838
223,821,258,821,258,838,223,838
358,821,380,821,380,838,358,838
381,821,401,821,401,838,381,838
401,823,410,823,410,838,401,838
260,841,301,841,301,860,260,860
365,841,401,841,401,860,365,860
153,843,183,843,183,860,153,860
186,843,210,843,210,860,186,860
223,843,258,843,258,858,223,858
146,861,185,861,185,881,146,881
260,863,301,863,301,880,260,880
371,865,381,865,381,880,371,880
381,863,401,863,401,880,381,880
405,865,410,865,410,878,405,878
185,865,210,865,210,881,185,881
223,865,258,865,258,880,223,880
260,883,301,883,301,901,260,901
383,883,403,883,403,903,383,903
185,885,210,885,210,901,185,901
223,885,258,885,258,901,223,901
371,886,381,886,381,901,371,901
170,886,185,886,185,901,170,901
146,890,168,890,168,901,146,901
148,901,158,901,158,910,148,910
260,905,301,905,301,923,260,923
383,905,405,905,405,925,383,925
405,906,413,906,413,923,405,923
145,906,166,906,166,925,145,925
168,906,183,906,183,923,168,923
185,906,210,906,210,923,185,923
223,906,258,906,258,923,223,923
361,906,381,906,381,923,361,923
145,926,170,926,170,948,145,948
260,928,301,928,301,945,260,945
366,928,381,928,381,946,366,946
383,928,405,928,405,948,383,948
405,930,413,930,413,946,405,946
165,930,183,930,183,946,165,946
185,930,210,930,210,946,185,946
223,930,258,930,258,945,223,945
145,948,170,948,170,970,145,970
260,950,301,950,301,968,260,968
361,950,383,950,383,968,361,968
165,951,183,951,183,968,165,968
185,951,210,951,210,968,185,968
221,951,258,951,258,968,221,968
383,951,405,951,405,970,383,970
406,953,411,953,411,966,406,966
145,968,183,968,183,991,145,991
221,971,258,971,258,990,221,990
260,971,301,971,301,990,260,990
183,973,210,973,210,990,183,990
366,973,383,973,383,991,366,991
383,973,405,973,405,993,383,993
405,975,415,975,415,990,405,990
143,988,165,988,165,1026,143,1026
183,1003,208,1003,208,1021,183,1021
260,1003,301,1003,301,1021,260,1021
168,1005,181,1005,181,1020,168,1020
221,1005,258,1005,258,1020,221,1020
366,1005,383,1005,383,1021,366,1021
383,1005,403,1005,403,1021,383,1021
406,1006,415,1006,415,1021,406,1021
193,1046,241,1046,241,1068,193,1068
151,1048,183,1048,183,1068,151,1068
390,1048,415,1048,415,1066,390,1066
313,1070,351,1070,351,1088,313,1088
358,1070,395,1070,395,1091,358,1091
400,1071,415,1071,415,1090,400,1090
295,1075,306,1075,306,1088,295,1088
143,1105,155,1105,155,1123,143,1123
236,1103,251,1103,251,1123,236,1123
280,1103,308,1103,308,1125,280,1125
306,1103,323,1103,323,1121,306,1121
253,1105,270,1105,270,1123,253,1123
325,1105,350,1105,350,1123,325,1123
351,1105,385,1105,385,1125,351,1125
385,1105,400,1105,400,1123,385,1123
208,1106,236,1106,236,1123,208,1123
165,1108,186,1108,186,1126,165,1126
188,1108,203,1108,203,1125,188,1125
143,1125,155,1125,155,1163,143,1163
213,1128,236,1128,236,1146,213,1146
248,1128,275,1128,275,1146,248,1146
276,1128,296,1128,296,1145,276,1145
296,1128,311,1128,311,1146,296,1146
315,1128,345,1128,345,1145,315,1145
346,1128,373,1128,373,1145,346,1145
373,1128,395,1128,395,1146,373,1146
170,1131,191,1131,191,1150,170,1150
193,1131,208,1131,208,1148,193,1148
286,1161,330,1161,330,1180,286,1180
225,1163,268,1163,268,1181,225,1181
271,1163,285,1163,285,1180,271,1180
143,1168,153,1168,153,1185,143,1185
43,1185,146,1191,144,1215,42,1209
146,1186,215,1186,215,1211,146,1211
216,1186,303,1186,303,1210,216,1210
43,1213,90,1216,89,1235,42,1233
93,1213,139,1217,137,1237,91,1233
143,1213,203,1216,203,1235,142,1233
206,1215,246,1215,246,1235,206,1235
