312,134,346,134,346,149,312,149
262,137,314,135,315,152,262,154
236,138,263,136,265,153,237,155
214,138,238,138,238,153,214,153
316,153,360,153,360,168,316,168
280,156,316,156,316,172,280,172
228,158,281,156,281,173,229,175
214,160,229,160,229,173,214,173
76,177,180,177,180,205,76,205
268,177,290,177,290,192,268,192
293,177,325,177,325,192,293,192
244,178,269,178,269,193,244,193
226,180,242,180,242,193,226,193
306,196,337,193,338,208,308,212
239,197,307,195,308,213,240,215
262,232,298,230,299,246,262,248
233,233,261,233,261,250,233,250
177,236,204,236,204,250,177,250
209,236,229,236,229,250,209,250
334,248,398,245,399,261,334,264
318,249,336,249,336,264,318,264
234,253,274,251,275,266,234,268
149,254,197,254,197,273,149,273
194,254,229,254,229,269,194,269
76,257,112,257,112,274,76,274
114,257,149,257,149,272,114,272
343,266,409,263,409,278,344,282
304,268,345,268,345,282,304,282
110,276,142,276,142,290,110,290
77,277,110,277,110,292,77,292
370,301,404,301,404,317,370,317
357,306,365,306,365,317,357,317
242,309,271,305,274,323,246,328
300,308,316,308,316,320,300,320
221,310,241,310,241,324,221,324
78,313,104,313,104,328,78,328
110,313,145,313,145,328,110,328
340,322,374,322,374,337,340,337
293,325,318,325,318,342,293,342
324,325,334,325,334,338,324,338
214,328,241,328,241,342,214,342
246,328,264,328,264,341,246,341
262,328,288,328,288,342,262,342
182,330,209,330,209,345,182,345
80,332,146,332,146,346,80,346
152,332,178,332,178,345,152,345
388,340,414,340,414,354,388,354
366,341,384,341,384,356,366,356
233,346,250,346,250,361,233,361
256,346,282,346,282,362,256,362
79,351,186,348,186,364,80,366
390,377,417,377,417,392,390,392
369,380,386,380,386,393,369,393
219,384,254,382,255,401,220,403
84,386,118,386,118,405,84,405
124,386,158,386,158,405,124,405
162,386,198,386,198,404,162,404
204,388,214,388,214,401,204,401
180,404,216,404,216,422,180,422
84,406,120,406,120,425,84,425
124,406,160,406,160,424,124,424
165,408,173,408,173,422,165,422
372,416,390,416,390,432,372,432
394,416,421,416,421,430,394,430
172,425,199,423,201,441,173,443
84,426,120,426,120,444,84,444
124,426,169,426,169,444,124,444
396,433,422,433,422,449,396,449
373,436,390,436,390,450,373,450
93,445,129,445,129,464,93,464
133,446,160,446,160,461,133,461
126,464,154,464,154,482,126,482
86,465,122,465,122,484,86,484
158,465,186,465,186,482,158,482
320,476,361,476,361,493,320,493
280,477,316,477,316,496,280,496
248,480,276,480,276,500,248,500
192,482,210,482,210,500,192,500
151,485,186,483,187,501,152,503
216,484,242,484,242,498,216,498
332,534,368,534,368,553,332,553
252,538,280,538,280,556,252,556
284,538,326,538,326,553,284,553
178,541,214,541,214,560,178,560
218,541,246,541,246,556,218,556
146,542,173,542,173,561,146,561
405,553,432,553,432,568,405,568
364,556,399,554,400,568,365,570
325,556,360,556,360,572,325,572
252,560,303,558,304,574,253,576
308,558,326,558,326,572,308,572
205,562,221,562,221,577,205,577
228,562,246,562,246,577,228,577
188,564,205,564,205,578,188,578
122,565,182,565,182,581,122,581
89,568,117,568,117,584,89,584
360,594,388,594,388,610,360,610
328,596,356,596,356,613,328,613
272,598,290,598,290,616,272,616
296,598,324,598,324,616,296,616
222,600,268,600,268,618,222,618
190,602,218,602,218,620,190,620
165,604,186,604,186,621,165,621
133,605,161,605,161,622,133,622
402,613,429,613,429,628,402,628
336,616,403,613,404,629,337,632
263,620,330,616,331,632,264,637
164,626,259,620,260,638,165,644
125,628,158,628,158,642,125,642
90,629,117,629,117,645,90,645
118,630,125,630,125,642,118,642
