134,41,229,41,229,102,134,102
256,40,435,54,429,121,251,106
460,44,636,44,636,109,460,109
82,125,113,125,113,149,82,149
122,126,158,126,158,152,122,152
158,126,268,126,268,153,158,153
270,129,310,129,310,157,270,157
312,128,420,131,419,158,311,155
424,130,530,130,530,160,424,160
529,132,608,132,608,160,529,160
612,132,649,132,649,158,612,158
645,134,673,134,673,160,645,160
306,172,466,172,466,198,306,198
160,225,329,225,329,272,160,272
344,226,479,229,478,274,343,271
495,226,631,228,630,276,494,273
84,272,165,277,163,303,82,298
300,278,480,278,480,305,300,305
198,281,217,281,217,304,198,304
498,281,644,281,644,306,498,306
176,286,192,286,192,302,176,302
85,305,130,305,130,337,85,337
138,312,169,312,169,338,138,338
300,312,390,312,390,337,300,337
179,313,258,313,258,338,179,338
406,312,589,314,589,339,406,337
85,340,167,342,166,372,84,369
301,346,316,346,316,365,301,365
85,377,162,377,162,404,85,404
170,377,260,377,260,403,170,403
298,381,336,381,336,404,298,404
344,382,418,382,418,406,344,406
84,409,162,415,160,442,82,436
297,414,334,414,334,437,297,437
170,416,223,420,222,441,169,438
342,416,418,416,418,438,342,438
84,442,141,442,141,468,84,468
148,445,206,449,204,471,147,467
298,446,480,446,480,472,298,472
489,450,630,450,630,473,489,473
218,454,228,454,228,466,218,466
82,476,140,476,140,500,82,500
146,478,185,478,185,501,146,501
298,478,478,478,478,503,298,503
488,482,630,482,630,505,488,505
201,486,209,486,209,500,201,500
98,538,153,538,153,560,98,560
170,538,277,538,277,561,170,561
152,570,170,570,170,592,152,592
361,569,414,569,414,593,361,593
295,568,363,573,361,598,293,593
533,568,601,573,599,596,532,591
600,572,650,572,650,593,600,593
185,576,206,576,206,594,185,594
93,602,205,602,205,625,93,625
552,630,604,635,602,661,550,655
601,632,656,632,656,656,601,656
148,633,172,633,172,657,148,657
361,633,414,633,414,657,361,657
311,632,363,638,361,662,309,656
182,640,205,640,205,658,182,658
86,667,164,668,163,693,86,691
181,668,256,668,256,692,181,692
602,698,657,698,657,724,602,724
328,701,361,701,361,728,328,728
361,700,416,700,416,724,361,724
570,701,604,701,604,725,570,725
142,701,166,701,166,726,142,726
178,708,201,708,201,726,178,726
480,745,577,748,575,783,479,779
578,747,656,747,656,779,578,779
116,749,229,749,229,790,116,790
70,753,116,753,116,785,70,785
602,838,662,838,662,865,602,865
524,838,600,840,599,869,523,867
70,845,173,845,173,873,70,873
182,848,248,848,248,873,182,873
605,882,664,882,664,910,605,910
525,882,603,884,602,914,524,913
72,888,148,893,146,919,70,914
148,937,208,939,207,965,147,963
420,943,582,936,583,963,421,970
209,942,308,942,308,969,209,969
314,943,419,944,418,968,314,966
