400,232,449,232,449,256,400,256
336,241,381,234,385,256,339,263
278,241,334,241,334,262,278,262
190,249,235,245,237,266,192,269
240,246,276,246,276,265,240,265
158,248,188,248,188,269,158,269
104,254,157,252,158,270,105,273
253,269,296,267,297,289,254,291
425,292,458,292,458,306,425,306
390,297,422,293,424,309,392,313
342,296,389,296,389,310,342,310
302,300,328,300,328,316,302,316
265,301,297,301,297,314,265,314
203,304,261,301,262,318,204,321
161,305,190,305,190,318,161,318
94,308,122,306,123,321,96,323
126,305,159,309,158,323,125,319
306,320,342,320,342,334,306,334
253,322,302,322,302,338,253,338
210,324,238,324,238,338,210,338
262,342,351,339,352,355,262,358
202,345,256,345,256,360,202,360
332,367,386,365,387,386,333,388
260,372,329,370,329,389,261,390
170,373,212,373,212,392,170,392
214,373,258,373,258,390,214,390
243,402,331,399,332,414,244,417
218,402,241,402,241,417,218,417
134,433,152,433,152,445,134,445
81,434,98,434,98,448,81,448
100,434,128,434,128,446,100,446
258,454,293,454,293,468,258,468
292,454,317,454,317,468,292,468
229,456,250,456,250,468,229,468
190,457,213,457,213,470,190,470
213,457,230,457,230,469,213,469
125,458,192,458,192,472,125,472
82,461,120,461,120,476,82,476
208,484,242,484,242,497,208,497
174,486,206,486,206,500,174,500
109,488,146,488,146,502,109,502
152,488,173,488,173,498,152,498
82,489,108,489,108,501,82,501
366,510,381,510,381,524,366,524
425,518,444,518,444,532,425,532
302,521,326,521,326,536,302,536
246,524,264,524,264,537,246,537
142,526,169,526,169,541,142,541
172,528,205,528,205,540,172,540
362,529,386,529,386,544,362,544
185,566,216,564,217,578,186,580
148,566,184,566,184,580,148,580
118,568,146,568,146,581,118,581
424,576,444,576,444,590,424,590
445,576,472,576,472,589,445,589
325,577,356,577,356,593,325,593
305,578,324,578,324,594,305,594
156,585,204,585,204,602,156,602
136,586,154,586,154,601,136,601
118,588,137,588,137,601,118,601
135,605,166,609,164,625,133,621
118,608,136,608,136,621,118,621
188,629,218,629,218,644,188,644
149,630,185,630,185,644,149,644
120,632,148,632,148,645,120,645
446,640,474,640,474,654,446,654
426,641,445,641,445,656,426,656
326,644,358,641,359,656,328,659
308,644,326,644,326,660,308,660
157,649,208,650,207,665,156,663
120,650,156,650,156,665,120,665
118,670,148,670,148,685,118,685
188,694,214,694,214,709,188,709
118,696,146,696,146,710,118,710
450,696,477,696,477,710,450,710
149,697,185,697,185,710,149,710
328,697,360,697,360,713,328,713
308,698,328,698,328,713,308,713
117,719,152,714,154,729,119,734
396,745,484,745,484,773,396,773
209,753,253,753,253,772,209,772
145,754,204,754,204,776,145,776
90,754,141,754,141,780,90,780
428,781,449,781,449,798,428,798
449,781,485,781,485,797,449,797
92,789,122,789,122,802,92,802
124,789,152,789,152,804,124,804
465,817,488,817,488,834,465,834
149,820,197,820,197,836,149,836
122,821,148,821,148,841,122,841
93,822,121,822,121,841,93,841
338,865,368,865,368,880,338,880
209,866,248,866,248,881,209,881
250,866,299,869,298,885,249,882
300,869,334,869,334,881,300,881
173,913,234,913,234,928,173,928
248,913,277,913,277,928,248,928
309,913,354,913,354,930,309,930
386,913,426,913,426,930,386,930
281,918,307,920,306,929,280,927
