366,154,386,154,386,169,366,169
342,156,366,156,366,170,342,170
301,157,326,157,326,174,301,174
325,157,344,157,344,173,325,173
278,158,301,158,301,174,278,174
353,174,378,174,378,190,353,190
378,174,405,176,403,191,377,189
320,176,341,176,341,192,320,192
344,177,352,177,352,189,344,189
297,177,321,177,321,192,297,192
278,178,298,178,298,194,278,194
264,180,278,180,278,193,264,193
369,194,393,194,393,209,369,209
314,196,337,196,337,213,314,213
337,195,370,197,369,212,336,210
274,197,290,197,290,212,274,212
292,197,316,197,316,213,292,213
133,198,230,198,230,224,133,224
352,214,381,214,381,229,352,229
305,216,353,216,353,232,305,232
288,217,308,217,308,233,288,233
308,250,341,250,341,265,308,265
278,252,304,252,304,266,278,266
256,253,274,253,274,266,256,266
228,254,252,254,252,268,228,268
374,266,437,266,437,281,374,281
360,269,377,269,377,281,360,281
278,270,296,270,296,285,278,285
302,270,318,270,318,284,302,284
198,272,244,272,244,288,198,288
242,272,274,272,274,286,242,286
296,274,302,274,302,284,296,284
168,274,200,274,200,288,168,288
133,276,164,276,164,290,133,290
382,285,443,282,444,298,382,300
346,286,385,286,385,300,346,300
133,293,164,293,164,308,133,308
164,293,192,293,192,306,164,306
391,320,439,317,440,334,392,336
288,324,312,324,312,340,288,340
340,324,356,324,356,337,340,337
266,326,284,326,284,338,266,338
134,329,157,329,157,344,134,344
162,329,194,329,194,344,162,344
362,340,394,340,394,354,362,354
302,341,357,341,357,356,302,356
401,342,409,342,409,352,401,352
265,341,299,343,298,359,264,357
199,344,231,343,232,358,200,360
236,344,261,344,261,358,236,358
170,346,196,346,196,360,170,360
134,348,165,348,165,361,134,361
422,357,448,357,448,370,422,370
400,358,418,358,418,372,400,372
357,361,365,361,365,372,357,372
273,361,292,361,292,374,273,374
296,361,321,361,321,374,296,374
201,362,232,362,232,377,201,377
163,365,202,363,203,377,164,379
134,365,165,365,165,380,134,380
356,376,388,376,388,390,356,390
393,376,418,376,418,389,393,389
288,380,329,377,329,391,289,394
333,378,350,378,350,392,333,392
252,380,282,380,282,393,252,393
207,382,239,380,240,394,208,396
178,382,204,382,204,396,178,396
240,384,244,384,244,392,240,392
134,384,173,384,173,397,134,397
424,393,449,393,449,406,424,406
401,394,418,394,418,406,401,406
297,397,322,397,322,410,297,410
134,401,233,398,233,413,134,416
274,398,292,398,292,410,274,410
425,429,450,429,450,442,425,442
396,430,421,430,421,444,396,444
262,432,294,432,294,449,262,449
209,433,241,433,241,449,209,449
173,434,204,434,204,450,173,450
136,436,168,436,168,450,136,450
246,436,262,436,262,448,246,448
224,450,257,450,257,466,224,466
136,453,169,453,169,470,136,470
173,453,205,453,205,468,173,468
210,454,218,454,218,468,210,468
426,465,452,465,452,480,426,480
397,466,428,466,428,481,397,481
217,470,241,470,241,485,217,485
136,472,169,472,169,489,136,489
173,472,213,472,213,486,173,486
286,499,320,469,335,487,301,517
426,484,452,484,452,498,426,498
398,485,422,485,422,498,398,498
142,490,176,490,176,505,142,505
180,490,205,490,205,505,180,505
428,502,453,502,453,516,428,516
142,509,182,509,182,524,142,524
174,525,198,525,198,542,174,542
136,526,169,526,169,544,136,544
202,528,229,528,229,541,202,541
316,541,348,541,348,556,316,556
353,541,392,541,392,554,353,554
285,542,310,542,310,558,285,558
233,544,252,544,252,560,233,560
196,545,228,545,228,560,196,560
254,545,280,545,280,558,254,558
430,577,456,577,456,590,430,590
233,580,267,582,266,597,232,595
158,582,184,582,184,598,158,598
188,582,229,582,229,597,188,597
137,584,154,584,154,598,137,598
286,597,325,597,325,613,286,613
136,601,161,601,161,617,136,617
165,601,206,601,206,616,165,616
218,601,281,601,281,614,218,614
206,604,213,604,213,614,206,614
325,616,457,613,457,628,325,631
196,620,237,617,238,633,197,635
137,620,154,620,154,637,137,637
158,621,192,621,192,636,158,636
288,673,314,673,314,689,288,689
365,673,398,673,398,689,365,689
190,674,214,674,214,690,190,690
220,674,252,674,252,690,220,690
320,674,360,674,360,689,320,689
258,676,284,676,284,689,258,689
358,692,392,692,392,706,358,706
434,692,460,692,460,706,434,706
290,693,337,693,337,708,290,708
342,693,360,693,360,706,342,706
396,693,430,693,430,706,396,706
266,694,284,694,284,709,266,709
168,696,222,696,222,712,168,712
226,696,260,696,260,709,226,709
137,698,161,698,161,712,137,712
360,730,385,730,385,745,360,745
390,730,416,730,416,745,390,745
229,732,254,732,254,748,229,748
259,732,301,730,301,746,260,748
305,732,324,732,324,746,305,746
328,732,354,732,354,746,328,746
176,733,202,733,202,750,176,750
205,733,225,733,225,750,205,750
368,750,425,750,425,765,368,765
429,750,456,750,456,764,429,764
205,753,293,751,293,767,205,769
298,752,330,752,330,766,298,766
330,753,337,753,337,765,330,765
337,752,361,752,361,765,337,765
136,756,161,756,161,769,136,769
162,757,169,757,169,769,162,769
168,756,193,756,193,769,168,769
193,757,198,757,198,766,193,766
