550,456,601,456,601,485,550,485
395,461,433,461,433,486,395,486
435,461,458,461,458,486,435,486
460,463,470,463,470,483,460,483
475,461,510,461,510,486,475,486
508,461,550,461,550,485,508,485
360,463,396,463,396,486,360,486
513,491,551,491,551,518,513,518
551,495,563,495,563,516,551,516
398,495,421,495,421,520,398,520
423,496,431,496,431,518,423,518
438,495,471,495,471,520,438,520
471,495,513,495,513,518,471,518
146,523,308,523,308,565,146,565
562,526,601,524,603,549,563,552
460,526,485,526,485,551,460,551
488,526,526,526,526,551,488,551
526,526,565,526,565,553,526,553
361,530,373,530,373,551,361,551
378,528,418,528,418,553,378,553
418,528,456,528,456,553,418,553
510,560,556,560,556,585,510,585
405,561,510,561,510,585,405,585
598,616,661,616,661,640,598,640
476,618,523,618,523,641,476,641
535,618,598,618,598,645,535,645
206,621,331,621,331,646,206,646
143,625,205,625,205,648,143,648
376,650,430,650,430,673,376,673
438,649,490,651,489,673,437,671
316,651,368,651,368,675,316,675
560,678,663,678,663,701,560,701
501,680,563,680,563,701,501,701
143,683,195,683,195,710,143,710
203,685,243,685,243,706,203,706
195,690,205,690,205,705,195,705
143,713,183,713,183,736,143,736
191,714,329,711,330,734,191,737
141,741,170,741,170,768,141,768
180,745,208,745,208,768,180,768
215,745,268,745,268,765,215,765
278,745,318,745,318,766,278,766
270,750,278,750,278,765,270,765
