302,248,321,248,321,259,302,259
328,250,367,250,367,261,328,261
327,259,346,259,346,270,327,270
355,261,373,261,373,268,355,268
439,264,449,264,449,275,439,275
307,266,335,266,335,282,307,282
344,270,401,270,401,282,344,282
408,271,419,271,419,282,408,282
428,273,447,273,447,284,428,284
456,275,472,275,472,284,456,284
389,280,428,280,428,293,389,293
256,284,325,280,326,298,257,302
323,280,362,280,362,296,323,296
435,284,465,284,465,295,435,295
424,291,513,291,513,307,424,307
531,293,559,293,559,303,531,303
359,293,398,293,398,309,359,309
330,295,360,295,360,312,330,312
568,295,598,299,597,310,567,306
328,309,570,301,570,323,328,331
579,314,598,314,598,325,579,325
302,314,321,314,321,332,302,332
295,318,303,318,303,332,295,332
264,318,295,318,295,334,264,334
492,323,502,323,502,337,492,337
511,323,542,323,542,337,511,337
550,323,570,323,570,335,550,335
442,323,492,323,492,341,442,341
414,327,444,327,444,344,414,344
330,330,360,330,360,348,330,348
375,330,408,330,408,346,375,346
291,332,330,332,330,350,291,350
485,346,540,342,541,360,487,364
432,352,473,347,476,365,434,371
423,355,435,355,435,369,423,369
341,357,408,357,408,375,341,375
566,359,609,359,609,376,566,376
509,363,561,361,562,380,510,382
462,366,504,366,504,389,462,389
424,373,455,373,455,391,424,391
339,376,378,376,378,396,339,396
387,376,417,376,417,394,387,394
300,378,330,378,330,398,300,398
261,380,293,380,293,401,261,401
234,382,255,382,255,399,234,399
538,391,621,382,623,404,540,413
470,397,523,392,526,416,472,421
422,402,476,397,478,420,425,426
368,406,418,408,417,429,367,426
570,407,623,407,623,428,570,428
291,408,312,408,312,428,291,428
233,409,276,412,275,432,232,429
531,412,561,412,561,431,531,431
502,415,524,415,524,435,502,435
398,424,428,424,428,442,398,442
339,426,391,426,391,446,339,446
234,430,273,430,273,449,234,449
282,430,330,430,330,447,282,447
579,450,612,447,614,467,581,470
521,455,573,450,575,471,523,476
462,460,514,454,516,474,464,480
396,462,458,462,458,481,396,481
232,467,369,462,370,484,232,489
380,465,391,465,391,481,380,481
602,467,625,467,625,486,602,486
561,471,596,467,598,488,563,491
543,472,556,472,556,490,543,490
455,478,478,478,478,497,455,497
415,479,449,479,449,499,415,499
399,485,410,485,410,501,399,501
232,486,293,486,293,506,232,506
543,490,566,490,566,513,543,513
502,494,538,494,538,517,502,517
486,499,497,499,497,515,486,515
252,505,284,508,282,527,250,524
291,508,330,508,330,527,291,527
561,512,626,506,628,528,563,534
504,513,556,513,556,534,504,534
465,517,499,517,499,538,465,538
447,520,460,520,460,538,447,538
378,522,391,522,391,540,378,540
396,520,439,520,439,540,396,540
300,522,332,522,332,543,300,543
328,522,371,522,371,542,328,542
231,524,293,524,293,545,231,545
293,527,302,527,302,543,293,543
604,529,627,529,627,549,604,549
565,531,600,531,600,554,565,554
534,533,558,533,558,552,534,552
415,538,449,538,449,559,415,559
455,538,478,538,478,556,455,556
387,540,419,540,419,561,387,561
232,547,293,544,294,565,233,567
532,556,626,548,628,570,533,578
456,556,529,556,529,577,456,577
439,561,451,561,451,579,439,579
378,561,430,561,430,581,378,581
293,563,373,563,373,584,293,584
236,565,286,565,286,586,236,586
286,568,293,568,293,581,286,581
606,572,629,572,629,593,606,593
566,574,607,574,607,593,566,593
538,575,561,575,561,593,538,593
419,579,455,579,455,602,419,602
458,579,481,579,481,598,458,598
391,581,414,581,414,600,391,600
238,586,298,586,298,606,238,606
507,596,570,593,571,613,508,617
479,597,502,597,502,616,479,616
259,606,289,606,289,625,259,625
296,607,328,607,328,625,296,625
503,603,575,632,562,662,491,633
462,618,494,618,494,638,462,638
382,622,415,619,417,639,384,642
423,620,456,620,456,641,423,641
242,625,376,620,377,641,243,647
570,632,602,632,602,650,570,650
607,632,622,632,622,648,607,648
463,638,485,638,485,657,463,657
396,639,419,639,419,659,396,659
424,639,458,639,458,659,424,659
245,645,305,645,305,664,245,664
579,652,623,652,623,670,579,670
531,654,575,654,575,671,531,671
502,655,524,655,524,673,502,673
426,657,495,657,495,677,426,677
389,659,421,659,421,678,389,678
246,665,381,659,383,680,247,687
571,671,629,669,630,687,572,690
540,671,574,671,574,693,540,693
467,675,488,675,488,693,467,693
428,677,460,677,460,696,428,696
399,678,423,678,423,696,399,696
246,686,309,683,309,703,247,706
543,687,606,687,606,709,543,709
486,692,538,690,539,710,487,713
439,694,481,694,481,714,439,714
246,705,387,697,388,718,247,726
392,698,433,698,433,716,392,716
611,705,634,705,634,725,611,725
574,707,606,707,606,726,574,726
545,709,568,709,568,728,545,728
463,712,492,712,492,732,463,732
403,714,428,714,428,737,403,737
431,714,463,714,463,734,431,734
246,725,309,722,310,742,247,745
556,726,577,726,577,746,556,746
540,732,550,732,550,746,540,746
306,744,340,741,342,760,308,763
268,744,300,744,300,762,268,762
566,746,588,746,588,766,566,766
529,750,559,750,559,767,529,767
472,751,522,751,522,769,472,769
433,753,465,753,465,773,433,773
396,757,428,757,428,778,396,778
348,758,389,758,389,778,348,778
298,762,330,762,330,782,298,782
614,762,636,762,636,782,614,782
270,766,291,766,291,785,270,785
531,767,570,767,570,787,531,787
575,766,613,766,613,805,575,805
426,771,485,771,485,792,426,792
492,771,524,771,524,789,492,789
327,779,389,776,390,797,329,800
396,776,417,776,417,794,396,794
249,784,333,779,335,803,250,808
614,782,638,782,638,801,614,801
550,785,572,785,572,805,550,805
474,790,495,790,495,810,474,810
416,794,468,791,470,813,417,817
341,803,351,803,351,819,341,819
249,805,312,802,313,822,250,825
561,805,584,805,584,826,561,826
524,806,558,806,558,830,524,830
506,812,517,812,517,828,506,828
309,825,344,821,346,841,311,845
271,824,303,824,303,844,271,844
344,826,350,826,350,838,344,838
572,824,639,824,639,844,572,844
534,828,565,828,565,846,534,846
429,833,527,827,528,848,430,854
399,835,421,835,421,854,399,854
251,844,394,835,395,860,252,868
620,840,643,840,643,862,620,862
582,842,616,842,616,865,582,865
566,847,577,847,577,865,566,865
478,851,501,851,501,870,478,870
433,853,479,853,479,874,433,874
423,856,433,856,433,874,423,874
251,867,315,861,317,882,253,888
575,865,643,865,643,885,575,885
536,867,568,867,568,886,536,886
428,875,529,867,530,888,430,896
401,876,423,876,423,895,401,895
252,886,396,876,397,900,254,910
625,881,646,881,646,901,625,901
586,883,620,883,620,906,586,906
568,888,579,888,579,906,568,906
479,892,502,892,502,911,479,911
423,894,474,894,474,915,423,915
620,904,627,904,627,920,620,920
638,904,648,904,648,922,638,922
252,908,317,902,319,926,254,931
489,910,573,905,575,929,490,934
598,906,620,906,620,924,598,924
581,911,591,911,591,925,581,925
463,913,486,913,486,934,463,934
313,924,397,917,399,941,315,948
405,920,417,920,417,938,405,938
423,918,455,918,455,936,423,936
629,922,652,922,652,941,629,941
591,924,625,924,625,947,591,947
252,928,317,923,319,947,254,952
574,929,584,929,584,947,574,947
483,933,506,933,506,952,483,952
446,934,479,934,479,957,446,957
424,936,446,936,446,957,424,957
253,949,318,946,318,968,254,971
572,947,597,947,597,970,572,970
534,949,568,949,568,972,534,972
517,954,527,954,527,972,517,972
645,966,655,966,655,984,645,984
625,968,632,968,632,982,625,982
494,973,579,967,580,992,496,997
595,970,626,967,628,986,597,988
584,972,598,972,598,988,584,988
465,977,488,977,488,997,465,997
407,981,428,981,428,1000,407,1000
426,981,458,981,458,1000,426,1000
366,982,401,982,401,1005,366,1005
636,984,659,984,659,1007,636,1007
597,988,630,988,630,1009,597,1009
579,991,590,991,590,1011,579,1011
486,995,511,995,511,1018,486,1018
449,998,483,998,483,1021,449,1021
428,1000,449,1000,449,1021,428,1021
577,1009,602,1009,602,1032,577,1032
538,1013,574,1013,574,1036,538,1036
518,1016,540,1016,540,1036,518,1036
589,1046,652,1040,653,1057,590,1062
543,1050,574,1050,574,1064,543,1064
362,1064,392,1064,392,1078,362,1078
319,1064,353,1064,353,1084,319,1084
277,1068,310,1065,312,1085,279,1088
300,1085,335,1085,335,1109,300,1109
270,1089,295,1089,295,1112,270,1112
505,1131,659,1120,660,1137,507,1149
262,1148,427,1136,429,1154,263,1165
618,1155,643,1155,643,1178,618,1178
590,1157,614,1157,614,1178,590,1178
517,1162,582,1157,584,1180,519,1185
478,1165,510,1165,510,1183,478,1183
265,1176,410,1168,411,1189,266,1197
419,1171,431,1171,431,1189,419,1189
437,1169,470,1169,470,1187,437,1187
650,1173,673,1173,673,1192,650,1192
611,1174,646,1174,646,1197,611,1197
590,1176,613,1176,613,1197,590,1197
499,1181,522,1181,522,1201,499,1201
460,1183,494,1183,494,1203,460,1203
440,1189,453,1189,453,1205,440,1205
267,1196,330,1191,331,1210,268,1215
602,1196,673,1196,673,1213,602,1213
522,1199,554,1199,554,1217,522,1217
561,1199,595,1199,595,1215,561,1215
451,1201,524,1201,524,1219,451,1219
421,1205,442,1205,442,1221,421,1221
271,1211,413,1204,414,1223,272,1229
652,1210,675,1210,675,1228,652,1228
613,1212,646,1212,646,1229,613,1229
593,1215,606,1215,606,1231,593,1231
502,1217,524,1217,524,1233,502,1233
462,1219,495,1219,495,1235,462,1235
444,1222,456,1222,456,1237,444,1237
305,1226,337,1226,337,1238,305,1238
277,1228,305,1228,305,1238,277,1238
614,1240,646,1240,646,1256,614,1256
654,1242,675,1242,675,1254,654,1254
575,1242,607,1242,607,1258,575,1258
284,1246,324,1251,323,1259,283,1255
469,1249,510,1249,510,1261,469,1261
362,1251,401,1251,401,1261,362,1261
410,1251,460,1251,460,1263,410,1263
332,1253,351,1253,351,1260,332,1260
627,1254,645,1254,645,1267,627,1267
337,1259,373,1262,373,1270,337,1267
469,1261,510,1261,510,1274,469,1274
383,1263,401,1263,401,1270,383,1270
414,1263,460,1263,460,1274,414,1274
654,1274,673,1274,673,1286,654,1286
414,1277,455,1279,454,1289,413,1287
616,1277,645,1277,645,1290,616,1290
463,1279,502,1279,502,1290,463,1290
577,1282,614,1280,615,1292,577,1294
311,1287,340,1292,339,1303,309,1298
654,1290,673,1290,673,1304,654,1304
616,1293,645,1293,645,1306,616,1306
346,1295,375,1295,375,1306,346,1306
578,1299,609,1296,610,1308,579,1311
382,1297,422,1305,418,1322,379,1314
325,1302,341,1302,341,1309,325,1309
425,1301,464,1307,461,1326,421,1320
359,1306,375,1306,375,1313,359,1313
654,1308,673,1308,673,1322,654,1322
616,1311,646,1311,646,1325,616,1325
654,1322,673,1322,673,1334,654,1334
616,1324,646,1324,646,1336,616,1336
