374,128,401,128,401,145,374,145
400,128,426,128,426,146,400,146
426,128,448,128,448,146,426,146
448,128,473,128,473,146,448,146
473,128,497,128,497,146,473,146
357,149,373,149,373,168,357,168
373,150,394,150,394,169,373,169
394,150,421,150,421,169,394,169
420,150,444,150,444,169,420,169
446,153,456,153,456,168,446,168
457,152,485,152,485,169,457,169
485,150,517,156,513,174,482,168
208,165,318,165,318,196,208,196
388,173,414,173,414,190,388,190
368,174,385,174,385,190,368,190
413,174,437,174,437,192,413,192
439,173,477,177,475,195,437,191
474,174,502,174,502,192,474,192
381,197,404,197,404,214,381,214
402,197,454,197,454,214,402,214
452,197,486,197,486,214,452,214
313,234,341,234,341,252,313,252
346,236,366,236,366,253,346,253
372,236,400,236,400,253,372,253
404,236,441,236,441,253,404,253
246,254,281,254,281,272,246,272
206,256,242,256,242,273,206,273
281,256,366,256,366,274,281,274
461,257,545,257,545,273,461,273
370,258,389,258,389,273,370,273
389,258,413,258,413,273,389,273
206,276,242,276,242,293,206,293
246,277,273,277,273,292,246,292
445,278,486,278,486,293,445,293
485,278,553,278,553,293,485,293
206,317,233,317,233,334,206,334
240,317,276,319,275,336,239,334
378,318,406,318,406,337,378,337
494,318,546,318,546,334,494,334
354,320,374,320,374,336,354,336
436,321,453,321,453,334,436,334
206,336,226,336,226,354,206,354
289,337,316,337,316,356,289,356
225,340,232,340,232,353,225,353
240,338,284,338,284,357,240,357
314,340,321,340,321,354,314,354
370,339,407,341,406,359,369,357
468,339,520,341,519,356,467,354
329,341,362,341,362,357,329,357
405,342,412,342,412,356,405,356
418,341,436,341,436,356,418,356
442,341,460,341,460,356,442,356
206,358,225,358,225,373,206,373
230,358,282,358,282,374,230,374
305,361,348,361,348,376,305,376
354,361,373,361,373,377,354,377
290,364,298,364,298,374,290,374
206,378,314,378,314,394,206,394
525,381,552,381,552,396,525,396
362,382,386,382,386,396,362,396
385,382,412,382,412,396,385,396
501,382,526,382,526,396,501,396
206,399,274,399,274,414,206,414
281,401,306,401,306,414,281,414
313,401,332,401,332,416,313,416
337,401,372,401,372,418,337,418
377,401,410,401,410,417,377,417
420,402,436,402,436,416,420,416
442,402,468,402,468,417,442,417
476,402,510,402,510,417,476,417
205,418,314,420,314,436,205,434
361,422,380,422,380,436,361,436
385,422,412,422,412,436,385,436
500,422,518,422,518,437,500,437
525,422,552,422,552,437,525,437
206,440,225,440,225,454,206,454
500,444,520,444,520,457,500,457
525,444,552,444,552,457,525,457
205,458,233,458,233,476,205,476
238,460,274,460,274,474,238,474
280,460,306,460,306,477,280,477
352,461,377,461,377,477,352,477
385,461,420,461,420,477,385,477
312,462,346,462,346,476,312,476
425,464,450,464,450,478,425,478
458,464,492,464,492,480,458,480
203,479,313,479,313,495,203,495
386,482,412,482,412,498,386,498
369,484,385,484,385,497,369,497
500,484,524,484,524,498,500,498
524,484,550,484,550,498,524,498
452,486,458,486,458,497,452,497
204,499,248,501,247,516,203,514
254,500,281,500,281,517,254,517
328,501,353,501,353,517,328,517
286,502,321,502,321,516,286,516
360,502,396,502,396,520,360,520
204,519,312,521,311,537,203,535
368,522,384,522,384,537,368,537
385,522,410,522,410,537,385,537
500,524,518,524,518,538,500,538
522,524,550,524,550,538,522,538
204,558,240,558,240,577,204,577
245,560,281,560,281,578,245,578
286,560,321,560,321,576,286,576
345,561,380,561,380,578,345,578
328,562,344,562,344,577,328,577
498,565,517,565,517,580,498,580
524,565,550,565,550,580,524,580
202,580,240,580,240,597,202,597
245,580,281,580,281,598,245,598
302,580,338,580,338,598,302,598
286,582,296,582,296,596,286,596
516,585,542,585,542,600,516,600
490,586,516,586,516,600,490,600
202,600,238,600,238,618,202,618
294,600,321,600,321,618,294,618
244,601,289,601,289,617,244,617
498,606,550,606,550,621,498,621
210,621,246,621,246,640,210,640
252,622,280,622,280,640,252,640
497,626,517,626,517,641,497,641
517,626,550,626,550,642,517,642
201,641,238,641,238,660,201,660
244,641,270,641,270,660,244,660
276,644,304,644,304,658,276,658
308,662,328,662,328,681,308,681
268,664,302,664,302,681,268,681
365,664,394,664,394,682,365,682
398,664,434,664,434,681,398,681
333,665,360,665,360,680,333,680
440,666,484,666,484,682,440,682
225,704,253,704,253,721,225,721
201,705,220,705,220,722,201,722
257,705,302,705,302,722,257,722
308,704,344,706,343,724,307,722
414,706,549,711,549,727,414,722
200,725,228,725,228,742,200,742
233,724,277,726,277,744,232,742
290,726,357,726,357,742,290,742
365,725,409,727,409,745,364,743
277,729,285,729,285,741,277,741
532,734,542,734,542,748,532,748
198,745,218,745,218,764,198,764
265,746,310,746,310,764,265,764
224,748,258,748,258,762,224,762
406,748,551,753,550,769,406,764
257,806,284,806,284,825,257,825
289,809,324,809,324,825,289,825
364,809,393,809,393,828,364,828
330,810,358,810,358,826,330,826
398,811,442,814,441,831,397,827
446,814,484,814,484,832,446,832
198,830,224,830,224,845,198,845
232,830,292,830,292,848,232,848
296,832,316,832,316,846,296,846
314,832,332,832,332,846,314,846
338,832,358,832,358,849,338,849
365,833,416,833,416,848,365,848
440,834,476,834,476,852,440,852
421,836,440,836,440,849,421,849
481,837,517,837,517,852,481,852
522,837,553,840,551,858,521,855
240,870,268,870,268,888,240,888
272,872,293,872,293,888,272,888
297,872,325,872,325,889,297,889
330,872,377,872,377,890,330,890
381,873,400,873,400,890,381,890
405,876,433,876,433,890,405,890
438,876,468,876,468,893,438,893
472,878,500,878,500,893,472,893
197,892,232,892,232,906,197,906
230,892,257,892,257,906,230,906
272,892,365,894,365,909,271,907
258,896,262,896,262,905,258,905
370,896,413,896,413,910,370,910
413,896,432,896,432,910,413,910
456,896,508,900,507,915,455,912
446,898,457,898,457,912,446,912
514,902,541,902,541,916,514,916
