398,338,453,338,453,356,398,356
302,341,394,339,394,354,302,357
404,365,432,365,432,378,404,378
433,365,469,365,469,378,433,378
281,364,315,368,314,383,280,380
314,366,340,366,340,381,314,381
342,366,373,366,373,380,342,380
376,366,402,366,402,381,376,381
193,392,212,392,212,405,193,405
277,422,322,422,322,448,277,448
374,422,418,422,418,448,374,448
421,422,481,422,481,446,421,446
325,425,372,425,372,448,325,448
514,453,545,453,545,468,514,468
424,454,448,454,448,473,424,473
464,454,512,454,512,469,464,469
201,456,230,456,230,472,201,472
294,456,316,456,316,472,294,472
332,456,364,456,364,470,332,470
389,456,421,456,421,470,389,470
233,455,273,459,271,475,232,471
413,478,433,478,433,493,413,493
197,480,313,480,313,497,197,497
314,480,341,480,341,497,314,497
370,480,409,480,409,494,370,494
341,481,368,481,368,496,341,496
505,501,524,501,524,516,505,516
525,501,554,501,554,516,525,516
321,502,352,502,352,516,321,516
405,502,425,502,425,517,405,517
426,502,454,502,454,517,426,517
430,528,453,528,453,545,430,545
494,528,520,528,520,545,494,545
521,528,544,528,544,545,521,545
456,529,492,529,492,544,456,544
196,530,314,530,314,548,196,548
316,530,344,530,344,545,316,545
346,530,374,530,374,545,346,545
376,529,404,532,403,547,374,545
405,530,428,530,428,545,405,545
505,552,528,552,528,568,505,568
526,552,556,552,556,566,526,566
405,553,425,553,425,569,405,569
426,553,454,553,454,568,426,568
322,554,352,554,352,566,322,566
366,580,396,580,396,597,366,597
396,580,418,580,418,597,396,597
420,580,458,580,458,598,420,598
460,580,482,580,482,596,460,596
195,582,313,581,313,597,196,599
336,581,364,581,364,597,336,597
314,582,334,582,334,597,314,597
528,602,558,602,558,620,528,620
406,604,426,604,426,620,406,620
428,604,457,604,457,620,428,620
506,604,529,604,529,620,506,620
322,605,352,605,352,618,322,618
357,629,396,631,395,649,356,647
428,630,448,630,448,646,428,646
397,632,425,632,425,650,397,650
195,634,303,632,304,649,196,650
306,632,355,634,354,649,306,647
508,654,530,654,530,672,508,672
528,654,557,654,557,669,528,669
408,656,430,656,430,672,408,672
429,656,456,656,456,670,429,670
322,657,352,657,352,669,322,669
422,682,445,682,445,700,422,700
361,684,389,684,389,700,361,700
392,684,421,684,421,702,392,702
195,686,305,684,305,701,196,704
306,685,332,685,332,700,306,700
331,686,360,683,362,698,333,702
500,706,530,706,530,722,500,722
529,706,558,706,558,721,529,721
400,708,428,708,428,722,400,722
429,708,457,708,457,722,429,722
322,709,352,709,352,721,322,721
286,712,293,712,293,721,286,721
525,734,548,734,548,749,525,749
402,736,442,736,442,750,402,750
443,737,501,734,501,749,444,752
195,737,305,735,305,753,196,756
304,738,312,738,312,752,304,752
316,737,348,737,348,752,316,752
350,738,399,736,400,750,350,752
504,737,522,737,522,749,504,749
430,758,460,758,460,776,430,776
510,758,560,758,560,774,510,774
324,760,353,760,353,773,324,773
409,760,432,760,432,776,409,776
190,796,229,796,229,816,190,816
229,796,250,796,250,812,229,812
504,813,536,813,536,830,504,830
534,813,565,813,565,829,534,829
190,817,231,819,230,839,189,837
230,819,268,821,267,837,230,835
504,840,536,840,536,857,504,857
536,840,565,840,565,856,536,856
190,841,225,841,225,858,190,858
277,841,305,841,305,857,277,857
226,842,276,842,276,858,226,858
369,842,404,842,404,858,369,858
542,872,561,872,561,889,542,889
449,874,539,872,540,887,449,890
208,874,230,874,230,893,208,893
230,876,260,876,260,890,230,890
261,875,405,875,405,893,261,893
406,876,449,876,449,894,406,894
361,902,403,897,405,914,363,919
406,900,436,900,436,913,406,913
332,901,361,901,361,914,332,914
457,914,502,914,502,928,457,928
428,916,456,916,456,929,428,929
378,917,406,917,406,930,378,930
408,917,426,917,426,929,408,929
346,918,376,920,375,933,345,931
270,920,302,920,302,934,270,934
326,920,345,920,345,932,326,932
244,921,269,921,269,936,244,936
305,922,325,922,325,933,305,933
