376,116,406,116,406,136,376,136
406,116,430,116,430,136,406,136
429,116,469,116,469,136,429,136
469,116,500,116,500,136,469,136
346,117,376,117,376,134,346,134
324,141,342,141,342,162,324,162
342,142,366,142,366,162,342,162
366,142,405,142,405,162,366,162
406,142,440,142,440,161,406,161
440,144,449,144,449,160,440,160
453,142,484,142,484,162,453,162
484,142,524,142,524,162,484,162
164,164,289,164,289,196,164,196
348,168,366,168,366,186,348,186
398,168,428,168,428,188,398,188
428,165,471,171,469,193,425,187
369,169,400,169,400,188,369,188
469,169,500,169,500,188,469,188
388,194,482,194,482,214,388,214
364,196,388,196,388,214,364,214
285,238,317,238,317,258,285,258
324,238,356,240,355,259,323,257
398,237,440,239,439,259,398,257
362,240,393,240,393,258,362,258
456,261,562,261,562,281,456,281
161,262,201,262,201,282,161,282
208,262,248,262,248,281,208,281
249,262,298,262,298,282,249,282
296,264,345,264,345,282,296,282
353,265,380,265,380,280,353,280
381,265,402,265,402,281,381,281
161,285,202,285,202,305,161,305
438,285,562,284,562,302,438,304
201,286,238,286,238,302,201,302
505,331,565,328,566,345,507,348
160,332,192,332,192,350,160,350
198,331,242,333,241,352,197,350
333,332,365,332,365,350,333,350
369,333,402,331,403,350,371,352
438,333,457,333,457,348,438,348
476,353,537,353,537,374,476,374
220,354,250,354,250,374,220,374
257,354,298,354,298,374,257,374
420,354,449,354,449,373,420,373
160,356,212,356,212,373,160,373
362,356,412,356,412,373,362,373
457,356,468,356,468,370,457,370
305,357,356,357,356,373,305,373
534,377,566,377,566,394,534,394
505,378,529,378,529,394,505,394
160,380,286,380,286,397,160,397
342,380,364,380,364,394,342,394
372,380,404,380,404,397,372,397
256,399,308,401,307,421,255,419
400,400,432,400,432,421,400,421
198,400,249,402,249,422,198,421
314,402,365,402,365,420,314,420
373,402,393,402,393,420,373,420
440,402,480,402,480,421,440,421
160,404,192,404,192,421,160,421
516,425,536,425,536,441,516,441
536,425,568,425,568,442,536,442
158,426,288,426,288,444,158,444
353,426,372,426,372,442,353,442
372,426,404,426,404,444,372,444
228,449,269,449,269,468,228,468
412,449,458,449,458,466,412,466
469,449,500,449,500,466,469,466
158,450,209,450,209,469,158,469
277,450,317,450,317,468,277,468
325,450,365,450,365,468,325,468
373,450,404,450,404,468,373,468
536,472,569,472,569,489,536,489
373,473,404,473,404,490,373,490
517,473,529,473,529,488,517,488
158,474,288,474,288,491,158,491
354,474,366,474,366,489,354,489
537,494,569,494,569,512,537,512
508,496,529,496,529,510,508,510
158,498,181,498,181,516,158,516
209,542,250,542,250,564,209,564
257,542,300,542,300,562,257,562
326,542,368,542,368,562,326,562
538,542,572,542,572,561,538,561
158,544,201,544,201,564,158,564
509,544,532,544,532,561,509,561
306,545,325,545,325,561,306,561
257,566,278,566,278,588,257,588
286,566,329,566,329,586,286,586
540,566,572,566,572,585,540,585
158,568,201,568,201,589,158,589
209,568,250,568,250,588,209,588
510,568,532,568,532,584,510,584
268,590,298,590,298,612,268,612
158,592,201,592,201,614,158,614
510,592,532,592,532,609,510,609
540,592,573,592,573,609,540,609
208,593,261,593,261,613,208,613
510,616,533,616,533,633,510,633
533,616,573,616,573,634,533,634
168,618,210,618,210,638,168,638
217,620,240,620,240,638,217,638
240,621,249,621,249,636,240,636
209,641,240,641,240,661,209,661
157,642,201,642,201,664,157,664
248,644,280,644,280,662,248,662
394,664,437,664,437,684,394,684
444,664,494,664,494,684,444,684
286,665,308,665,308,685,286,685
354,665,388,665,388,686,354,686
237,666,278,666,278,688,237,688
316,666,348,666,348,685,316,685
356,740,389,740,389,760,356,760
454,740,498,740,498,761,454,761
226,741,257,741,257,762,226,762
265,742,309,740,309,761,266,763
396,740,449,742,449,761,395,759
316,742,349,742,349,761,316,761
357,766,418,766,418,786,357,786
425,766,446,766,446,785,425,785
445,766,489,766,489,785,445,785
545,766,578,766,578,786,545,786
273,770,317,767,318,786,275,789
326,768,349,768,349,786,326,786
496,768,538,768,538,785,496,785
197,769,267,769,267,789,197,789
156,772,188,772,188,790,156,790
448,814,481,814,481,836,448,836
317,816,370,816,370,837,317,837
277,817,309,817,309,838,277,838
378,817,400,817,400,836,378,836
406,817,441,817,441,837,406,837
488,817,521,817,521,836,488,836
246,818,269,818,269,838,246,838
206,820,240,820,240,840,206,840
457,841,530,841,530,861,457,861
408,842,448,842,448,860,408,860
244,846,359,842,360,862,245,866
366,845,410,842,411,861,367,863
537,844,570,844,570,861,537,861
197,846,237,846,237,865,197,865
154,848,197,848,197,866,154,866
