428,134,498,134,498,157,428,157
498,133,532,133,532,156,498,156
532,133,561,133,561,156,532,156
393,134,428,134,428,157,393,157
362,137,394,137,394,157,362,157
382,165,452,165,452,186,382,186
452,163,503,169,500,191,450,186
501,165,534,165,534,185,501,185
534,165,564,165,564,185,534,185
360,166,381,166,381,186,360,186
170,190,312,190,312,229,170,229
467,192,515,196,513,220,465,216
514,194,548,194,548,216,514,216
377,196,398,196,398,217,377,217
400,194,434,194,434,217,400,217
436,196,468,196,468,218,436,218
486,221,528,221,528,245,486,245
393,222,488,222,488,246,393,246
382,276,417,276,417,297,382,297
425,276,469,276,469,297,425,297
308,277,342,277,342,298,308,298
350,277,374,277,374,298,350,298
520,302,606,302,606,322,520,322
498,304,520,304,520,322,498,322
172,305,214,305,214,329,172,329
224,305,266,305,266,326,224,326
266,305,321,305,321,326,266,326
320,305,374,305,374,326,320,326
381,305,406,305,406,325,381,325
405,305,437,305,437,324,405,324
530,329,618,329,618,349,530,349
478,331,531,329,532,349,478,350
172,332,257,332,257,354,172,354
542,381,609,379,609,401,542,402
391,387,426,382,428,403,393,407
174,385,208,385,208,408,174,408
216,383,262,387,260,408,214,405
361,385,386,385,386,405,361,405
468,385,489,385,489,404,468,404
321,409,354,409,354,430,321,430
174,412,218,412,218,432,174,432
258,412,312,412,312,432,258,432
362,412,406,412,406,432,362,432
416,412,458,412,458,432,416,432
226,413,250,413,250,433,226,433
553,436,577,436,577,454,553,454
584,436,620,436,620,454,584,454
174,438,313,438,313,458,174,458
374,438,397,438,397,457,374,457
402,438,437,438,437,457,402,457
457,462,509,462,509,482,457,482
229,464,272,464,272,484,229,484
364,464,448,464,448,484,364,484
176,465,221,465,221,484,176,484
321,465,354,465,354,484,321,484
280,466,313,466,313,485,280,485
404,489,437,489,437,508,404,508
553,489,584,489,584,506,553,506
584,489,620,489,620,506,584,506
177,490,313,490,313,510,177,510
374,490,405,490,405,508,374,508
177,537,222,537,222,561,177,561
230,538,274,538,274,561,230,561
281,538,325,538,325,560,281,560
353,538,397,538,397,560,353,560
553,541,586,541,586,560,553,560
585,541,621,541,621,560,585,560
333,542,353,542,353,558,333,558
177,562,222,562,222,586,177,586
230,564,274,564,274,586,230,586
302,564,346,564,346,585,302,585
280,565,293,565,293,585,280,585
597,569,609,569,609,584,597,584
293,589,325,589,325,612,293,612
178,589,222,589,222,613,178,613
230,590,286,590,286,612,230,612
553,594,580,594,580,613,553,613
586,594,621,594,621,613,586,613
190,617,233,617,233,638,190,638
241,618,274,618,274,638,241,638
553,620,578,620,578,638,553,638
585,621,621,621,621,638,585,638
230,642,263,640,265,662,232,664
180,642,224,642,224,664,180,664
272,645,306,645,306,664,272,664
262,669,305,667,306,689,262,691
312,668,336,668,336,689,312,689
385,668,418,668,418,692,385,692
426,669,470,669,470,690,426,690
344,670,377,670,377,689,344,689
480,672,533,672,533,692,480,692
253,744,285,744,285,765,253,765
293,744,337,744,337,765,293,765
345,745,378,745,378,766,345,766
385,745,421,745,421,766,385,766
490,748,536,748,536,770,490,770
428,748,483,750,482,771,427,769
224,770,296,770,296,790,224,790
182,772,214,772,214,789,182,789
304,772,345,772,345,790,304,790
354,773,378,773,378,792,354,792
388,773,450,773,450,793,388,793
458,774,480,774,480,793,458,793
480,774,525,774,525,794,480,794
533,777,577,777,577,794,533,794
586,775,621,780,619,799,583,795
234,818,268,818,268,840,234,840
274,820,298,820,298,840,274,840
305,820,338,820,338,841,305,841
345,821,401,821,401,842,345,842
408,822,430,822,430,844,408,844
481,824,514,824,514,845,481,845
438,826,473,826,473,845,438,845
522,828,557,828,557,846,522,846
214,843,267,845,266,864,214,862
184,845,217,845,217,862,184,862
274,846,389,848,389,867,274,864
397,850,481,850,481,869,397,869
490,850,568,852,567,872,490,870
573,854,609,854,609,872,573,872
