432,161,464,161,464,182,432,182
462,162,490,162,490,182,462,182
373,162,406,162,406,185,373,185
406,164,432,164,432,184,406,184
345,166,376,166,376,185,345,185
445,189,477,189,477,209,445,209
478,189,513,189,513,212,478,212
400,190,428,190,428,212,400,212
430,190,441,190,441,208,430,208
324,192,344,192,344,213,324,213
342,190,368,190,368,213,342,213
369,192,400,192,400,212,369,212
145,213,276,213,276,246,145,246
466,216,497,216,497,236,466,236
423,214,468,219,465,242,420,236
392,218,420,218,420,238,392,238
338,220,357,220,357,238,338,238
360,220,392,220,392,240,360,240
378,246,479,243,480,263,378,266
353,246,378,246,378,266,353,266
272,293,305,293,305,313,272,313
342,293,374,293,374,313,342,313
381,293,424,293,424,313,381,313
312,294,334,294,334,313,312,313
450,317,555,315,556,334,450,336
190,317,232,317,232,337,190,337
141,318,184,318,184,338,141,338
232,318,285,318,285,338,232,338
282,320,334,320,334,340,282,340
342,320,370,320,370,336,342,336
372,320,393,320,393,337,372,337
141,341,184,341,184,364,141,364
480,342,565,340,565,359,481,361
182,344,221,344,221,361,182,361
432,344,482,344,482,362,432,362
493,390,557,390,557,410,493,410
141,392,172,392,172,412,141,412
180,390,225,393,223,414,179,410
348,395,382,390,385,411,351,415
321,393,344,393,344,412,321,412
421,394,442,394,442,412,421,412
140,416,161,416,161,436,140,436
221,416,244,416,244,436,221,436
410,417,474,417,474,437,410,437
501,417,556,417,556,437,501,437
169,418,213,418,213,436,169,436
312,417,373,420,373,438,311,436
252,420,273,420,273,436,252,436
281,420,301,420,301,436,281,436
381,420,410,420,410,434,381,434
481,420,493,420,493,434,481,434
140,442,162,442,162,460,140,460
138,466,273,466,273,485,138,485
532,466,565,466,565,485,532,485
332,468,354,468,354,485,332,485
360,468,393,468,393,485,360,485
502,468,526,468,526,485,502,485
138,512,183,514,182,536,138,534
190,514,233,514,233,536,190,536
240,514,282,514,282,534,240,534
312,516,353,516,353,534,312,534
292,518,310,518,310,534,292,534
502,518,533,518,533,534,502,534
532,518,568,518,568,536,532,536
138,538,181,538,181,560,138,560
190,538,233,538,233,560,190,560
238,540,250,540,250,558,238,558
260,540,304,540,304,560,260,560
137,564,181,564,181,585,137,585
250,564,281,564,281,585,250,585
189,565,244,565,244,585,189,585
504,569,568,569,568,588,504,588
148,589,190,589,190,610,148,610
198,592,232,592,232,610,198,610
504,594,536,594,536,613,504,613
533,594,568,594,568,613,533,613
136,614,180,614,180,636,136,636
188,614,220,614,220,636,188,636
228,617,261,617,261,637,228,637
558,624,568,624,568,636,558,636
268,640,290,640,290,661,268,661
218,641,260,641,260,661,218,661
338,641,372,641,372,664,338,664
298,642,332,642,332,661,298,661
380,642,422,642,422,662,380,662
430,642,484,642,484,664,430,664
205,717,237,717,237,740,205,740
246,718,289,718,289,740,246,740
297,718,330,718,330,740,297,740
337,717,372,717,372,740,337,740
380,720,435,724,434,744,378,741
441,722,485,722,485,744,441,744
134,745,165,745,165,764,134,764
176,745,248,747,247,766,175,764
254,746,298,746,298,765,254,765
308,746,330,746,330,765,308,765
340,746,402,746,402,766,340,766
410,748,432,748,432,768,410,768
432,748,476,748,476,769,432,769
482,752,528,752,528,770,482,770
536,750,572,755,569,774,534,770
184,796,218,796,218,816,184,816
225,796,249,796,249,817,225,817
256,796,289,796,289,817,256,817
297,796,353,796,353,817,297,817
358,796,381,796,381,818,358,818
432,800,466,800,466,821,432,821
389,801,424,801,424,821,389,821
474,804,508,804,508,822,474,822
133,822,165,822,165,841,133,841
165,824,173,824,173,840,165,840
174,822,214,822,214,841,174,841
224,824,340,824,340,844,224,844
349,826,401,826,401,845,349,845
400,826,432,826,432,846,400,846
441,827,528,831,527,851,440,847
525,832,561,832,561,850,525,850
