372,286,425,286,425,304,372,304
276,292,366,285,367,305,277,311
376,313,404,313,404,328,376,328
405,312,441,316,439,331,404,327
348,316,374,316,374,330,348,330
314,317,345,317,345,330,314,330
289,318,313,318,313,333,289,333
257,317,290,321,288,337,256,333
168,346,190,346,190,360,168,360
393,370,453,370,453,394,393,394
346,372,390,372,390,396,346,396
300,376,344,376,344,397,300,397
253,377,294,377,294,400,253,400
486,400,517,400,517,414,486,414
437,401,484,401,484,416,437,416
396,402,420,402,420,421,396,421
361,404,392,404,392,418,361,418
304,405,336,405,336,420,304,420
268,406,286,406,286,421,268,421
178,408,208,410,207,425,177,423
209,409,247,412,246,427,208,424
474,425,497,425,497,440,474,440
389,426,426,426,426,444,389,444
461,426,472,426,472,440,461,440
356,428,386,428,386,442,356,442
428,428,458,428,458,441,428,441
174,433,283,429,284,445,174,449
286,430,312,432,311,445,285,443
314,430,354,430,354,444,314,444
469,448,500,448,500,464,469,464
497,448,528,448,528,462,497,462
398,450,425,450,425,465,398,465
377,452,400,452,400,466,377,466
293,453,322,453,322,465,293,465
434,477,456,477,456,492,434,492
357,478,388,478,388,493,357,493
390,478,430,478,430,493,390,493
171,482,274,479,275,495,172,498
277,480,310,480,310,496,277,496
312,480,353,480,353,494,312,494
478,500,501,500,501,516,478,516
500,500,529,500,529,514,500,514
398,501,428,501,428,517,398,517
377,502,397,502,397,517,377,517
293,504,322,504,322,516,293,516
336,531,381,529,381,544,337,546
385,529,406,529,406,545,385,545
195,531,274,530,274,546,196,548
277,532,313,532,313,546,277,546
317,532,336,532,336,545,317,545
170,533,196,533,196,548,170,548
488,550,530,550,530,568,488,568
386,553,426,551,427,568,386,569
293,554,322,554,322,568,293,568
256,557,264,557,264,568,256,568
426,578,460,578,460,596,426,596
396,580,426,580,426,598,396,598
466,580,486,580,486,597,466,597
489,580,512,580,512,597,489,597
340,581,362,581,362,596,340,596
365,581,393,581,393,596,365,596
167,583,275,580,276,598,168,601
276,582,304,582,304,597,276,597
306,582,337,582,337,597,306,597
501,604,533,604,533,621,501,621
386,605,401,605,401,621,386,621
398,605,429,605,429,621,398,621
480,605,504,605,504,621,480,621
293,606,322,606,322,618,293,618
172,637,201,640,199,658,170,655
164,641,172,641,172,654,164,654
201,640,224,640,224,656,201,656
268,642,288,642,288,656,268,656
164,659,203,663,201,682,162,678
476,661,508,661,508,677,476,677
505,661,537,661,537,678,505,678
203,661,239,664,238,680,201,677
164,684,197,684,197,701,164,701
198,685,245,685,245,701,198,701
246,685,274,685,274,700,246,700
476,686,510,686,510,705,476,705
506,686,538,686,538,704,506,704
338,688,373,688,373,704,338,704
166,726,190,726,190,744,166,744
192,726,222,726,222,742,192,742
240,726,352,726,352,744,240,744
166,752,189,752,189,772,166,772
189,753,205,753,205,768,189,768
206,753,230,753,230,770,206,770
232,753,269,753,269,768,232,768
162,780,202,780,202,796,162,796
518,781,537,781,537,794,518,794
206,782,245,782,245,796,206,796
162,805,202,805,202,825,162,825
496,806,538,806,538,825,496,825
204,808,240,808,240,825,204,825
241,808,280,808,280,825,241,825
162,833,206,837,205,855,161,851
206,836,241,836,241,853,206,853
242,837,280,837,280,853,242,853
162,860,190,860,190,877,162,877
192,860,210,860,210,876,192,876
212,856,272,862,270,882,210,876
487,859,514,863,511,879,485,875
270,862,301,862,301,880,270,880
509,862,538,862,538,877,509,877
302,864,334,864,334,884,302,884
176,894,197,894,197,914,176,914
198,896,229,896,229,913,198,913
229,894,377,901,377,920,228,914
421,900,516,893,518,913,423,920
518,897,537,897,537,912,518,912
378,900,422,900,422,921,378,921
301,929,330,929,330,945,301,945
332,929,377,929,377,949,332,949
378,929,410,929,410,946,378,946
238,946,273,946,273,965,238,965
210,948,237,948,237,965,210,965
274,949,294,949,294,961,274,961
296,950,314,950,314,965,296,965
433,950,481,950,481,969,433,969
317,952,346,952,346,968,317,968
349,953,378,953,378,972,349,972
380,953,401,953,401,970,380,970
402,953,432,953,432,972,402,972
