351,478,420,478,420,511,351,511
421,483,479,478,481,507,423,512
114,485,172,482,174,511,115,513
178,481,258,481,258,513,178,513
261,488,349,488,349,513,261,513
286,520,401,520,401,548,286,548
408,520,456,520,456,546,408,546
81,523,131,523,131,548,81,548
137,521,220,527,218,554,134,547
225,523,281,523,281,548,225,548
27,525,76,529,74,553,25,549
28,566,91,566,91,591,28,591
95,566,145,566,145,591,95,591
188,570,255,562,258,590,191,598
148,568,186,568,186,591,148,591
279,602,421,600,422,626,280,629
68,603,215,603,215,630,68,630
26,605,65,605,65,630,26,630
231,605,276,605,276,628,231,628
83,640,241,638,241,666,83,668
258,638,385,638,385,661,258,661
28,640,81,640,81,665,28,665
521,673,566,673,566,698,521,698
440,675,518,675,518,698,440,698
248,676,278,676,278,700,248,700
311,676,351,676,351,698,311,698
393,676,425,676,425,698,393,698
73,676,133,681,130,707,71,702
26,680,70,680,70,703,26,703
341,716,386,716,386,741,341,741
470,716,505,716,505,740,470,740
506,716,566,716,566,740,506,740
140,717,202,719,201,747,139,744
306,718,340,718,340,741,306,741
413,718,428,718,428,738,413,738
78,717,140,722,138,749,76,744
203,720,218,720,218,741,203,741
11,721,50,721,50,745,11,745
51,721,76,721,76,745,51,745
461,753,498,753,498,780,461,780
500,753,565,753,565,778,500,778
12,751,74,758,71,788,9,781
75,755,142,758,141,785,74,783
531,795,566,795,566,818,531,818
76,796,135,796,135,821,76,821
138,796,185,796,185,820,138,820
188,795,255,798,254,822,187,819
11,798,75,798,75,823,11,823
460,833,498,833,498,861,460,861
500,833,568,833,568,861,500,861
75,836,108,836,108,865,75,865
178,836,238,836,238,861,178,861
11,837,74,839,73,868,10,866
110,838,175,838,175,863,110,863
341,879,459,876,460,913,341,915
147,878,220,881,219,915,145,913
278,880,335,880,335,913,278,913
223,885,273,885,273,913,223,913
88,886,145,886,145,915,88,915
