233,238,398,238,398,265,233,265
409,238,504,238,504,265,409,265
196,285,254,289,252,314,194,310
256,286,301,286,301,312,256,312
306,286,360,286,360,310,306,310
366,286,413,286,413,313,366,313
418,286,466,286,466,310,418,310
473,288,534,288,534,310,473,310
22,333,70,333,70,354,22,354
187,390,267,388,268,430,188,432
365,391,442,389,443,430,366,432
450,390,554,390,554,430,450,430
276,394,358,394,358,432,276,432
46,447,100,449,99,475,45,473
450,451,493,446,497,475,454,480
526,448,612,448,612,473,526,473
617,449,668,449,668,472,617,472
218,449,256,449,256,473,218,473
288,449,345,449,345,473,288,473
393,448,448,450,447,475,392,473
106,447,179,454,176,481,103,473
621,490,658,490,658,516,621,516
36,492,250,492,250,518,36,518
448,492,517,492,517,517,448,517
520,492,562,492,562,516,520,516
568,492,616,492,616,521,568,521
256,493,309,493,309,518,256,518
313,494,444,496,443,522,313,521
601,533,641,533,641,561,601,561
638,533,688,533,688,558,638,558
270,536,321,536,321,556,270,556
422,536,461,536,461,562,422,562
458,534,508,534,508,558,458,558
24,589,96,595,94,626,22,620
96,594,140,594,140,621,96,621
241,601,253,601,253,618,241,618
646,629,697,629,697,654,646,654
610,632,650,632,650,658,610,658
24,629,95,635,92,666,22,660
98,632,167,637,164,666,96,660
22,676,84,676,84,702,22,702
89,676,177,676,177,702,89,702
648,676,697,676,697,701,648,701
357,677,417,677,417,702,357,702
610,677,652,677,652,705,610,705
182,680,232,680,232,701,182,701
494,738,691,734,692,762,494,766
416,736,493,745,489,779,413,770
53,740,92,740,92,770,53,770
149,741,411,738,412,767,149,770
94,742,145,742,145,769,94,769
416,789,469,789,469,817,416,817
332,796,408,784,413,816,338,828
280,792,330,792,330,818,280,818
510,827,594,825,595,851,510,853
597,830,606,830,606,848,597,848
118,830,161,830,161,854,118,854
418,829,452,829,452,856,418,856
456,829,506,829,506,857,456,857
269,830,302,830,302,854,269,854
308,830,360,830,360,854,308,854
365,830,414,830,414,858,365,858
166,834,224,834,224,854,166,854
230,837,264,837,264,854,230,854
