301,478,409,480,409,499,301,497
414,482,476,482,476,501,414,501
275,504,313,510,311,526,273,520
316,509,345,509,345,525,316,525
348,510,382,510,382,525,348,525
386,512,418,512,418,530,386,530
420,513,452,513,452,529,420,529
454,512,496,516,495,531,453,527
156,532,188,532,188,546,156,546
264,570,318,570,318,598,264,598
324,574,380,574,380,600,324,600
385,574,437,574,437,601,385,601
442,576,513,576,513,602,442,602
169,610,205,610,205,629,169,629
208,609,257,615,255,634,206,628
284,610,309,610,309,629,284,629
330,612,370,612,370,630,330,630
401,612,441,612,441,630,401,630
444,613,474,613,474,634,444,634
495,614,555,614,555,633,495,633
558,614,596,614,596,633,558,633
162,641,270,641,270,661,162,661
308,641,341,641,341,661,308,661
269,642,305,642,305,661,269,661
380,644,414,644,414,661,380,661
418,644,477,644,477,662,418,662
480,641,528,647,526,667,478,662
530,645,557,645,557,664,530,664
345,646,377,646,377,660,345,660
316,673,341,673,341,688,316,688
342,674,350,674,350,688,342,688
421,674,484,674,484,694,421,694
548,676,612,676,612,697,548,697
155,707,203,711,201,733,153,728
202,710,228,710,228,730,202,730
156,733,203,738,200,761,153,755
204,736,251,741,248,762,202,756
550,745,614,745,614,765,550,765
156,764,196,764,196,782,156,782
200,765,257,765,257,784,200,784
258,766,293,766,293,785,258,785
377,772,418,772,418,789,377,789
550,776,612,776,612,792,550,792
178,804,202,804,202,824,178,824
205,806,238,806,238,824,205,824
240,806,413,809,413,828,239,825
417,808,469,813,467,834,415,829
470,808,605,810,605,828,470,826
326,838,360,838,360,853,326,853
362,840,411,837,412,854,363,857
416,838,453,838,453,854,416,854
224,852,252,854,251,868,223,866
254,853,292,855,291,870,254,867
478,857,531,855,532,871,478,872
345,857,378,857,378,872,345,872
294,858,317,858,317,870,294,870
321,858,341,858,341,870,321,870
382,858,414,858,414,873,382,873
417,858,440,858,440,872,417,872
442,858,474,858,474,873,442,873
