392,218,420,218,420,233,392,233
356,220,372,220,372,234,356,234
372,220,394,220,394,234,372,234
333,222,356,222,356,237,333,237
306,224,322,224,322,238,306,238
321,224,334,224,334,237,321,237
282,226,306,224,307,239,284,242
262,228,285,228,285,242,262,242
393,237,414,237,414,250,393,250
369,238,393,238,393,253,369,253
360,241,368,241,368,252,360,252
350,242,357,242,357,254,350,254
305,242,332,242,332,257,305,257
330,244,349,244,349,256,330,256
285,245,305,245,305,258,285,258
272,246,285,246,285,260,272,260
382,256,406,256,406,269,382,269
352,258,382,258,382,273,352,273
320,260,340,260,340,274,320,274
342,261,349,261,349,272,342,272
297,262,318,262,318,276,297,276
280,264,296,264,296,277,280,277
150,268,245,268,245,293,150,293
315,278,390,273,391,290,316,296
298,280,317,280,317,294,298,294
320,312,352,312,352,326,320,326
292,313,316,313,316,328,292,328
270,316,288,316,288,329,270,329
242,317,266,317,266,330,242,330
384,325,445,322,446,337,385,340
370,328,386,328,386,340,370,340
293,330,329,330,329,345,293,345
256,334,289,332,289,347,257,349
215,336,258,334,259,350,216,352
186,340,216,340,216,353,186,353
392,342,453,339,454,354,393,358
152,341,182,341,182,356,152,356
358,345,394,345,394,358,358,358
186,357,210,355,211,369,188,371
152,357,182,357,182,372,152,372
403,376,449,373,450,389,404,392
353,381,369,381,369,394,353,394
301,384,326,381,327,397,303,399
282,385,300,385,300,398,282,398
182,390,214,390,214,404,182,404
154,392,177,392,177,405,154,405
382,396,406,396,406,409,382,409
339,399,377,396,377,410,340,413
312,401,334,401,334,413,312,413
276,402,306,402,306,416,276,416
205,405,236,405,236,420,205,420
241,405,270,405,270,418,241,418
154,409,192,409,192,424,154,424
433,410,458,410,458,424,433,424
420,412,430,412,430,424,420,424
312,417,336,417,336,432,312,432
300,421,308,421,308,432,300,432
155,426,249,421,249,435,156,441
436,428,460,428,460,441,436,441
416,432,430,432,430,441,416,441
156,444,173,444,173,457,156,457
438,462,462,462,462,476,438,476
424,465,433,465,433,476,424,476
279,470,311,467,312,483,280,486
228,473,261,471,261,486,229,488
193,473,225,473,225,489,193,489
268,474,276,474,276,485,268,485
157,476,189,476,189,490,157,490
433,480,457,480,457,493,433,493
413,484,426,484,426,493,413,493
245,488,276,488,276,504,245,504
230,492,240,492,240,505,230,505
194,492,225,492,225,506,194,506
158,493,189,493,189,509,158,509
441,497,466,497,466,510,441,510
428,500,436,500,436,510,428,510
237,508,262,505,263,521,238,523
193,510,234,507,235,523,194,525
158,510,190,510,190,526,158,526
437,514,466,514,466,529,437,529
421,516,438,516,438,529,421,529
202,528,226,528,226,542,202,542
168,529,198,529,198,544,168,544
444,532,469,532,469,546,444,546
422,534,440,534,440,546,422,546
196,546,220,544,222,559,197,562
225,545,250,545,250,558,225,558
161,546,193,546,193,562,161,562
372,553,410,553,410,568,372,568
334,556,366,554,367,569,336,571
306,558,330,558,330,574,306,574
254,560,272,560,272,574,254,574
277,560,301,560,301,574,277,574
220,562,250,562,250,577,220,577
382,608,414,608,414,624,382,624
309,610,336,610,336,628,309,628
338,610,378,610,378,625,338,625
280,613,305,613,305,628,280,628
243,615,274,613,275,629,244,631
213,617,238,615,239,630,215,632
450,624,474,624,474,638,450,638
412,626,445,624,446,638,413,640
361,626,409,626,409,641,361,641
312,629,357,629,357,644,312,644
250,633,282,633,282,648,250,648
288,633,305,633,305,645,288,645
194,636,246,636,246,650,194,650
165,638,188,638,188,653,165,653
378,662,404,662,404,678,378,678
408,662,433,662,433,677,408,677
349,665,374,665,374,680,349,680
282,666,324,666,324,682,282,682
328,666,345,666,345,681,328,681
253,670,278,668,279,683,254,686
232,670,250,670,250,686,232,686
202,672,228,672,228,688,202,688
385,683,441,679,442,694,387,698
446,680,472,680,472,693,446,693
320,685,381,682,381,697,321,700
231,689,315,686,316,701,232,705
165,693,189,693,189,708,165,708
189,694,197,694,197,706,189,706
196,693,225,693,225,706,196,706
