362,484,407,482,408,497,362,499
280,487,358,484,359,500,281,502
392,506,424,506,424,520,392,520
368,508,392,508,392,520,368,520
344,509,366,509,366,521,344,521
293,510,314,510,314,524,293,524
316,510,342,510,342,522,316,522
264,512,292,512,292,525,264,525
181,536,204,536,204,548,181,548
384,556,435,554,436,575,385,577
346,557,382,557,382,578,346,578
262,561,300,561,300,582,262,582
304,561,344,561,344,581,304,581
420,581,462,579,463,593,421,595
464,580,490,580,490,593,464,593
386,582,408,582,408,598,386,598
358,584,385,584,385,597,358,597
309,586,336,586,336,600,309,600
276,588,294,588,294,601,276,601
223,589,258,592,257,607,221,604
196,592,221,592,221,605,196,605
434,601,453,601,453,616,434,616
414,602,434,602,434,616,414,616
390,604,413,604,413,618,390,618
324,606,346,606,346,621,324,621
349,606,389,606,389,620,349,620
294,608,322,608,322,621,294,621
236,611,291,608,292,623,237,626
190,613,238,610,239,625,190,628
474,620,500,620,500,633,474,633
456,621,474,621,474,634,456,634
390,624,414,624,414,637,390,637
372,625,389,625,389,638,372,638
301,628,326,628,326,640,301,640
268,632,277,632,277,641,268,641
437,645,456,645,456,660,437,660
397,646,436,646,436,661,397,661
356,649,396,649,396,664,356,664
314,650,353,650,353,665,314,665
288,652,313,652,313,666,288,666
214,656,286,652,287,667,214,671
190,657,216,657,216,672,190,672
393,668,418,668,418,682,393,682
382,669,396,669,396,682,382,682
249,676,268,676,268,690,249,690
190,677,213,677,213,692,190,692
216,677,249,677,249,692,216,692
478,685,505,685,505,700,478,700
461,686,478,686,478,700,461,700
393,689,418,689,418,704,393,704
382,690,396,690,396,704,382,704
302,694,329,694,329,706,302,706
270,698,278,698,278,708,270,708
190,698,213,698,213,714,190,714
216,698,245,698,245,713,216,713
436,712,454,712,454,726,436,726
401,713,434,713,434,729,401,729
345,716,366,716,366,730,345,730
368,716,400,716,400,729,368,729
311,720,343,718,344,731,312,733
288,720,312,720,312,734,288,734
213,723,286,719,287,734,214,739
190,725,216,725,216,740,190,740
464,732,508,732,508,746,464,746
395,736,421,734,422,749,396,751
385,737,394,737,394,750,385,750
304,740,329,740,329,753,304,753
220,774,240,774,240,790,220,790
281,774,298,774,298,788,281,788
185,774,222,776,221,795,184,793
489,780,514,780,514,796,489,796
470,782,492,782,492,796,470,796
185,796,221,796,221,816,185,816
221,796,256,796,256,812,221,812
490,809,516,809,516,824,490,824
472,810,493,810,493,825,472,825
221,825,248,825,248,841,221,841
185,826,221,826,221,842,185,842
490,832,517,832,517,846,490,846
463,834,490,832,491,847,464,849
345,841,376,841,376,856,345,856
264,842,289,842,289,857,264,857
218,845,262,845,262,860,218,860
186,846,217,846,217,861,186,861
492,856,518,856,518,872,492,872
465,857,489,857,489,873,465,873
250,869,284,869,284,884,250,884
212,870,230,870,230,885,212,885
232,870,249,870,249,885,232,885
182,872,210,872,210,886,182,886
500,886,516,886,516,901,500,901
484,888,500,888,500,904,484,904
418,892,486,887,487,903,420,908
250,899,379,894,380,911,250,916
380,894,418,894,418,913,380,913
204,900,224,900,224,917,204,917
224,901,249,901,249,914,224,914
381,918,409,918,409,934,381,934
314,921,340,921,340,936,314,936
341,921,380,921,380,937,341,937
428,934,469,934,469,949,428,949
401,937,426,937,426,952,401,952
356,938,382,938,382,953,356,953
382,938,401,938,401,950,382,950
328,940,354,940,354,952,328,952
237,941,260,941,260,953,237,953
260,941,289,941,289,953,260,953
309,941,328,941,328,952,309,952
290,942,308,942,308,953,290,953
