260,137,286,137,286,156,260,156
368,137,397,137,397,154,368,154
285,138,313,138,313,156,285,156
312,138,334,138,334,156,312,156
333,138,370,138,370,156,333,156
240,158,254,158,254,176,240,176
382,158,418,158,418,177,382,177
256,160,278,160,278,178,256,178
277,159,314,161,313,179,276,177
344,161,352,161,352,176,344,176
354,160,382,160,382,178,354,178
312,161,342,161,342,178,312,178
94,174,209,174,209,205,94,205
280,181,309,181,309,200,280,200
369,181,397,181,397,198,369,198
261,182,278,182,278,200,261,200
306,182,332,182,332,201,306,201
333,182,370,182,370,202,333,202
297,204,382,204,382,222,297,222
274,205,298,205,298,221,274,221
205,242,234,242,234,261,205,261
240,242,269,242,269,261,240,261
273,244,304,244,304,261,273,261
306,244,345,244,345,261,306,261
358,262,380,262,380,281,358,281
376,264,453,261,453,278,377,280
136,264,173,264,173,281,136,281
172,264,225,264,225,281,172,281
93,265,130,265,130,282,93,282
222,265,260,265,260,281,222,281
265,265,285,265,285,280,265,280
284,265,309,265,309,280,284,280
384,284,456,284,456,301,384,301
93,285,130,285,130,301,93,301
130,285,164,285,164,300,130,300
342,285,385,285,385,301,342,301
403,325,457,323,457,339,404,341
93,325,122,325,122,342,93,342
128,324,167,326,166,344,127,342
249,325,278,325,278,342,249,342
280,328,311,323,314,342,283,346
344,326,361,326,361,341,344,341
94,345,132,345,132,362,94,362
136,344,175,346,174,364,135,362
181,346,224,346,224,362,181,362
225,346,251,348,250,363,224,361
258,346,285,346,285,362,258,362
318,346,377,346,377,362,318,362
292,348,318,348,318,362,292,362
93,366,218,366,218,384,93,384
404,366,425,366,425,382,404,382
429,366,458,366,458,382,429,382
257,368,278,368,278,382,257,382
284,368,313,368,313,384,284,384
94,386,132,386,132,404,94,404
137,384,176,388,174,407,135,403
181,388,226,388,226,405,181,405
268,388,286,388,286,406,268,406
292,388,320,388,320,404,292,404
318,388,352,388,352,402,318,402
225,389,250,389,250,404,225,404
93,408,209,408,209,425,93,425
258,409,277,409,277,424,258,424
284,409,313,409,313,425,284,425
404,409,424,409,424,425,404,425
430,409,458,409,458,424,430,424
94,448,132,448,132,466,94,466
138,448,176,448,176,468,138,468
181,448,220,448,220,468,181,468
242,449,281,449,281,468,242,468
432,449,461,449,461,466,432,466
398,450,432,450,432,465,398,465
225,452,242,452,242,465,225,465
93,469,132,469,132,488,93,488
181,469,201,469,201,489,181,489
208,469,246,469,246,488,208,488
138,470,176,470,176,489,138,489
452,473,460,473,460,485,452,485
93,490,132,490,132,510,93,510
190,490,218,490,218,509,190,509
137,492,185,492,185,510,137,510
433,492,462,492,462,508,433,508
400,493,433,493,433,508,400,508
102,513,141,513,141,532,102,532
400,513,428,513,428,529,400,529
433,513,462,513,462,530,433,530
146,514,176,514,176,532,146,532
408,534,429,534,429,552,408,552
433,534,462,534,462,549,433,549
102,536,149,536,149,553,102,553
93,554,132,554,132,574,93,574
138,554,166,554,166,574,138,574
173,557,202,557,202,574,173,574
454,558,462,558,462,569,454,569
208,576,228,576,228,596,208,596
305,576,342,576,342,596,305,596
164,578,201,576,202,595,165,597
269,577,298,577,298,597,269,597
348,577,394,577,394,596,348,596
234,578,264,578,264,596,234,596
118,621,148,621,148,640,118,640
208,619,247,622,246,642,206,639
385,621,464,621,464,636,385,636
154,622,202,622,202,640,154,640
324,622,358,622,358,637,324,637
93,624,113,624,113,640,93,640
278,641,325,641,325,661,278,661
92,644,132,644,132,662,92,662
136,644,184,644,184,664,136,664
198,644,271,642,272,661,198,662
182,645,200,645,200,661,182,661
92,665,113,665,113,685,92,685
163,666,211,664,212,683,164,686
314,665,466,665,466,682,314,682
118,668,157,668,157,685,118,685
156,730,184,730,184,752,156,752
272,730,302,730,302,750,272,750
190,732,229,732,229,752,190,752
236,732,265,732,265,750,236,750
308,731,356,733,355,752,307,750
360,732,400,732,400,750,360,750
441,752,472,754,471,772,440,770
273,754,329,754,329,773,273,773
352,754,392,754,392,772,352,772
397,754,436,754,436,770,397,770
128,756,194,756,194,774,128,774
198,756,237,756,237,773,198,773
245,756,266,756,266,773,245,773
333,756,354,756,354,772,333,772
92,758,121,758,121,776,92,776
237,798,286,798,286,818,237,818
290,798,312,798,312,818,290,818
354,798,385,798,385,818,354,818
389,798,421,798,421,817,389,817
200,800,230,800,230,820,200,820
317,800,348,800,348,818,317,818
137,801,168,801,168,821,137,821
173,801,194,801,194,820,173,820
282,822,356,822,356,841,282,841
362,822,430,822,430,841,362,841
436,822,466,822,466,840,436,840
172,825,275,823,276,842,173,844
90,826,129,826,129,845,90,845
128,826,165,826,165,844,128,844
41,932,141,936,141,957,40,954
146,933,209,933,209,957,146,957
212,934,296,934,296,954,212,954
41,958,90,962,89,982,40,978
91,959,138,963,137,982,89,978
140,958,200,961,199,981,139,978
204,960,241,960,241,978,204,978
