188,174,340,177,339,234,187,230
364,229,409,229,409,248,364,248
130,238,152,238,152,254,130,254
153,238,174,238,174,254,153,254
176,238,194,238,194,253,176,253
393,250,409,250,409,269,393,269
370,252,392,252,392,272,370,272
342,253,369,253,369,272,342,272
312,254,341,254,341,273,312,273
290,256,312,256,312,273,290,273
262,257,276,257,276,272,262,272
130,260,152,260,152,276,130,276
152,260,173,260,173,273,152,273
347,275,410,272,411,292,348,295
130,281,158,281,158,297,130,297
160,281,189,281,189,296,160,296
282,344,341,344,341,364,282,364
246,346,285,346,285,364,246,364
201,348,238,348,238,365,201,365
328,377,377,377,377,397,328,397
269,378,320,378,320,396,269,396
168,380,216,380,216,398,168,398
225,380,261,380,261,397,225,397
381,409,414,409,414,428,381,428
300,410,362,410,362,429,300,429
364,410,384,410,384,428,364,428
133,414,158,414,158,433,133,433
160,414,189,414,189,432,160,432
363,433,397,431,398,450,364,452
398,432,413,432,413,449,398,449
272,434,300,434,300,453,272,453
220,436,241,436,241,454,220,454
241,436,270,436,270,453,241,453
133,437,158,437,158,456,133,456
160,437,189,437,189,456,160,456
190,437,218,437,218,454,190,454
203,459,322,456,322,475,204,478
133,461,184,461,184,482,133,482
360,489,381,489,381,509,360,509
382,489,405,489,405,508,382,508
408,492,414,492,414,506,408,506
266,494,281,494,281,509,266,509
134,496,156,496,156,513,134,513
156,496,185,496,185,513,156,513
185,496,213,496,213,513,185,513
361,513,382,513,382,532,361,532
382,513,405,513,405,532,382,532
169,517,197,517,197,536,169,536
268,517,284,517,284,533,268,533
136,520,169,520,169,537,136,537
366,536,382,536,382,554,366,554
384,536,405,536,405,553,384,553
250,537,308,537,308,556,250,556
169,540,197,540,197,558,169,558
210,540,249,540,249,557,210,557
136,541,150,541,150,557,136,557
153,542,168,542,168,557,153,557
362,568,384,568,384,586,362,586
385,568,406,568,406,586,385,586
410,569,414,569,414,582,410,582
293,569,313,569,313,588,293,588
250,570,296,570,296,589,250,589
170,572,198,572,198,590,170,590
210,572,250,572,250,589,210,589
136,574,152,574,152,590,136,590
153,574,169,574,169,590,153,590
368,590,382,590,382,608,368,608
385,590,408,590,408,609,385,609
252,593,302,593,302,612,252,612
137,596,153,596,153,614,137,614
170,596,198,596,198,613,170,613
212,596,250,596,250,613,212,613
154,598,168,598,168,613,154,613
393,637,418,637,418,656,393,656
184,641,233,641,233,661,184,661
164,644,172,644,172,660,164,660
140,644,164,644,164,661,140,661
313,660,350,660,350,680,313,680
358,660,396,660,396,678,358,678
404,660,417,660,417,677,404,677
353,694,368,694,368,712,353,712
370,694,386,694,386,713,370,713
388,694,404,694,404,712,388,712
277,696,305,696,305,714,277,714
305,696,321,696,321,713,305,713
324,696,352,696,352,713,324,713
201,700,230,698,231,715,202,717
230,698,245,698,245,714,230,714
248,698,265,698,265,716,248,716
156,700,178,700,178,717,156,717
178,700,194,700,194,717,178,717
348,717,376,717,376,737,348,737
377,717,398,717,398,736,377,736
296,718,312,718,312,737,296,737
312,720,346,718,347,736,313,738
242,720,270,720,270,740,242,740
273,720,294,720,294,738,273,738
185,721,201,721,201,740,185,740
208,721,230,721,230,740,208,740
162,722,185,722,185,741,162,741
284,753,329,753,329,772,284,772
220,756,266,756,266,774,220,774
268,756,284,756,284,773,268,773
