189,130,234,130,234,150,189,150
237,132,272,129,274,148,239,151
282,152,329,152,329,173,282,173
70,154,96,154,96,174,70,174
333,154,381,154,381,177,333,177
264,156,281,156,281,174,264,174
114,157,152,157,152,176,114,176
154,157,192,157,192,176,154,176
194,157,232,157,232,177,194,177
234,157,248,157,248,172,234,172
138,176,184,176,184,197,138,197
241,175,306,178,305,199,240,195
309,177,354,177,354,196,309,196
108,178,136,178,136,200,108,200
188,178,225,178,225,197,188,197
148,201,177,201,177,221,148,221
186,201,234,201,234,221,186,221
237,201,272,201,272,221,237,221
277,201,313,201,313,221,277,221
149,236,184,236,184,254,149,254
228,236,264,236,264,254,228,254
265,236,289,236,289,253,265,253
188,238,224,238,224,253,188,253
288,238,312,238,312,252,288,252
326,257,368,257,368,276,326,276
125,258,154,258,154,272,125,272
154,258,197,258,197,272,154,272
198,258,232,258,232,272,198,272
281,258,325,258,325,273,281,273
242,260,270,260,270,272,242,272
185,280,204,280,204,293,185,293
212,280,248,280,248,293,212,293
258,280,276,280,276,293,258,293
285,280,304,280,304,293,285,293
65,306,109,308,109,322,64,320
109,306,146,309,145,324,108,321
65,326,97,326,97,341,65,341
64,349,88,349,88,364,64,364
90,350,112,350,112,362,90,362
64,393,96,393,96,408,64,408
97,394,120,394,120,410,97,410
254,394,272,394,272,408,254,408
316,394,361,394,361,409,316,409
362,394,390,394,390,409,362,409
62,416,88,418,87,432,61,430
90,418,136,418,136,432,90,432
140,418,161,418,161,433,140,433
165,418,184,418,184,432,165,432
61,440,82,440,82,457,61,457
82,440,110,440,110,457,82,457
345,442,396,442,396,462,345,462
88,465,123,463,124,479,89,481
61,465,86,465,86,480,61,480
126,465,149,465,149,481,126,481
152,466,170,466,170,480,152,480
81,488,109,488,109,505,81,505
60,489,80,489,80,505,60,505
346,490,396,492,395,513,346,512
60,514,104,514,104,529,60,529
106,514,128,514,128,532,106,532
129,514,158,514,158,529,129,529
162,514,192,514,192,529,162,529
57,538,78,538,78,556,57,556
80,538,108,538,108,554,80,554
348,541,369,541,369,560,348,560
369,541,398,541,398,561,369,561
174,581,215,584,214,600,173,597
216,582,246,582,246,598,216,598
249,583,291,587,290,602,247,598
350,584,369,584,369,598,350,598
372,585,398,585,398,598,372,598
208,608,249,608,249,625,208,625
250,608,293,608,293,624,250,624
208,634,248,638,246,654,206,650
249,635,293,637,293,654,248,651
353,637,373,637,373,653,353,653
374,637,402,637,402,652,374,652
180,661,212,661,212,680,180,680
213,664,257,664,257,678,213,678
260,664,290,664,290,678,260,678
354,664,374,664,374,680,354,680
376,664,404,664,404,680,376,680
221,689,254,689,254,708,221,708
256,692,290,692,290,706,256,706
169,714,207,720,204,738,166,732
208,717,245,717,245,734,208,734
52,718,82,718,82,734,52,734
124,718,166,718,166,736,124,736
84,721,122,721,122,733,84,733
149,758,185,758,185,773,149,773
209,758,229,758,229,773,209,773
232,758,260,758,260,774,232,774
261,758,292,758,292,777,261,777
186,760,208,760,208,773,186,773
292,760,316,760,316,773,292,773
144,782,208,782,208,797,144,797
232,782,296,782,296,798,232,798
296,782,320,782,320,797,296,797
209,784,230,784,230,801,209,801
