284,370,314,366,316,382,287,386
252,372,285,372,285,389,252,389
205,382,250,377,252,391,207,396
168,382,208,382,208,397,168,397
136,384,165,384,165,398,136,398
281,388,306,388,306,402,281,402
246,392,280,392,280,408,246,408
222,397,249,397,249,410,222,410
192,398,221,398,221,413,192,413
148,402,190,402,190,417,148,417
121,404,148,404,148,418,121,418
94,406,117,406,117,420,94,420
178,422,209,422,209,437,178,437
132,425,157,425,157,438,132,438
158,425,177,425,177,437,158,437
98,426,130,426,130,440,98,440
223,436,295,427,297,442,225,451
201,438,225,438,225,452,201,452
119,444,193,440,194,455,120,459
100,445,118,445,118,460,100,460
221,454,279,446,281,460,223,468
218,457,225,457,225,466,218,466
192,457,209,457,209,469,192,469
349,458,368,458,368,468,349,468
156,460,191,457,192,471,157,473
321,460,346,457,347,470,322,472
129,465,156,461,158,474,131,478
102,464,130,464,130,477,102,477
245,470,266,470,266,482,245,482
341,476,371,473,373,487,342,490
325,478,342,478,342,492,325,492
104,484,126,484,126,497,104,497
128,484,157,484,157,496,128,496
261,488,286,485,287,499,263,502
246,490,262,490,262,504,246,504
343,494,375,489,377,504,345,509
228,496,236,496,236,506,228,506
328,496,345,496,345,510,328,510
156,500,176,500,176,513,156,513
125,502,154,502,154,517,125,517
266,504,289,504,289,518,266,518
100,505,125,505,125,520,100,520
249,508,265,508,265,521,249,521
347,511,378,508,379,523,349,526
232,513,238,513,238,524,232,524
332,514,348,514,348,528,332,528
158,518,178,518,178,532,158,532
125,523,156,520,158,534,126,537
269,522,292,522,292,537,269,537
102,525,126,525,126,538,102,538
252,525,268,525,268,540,252,540
350,530,380,525,383,540,352,545
233,530,241,530,241,542,233,542
334,532,350,532,350,546,334,546
140,538,156,538,156,554,140,554
157,542,194,538,195,548,158,552
270,542,294,538,296,553,272,557
105,542,138,542,138,557,105,557
254,544,272,544,272,558,254,558
349,549,382,544,384,559,351,565
236,549,244,549,244,561,236,561
333,550,350,550,350,565,333,565
189,553,206,553,206,566,189,566
160,556,189,556,189,570,160,570
141,558,158,558,158,573,141,573
107,564,141,561,142,575,108,578
369,565,386,565,386,580,369,580
240,568,248,568,248,580,240,580
142,578,174,578,174,592,142,592
108,580,141,580,141,596,108,596
356,587,390,584,391,600,357,603
200,592,233,590,233,603,201,605
340,590,356,590,356,605,340,605
177,594,201,594,201,608,177,608
143,600,175,595,177,609,145,614
111,603,145,600,146,615,112,618
200,613,228,613,228,626,200,626
163,620,196,614,199,629,166,634
281,625,342,615,346,634,284,644
146,620,164,620,164,636,146,636
114,624,148,624,148,641,114,641
251,630,283,626,285,644,253,648
226,633,253,633,253,652,226,652
188,636,225,636,225,658,188,658
155,647,187,642,190,660,158,665
