451,13,548,16,547,37,451,35
336,16,432,16,432,37,336,37
528,40,588,40,588,67,528,67
433,44,511,42,512,66,434,68
52,54,237,44,239,68,53,78
257,46,298,46,298,69,257,69
316,45,417,49,415,73,315,69
607,71,688,68,688,93,608,95
706,69,807,69,807,96,706,96
510,71,590,71,590,97,510,97
433,72,474,72,474,96,433,96
198,76,257,73,258,100,199,103
297,73,417,78,415,103,296,98
105,81,182,77,183,101,106,104
809,81,819,81,819,92,809,92
49,81,90,81,90,106,49,106
476,85,487,85,487,96,476,96
263,88,273,88,273,99,263,99
531,100,743,98,743,126,531,128
298,105,453,100,454,127,298,131
455,103,524,103,524,124,455,124
199,104,293,104,293,129,199,129
86,109,193,104,194,129,87,133
48,112,87,112,87,133,48,133
179,136,279,136,279,161,179,161
277,138,389,138,389,160,277,160
394,138,466,138,466,158,394,158
47,142,122,138,123,164,48,167
473,140,510,140,510,158,473,158
298,167,496,167,496,193,298,193
47,171,195,166,196,192,48,197
510,171,585,174,584,194,509,191
218,174,289,174,289,190,218,190
590,174,627,174,627,193,590,193
336,229,396,229,396,257,336,257
569,229,608,229,608,259,569,259
416,233,476,233,476,257,416,257
492,233,553,233,553,259,492,259
417,266,512,266,512,289,417,289
46,325,145,325,145,353,46,353
145,325,243,325,243,353,145,353
780,327,898,327,898,353,780,353
300,329,357,329,357,355,300,355
357,329,398,329,398,355,357,355
665,327,756,330,755,362,664,359
48,357,87,357,87,384,48,384
106,361,147,361,147,385,106,385
184,361,476,361,476,387,184,387
46,393,101,393,101,417,46,417
225,393,305,393,305,419,225,419
320,394,361,394,361,425,320,425
818,449,896,449,896,480,818,480
382,453,419,453,419,482,382,482
48,455,108,455,108,480,48,480
704,455,800,455,800,480,704,480
125,460,186,452,190,479,129,488
439,456,536,462,534,489,437,482
51,521,64,521,64,540,51,540
88,519,128,519,128,544,88,544
147,519,227,519,227,544,147,544
245,519,304,519,304,544,245,544
574,519,652,519,652,544,574,544
325,521,366,521,366,544,325,544
382,521,458,521,458,544,382,544
478,521,554,521,554,544,478,544
108,549,366,549,366,576,108,576
837,549,876,549,876,574,837,574
723,551,796,551,796,574,723,574
170,579,231,579,231,606,170,606
723,579,779,579,779,604,723,604
780,579,841,579,841,604,780,604
855,579,894,579,894,604,855,604
112,581,154,581,154,606,112,606
247,581,286,581,286,606,247,606
515,583,531,583,531,602,515,602
843,594,855,594,855,604,843,604
61,669,142,676,139,707,58,700
778,674,892,671,893,698,779,700
722,674,775,674,775,697,722,697
160,699,238,699,238,727,160,727
254,699,352,699,352,727,254,727
368,700,444,700,444,727,368,727
839,700,892,700,892,727,839,727
64,699,144,706,141,735,62,728
796,702,839,702,839,725,796,725
161,729,238,729,238,757,161,757
66,728,145,733,143,764,64,759
779,731,839,731,839,757,779,757
722,732,777,732,777,757,722,757
839,732,892,732,892,759,839,759
273,763,332,763,332,787,273,787
722,763,779,763,779,787,722,787
779,763,841,763,841,789,779,789
855,763,894,763,894,787,855,787
65,764,142,764,142,789,65,789
160,764,256,764,256,789,160,789
64,793,142,793,142,821,64,821
160,793,218,793,218,819,160,819
387,793,482,793,482,818,387,818
236,795,293,795,293,823,236,823
313,795,371,795,371,818,313,818
800,795,841,795,841,819,800,819
857,795,896,795,896,819,857,819
332,848,407,848,407,878,332,878
144,850,220,850,220,878,144,878
238,853,313,853,313,878,238,878
65,855,122,855,122,880,65,880
782,855,898,857,898,884,782,882
745,857,780,857,780,882,745,882
87,885,128,885,128,910,87,910
142,885,183,885,183,910,142,910
747,887,770,887,770,912,747,912
782,887,844,887,844,914,782,914
857,887,898,887,898,914,857,914
129,898,140,898,140,910,129,910
141,944,218,941,219,971,142,974
236,945,333,948,332,974,235,971
65,948,122,948,122,972,65,972
348,948,425,948,425,972,348,972
139,979,198,976,199,1003,140,1005
217,976,295,984,292,1011,214,1003
318,978,401,978,401,1006,318,1006
65,978,125,981,124,1005,64,1002
784,980,844,980,844,1006,784,1006
727,981,771,981,771,1006,727,1006
859,981,898,981,898,1006,859,1006
846,992,857,992,857,1006,846,1006
140,1040,236,1040,236,1067,140,1067
254,1041,346,1047,344,1074,252,1068
64,1044,122,1044,122,1067,64,1067
103,1068,144,1068,144,1097,103,1097
442,1070,482,1070,482,1097,442,1097
158,1072,236,1072,236,1100,158,1100
254,1072,345,1072,345,1097,254,1097
405,1072,428,1072,428,1097,405,1097
64,1074,101,1074,101,1099,64,1099
430,1086,441,1086,441,1097,430,1097
103,1100,144,1100,144,1129,103,1129
254,1099,348,1108,345,1135,252,1127
405,1102,423,1102,423,1125,405,1125
64,1104,103,1104,103,1129,64,1129
158,1104,236,1104,236,1129,158,1129
103,1131,144,1131,144,1159,103,1159
160,1134,197,1134,197,1159,160,1159
217,1131,307,1140,304,1167,214,1159
442,1134,519,1134,519,1163,442,1163
62,1136,103,1136,103,1163,62,1163
101,1198,160,1200,159,1224,100,1221
215,1198,289,1198,289,1223,215,1223
385,1198,441,1198,441,1225,385,1225
516,1201,576,1194,580,1224,520,1232
176,1200,211,1200,211,1229,176,1229
462,1200,501,1200,501,1225,462,1225
672,1200,750,1200,750,1230,672,1230
311,1202,368,1202,368,1230,311,1230
595,1204,652,1204,652,1232,595,1232
140,1228,198,1231,197,1254,139,1252
215,1228,274,1231,273,1256,214,1253
289,1230,368,1230,368,1255,289,1255
386,1232,484,1234,483,1261,385,1259
499,1232,597,1232,597,1262,499,1262
64,1261,142,1261,142,1285,64,1285
270,1261,334,1261,334,1287,270,1287
158,1261,255,1266,253,1293,157,1289
482,1262,578,1262,578,1287,482,1287
405,1264,464,1264,464,1293,405,1293
595,1264,634,1264,634,1291,595,1291
348,1266,385,1266,385,1285,348,1285
729,1266,808,1270,807,1295,728,1292
652,1271,711,1271,711,1293,652,1293
120,1293,176,1293,176,1319,120,1319
197,1294,387,1294,387,1319,197,1319
405,1294,444,1294,444,1319,405,1319
463,1291,560,1297,558,1326,461,1319
576,1295,655,1298,654,1323,575,1320
672,1298,729,1298,729,1328,672,1328
385,1326,446,1326,446,1357,385,1357
462,1326,519,1326,519,1355,462,1355
308,1327,369,1332,367,1360,305,1354
