260,481,313,481,313,500,260,500
215,485,253,485,253,501,215,501
285,518,316,514,318,526,287,531
209,518,241,515,242,531,210,534
241,516,280,518,279,533,240,531
128,553,162,550,164,574,130,577
166,551,203,551,203,575,166,575
41,556,70,556,70,575,41,575
76,556,121,556,121,575,76,575
310,593,358,593,358,615,310,615
361,593,391,593,391,615,361,615
390,593,428,593,428,613,390,613
246,596,273,596,273,615,246,615
278,596,311,596,311,613,278,613
117,600,169,597,170,616,118,618
180,598,240,598,240,620,180,620
42,600,109,598,110,618,43,620
241,646,276,646,276,665,241,665
141,648,176,648,176,666,141,666
275,648,296,648,296,666,275,666
183,650,218,650,218,670,183,670
45,650,97,653,96,672,44,669
221,651,236,651,236,666,221,666
101,653,135,653,135,671,101,671
375,680,420,680,420,701,375,701
461,680,486,680,486,698,461,698
174,686,223,683,224,703,175,705
246,718,313,721,313,740,246,738
145,723,186,723,186,741,145,741
191,723,243,723,243,740,191,740
45,726,83,726,83,746,45,746
88,726,138,726,138,745,88,745
358,735,381,735,381,756,358,756
45,758,85,758,85,778,45,778
