168,248,249,248,249,286,168,286
264,247,433,247,433,287,264,287
448,248,593,248,593,286,448,286
351,296,396,301,393,327,348,322
488,296,521,296,521,320,488,320
526,296,572,296,572,324,526,324
193,300,236,300,236,321,193,321
242,299,296,300,295,322,242,321
422,300,457,300,457,326,422,326
464,300,490,300,490,324,464,324
303,297,349,304,345,328,299,321
401,301,422,301,422,322,401,322
302,336,340,336,340,358,302,358
400,336,464,336,464,365,400,365
101,369,149,369,149,389,101,389
151,373,236,369,237,390,152,395
382,369,414,369,414,393,382,393
420,369,660,369,660,393,420,393
236,372,269,372,269,390,236,390
268,372,320,372,320,392,268,392
321,373,349,373,349,392,321,392
345,373,377,373,377,393,345,393
646,397,660,397,660,414,646,414
98,424,142,424,142,446,98,446
147,427,213,420,216,446,150,453
218,424,281,424,281,446,218,446
94,452,165,452,165,477,94,477
174,451,240,460,237,485,171,476
321,454,380,454,380,480,321,480
243,455,317,463,315,485,240,477
94,486,158,486,158,508,94,508
165,485,245,492,243,514,164,507
249,489,309,489,309,509,249,509
188,529,229,529,229,552,188,552
236,532,281,532,281,553,236,553
457,532,492,532,492,554,457,554
357,533,382,533,382,553,357,553
434,533,453,533,453,554,434,554
602,534,625,534,625,556,602,556
622,533,672,533,672,565,622,565
185,566,210,566,210,590,185,590
108,570,117,570,117,588,108,588
133,568,182,568,182,592,133,592
213,568,257,568,257,592,213,592
259,569,313,566,314,592,260,595
430,570,460,570,460,593,430,593
366,574,376,574,376,590,366,590
461,573,504,573,504,593,461,593
600,573,629,573,629,594,600,594
632,573,676,575,675,596,631,594
132,598,169,598,169,622,132,622
172,598,216,598,216,622,172,622
220,601,326,601,326,624,220,624
102,616,116,616,116,634,102,634
430,616,458,616,458,638,430,638
366,620,376,620,376,636,366,636
461,618,504,618,504,638,461,638
601,618,630,618,630,641,601,641
634,620,677,620,677,641,634,641
128,626,190,624,191,653,129,655
173,656,226,656,226,681,173,681
228,656,282,656,282,681,228,681
153,662,169,662,169,680,153,680
98,672,112,672,112,692,98,692
430,673,460,673,460,696,430,696
462,676,505,676,505,697,462,697
604,676,633,676,633,698,604,698
636,678,678,678,678,700,636,700
127,679,187,686,184,714,124,708
120,722,200,722,200,746,120,746
200,722,260,722,260,748,200,748
578,726,628,726,628,750,578,750
629,728,680,728,680,750,629,750
117,771,197,773,197,798,116,796
201,773,266,773,266,798,201,798
580,776,629,776,629,800,580,800
630,776,681,776,681,800,630,800
268,781,276,781,276,796,268,796
116,802,172,802,172,828,116,828
174,802,252,802,252,829,174,829
254,805,308,805,308,829,254,829
580,806,629,806,629,832,580,832
630,808,681,808,681,830,630,830
309,812,317,812,317,828,309,828
113,829,164,829,164,856,113,856
168,830,221,830,221,857,168,857
136,868,186,868,186,893,136,893
192,869,237,869,237,893,192,893
240,870,290,870,290,894,240,894
116,873,130,873,130,890,116,890
594,872,637,872,637,897,594,897
638,872,684,872,684,896,638,896
