466,126,492,126,492,149,466,149
492,126,525,126,525,150,492,150
353,128,388,128,388,150,353,150
390,129,414,129,414,150,390,150
413,129,433,129,433,150,413,150
433,128,468,128,468,150,433,150
556,130,565,130,565,148,556,148
321,130,354,130,354,152,321,152
525,132,554,132,554,150,525,150
384,157,425,157,425,181,384,181
456,160,466,160,466,178,456,178
470,160,484,160,484,178,470,178
488,160,522,160,522,180,488,180
524,160,554,160,554,180,524,180
332,160,354,160,354,181,332,181
356,161,384,161,384,181,356,181
426,164,454,164,454,181,426,181
142,185,286,185,286,221,142,221
370,188,405,188,405,212,370,212
456,186,507,191,505,215,454,211
505,188,540,188,540,210,505,210
346,190,369,190,369,212,346,212
406,190,440,190,440,212,406,212
441,190,456,190,456,210,441,210
398,217,469,217,469,241,398,241
465,217,512,217,512,241,465,241
373,220,405,220,405,241,373,241
360,272,396,272,396,294,360,294
404,272,450,272,450,293,404,293
282,273,318,273,318,294,282,294
325,272,352,272,352,294,325,294
193,300,240,300,240,321,193,321
238,300,350,300,350,322,238,322
502,301,594,299,594,319,502,321
140,302,185,302,185,324,140,324
360,302,417,302,417,321,360,321
481,302,504,302,504,321,481,321
140,328,186,328,186,350,140,350
185,329,228,329,228,349,185,349
458,329,514,329,514,349,458,349
513,329,606,329,606,348,513,348
526,383,595,380,596,402,526,405
140,382,174,382,174,404,140,404
184,381,231,383,230,405,183,403
368,385,404,381,407,403,371,407
337,384,362,384,362,404,337,404
448,385,470,385,470,404,448,404
173,410,217,410,217,430,173,430
140,412,165,412,165,430,140,430
228,412,260,412,260,430,228,430
270,412,306,412,306,432,270,432
316,412,361,412,361,433,316,433
138,438,285,438,285,458,138,458
536,438,562,438,562,458,536,458
561,438,606,438,606,458,561,458
349,440,374,440,374,458,349,458
381,440,416,440,416,458,381,458
137,488,185,488,185,513,137,513
193,489,241,489,241,513,193,513
249,490,297,490,297,513,249,513
328,492,373,492,373,513,328,513
305,494,326,494,326,512,305,512
537,494,572,494,572,513,537,513
570,494,608,494,608,513,570,513
137,516,185,516,185,540,137,540
193,516,241,516,241,540,193,540
270,516,318,516,318,540,270,540
248,518,261,518,261,538,248,538
582,524,594,524,594,538,582,538
137,544,185,544,185,568,137,568
261,545,296,545,296,568,261,568
193,546,253,546,253,568,193,568
537,549,609,549,609,569,537,569
148,573,196,573,196,596,148,596
205,574,240,574,240,596,205,596
526,577,562,577,562,597,526,597
570,578,608,578,608,597,570,597
134,598,184,598,184,624,134,624
192,601,227,599,229,622,193,624
237,604,273,604,273,624,237,624
528,605,562,605,562,625,528,625
564,606,609,606,609,625,564,625
280,626,305,626,305,650,280,650
224,629,271,627,272,651,225,653
357,628,394,628,394,653,357,653
404,629,450,629,450,650,404,650
314,632,350,632,350,650,314,650
460,632,516,632,516,653,460,653
357,712,396,712,396,736,357,736
213,714,248,714,248,737,213,737
257,714,305,714,305,737,257,737
313,714,350,714,350,736,313,736
469,714,518,714,518,740,469,740
404,717,463,718,462,739,403,737
359,743,427,743,427,765,359,765
178,745,258,745,258,766,178,766
266,745,313,745,313,766,266,766
325,745,349,745,349,765,325,765
437,745,508,745,508,765,437,765
133,746,168,746,168,765,133,765
516,747,565,749,565,768,515,766
573,749,610,749,610,770,573,770
381,797,405,797,405,821,381,821
268,800,305,800,305,822,268,822
312,800,373,798,373,821,313,823
460,798,497,798,497,822,460,822
189,801,225,801,225,822,189,822
232,800,260,800,260,822,232,822
416,802,452,802,452,822,416,822
506,804,542,804,542,824,506,824
177,828,223,831,222,851,176,849
370,829,417,829,417,849,370,849
417,830,425,830,425,848,417,848
426,829,460,829,460,849,426,849
132,830,178,830,178,850,132,850
233,830,361,830,361,850,233,850
472,830,553,831,553,852,471,850
561,833,598,833,598,852,561,852
