129,202,174,200,175,223,130,225
309,201,361,201,361,225,309,225
178,202,238,202,238,225,178,225
362,202,405,202,405,225,362,225
239,206,309,206,309,225,239,225
259,232,347,229,348,251,260,254
106,230,144,232,143,253,105,251
350,232,388,232,388,252,350,252
147,230,211,237,208,258,145,251
213,233,256,233,256,253,213,253
65,233,97,236,95,255,64,253
65,265,113,265,113,284,65,284
116,265,154,265,154,284,116,284
156,265,186,268,185,286,154,283
185,269,236,263,238,284,188,290
65,292,93,292,93,312,65,312
256,292,364,292,364,312,256,312
96,292,206,294,206,313,95,311
220,293,253,293,253,312,220,312
65,318,106,318,106,338,65,338
108,320,205,320,205,342,108,342
201,320,222,320,222,338,201,338
240,320,336,320,336,338,240,338
436,346,469,346,469,366,436,366
376,348,434,348,434,366,376,366
62,349,97,349,97,366,62,366
100,346,146,352,143,373,97,367
232,349,254,349,254,366,232,366
278,349,310,349,310,366,278,366
341,349,366,349,366,366,341,366
424,377,469,377,469,396,424,396
53,378,80,378,80,398,53,398
81,378,106,378,106,398,81,398
302,378,337,378,337,397,302,397
166,380,192,380,192,398,166,398
277,380,300,380,300,397,277,397
356,380,368,380,368,396,356,396
398,380,421,380,421,397,398,397
192,381,205,381,205,396,192,396
248,382,256,382,256,394,248,394
108,382,165,382,165,401,108,401
400,405,422,405,422,424,400,424
424,405,469,405,469,424,424,424
54,406,80,406,80,426,54,426
81,406,106,406,106,426,81,426
288,406,301,406,301,424,288,424
302,406,337,406,337,425,302,425
246,408,258,408,258,424,246,424
108,410,165,410,165,429,108,429
400,432,425,432,425,452,400,452
424,430,469,430,469,456,424,456
277,433,302,433,302,453,277,453
304,433,337,433,337,452,304,452
94,434,121,434,121,454,94,454
121,434,146,434,146,454,121,454
54,436,93,436,93,454,54,454
426,458,470,458,470,478,426,478
400,460,425,460,425,478,400,478
304,461,338,461,338,480,304,480
102,462,126,462,126,482,102,482
278,462,302,462,302,480,278,480
54,464,86,464,86,484,54,484
88,465,101,465,101,480,88,480
401,486,426,486,426,505,401,505
426,486,472,486,472,506,426,506
278,489,304,489,304,508,278,508
305,489,338,489,338,506,305,506
148,490,173,490,173,509,148,509
56,491,107,492,106,512,55,510
110,492,145,492,145,509,110,509
413,514,426,514,426,532,413,532
428,514,472,514,472,532,428,532
305,516,340,516,340,534,305,534
290,517,302,517,302,533,290,533
118,518,142,518,142,537,118,537
56,520,116,520,116,538,56,538
396,542,421,542,421,562,396,562
424,542,470,542,470,562,424,562
55,543,103,549,101,570,52,564
104,545,150,547,149,568,103,566
446,573,472,573,472,590,446,590
104,576,149,576,149,596,104,596
152,576,186,576,186,596,152,596
189,575,239,577,238,596,188,594
54,577,104,577,104,597,54,597
423,604,471,602,472,621,424,623
396,604,421,604,421,622,396,622
55,606,104,609,102,632,53,629
104,609,129,609,129,629,104,629
130,610,178,608,179,627,130,628
182,609,228,609,228,626,182,626
257,637,301,637,301,664,257,664
304,638,393,635,393,661,305,664
157,639,212,637,214,666,158,668
217,642,256,642,256,665,217,665
113,644,156,644,156,668,113,668
