417,227,439,227,439,243,417,243
393,229,414,229,414,247,393,247
336,236,387,236,387,257,336,257
450,242,491,235,494,256,454,263
437,245,455,245,455,265,437,265
402,251,431,247,433,268,404,271
378,256,400,256,400,273,378,273
336,265,373,258,377,277,340,284
474,259,505,259,505,284,474,284
449,266,474,266,474,286,449,286
423,270,451,270,451,291,423,291
316,272,336,272,336,289,316,289
291,273,316,273,316,289,291,289
380,279,417,274,420,294,383,300
537,281,560,281,560,297,537,297
483,286,531,286,531,305,483,305
335,290,376,287,378,305,336,308
432,295,479,289,482,310,434,316
321,297,330,297,330,311,321,311
284,297,305,297,305,313,284,313
313,298,321,298,321,311,313,311
393,302,428,302,428,321,393,321
368,307,389,307,389,327,368,327
505,307,551,307,551,327,505,327
451,315,499,311,501,332,453,337
337,314,366,314,366,330,337,330
275,316,314,316,314,336,275,336
261,321,270,321,270,337,261,337
421,321,449,321,449,341,421,341
215,323,252,323,252,341,215,341
513,333,563,325,566,346,516,353
365,334,401,331,403,350,366,352
489,336,510,336,510,355,489,355
294,339,334,337,335,355,295,358
339,339,361,339,361,353,339,353
224,343,254,343,254,362,224,362
259,342,291,345,289,361,258,359
476,345,483,345,483,357,476,357
441,345,469,345,469,364,441,364
407,350,437,350,437,368,407,368
366,357,405,357,405,375,366,375
330,361,361,361,361,378,330,378
268,362,300,362,300,380,268,380
305,362,327,362,327,378,305,378
485,362,515,362,515,382,485,382
243,366,265,366,265,382,243,382
216,369,238,369,238,384,216,384
453,368,482,368,482,385,453,385
421,371,448,371,448,391,421,391
387,377,416,377,416,394,387,394
361,380,382,380,382,396,361,396
325,382,355,382,355,400,325,400
512,382,542,382,542,401,512,401
289,385,318,385,318,401,289,401
487,387,508,387,508,405,487,405
464,391,483,391,483,410,464,410
414,398,458,398,458,417,414,417
387,401,409,401,409,417,387,417
362,405,380,405,380,419,362,419
325,403,357,409,354,426,322,421
289,407,320,407,320,425,289,425
265,410,282,410,282,425,265,425
517,410,538,410,538,428,517,428
485,412,514,412,514,432,485,432
345,427,487,413,489,437,347,450
282,430,339,427,340,446,283,449
528,435,549,435,549,451,528,451
494,439,530,439,530,457,494,457
417,448,490,443,492,463,418,468
393,448,419,448,419,466,393,466
301,453,348,449,349,468,302,472
355,451,385,451,385,467,355,467
275,453,304,453,304,471,275,471
475,487,543,480,546,500,477,508
386,493,460,488,461,507,388,513
278,499,369,494,370,514,279,519
537,506,574,506,574,526,537,526
439,513,479,509,481,528,441,532
485,510,531,510,531,530,485,530
369,517,400,517,400,535,369,535
405,517,435,517,435,533,405,533
325,519,364,519,364,538,325,538
288,522,318,522,318,540,288,540
224,526,247,526,247,544,224,544
250,526,282,526,282,547,250,547
514,553,588,548,589,568,516,573
408,561,501,554,503,574,409,582
355,567,403,567,403,586,355,586
282,569,304,569,304,588,282,588
542,572,590,572,590,592,542,592
227,573,276,576,275,595,226,592
508,578,537,578,537,595,508,595
482,579,503,579,503,597,482,597
410,585,449,582,450,601,411,603
455,583,476,583,476,602,455,602
375,586,403,586,403,604,375,604
329,590,369,590,369,608,329,608
273,595,321,595,321,613,273,613
229,597,268,597,268,615,229,615
574,618,594,618,594,636,574,636
535,625,566,618,570,637,538,643
476,626,533,623,534,642,476,644
449,627,471,627,471,647,449,647
404,634,444,630,446,647,405,651
369,634,400,634,400,652,369,652
230,643,362,634,364,655,231,664
576,640,595,640,595,659,576,659
522,647,570,641,573,662,525,669
442,650,464,650,464,670,442,670
406,654,444,651,445,672,407,674
393,659,410,659,410,677,393,677
250,667,291,663,293,683,252,687
233,668,254,668,254,686,233,686
579,686,601,686,601,706,579,706
544,688,574,688,574,709,544,709
528,693,547,693,547,713,528,713
412,702,457,702,457,720,412,720
356,706,405,703,406,722,357,725
309,709,350,709,350,729,309,729
282,715,304,715,304,731,282,731
234,716,275,716,275,736,234,736
412,727,458,727,458,745,412,745
357,731,405,731,405,750,357,750
284,736,323,736,323,755,284,755
330,736,352,736,352,750,330,750
407,775,453,775,453,793,407,793
351,779,400,776,401,797,352,799
588,782,611,782,611,803,588,803
304,784,346,784,346,802,304,802
553,784,585,784,585,807,553,807
535,787,554,787,554,809,535,809
238,789,298,789,298,809,238,809
590,807,613,807,613,828,590,828
286,809,318,809,318,828,286,828
554,811,593,807,595,827,556,831
240,814,281,814,281,832,240,832
407,823,447,820,449,840,409,843
362,825,403,825,403,848,362,848
316,832,357,832,357,850,316,850
277,839,309,836,311,856,279,859
240,839,273,839,273,859,240,859
485,839,542,839,542,860,485,860
439,843,480,843,480,866,439,866
389,851,431,847,433,867,391,871
336,853,387,853,387,876,336,876
298,857,332,857,332,880,298,880
241,862,293,862,293,887,241,887
261,889,284,889,284,907,261,907
291,889,313,889,313,905,291,905
291,910,330,910,330,928,291,928
263,914,284,914,284,932,263,932
349,933,398,930,399,951,350,954
311,933,345,933,345,953,311,953
265,937,305,937,305,956,265,956
482,944,521,944,521,962,482,962
444,948,476,948,476,965,444,965
389,953,437,953,437,971,389,971
341,956,383,958,382,977,340,974
265,962,305,962,305,981,265,981
313,962,336,962,336,978,313,978
590,1015,624,1015,624,1033,590,1033
554,1017,585,1017,585,1035,554,1035
526,1019,547,1019,547,1036,526,1036
467,1022,519,1020,520,1042,468,1044
430,1025,463,1028,462,1048,429,1045
401,1031,425,1031,425,1047,401,1047
364,1033,396,1033,396,1051,364,1051
307,1038,359,1038,359,1058,307,1058
259,1040,302,1040,302,1060,259,1060
556,1040,586,1040,586,1061,556,1061
519,1047,553,1047,553,1070,519,1070
480,1049,512,1049,512,1067,480,1067
404,1054,472,1050,473,1073,405,1077
375,1056,407,1056,407,1076,375,1076
337,1060,369,1060,369,1079,337,1079
289,1065,330,1065,330,1086,289,1086
588,1092,642,1092,642,1115,588,1115
512,1097,563,1097,563,1120,512,1120
454,1102,506,1099,507,1120,455,1123
318,1113,449,1101,451,1126,320,1138
281,1118,313,1118,313,1138,281,1138
254,1122,275,1122,275,1141,254,1141
241,1232,265,1232,265,1253,241,1253
272,1234,313,1234,313,1255,272,1255
240,1258,284,1262,282,1284,238,1280
289,1264,321,1264,321,1284,289,1284
327,1269,377,1269,377,1289,327,1289
236,1289,281,1289,281,1314,236,1314
286,1294,311,1294,311,1312,286,1312
317,1293,360,1299,357,1321,314,1315
366,1295,419,1302,416,1324,363,1317
423,1298,457,1298,457,1319,423,1319
464,1300,505,1300,505,1321,464,1321
