319,239,372,239,372,267,319,267
585,272,627,272,627,298,585,298
324,284,360,284,360,310,324,310
274,286,322,286,322,312,274,312
514,424,597,424,597,455,514,455
452,428,511,428,511,459,452,459
319,433,381,433,381,462,319,462
383,433,447,433,447,457,383,457
658,482,800,478,801,506,658,510
582,485,654,485,654,514,582,514
174,492,303,489,303,517,175,521
132,492,168,492,168,518,132,518
214,591,284,599,280,627,211,620
284,594,331,594,331,620,284,620
334,594,367,594,367,620,334,620
135,597,210,597,210,620,135,620
142,635,163,635,163,661,142,661
265,635,409,635,409,661,265,661
163,637,196,637,196,661,163,661
199,637,260,637,260,661,199,661
144,675,187,675,187,701,144,701
187,677,229,677,229,699,187,699
661,737,739,737,739,760,661,760
741,739,793,739,793,760,741,760
144,741,177,741,177,763,144,763
403,740,458,744,456,766,401,762
457,744,499,740,501,765,460,769
312,791,353,791,353,817,312,817
393,793,433,793,433,817,393,817
142,795,204,798,203,820,141,817
206,796,248,796,248,817,206,817
251,796,310,796,310,819,251,819
355,796,391,796,391,817,355,817
433,796,471,796,471,819,433,819
476,798,507,798,507,819,476,819
414,838,443,838,443,860,414,860
445,838,488,838,488,860,445,860
748,838,793,838,793,860,748,860
722,843,748,843,748,860,722,860
132,891,187,891,187,917,132,917
267,891,291,891,291,917,267,917
192,892,263,895,262,917,191,914
291,893,322,893,322,917,291,917
348,893,388,893,388,917,348,917
393,893,414,893,414,917,393,917
414,893,447,893,447,917,414,917
450,891,519,894,518,920,449,916
523,895,545,895,545,912,523,912
327,895,348,895,348,917,327,917
597,895,658,895,658,917,597,917
549,898,594,898,594,921,549,921
414,938,440,938,440,962,414,962
445,938,488,938,488,962,445,962
755,938,798,938,798,962,755,962
739,945,751,945,751,962,739,962
123,995,180,995,180,1019,123,1019
184,995,258,995,258,1021,184,1021
263,995,327,995,327,1021,263,1021
334,994,400,1000,397,1027,332,1021
467,994,542,1000,540,1027,465,1021
545,997,618,997,618,1023,545,1023
623,1000,656,1000,656,1023,623,1023
445,1045,488,1045,488,1068,445,1068
758,1047,803,1047,803,1071,758,1071
729,1052,755,1052,755,1068,729,1068
135,1097,165,1097,165,1116,135,1116
168,1099,213,1099,213,1120,168,1120
215,1100,314,1108,312,1136,213,1128
376,1106,393,1106,393,1130,376,1130
400,1104,459,1104,459,1130,400,1130
317,1109,369,1109,369,1130,317,1130
139,1137,154,1137,154,1154,139,1154
405,1156,447,1156,447,1177,405,1177
450,1156,492,1156,492,1180,450,1180
760,1156,805,1156,805,1180,760,1180
718,1158,758,1158,758,1180,718,1180
135,1185,203,1192,200,1219,132,1212
218,1187,251,1187,251,1213,218,1213
206,1196,218,1196,218,1213,206,1213
254,1189,318,1200,314,1224,250,1214
708,1213,755,1213,755,1239,708,1239
758,1213,808,1213,808,1237,758,1237
135,1226,200,1230,198,1257,133,1253
201,1232,260,1232,260,1255,201,1255
135,1265,217,1271,215,1297,133,1291
220,1274,277,1274,277,1298,220,1298
279,1277,315,1277,315,1301,279,1301
708,1296,755,1296,755,1322,708,1322
760,1296,808,1296,808,1322,760,1322
135,1308,187,1308,187,1334,135,1334
189,1312,260,1312,260,1336,189,1336
265,1313,316,1317,314,1342,263,1338
708,1336,753,1336,753,1357,708,1357
758,1338,808,1338,808,1362,758,1362
128,1346,170,1351,167,1376,125,1371
170,1350,196,1350,196,1376,170,1376
272,1410,322,1410,322,1433,272,1433
