265,88,372,110,367,133,260,110
375,112,434,122,431,143,372,133
240,118,280,129,274,148,234,137
120,127,150,130,149,147,118,144
278,126,309,130,307,150,276,146
309,132,347,139,344,157,306,151
348,139,379,145,375,164,344,158
378,148,409,151,407,169,376,165
410,150,450,157,447,174,407,167
233,186,287,194,282,224,229,216
289,199,343,208,339,235,285,226
344,212,392,212,392,240,344,240
135,212,174,219,171,239,132,232
396,214,463,217,462,243,395,241
177,217,228,231,222,252,171,238
250,232,274,232,274,253,250,253
294,238,332,242,330,262,292,258
127,243,272,263,270,284,124,264
360,248,396,250,395,268,359,266
398,250,425,250,425,270,398,270
445,253,498,253,498,270,445,270
500,254,532,254,532,270,500,270
273,265,307,269,305,289,271,284
308,272,337,272,337,290,308,290
338,273,396,277,395,294,337,290
482,278,505,278,505,293,482,293
400,280,436,280,436,297,400,297
438,280,480,280,480,297,438,297
280,296,314,296,314,310,280,310
368,301,401,301,401,318,368,318
516,301,548,301,548,317,516,317
481,302,517,302,517,318,481,318
402,304,434,304,434,320,402,320
125,308,270,325,268,346,123,328
272,326,306,326,306,344,272,344
308,328,330,328,330,344,308,344
332,327,364,329,363,345,331,343
365,332,420,332,420,348,365,348
502,332,526,332,526,349,502,349
424,333,465,333,465,350,424,350
466,333,500,333,500,350,466,350
122,339,155,341,154,361,121,359
160,339,208,349,204,371,155,361
206,349,234,349,234,370,206,370
392,356,408,356,408,374,392,374
406,357,438,357,438,374,406,374
121,369,155,372,154,392,120,390
157,372,200,377,198,396,155,391
221,378,244,378,244,393,221,393
280,380,314,380,314,393,280,393
390,382,437,382,437,402,390,402
494,385,521,385,521,402,494,402
520,385,552,385,552,402,520,402
120,405,257,410,257,430,119,425
260,410,284,410,284,428,260,428
286,412,321,412,321,428,286,428
323,408,378,414,376,434,321,428
378,416,441,413,441,433,378,435
442,416,490,416,490,430,442,430
493,417,501,417,501,430,493,430
504,416,529,416,529,432,504,432
280,438,316,438,316,452,280,452
382,440,409,440,409,457,382,457
408,440,441,440,441,457,408,457
499,441,557,441,557,459,499,459
118,469,265,469,265,489,118,489
270,470,312,470,312,489,270,489
373,470,400,470,400,489,373,489
313,474,368,470,369,487,314,491
401,472,436,472,436,492,401,492
440,472,464,472,464,489,440,489
280,498,316,498,316,513,280,513
373,496,413,500,411,520,371,516
409,498,444,498,444,517,409,517
492,496,532,500,530,520,490,516
526,498,561,498,561,517,526,517
109,534,160,540,158,562,107,556
161,538,192,538,192,558,161,558
248,542,273,542,273,558,248,558
499,560,539,564,537,584,497,581
537,562,569,562,569,581,537,581
107,563,159,567,158,590,105,586
160,567,210,569,209,588,159,586
500,601,573,599,573,619,501,621
105,604,158,608,156,631,104,627
158,606,196,606,196,626,158,626
503,632,577,630,577,651,504,653
218,633,256,633,256,653,218,653
337,634,378,634,378,654,337,654
104,636,148,636,148,656,104,656
152,636,216,636,216,656,152,656
207,688,353,683,353,704,208,709
141,690,184,688,186,709,142,711
108,690,140,690,140,710,108,710
140,718,170,718,170,745,140,745
236,720,274,720,274,741,236,741
172,721,202,721,202,744,172,744
205,722,233,722,233,742,205,742
106,724,137,724,137,749,106,749
560,742,584,742,584,762,560,762
102,761,158,761,158,782,102,782
162,762,216,762,216,780,162,780
549,777,586,777,586,797,549,797
212,793,261,793,261,814,212,814
100,793,157,793,157,820,100,820
160,794,208,794,208,818,160,818
213,830,264,830,264,852,213,852
162,833,210,833,210,856,162,856
98,836,160,838,159,861,98,859
554,845,592,845,592,865,554,865
526,846,557,846,557,868,526,868
294,862,336,862,336,886,294,886
249,865,291,863,292,885,250,887
168,862,249,864,249,892,167,890
96,872,137,869,138,893,97,895
140,872,166,872,166,894,140,894
449,900,591,891,593,914,450,923
392,904,446,904,446,930,392,930
189,918,389,904,390,929,190,943
148,918,188,918,188,942,148,942
116,920,145,920,145,944,116,944
390,944,432,940,435,963,392,967
334,948,390,948,390,973,334,973
292,952,330,952,330,973,292,973
461,969,522,963,524,986,463,991
422,969,461,969,461,994,422,994
396,973,421,973,421,994,396,994
354,977,393,977,393,1000,354,1000
312,980,352,980,352,1000,312,1000
282,981,309,981,309,1000,282,1000
205,982,249,982,249,1001,205,1001
166,984,201,984,201,1001,166,1001
253,984,278,984,278,998,253,998
