314,417,420,417,420,436,314,436
426,417,489,417,489,436,426,436
328,446,357,446,357,464,328,464
290,448,328,448,328,466,290,466
358,448,394,448,394,464,358,464
398,448,429,448,429,466,398,466
430,448,462,448,462,465,430,465
465,448,506,448,506,464,465,464
184,472,208,472,208,486,184,486
280,509,330,509,330,537,280,537
396,512,445,512,445,540,396,540
450,513,521,513,521,541,450,541
336,514,390,514,390,540,336,540
192,546,224,546,224,565,192,565
227,545,274,551,271,570,224,564
297,548,322,548,322,566,297,566
342,549,380,549,380,568,342,568
410,550,449,550,449,569,410,569
452,552,481,552,481,573,452,573
501,553,560,553,560,572,501,572
561,553,598,553,598,573,561,573
182,575,308,576,307,596,182,594
312,578,340,578,340,596,312,596
344,578,382,578,382,597,344,597
385,580,437,580,437,598,385,598
441,581,466,581,466,598,441,598
328,606,361,606,361,621,328,621
418,609,457,609,457,629,418,629
454,609,488,609,488,628,454,628
540,612,578,612,578,633,540,633
576,613,612,613,612,632,576,632
180,635,316,638,315,658,179,654
318,640,374,640,374,658,318,658
441,641,468,641,468,661,441,661
376,642,440,642,440,662,376,662
498,644,538,644,538,664,498,664
541,645,570,645,570,664,541,664
469,646,496,646,496,661,469,661
572,646,600,646,600,665,572,665
326,669,361,669,361,684,326,684
428,672,456,672,456,692,428,692
453,672,488,672,488,690,453,690
549,674,578,674,578,694,549,694
574,674,610,674,610,693,574,693
171,699,217,705,214,727,168,722
216,705,244,705,244,724,216,724
308,712,318,712,318,725,308,725
171,725,217,733,214,754,167,747
216,729,263,735,260,755,214,750
541,738,580,738,580,758,541,758
576,738,612,738,612,757,576,757
170,756,209,756,209,776,170,776
212,758,268,758,268,777,212,777
269,758,302,758,302,776,269,776
378,764,418,764,418,782,378,782
540,768,574,768,574,785,540,785
574,768,609,768,609,786,574,786
172,786,201,786,201,805,172,805
202,788,225,788,225,804,202,804
228,789,249,789,249,805,228,805
253,790,298,790,298,808,253,808
536,798,573,798,573,816,536,816
572,798,606,798,606,816,572,816
192,822,216,822,216,840,192,840
218,824,250,824,250,841,218,841
252,823,419,828,418,848,251,842
421,830,469,830,469,852,421,852
470,829,579,834,578,853,470,849
576,836,601,836,601,853,576,853
334,854,366,854,366,873,334,873
369,858,417,858,417,878,369,878
418,859,455,861,454,879,417,877
233,871,261,873,259,888,232,886
263,872,299,874,298,890,262,887
302,877,324,877,324,890,302,890
326,877,348,877,348,890,326,890
351,876,384,880,382,895,349,891
386,880,417,880,417,896,386,896
420,881,441,881,441,896,420,896
445,884,476,884,476,900,445,900
478,882,532,884,531,903,478,900
