466,290,520,290,520,316,466,316
396,295,462,290,464,317,398,323
310,300,398,297,398,321,311,324
172,308,228,300,231,326,176,334
235,301,310,301,310,326,235,326
452,326,501,324,502,349,453,352
335,332,447,323,449,351,337,360
278,333,331,333,331,358,278,358
196,340,273,340,273,363,196,363
146,341,191,341,191,365,146,365
96,348,140,348,140,371,96,371
246,375,310,375,310,400,246,400
206,378,245,378,245,400,206,400
158,380,205,380,205,403,158,403
96,381,155,381,155,405,96,405
332,406,469,399,470,424,333,431
286,406,328,406,328,426,286,426
133,416,254,407,256,432,135,442
96,416,130,416,130,441,96,441
393,435,436,435,436,458,393,458
312,438,384,435,385,458,313,462
265,440,296,440,296,463,265,463
198,443,226,443,226,461,198,461
96,450,146,450,146,473,96,473
146,453,193,446,196,465,149,473
566,470,610,470,610,491,566,491
443,471,475,471,475,493,443,493
535,471,563,471,563,490,535,490
363,473,405,473,405,495,363,495
303,475,331,475,331,496,303,496
95,485,135,485,135,505,95,505
151,488,185,488,185,500,151,500
553,506,610,506,610,530,553,530
520,508,551,508,551,530,520,530
395,510,440,510,440,533,395,533
363,511,395,511,395,535,363,535
466,513,476,513,476,530,466,530
140,520,184,517,186,541,141,544
185,520,219,517,221,536,186,539
223,518,236,518,236,535,223,535
251,520,280,520,280,538,251,538
80,523,125,523,125,546,80,546
556,541,611,541,611,565,556,565
395,545,440,545,440,570,395,570
363,546,396,546,396,570,363,570
238,551,290,553,289,577,237,574
165,553,208,553,208,576,165,576
115,556,163,556,163,580,115,580
218,558,236,558,236,576,218,576
95,560,110,560,110,578,95,578
556,575,613,575,613,606,556,606
396,581,441,579,442,604,398,607
525,580,556,580,556,605,525,605
368,586,395,586,395,605,368,605
128,590,173,590,173,615,128,615
81,593,125,593,125,613,81,613
185,595,223,595,223,610,185,610
228,593,268,593,268,610,228,610
557,611,614,608,615,634,558,637
526,611,558,611,558,636,526,636
398,616,443,616,443,641,398,641
366,618,396,618,396,641,366,641
227,619,286,623,284,649,225,645
141,623,188,623,188,648,141,648
190,623,223,623,223,648,190,648
80,622,141,627,139,654,78,649
502,650,614,646,615,672,503,676
77,654,140,661,137,689,74,682
140,658,204,661,203,687,139,684
583,688,616,688,616,711,583,711
203,696,246,696,246,720,203,720
250,695,316,700,314,722,248,718
140,698,198,698,198,721,140,721
78,700,140,700,140,723,78,723
550,725,620,725,620,751,550,751
505,728,551,728,551,753,505,753
241,736,301,736,301,761,241,761
78,737,139,739,138,767,77,764
140,738,171,738,171,763,140,763
175,738,236,738,236,761,175,761
400,774,516,771,517,805,401,808
338,777,396,774,398,808,340,810
211,778,283,778,283,813,211,813
286,781,336,781,336,811,286,811
150,786,206,784,207,813,152,815
