353,236,380,236,380,255,353,255
380,236,403,236,403,253,380,253
401,236,436,236,436,253,401,253
436,236,465,236,465,253,436,253
326,238,353,238,353,255,326,255
411,260,421,260,421,275,411,275
423,258,451,258,451,275,423,275
451,258,486,258,486,275,451,275
323,260,346,260,346,281,323,281
345,260,381,260,381,278,345,278
380,260,410,260,410,276,380,276
306,263,323,263,323,280,306,280
440,280,466,280,466,298,440,298
161,281,278,281,278,313,161,313
348,281,376,281,376,301,348,301
375,281,401,281,401,300,375,300
401,281,441,283,439,302,400,299
330,283,346,283,346,301,330,301
366,305,453,302,453,321,366,324
345,306,366,306,366,325,345,325
378,345,416,345,416,363,378,363
310,348,340,348,340,366,310,366
345,348,375,348,375,365,345,365
275,350,305,350,305,368,275,368
449,365,526,362,527,381,450,383
430,365,451,365,451,383,430,383
355,368,383,368,383,385,355,385
295,371,331,371,331,388,295,388
338,371,356,371,356,386,338,386
258,373,295,373,295,391,258,391
245,376,253,376,253,390,245,390
253,376,261,376,261,390,253,390
206,376,243,376,243,393,206,393
165,378,201,378,201,395,165,395
491,385,528,385,528,401,491,401
456,386,493,386,493,403,456,403
415,388,460,388,460,405,415,405
208,396,236,396,236,413,208,413
165,398,201,398,201,416,165,416
203,401,208,401,208,413,203,413
495,425,531,425,531,443,495,443
480,430,490,430,490,443,480,443
355,433,385,430,388,449,357,452
418,431,435,431,435,446,418,446
323,433,353,433,353,450,323,450
200,437,240,439,239,457,199,454
168,441,195,441,195,458,168,458
470,448,516,448,516,465,470,465
426,450,463,450,463,468,426,468
366,453,428,450,428,468,366,471
323,455,360,455,360,471,323,471
360,456,368,456,368,470,360,470
290,455,319,458,317,475,288,473
201,458,248,458,248,476,201,476
255,458,283,458,283,475,255,475
168,460,196,460,196,478,168,478
503,468,534,465,536,483,505,485
480,470,501,470,501,485,480,485
360,475,388,475,388,491,360,491
335,476,353,476,353,493,335,493
167,483,283,477,284,496,168,501
368,495,396,495,396,513,368,513
395,495,425,495,425,511,395,511
281,498,320,498,320,516,281,516
326,498,353,498,353,513,326,513
248,500,276,500,276,518,248,518
170,503,216,503,216,521,170,521
221,503,240,503,240,518,221,518
508,510,538,510,538,526,508,526
483,511,503,511,503,526,483,526
361,516,391,516,391,533,361,533
336,520,355,520,355,535,336,535
266,521,286,521,286,538,266,538
169,525,268,521,269,539,170,543
511,551,541,551,541,568,511,568
486,553,508,553,508,570,486,570
321,560,358,560,358,578,321,578
216,563,255,563,255,583,216,583
259,564,298,562,299,579,260,582
306,565,321,565,321,580,306,580
171,566,210,566,210,585,171,585
260,583,281,583,281,603,260,603
286,583,325,583,325,601,286,601
218,586,255,586,255,605,218,605
173,588,211,588,211,606,173,606
515,593,545,593,545,610,515,610
490,596,510,596,510,611,490,611
271,603,300,603,300,623,271,623
217,607,264,605,265,624,218,627
175,610,211,610,211,628,175,628
516,615,546,615,546,633,516,633
490,618,511,618,511,635,490,635
226,630,256,630,256,648,226,648
183,631,221,631,221,650,183,650
218,651,247,649,249,668,220,670
175,651,213,651,213,671,175,671
255,651,285,651,285,668,255,668
431,661,476,661,476,680,431,680
385,666,424,662,426,681,387,684
351,666,381,666,381,686,351,686
290,670,310,670,310,688,290,688
316,670,346,670,346,686,316,686
246,671,285,671,285,690,246,690
443,728,483,728,483,748,443,748
355,731,386,731,386,750,355,750
391,731,438,731,438,750,391,750
275,735,313,735,313,755,275,755
320,735,350,735,350,753,320,753
240,736,268,736,268,756,240,756
526,748,556,748,556,765,526,765
480,751,521,749,522,766,481,768
436,751,476,751,476,770,436,770
418,753,438,753,438,770,418,770
357,756,413,754,413,772,358,774
330,758,350,758,350,775,330,775
285,760,323,760,323,776,285,776
214,763,279,761,280,779,215,781
178,766,208,766,208,783,178,783
440,796,470,796,470,815,440,815
476,796,506,796,506,813,476,813
376,798,398,798,398,818,376,818
403,798,435,798,435,818,403,818
323,800,371,800,371,820,323,820
286,805,316,802,318,821,288,824
260,805,281,805,281,825,260,825
225,806,256,806,256,828,225,828
496,818,516,818,516,835,496,835
523,818,555,818,555,835,523,835
461,820,498,820,498,836,461,836
406,821,443,821,443,840,406,840
368,823,408,823,408,841,368,841
451,825,461,825,461,836,451,836
260,828,363,824,364,842,261,847
216,831,253,831,253,850,216,850
180,833,208,833,208,851,180,851
210,835,218,835,218,850,210,850
