181,321,397,312,399,369,183,377
289,370,315,367,316,377,290,380
266,372,284,372,284,381,266,381
307,387,375,378,377,395,309,404
253,390,307,388,308,405,254,407
206,390,254,390,254,408,206,408
382,398,416,398,416,417,382,417
357,402,380,402,380,417,357,417
340,405,358,405,358,421,340,421
310,408,337,408,337,424,310,424
172,410,202,410,202,428,172,428
205,410,265,410,265,433,205,433
266,410,308,410,308,426,266,426
315,430,387,423,389,438,317,446
269,436,316,430,318,447,271,452
198,436,268,436,268,452,198,452
282,456,363,448,364,465,284,473
361,450,384,450,384,465,361,465
206,458,282,458,282,474,206,474
350,473,407,468,409,491,352,496
278,484,348,477,350,497,280,503
185,484,228,484,228,505,185,505
231,486,277,484,277,503,232,505
351,516,386,513,387,531,352,534
296,523,343,514,347,532,300,541
264,522,296,522,296,537,264,537
80,524,104,524,104,541,80,541
106,525,140,525,140,541,106,541
161,525,206,525,206,542,161,542
324,540,374,538,375,556,325,559
279,544,322,542,323,559,280,562
238,546,273,546,273,564,238,564
118,548,162,548,162,566,118,566
174,548,229,548,229,565,174,565
80,549,114,549,114,565,80,565
349,564,372,564,372,582,349,582
373,564,396,564,396,580,373,580
266,569,294,569,294,588,266,588
297,569,330,569,330,585,297,585
212,572,252,572,252,590,212,590
189,573,212,573,212,590,189,590
80,574,130,574,130,597,80,597
161,574,185,574,185,594,161,594
492,578,530,578,530,605,492,605
433,585,490,581,491,604,435,607
389,592,418,584,423,604,394,612
354,592,392,592,392,612,354,612
318,593,341,593,341,610,318,610
113,600,146,600,146,620,113,620
149,600,186,600,186,618,149,618
81,602,105,602,105,620,81,620
496,612,534,612,534,637,496,637
470,616,496,616,496,636,470,636
385,620,418,620,418,640,385,640
360,621,384,621,384,641,360,641
326,626,333,626,333,640,326,640
261,626,276,626,276,642,261,642
177,629,216,629,216,648,177,648
217,629,229,629,229,645,217,645
234,630,258,630,258,645,234,645
113,633,176,633,176,650,113,650
88,636,96,636,96,650,88,650
498,645,537,645,537,665,498,665
472,646,498,646,498,666,472,666
141,661,186,661,186,680,141,680
78,664,141,662,141,682,78,684
476,674,500,674,500,694,476,694
501,674,540,674,540,694,501,694
194,685,232,682,234,701,196,704
161,691,190,683,196,703,166,711
76,690,116,690,116,709,76,709
116,693,161,686,164,706,119,713
453,737,488,737,488,761,453,761
490,737,544,737,544,761,490,761
141,742,209,742,209,770,141,770
76,747,139,749,138,775,75,773
473,770,547,770,547,790,473,790
190,772,234,772,234,790,190,790
127,777,189,771,191,792,129,798
77,781,122,781,122,801,77,801
159,801,223,797,224,817,160,821
534,801,548,801,548,818,534,818
225,804,232,804,232,816,225,816
124,805,158,803,159,822,125,824
75,809,122,806,123,826,76,830
338,825,459,828,458,852,338,849
472,829,502,829,502,849,472,849
504,829,548,829,548,849,504,849
365,867,444,869,443,885,365,883
445,869,482,869,482,888,445,888
