257,152,318,148,319,172,259,176
322,153,342,153,342,173,322,173
384,205,424,205,424,222,384,222
360,206,385,206,385,224,360,224
192,208,209,208,209,222,192,222
228,208,245,208,245,224,228,224
210,209,226,209,226,224,210,224
190,226,209,226,209,242,190,242
209,226,226,226,226,241,209,241
389,226,413,226,413,242,389,242
414,228,421,228,421,240,414,240
228,228,245,228,245,242,228,242
246,228,261,228,261,242,246,242
317,228,341,228,341,245,317,245
341,228,354,228,354,242,341,242
356,229,364,229,364,241,356,241
364,228,389,228,389,244,364,244
408,245,421,245,421,261,408,261
345,246,369,246,369,262,345,262
369,246,388,246,388,262,369,262
389,246,408,246,408,262,389,262
326,248,345,248,345,264,326,264
190,264,230,264,230,278,190,278
233,265,249,265,249,278,233,278
378,265,421,264,421,281,378,283
189,281,232,281,232,298,189,298
232,282,248,282,248,297,232,297
343,284,421,284,421,301,343,301
188,300,216,300,216,316,188,316
217,301,234,301,234,316,217,316
236,301,253,301,253,316,236,316
254,302,281,302,281,317,254,317
377,304,420,304,420,321,377,321
188,336,206,336,206,353,188,353
210,338,262,338,262,353,210,353
381,342,420,342,420,358,381,358
188,356,209,356,209,372,188,372
210,357,244,357,244,373,210,373
242,358,266,358,266,372,242,372
268,358,294,358,294,373,268,373
186,374,210,374,210,392,186,392
210,377,218,377,218,390,210,390
217,376,241,376,241,390,217,390
244,394,294,394,294,412,244,412
301,397,341,397,341,413,301,413
185,412,198,412,198,426,185,426
200,412,217,412,217,429,200,429
261,414,293,414,293,429,261,429
309,416,321,416,321,430,309,430
324,417,330,417,330,430,324,430
332,416,354,416,354,433,332,433
385,417,418,417,418,433,385,433
185,430,213,430,213,448,185,448
237,433,288,433,288,448,237,448
308,434,330,434,330,449,308,449
374,436,417,436,417,450,374,450
198,447,292,449,291,467,198,465
185,450,197,450,197,465,185,465
322,452,350,452,350,469,322,469
308,453,320,453,320,468,308,468
350,454,373,454,373,469,350,469
384,454,417,454,417,469,384,469
185,485,226,485,226,504,185,504
230,486,273,486,273,505,230,505
326,490,378,490,378,508,326,508
384,492,416,492,416,509,384,509
182,506,204,506,204,522,182,522
206,508,257,508,257,524,206,524
181,526,204,526,204,541,181,541
205,526,278,526,278,544,205,544
182,545,194,545,194,560,182,560
205,545,286,547,286,564,204,562
213,570,233,570,233,590,213,590
180,572,200,572,200,590,180,590
200,573,212,573,212,589,200,589
234,573,252,573,252,590,234,590
229,661,249,661,249,680,229,680
249,664,278,664,278,680,249,680
322,664,342,664,342,682,322,682
278,665,296,665,296,678,278,678
297,665,322,665,322,681,297,681
341,666,360,666,360,681,341,681
214,682,233,682,233,697,214,697
234,682,253,682,253,698,234,698
253,682,266,682,266,698,253,698
268,682,286,682,286,700,268,700
288,684,317,684,317,700,288,700
317,684,336,684,336,701,317,701
336,685,354,685,354,700,336,700
356,685,369,685,369,701,356,701
258,702,288,702,288,718,258,718
288,704,312,704,312,720,288,720
312,704,330,704,330,718,312,718
233,720,257,720,257,737,233,737
258,722,281,722,281,736,258,736
282,722,301,722,301,738,282,738
301,724,330,724,330,740,301,740
330,724,354,724,354,738,330,738
