528,143,588,148,586,171,526,166
594,145,624,145,624,165,594,165
622,151,645,151,645,168,622,168
471,170,499,170,499,190,471,190
526,170,569,172,568,192,525,190
574,172,597,172,597,192,574,192
604,172,636,172,636,193,604,193
640,172,702,172,702,192,640,192
499,174,521,174,521,193,499,193
460,197,482,197,482,215,460,215
517,197,565,197,565,216,517,216
572,197,711,197,711,220,572,220
487,200,510,200,510,216,487,216
385,218,428,226,424,247,381,239
432,222,451,222,451,243,432,243
449,222,492,222,492,243,449,243
517,224,547,224,547,243,517,243
553,224,585,224,585,247,553,247
584,222,626,230,622,250,580,242
629,225,681,225,681,245,629,245
688,224,739,229,737,249,686,245
743,229,766,229,766,245,743,245
393,247,425,247,425,266,393,266
430,246,464,252,460,272,427,266
467,249,508,249,508,268,467,268
544,248,586,252,584,272,542,268
610,250,642,250,642,270,610,270
647,250,699,250,699,272,647,272
515,252,537,252,537,268,515,268
706,252,755,252,755,272,706,272
594,257,602,257,602,270,594,270
384,272,405,272,405,291,384,291
439,273,473,273,473,293,439,293
478,273,499,273,499,293,478,293
543,274,586,279,584,299,540,294
590,275,622,275,622,295,590,295
412,277,433,277,433,293,412,293
627,277,659,277,659,297,627,297
684,277,706,277,706,297,684,297
713,277,764,277,764,297,713,297
505,279,537,279,537,297,505,297
668,282,677,282,677,297,668,297
458,298,487,298,487,318,458,318
494,300,526,300,526,320,494,320
533,300,554,300,554,320,533,320
562,300,592,300,592,320,562,320
597,302,629,302,629,321,597,321
636,302,668,302,668,321,636,321
674,299,715,305,713,326,671,321
428,323,449,323,449,343,428,343
457,322,490,325,488,345,455,343
495,323,527,329,524,349,491,344
533,327,553,327,553,345,533,345
560,327,583,327,583,345,560,345
589,325,640,332,637,352,586,346
645,327,666,327,666,348,645,348
672,329,695,329,695,348,672,348
700,329,731,329,731,346,700,346
448,350,505,350,505,369,448,369
512,349,701,354,700,376,511,372
700,357,722,357,722,373,700,373
437,375,514,375,514,394,437,394
560,378,645,378,645,400,560,400
521,380,560,380,560,396,521,396
643,382,674,382,674,400,643,400
672,382,711,382,711,398,672,398
709,382,731,382,731,398,709,398
437,425,530,425,530,444,437,444
549,426,624,426,624,446,549,446
643,428,718,428,718,448,643,448
380,448,401,448,401,467,380,467
409,449,439,449,439,471,409,471
446,448,478,452,476,470,444,467
482,451,522,451,522,471,482,471
528,451,560,451,560,471,528,471
567,452,599,455,597,473,565,471
602,453,643,453,643,473,602,473
651,454,701,457,700,477,649,473
706,458,745,458,745,478,706,478
380,496,421,502,418,520,378,515
433,498,457,498,457,517,433,517
508,501,556,501,556,522,508,522
563,501,661,501,661,521,563,521
677,503,754,503,754,522,677,522
378,522,419,522,419,540,378,540
425,523,474,526,473,543,424,540
480,523,522,526,521,544,479,542
528,523,577,528,576,548,526,543
583,525,634,530,632,550,581,545
638,528,661,528,661,546,638,546
666,528,697,528,697,546,666,546
704,528,754,528,754,547,704,547
378,567,510,571,510,592,378,588
517,572,565,572,565,592,517,592
572,574,613,574,613,594,572,594
665,576,688,576,688,597,665,597
620,578,659,578,659,597,620,597
377,594,435,594,435,613,377,613
524,597,547,597,547,618,524,618
543,598,590,596,591,617,544,619
590,599,611,599,611,617,590,617
693,601,732,601,732,620,693,620
731,601,754,601,754,622,731,622
441,620,460,620,460,638,441,638
460,620,490,620,490,640,460,640
505,622,528,622,528,640,505,640
375,642,509,645,508,666,374,663
514,647,535,647,535,665,514,665
541,651,581,648,582,667,542,670
634,649,659,649,659,674,634,674
588,650,629,650,629,666,588,666
375,668,433,668,433,688,375,688
522,672,553,672,553,693,522,693
551,672,590,672,590,691,551,691
588,674,611,674,611,691,588,691
663,674,731,674,731,697,663,697
729,675,752,675,752,695,729,695
437,695,489,695,489,715,437,715
503,695,526,695,526,716,503,716
373,716,507,719,506,740,373,737
512,719,562,722,561,742,511,740
569,722,610,722,610,741,569,741
615,722,659,728,656,748,613,742
663,725,686,725,686,748,663,748
371,741,432,741,432,761,371,761
521,745,551,745,551,768,521,768
549,747,588,747,588,766,549,766
586,747,608,747,608,766,586,766
672,750,693,750,693,771,672,771
691,750,723,750,723,768,691,768
729,750,752,750,752,771,729,771
437,768,455,768,455,787,437,787
455,768,487,768,487,787,455,787
501,770,524,770,524,789,501,789
370,815,411,820,408,840,367,835
444,818,483,818,483,837,444,837
492,819,540,819,540,839,492,839
416,821,437,821,437,837,416,837
549,821,597,821,597,841,549,841
661,823,722,823,722,846,661,846
727,825,750,825,750,844,727,844
416,841,457,847,454,867,413,862
489,843,540,848,538,868,487,863
546,845,597,851,594,871,544,865
462,848,483,848,483,862,462,862
711,853,722,853,722,869,711,869
365,891,426,896,424,916,363,911
430,894,473,894,473,914,430,914
480,894,530,894,530,914,480,914
537,895,586,898,585,918,536,915
364,917,403,917,403,937,364,937
410,919,441,919,441,939,410,939
659,924,683,924,683,944,659,944
681,926,729,926,729,949,681,949
727,926,752,926,752,948,727,948
362,942,394,942,394,964,362,964
439,943,481,947,479,967,437,963
487,946,530,946,530,967,487,967
400,948,432,948,432,967,400,967
546,948,576,948,576,967,546,967
681,951,722,951,722,974,681,974
672,955,683,955,683,971,672,971
727,953,750,953,750,972,727,972
722,964,731,964,731,972,722,972
361,969,414,969,414,992,361,992
419,971,451,971,451,990,419,990
457,971,510,971,510,994,457,994
514,972,558,972,558,994,514,994
563,974,606,974,606,994,563,994
612,974,674,977,673,1000,610,997
378,996,401,996,401,1015,378,1015
407,1001,430,1001,430,1017,407,1017
377,1022,400,1022,400,1042,377,1042
405,1022,447,1024,446,1044,404,1041
377,1047,417,1047,417,1068,377,1068
425,1051,457,1051,457,1070,425,1070
462,1054,514,1054,514,1076,462,1076
375,1074,417,1074,417,1095,375,1095
453,1076,496,1081,493,1104,451,1098
423,1079,446,1079,446,1097,423,1097
501,1078,554,1083,552,1105,499,1100
560,1081,592,1081,592,1100,560,1100
599,1083,640,1083,640,1102,599,1102
361,1155,405,1158,403,1179,359,1175
411,1156,464,1163,462,1184,408,1177
539,1159,573,1165,569,1186,536,1180
469,1163,501,1163,501,1179,469,1179
578,1163,633,1163,633,1186,578,1186
508,1165,531,1165,531,1181,508,1181
638,1166,661,1166,661,1184,638,1184
668,1166,700,1166,700,1186,668,1186
707,1170,741,1170,741,1188,707,1188
389,1182,434,1188,431,1210,387,1204
439,1186,471,1186,471,1205,439,1205
478,1186,510,1186,510,1207,478,1207
508,1188,579,1188,579,1211,508,1211
588,1189,622,1189,622,1211,588,1211
668,1193,700,1193,700,1213,668,1213
627,1195,661,1195,661,1216,627,1216
346,1237,371,1237,371,1259,346,1259
377,1237,409,1237,409,1259,377,1259
416,1238,553,1241,553,1265,415,1262
556,1242,612,1245,611,1268,555,1266
617,1245,670,1245,670,1268,617,1268
697,1248,750,1248,750,1271,697,1271
