476,152,585,152,585,170,476,170
438,169,623,164,625,226,439,231
309,234,410,234,410,265,309,265
421,236,451,236,451,265,421,265
462,235,534,242,531,271,460,264
638,238,723,236,724,267,638,269
544,238,629,238,629,270,544,270
238,265,297,265,297,297,238,297
307,266,355,266,355,298,307,298
391,268,437,268,437,298,391,298
666,270,697,270,697,298,666,298
732,268,779,268,779,298,732,298
448,271,520,275,519,303,446,298
528,270,574,270,574,302,528,302
583,272,611,272,611,300,583,300
610,272,626,272,626,298,610,298
638,273,666,273,666,300,638,300
240,301,326,304,325,334,239,330
240,336,297,336,297,364,240,364
298,337,337,337,337,366,298,366
350,336,410,336,410,366,350,366
419,337,464,337,464,366,419,366
476,339,517,339,517,368,476,368
241,398,316,407,312,438,237,429
337,403,533,405,533,437,337,434
530,405,601,405,601,435,530,435
241,437,327,437,327,467,241,467
339,439,412,439,412,469,339,469
722,437,793,437,793,467,722,467
422,440,522,446,520,475,420,469
558,441,642,441,642,469,558,469
241,471,313,471,313,503,241,503
337,473,453,473,453,505,337,505
464,474,535,474,535,503,464,503
241,505,300,505,300,535,241,535
339,508,355,508,355,533,339,533
460,608,574,608,574,661,460,661
380,615,439,615,439,654,380,654
600,614,655,617,653,654,597,650
240,695,357,695,357,729,240,729
355,697,400,697,400,725,355,725
668,697,754,697,754,725,668,725
668,763,711,763,711,793,668,793
707,761,754,761,754,791,707,791
779,764,791,764,791,787,779,787
368,763,410,763,410,795,368,795
425,764,480,764,480,793,425,793
490,763,522,763,522,793,490,793
533,764,578,764,578,795,533,795
241,766,286,766,286,795,241,795
297,764,357,764,357,795,297,795
709,829,756,826,758,857,711,860
672,830,715,830,715,860,672,860
240,834,313,834,313,866,240,866
339,834,385,834,385,864,339,864
661,864,761,864,761,896,661,896
240,869,302,869,302,901,240,901
718,933,802,933,802,962,718,962
606,933,650,933,650,964,606,964
455,937,498,937,498,967,455,967
396,937,442,937,442,969,396,969
282,939,345,939,345,971,282,971
759,965,805,965,805,997,759,997
718,969,763,969,763,999,718,999
581,971,654,971,654,1003,581,1003
455,971,499,971,499,1003,455,1003
410,972,444,972,444,1004,410,1004
313,976,343,976,343,1006,313,1006
241,981,254,981,254,1004,241,1004
692,1039,766,1036,767,1068,693,1071
581,1040,627,1040,627,1072,581,1072
638,1040,681,1040,681,1072,638,1072
469,1043,517,1046,514,1079,467,1075
526,1045,570,1045,570,1074,526,1074
323,1047,401,1047,401,1081,323,1081
412,1051,458,1051,458,1077,412,1077
265,1051,314,1051,314,1083,265,1083
681,1075,742,1077,741,1110,679,1107
567,1077,611,1077,611,1109,567,1109
512,1081,558,1081,558,1111,512,1111
425,1081,501,1081,501,1115,425,1115
626,1083,670,1083,670,1109,626,1109
357,1085,417,1090,415,1119,355,1115
297,1088,339,1088,339,1116,297,1116
542,1116,599,1116,599,1147,542,1147
455,1116,531,1116,531,1149,455,1149
588,1154,629,1154,629,1182,588,1182
487,1156,533,1156,533,1186,487,1186
544,1156,590,1156,590,1186,544,1186
428,1157,474,1157,474,1186,428,1186
645,1221,730,1219,731,1251,645,1253
397,1228,472,1225,473,1255,398,1257
487,1227,647,1227,647,1255,487,1255
327,1230,389,1230,389,1257,327,1257
