268,239,376,245,375,264,267,258
381,247,443,249,442,267,380,265
243,263,280,269,277,284,240,277
281,269,310,269,310,282,281,282
313,269,350,273,348,287,312,283
353,272,383,274,382,289,352,287
386,276,417,276,417,289,386,289
420,276,461,276,461,289,420,289
125,278,153,278,153,293,125,293
230,321,285,321,285,346,230,346
292,327,347,331,346,352,290,348
350,329,402,329,402,354,350,354
408,330,477,330,477,356,408,356
133,346,169,351,167,366,131,362
172,347,223,356,220,375,169,366
250,356,274,356,274,373,250,373
297,357,336,361,335,376,296,373
368,361,406,365,405,380,367,377
407,367,438,362,440,379,410,384
458,364,516,364,516,380,458,380
518,364,555,366,554,380,518,378
121,373,156,373,156,390,121,390
156,374,214,378,213,395,155,392
212,378,260,381,259,399,211,396
263,380,298,384,297,400,261,397
301,385,318,385,318,400,301,400
322,386,346,386,346,401,322,401
350,387,406,390,405,405,349,402
409,388,462,388,462,404,409,404
468,389,492,389,492,402,468,402
116,397,149,397,149,414,116,414
154,396,202,404,199,420,151,412
204,404,233,404,233,420,204,420
400,412,417,412,417,428,400,428
414,412,449,412,449,426,414,426
112,421,146,424,145,442,110,439
149,423,193,427,191,444,148,439
217,430,241,430,241,444,217,444
280,432,318,436,316,450,278,446
398,436,449,436,449,454,398,454
502,436,544,436,544,454,502,454
541,436,577,436,577,453,541,453
108,453,266,460,265,480,107,473
268,462,317,464,317,483,267,481
322,466,370,466,370,486,322,486
413,466,453,466,453,488,413,488
456,466,504,466,504,488,456,488
373,468,409,468,409,488,373,488
506,468,534,468,534,485,506,485
276,490,315,492,314,506,275,504
388,494,452,494,452,514,388,514
518,496,549,496,549,516,518,516
546,496,584,496,584,514,546,514
91,519,144,525,141,547,88,542
144,525,176,525,176,542,144,542
240,530,264,530,264,545,240,545
86,547,140,553,137,577,83,571
143,551,194,555,193,576,141,573
516,561,560,561,560,581,516,581
556,561,594,561,594,580,556,580
81,591,135,597,132,621,78,615
137,596,176,596,176,617,137,617
518,600,600,602,599,625,518,623
77,626,124,626,124,648,77,648
128,628,196,628,196,649,128,649
200,628,240,628,240,649,200,649
332,633,378,633,378,653,332,653
520,637,565,637,565,660,520,660
562,637,601,637,601,657,562,657
72,668,106,668,106,689,72,689
110,668,141,668,141,690,110,690
142,669,170,669,170,692,142,692
174,668,230,668,230,690,174,690
532,674,601,674,601,697,532,697
72,724,108,724,108,746,72,746
110,725,157,725,157,748,110,748
181,725,345,725,345,748,181,748
106,758,194,758,194,789,106,789
70,762,104,762,104,788,70,788
197,764,229,764,229,788,197,788
233,765,292,765,292,786,233,786
68,800,127,802,126,824,67,822
578,804,604,804,604,824,578,824
132,806,189,806,189,824,132,824
69,838,126,838,126,860,69,860
132,838,181,838,181,861,132,861
185,840,238,840,238,860,185,860
564,840,602,840,602,860,564,860
544,841,565,841,565,861,544,861
69,874,131,879,130,900,68,896
134,876,184,876,184,897,134,897
188,876,241,876,241,896,188,896
569,904,597,904,597,921,569,921
528,905,560,905,560,925,528,925
143,904,225,908,223,932,141,928
72,908,109,908,109,928,72,928
113,909,138,909,138,930,113,930
226,909,270,909,270,928,226,928
274,906,319,913,315,935,270,927
537,944,585,944,585,960,537,960
436,946,539,944,540,961,437,964
93,948,122,948,122,966,93,966
167,950,371,947,372,966,168,969
376,947,433,950,432,970,375,967
126,950,165,950,165,966,126,966
312,976,368,972,369,988,313,991
373,974,413,974,413,988,373,988
270,976,308,976,308,988,270,988
443,989,501,987,501,997,444,999
152,990,181,990,181,1000,152,1000
188,991,228,992,227,1001,187,999
265,992,286,992,286,1001,265,1001
293,992,329,992,329,1001,293,1001
374,990,398,990,398,1002,374,1002
403,993,437,991,437,1000,404,1001
234,993,258,993,258,1000,234,1000
336,993,370,993,370,1002,336,1002
