378,170,415,176,413,187,376,181
346,173,375,173,375,185,346,185
306,176,345,176,345,186,306,186
375,233,418,233,418,248,375,248
342,236,374,234,376,249,343,252
288,238,306,238,306,248,288,248
310,237,343,240,343,252,309,249
315,271,336,271,336,280,315,280
408,270,441,275,439,285,407,280
346,303,366,303,366,315,346,315
381,318,403,318,403,328,381,328
436,320,450,320,450,330,436,330
450,321,470,321,470,331,450,331
276,336,300,336,300,343,276,343
276,350,351,352,351,365,276,363
353,351,373,351,373,363,353,363
371,350,386,350,386,363,371,363
368,370,381,370,381,380,368,380
381,370,403,370,403,381,381,381
265,385,303,385,303,396,265,396
296,401,321,401,321,413,296,413
325,401,356,401,356,413,325,413
356,403,376,403,376,413,356,413
256,405,271,405,271,415,256,415
271,405,290,405,290,415,271,415
385,420,405,420,405,431,385,431
440,420,451,420,451,430,440,430
453,420,473,420,473,431,453,431
266,436,303,436,303,448,266,448
223,438,266,438,266,450,223,450
376,453,396,453,396,465,376,465
255,455,286,455,286,466,255,466
288,455,323,455,323,465,288,465
326,455,346,455,346,465,326,465
348,455,375,455,375,465,348,465
225,458,250,458,250,466,225,466
370,470,385,470,385,480,370,480
385,470,406,470,406,480,385,480
435,470,453,470,453,480,435,480
455,470,475,470,475,480,455,480
283,488,303,488,303,500,283,500
223,490,266,490,266,501,223,501
418,503,433,503,433,513,418,513
286,504,320,506,319,518,286,516
321,505,340,505,340,515,321,515
366,505,386,505,386,515,366,515
388,505,415,505,415,513,388,513
341,506,365,506,365,515,341,515
223,508,246,508,246,515,223,515
248,508,265,508,265,516,248,516
370,520,385,520,385,531,370,531
386,520,408,520,408,531,386,531
441,520,456,520,456,530,441,530
458,520,478,520,478,530,458,530
246,540,304,538,305,549,246,551
221,540,248,540,248,551,221,551
415,553,441,553,441,565,415,565
361,555,380,555,380,566,361,566
381,553,415,555,414,568,381,566
325,556,360,556,360,566,325,566
221,558,246,558,246,568,221,568
248,558,285,558,285,568,248,568
286,558,323,558,323,566,286,566
458,570,480,570,480,581,458,581
388,571,410,571,410,583,388,583
220,591,305,591,305,603,220,603
353,605,393,607,393,620,352,618
393,606,400,606,400,616,393,616
401,606,421,606,421,618,401,618
425,606,438,606,438,616,425,616
221,608,241,608,241,620,221,620
298,608,318,608,318,620,298,620
320,608,330,608,330,618,320,618
331,608,353,608,353,620,331,620
243,610,263,610,263,620,243,620
273,610,298,610,298,621,273,621
461,621,483,621,483,633,461,633
379,624,411,622,412,634,380,637
453,623,461,623,461,633,453,633
219,644,306,642,306,654,220,656
355,660,376,660,376,671,355,671
378,660,393,660,393,670,378,670
251,661,313,661,313,673,251,673
220,663,250,663,250,673,220,673
315,663,353,663,353,673,315,673
390,676,411,676,411,688,390,688
448,676,463,676,463,686,448,686
463,676,485,676,485,686,463,686
375,678,390,678,390,690,375,690
218,698,306,696,306,709,218,711
351,715,403,713,403,727,351,729
298,715,350,715,350,726,298,726
221,718,255,718,255,728,221,728
276,718,296,718,296,728,276,728
255,720,275,720,275,728,255,728
450,730,465,730,465,741,450,741
465,728,488,728,488,741,465,741
376,731,391,731,391,745,376,745
390,730,413,730,413,743,390,743
218,751,308,751,308,765,218,765
378,768,406,768,406,781,378,781
306,770,330,770,330,783,306,783
329,771,378,769,378,782,330,784
408,770,423,770,423,780,408,780
245,771,293,771,293,785,245,785
220,773,243,773,243,785,220,785
466,783,490,783,490,798,466,798
391,785,415,785,415,800,391,800
451,786,466,786,466,798,451,798
376,788,391,788,391,801,376,801
218,809,306,807,307,821,218,823
436,825,453,825,453,836,436,836
411,826,435,826,435,838,411,838
360,828,378,828,378,840,360,840
381,828,411,828,411,838,381,838
278,830,296,830,296,841,278,841
331,830,360,830,360,840,331,840
218,831,248,831,248,843,218,843
248,831,278,831,278,843,248,843
298,831,330,831,330,841,298,841
455,843,470,843,470,855,455,855
470,841,493,841,493,855,470,855
395,845,418,845,418,858,395,858
385,846,395,846,395,858,385,858
216,870,308,867,308,880,216,884
354,887,398,885,398,898,355,900
400,886,431,886,431,898,400,898
318,886,335,886,335,900,318,900
335,886,353,886,353,900,335,900
241,890,265,890,265,903,241,903
265,888,286,888,286,903,265,903
288,888,311,888,311,901,288,901
215,891,240,891,240,903,215,903
398,903,421,903,421,920,398,920
381,906,398,906,398,920,381,920
213,911,235,911,235,925,213,925
236,910,266,910,266,925,236,925
266,910,281,910,281,923,266,923
475,921,500,921,500,936,475,936
461,925,476,925,476,936,461,936
398,925,421,925,421,940,398,940
383,928,398,928,398,940,383,940
211,931,235,931,235,946,211,946
235,931,260,931,260,946,235,946
275,958,293,958,293,971,275,971
298,960,315,960,315,970,298,970
210,960,242,962,241,975,209,973
241,961,258,961,258,973,241,973
478,968,505,968,505,983,478,983
455,970,480,970,480,983,455,983
295,976,323,976,323,990,295,990
323,976,353,976,353,986,323,986
273,978,295,978,295,990,273,990
210,978,241,978,241,993,210,993
241,980,273,980,273,991,241,991
478,993,505,993,505,1008,478,1008
456,996,480,996,480,1008,456,1008
316,1001,345,1001,345,1013,316,1013
288,1003,315,1003,315,1016,288,1016
271,1005,286,1005,286,1016,271,1016
220,1008,241,1008,241,1021,220,1021
456,1015,481,1015,481,1030,456,1030
480,1015,505,1015,505,1030,480,1030
350,1016,378,1016,378,1031,350,1031
283,1025,301,1025,301,1036,283,1036
241,1026,281,1026,281,1038,241,1038
481,1036,506,1036,506,1051,481,1051
465,1038,481,1038,481,1051,465,1051
271,1041,301,1041,301,1056,271,1056
285,1063,418,1063,418,1080,285,1080
420,1063,453,1063,453,1080,420,1080
258,1066,281,1066,281,1081,258,1081
350,1085,408,1085,408,1100,350,1100
293,1090,315,1090,315,1101,293,1101
315,1088,345,1088,345,1103,315,1103
366,1161,464,1159,465,1182,366,1184
265,1163,371,1163,371,1191,265,1191
53,1164,179,1171,177,1199,52,1192
183,1166,265,1166,265,1196,183,1196
53,1200,111,1200,111,1225,53,1225
115,1197,173,1202,171,1227,113,1223
175,1197,251,1202,249,1227,173,1223
255,1200,303,1200,303,1223,255,1223
