369,165,499,156,501,182,370,191
336,166,375,166,375,190,336,190
480,186,550,186,550,211,480,211
388,194,479,187,481,212,390,219
293,195,393,197,393,223,292,221
374,224,483,220,484,246,375,250
338,226,378,226,378,251,338,251
100,228,258,228,258,265,100,265
320,230,338,230,338,250,320,250
377,256,498,249,499,274,378,281
348,256,380,256,380,280,348,280
383,310,436,310,436,331,383,331
338,311,378,311,378,335,338,335
301,313,331,313,331,336,301,336
255,315,296,315,296,338,255,338
490,332,591,325,592,348,491,355
466,335,495,335,495,356,466,356
341,340,403,340,403,363,341,363
159,347,331,341,332,366,160,372
103,351,153,351,153,375,103,375
565,356,606,353,607,376,567,379
504,360,569,357,570,380,505,383
445,365,508,362,509,384,446,387
152,379,201,375,202,399,153,402
105,380,155,380,155,403,105,403
521,416,597,409,600,434,523,441
438,423,465,423,465,445,438,445
352,429,394,423,397,447,355,453
320,428,350,428,350,450,320,450
153,435,206,435,206,458,153,458
106,436,146,436,146,460,106,460
345,456,371,456,371,478,345,478
298,458,338,458,338,480,298,480
251,460,290,460,290,481,251,481
200,463,254,460,255,484,201,487
106,466,194,463,195,486,106,488
562,472,611,469,612,490,563,493
548,473,565,473,565,493,548,493
370,483,410,483,410,505,370,505
346,486,371,486,371,505,346,505
107,495,266,487,267,510,108,518
573,498,615,498,615,521,573,521
540,503,575,503,575,521,540,521
325,543,350,543,350,563,325,563
278,545,318,545,318,566,278,566
228,548,270,548,270,566,228,566
570,558,618,558,618,580,570,580
555,561,570,561,570,580,555,580
375,570,415,570,415,591,375,591
351,571,366,571,366,591,351,591
580,586,621,586,621,610,580,610
545,591,573,591,573,610,545,610
585,646,626,646,626,670,585,670
550,650,586,650,586,670,550,670
321,658,373,658,373,683,321,683
235,663,289,659,291,685,236,689
296,663,321,663,321,683,296,683
176,666,230,666,230,690,176,690
116,670,170,670,170,693,116,693
575,678,616,678,616,701,575,701
540,681,566,681,566,700,540,700
261,690,315,690,315,715,261,715
236,693,251,693,251,716,236,716
176,695,230,695,230,720,176,720
116,700,171,700,171,723,116,723
590,708,631,708,631,730,590,730
553,710,591,710,591,730,553,730
251,720,290,720,290,746,251,746
176,726,244,722,246,747,178,752
115,729,171,727,172,751,116,753
590,738,631,735,632,758,591,760
555,740,583,740,583,761,555,761
130,756,185,756,185,781,130,781
190,756,231,756,231,780,190,780
593,768,635,768,635,790,593,790
568,770,595,770,595,790,568,790
180,785,221,782,222,808,181,810
230,785,270,785,270,808,230,808
118,788,172,784,174,810,120,814
410,804,464,800,466,826,412,829
473,801,536,801,536,825,473,825
363,806,403,806,403,833,363,833
278,810,306,810,306,835,278,835
218,815,269,810,271,836,220,841
315,811,355,811,355,833,315,833
490,891,543,891,543,918,490,918
368,896,410,896,410,921,368,921
416,896,483,896,483,920,416,920
320,900,360,900,360,925,320,925
257,903,311,900,312,926,258,929
211,903,250,903,250,930,211,930
603,921,645,921,645,945,603,945
480,923,533,923,533,948,480,948
540,925,594,922,595,944,541,947
455,926,481,926,481,950,455,950
371,930,446,927,447,951,371,953
270,936,322,932,324,955,271,959
333,933,361,933,361,955,333,955
175,940,264,936,265,961,176,964
126,943,166,943,166,966,126,966
483,985,525,985,525,1010,483,1010
533,985,575,985,575,1008,533,1008
398,986,426,986,426,1013,398,1013
435,988,476,988,476,1013,435,1013
325,990,391,990,391,1016,325,1016
275,995,316,992,318,1017,276,1020
238,996,268,996,268,1021,238,1021
190,998,231,998,231,1025,190,1025
494,1017,589,1014,590,1038,495,1041
588,1015,636,1015,636,1036,588,1036
387,1024,487,1017,489,1041,388,1048
237,1028,379,1021,380,1046,238,1053
127,1035,229,1028,231,1054,128,1061
