336,264,371,262,372,281,337,283
293,264,336,264,336,282,293,282
154,265,189,265,189,284,154,284
192,266,240,266,240,284,192,284
240,268,292,268,292,282,240,282
326,285,358,285,358,302,326,302
134,286,165,286,165,304,134,304
218,286,253,286,253,305,218,305
288,286,325,286,325,304,288,304
102,288,126,288,126,302,102,302
166,288,186,288,186,304,166,304
254,288,286,288,286,305,254,305
184,287,217,292,215,307,182,302
102,312,141,312,141,326,102,326
142,313,172,313,172,328,142,328
173,313,197,313,197,328,173,328
197,313,233,313,233,330,197,330
102,333,125,333,125,350,102,350
126,333,213,333,213,350,126,350
250,333,337,333,337,350,250,350
222,334,249,334,249,350,222,350
102,353,133,353,133,368,102,368
246,353,316,353,316,370,246,370
134,356,187,354,188,369,134,370
188,354,209,354,209,370,188,370
209,354,229,354,229,370,209,370
240,357,246,357,246,369,240,369
100,376,126,376,126,390,100,390
128,373,164,379,162,394,126,388
394,376,421,376,421,390,394,390
269,377,294,377,294,392,269,392
318,377,338,377,338,392,318,392
346,377,393,377,393,390,346,390
232,378,252,378,252,392,232,392
121,398,140,398,140,414,121,414
92,400,118,400,118,414,92,414
142,400,162,400,162,414,142,414
385,400,421,400,421,414,385,414
178,401,200,401,200,414,178,414
288,401,314,401,314,416,288,416
364,401,382,401,382,414,364,414
268,402,286,402,286,416,268,416
90,421,120,421,120,436,90,436
125,421,158,421,158,436,125,436
385,421,422,421,422,437,385,437
161,422,180,422,180,437,161,437
288,422,314,422,314,437,288,437
365,422,382,422,382,437,365,437
268,424,286,424,286,440,268,440
181,425,208,425,208,437,181,437
89,438,130,444,127,462,87,456
128,443,166,445,165,460,127,458
381,444,421,444,421,458,381,458
360,445,380,445,380,460,360,460
88,466,129,466,129,484,88,484
128,466,165,466,165,484,128,484
166,468,194,468,194,482,166,482
196,467,234,470,232,486,195,482
401,468,422,468,422,485,401,485
88,489,128,491,127,511,87,509
128,492,146,492,146,508,128,508
382,492,422,492,422,509,382,509
361,493,381,493,381,508,361,508
149,494,188,494,188,508,149,508
190,494,228,494,228,508,190,508
173,518,217,518,217,541,173,541
287,520,358,518,359,539,288,541
250,521,285,521,285,541,250,541
134,522,169,522,169,541,134,541
218,522,249,522,249,541,218,541
