247,371,359,379,358,400,245,392
364,382,427,384,426,403,363,402
220,404,260,404,260,421,220,421
262,405,292,405,292,424,262,424
294,408,332,410,331,428,293,426
336,411,367,413,366,431,334,429
369,414,400,414,400,433,369,433
402,416,445,416,445,433,402,433
94,425,128,425,128,441,94,441
209,470,266,470,266,498,209,498
271,474,329,479,327,505,269,500
332,480,384,480,384,506,332,506
388,478,459,481,458,509,387,506
109,505,145,505,145,524,109,524
149,505,202,511,200,532,147,525
229,509,254,509,254,529,229,529
277,513,318,513,318,532,277,532
348,516,388,518,387,536,347,534
387,520,417,515,421,536,390,541
440,518,497,518,497,537,440,537
498,520,534,520,534,538,498,538
98,532,192,536,191,556,98,553
192,536,251,539,250,559,191,557
253,541,300,541,300,561,253,561
302,542,351,548,348,568,300,562
350,548,384,548,384,565,350,565
386,548,418,548,418,565,386,565
422,545,469,551,467,570,419,564
469,549,492,549,492,568,469,568
496,549,521,549,521,568,496,568
261,572,297,572,297,588,261,588
365,574,394,574,394,594,365,594
392,574,426,574,426,593,392,593
487,576,517,579,515,599,485,596
512,578,548,578,548,597,512,597
92,598,248,604,247,624,91,618
250,605,298,605,298,625,250,625
302,606,388,609,387,630,301,626
390,610,434,610,434,626,390,626
438,610,472,610,472,632,438,632
476,612,502,612,502,630,476,630
258,637,296,637,296,652,258,652
364,638,393,638,393,660,364,660
392,638,426,638,426,657,392,657
488,641,518,641,518,661,488,661
514,641,550,641,550,660,514,660
85,667,244,669,243,691,85,689
246,672,285,672,285,692,246,692
331,670,379,676,376,697,328,691
287,676,327,674,329,694,288,696
381,674,408,674,408,693,381,693
204,702,214,702,214,718,204,718
254,704,294,704,294,721,254,721
362,705,393,705,393,726,362,726
390,705,426,705,426,725,390,725
490,706,520,706,520,728,490,728
516,706,552,706,552,726,516,726
78,740,165,740,165,760,78,760
165,740,238,740,238,761,165,761
243,740,282,744,280,765,240,760
284,741,381,741,381,764,284,764
458,742,488,742,488,765,458,765
496,742,522,742,522,762,496,762
388,744,454,744,454,762,388,762
198,774,210,774,210,789,198,789
252,774,292,774,292,792,252,792
365,774,426,774,426,796,365,796
490,774,521,774,521,796,490,796
517,774,553,774,553,794,517,794
67,813,121,819,119,844,64,838
121,818,154,818,154,840,121,840
520,845,557,845,557,865,520,865
67,843,120,849,118,873,64,867
485,846,525,846,525,868,485,868
122,848,174,853,172,874,119,868
66,876,112,876,112,897,66,897
114,878,180,878,180,898,114,898
182,878,221,878,221,898,182,898
522,881,558,881,558,901,522,901
485,882,525,882,525,904,485,904
308,884,352,884,352,902,308,902
57,910,101,910,101,929,57,929
102,912,130,912,130,930,102,930
133,913,158,913,158,932,133,932
162,912,215,915,214,933,161,931
520,916,556,916,556,933,520,933
481,917,521,917,521,936,481,936
92,946,120,946,120,964,92,964
122,948,158,948,158,965,122,965
161,948,348,951,347,969,161,966
352,951,406,956,404,976,350,971
408,952,504,952,504,970,408,970
501,953,545,953,545,968,501,968
254,976,290,978,289,993,254,991
293,981,344,976,346,993,295,997
349,980,386,980,386,994,349,994
140,993,170,993,170,1006,140,1006
174,993,215,995,214,1010,174,1007
273,995,308,997,307,1012,272,1010
246,997,269,997,269,1010,246,1010
312,997,346,997,346,1012,312,1012
218,998,241,998,241,1009,218,1009
350,998,373,998,373,1012,350,1012
413,998,469,998,469,1013,413,1013
376,1000,409,1000,409,1014,376,1014
473,1001,480,1001,480,1010,473,1010
