432,166,440,166,440,181,432,181
388,166,412,166,412,184,388,184
345,168,372,168,372,185,345,185
369,168,388,168,388,182,369,182
410,168,432,168,432,182,410,182
266,169,292,169,292,186,266,186
290,169,316,169,316,186,290,186
316,169,332,169,332,185,316,185
332,169,346,169,346,185,332,185
384,188,409,188,409,204,384,204
409,188,433,188,433,202,409,202
312,189,342,189,342,206,312,206
362,190,370,190,370,204,362,204
373,190,382,190,382,202,373,202
274,190,292,190,292,208,274,208
290,190,312,190,312,206,290,206
341,192,361,192,361,205,341,205
141,208,244,208,244,236,141,236
397,208,424,208,424,225,397,225
364,208,399,210,398,228,363,226
302,210,328,210,328,226,302,226
328,210,349,210,349,225,328,225
353,212,360,212,360,224,353,224
285,212,302,212,302,228,285,228
324,229,404,229,404,248,324,248
304,232,325,232,325,248,304,248
325,266,360,266,360,282,325,282
294,268,322,268,322,284,294,284
270,269,290,269,290,284,270,284
240,270,266,270,266,284,240,284
379,285,461,282,461,298,380,301
296,288,312,288,312,301,296,301
312,288,336,288,336,302,312,302
210,289,258,289,258,306,210,306
256,289,289,289,289,304,256,304
140,290,173,290,173,308,140,308
177,292,209,292,209,305,177,305
364,304,471,301,472,319,365,322
177,309,202,309,202,324,177,324
138,310,172,310,172,325,138,325
414,341,465,339,465,355,414,357
300,347,328,342,330,359,303,363
358,345,376,345,376,358,358,358
170,344,206,348,204,366,169,362
280,346,298,346,298,361,280,361
140,348,165,348,165,364,140,364
272,364,304,364,304,380,272,380
310,365,351,363,352,378,310,380
358,364,384,364,384,378,358,378
140,366,164,366,164,381,140,381
170,366,220,366,220,381,170,381
225,366,266,366,266,381,225,381
445,381,472,381,472,396,445,396
430,382,441,382,441,396,430,396
310,384,337,384,337,398,310,398
140,385,242,385,242,400,140,400
296,385,306,385,306,398,296,398
446,400,474,400,474,416,446,416
422,401,440,401,440,414,422,414
140,405,158,405,158,420,140,420
432,441,441,441,441,454,432,454
441,440,473,440,473,454,441,454
140,441,174,441,174,460,140,460
180,441,214,441,214,460,180,460
218,441,252,441,252,457,218,457
273,441,308,441,308,458,273,458
257,444,273,444,273,457,257,457
440,460,466,460,466,474,440,474
140,461,176,461,176,478,140,478
180,461,214,461,214,478,180,478
218,462,228,462,228,477,218,477
234,461,269,461,269,478,234,478
416,461,433,461,433,473,416,473
432,478,474,478,474,493,432,493
226,480,252,480,252,496,226,496
140,481,174,481,174,498,140,498
178,481,221,481,221,497,178,497
441,497,474,497,474,513,441,513
425,498,442,498,442,513,425,513
148,500,182,500,182,517,148,517
186,501,213,501,213,516,186,516
449,517,476,517,476,532,449,532
180,518,206,518,206,537,180,537
432,518,449,518,449,533,432,533
140,520,174,520,174,537,140,537
210,521,237,521,237,536,210,536
369,537,410,537,410,554,369,554
242,538,261,538,261,556,242,556
297,538,325,538,325,557,297,557
328,538,362,538,362,553,328,553
204,540,237,540,237,557,204,557
265,540,292,540,292,554,265,554
196,596,221,596,221,614,196,614
297,596,325,596,325,614,297,614
226,597,261,597,261,614,226,614
266,597,293,597,293,614,266,614
377,597,413,597,413,616,377,616
329,597,372,599,371,614,328,613
353,617,404,617,404,632,353,632
171,618,229,618,229,633,171,633
234,618,266,618,266,633,234,633
274,618,292,618,292,633,274,633
300,618,348,618,348,633,300,633
409,618,444,618,444,632,409,632
450,618,477,618,477,634,450,634
140,620,164,620,164,634,140,634
266,656,310,656,310,673,266,673
234,657,262,657,262,674,234,674
314,657,333,657,333,673,314,673
370,657,398,657,398,674,370,674
178,658,205,658,205,673,178,673
210,658,230,658,230,674,210,674
338,658,366,658,366,674,338,674
402,658,430,658,430,674,402,674
138,678,197,678,197,694,138,694
210,678,301,678,301,693,210,693
306,678,341,678,341,693,306,693
340,678,372,678,372,693,340,693
378,678,437,678,437,693,378,693
444,680,470,680,470,693,444,693
197,682,202,682,202,692,197,692
