394,468,446,468,446,485,394,485
301,469,390,469,390,486,301,486
313,496,338,496,338,513,313,513
400,496,425,496,425,510,400,510
426,496,462,496,462,509,426,509
281,497,312,497,312,513,281,513
340,497,369,497,369,510,340,510
372,497,397,497,397,512,372,512
186,521,212,521,212,534,186,534
276,552,320,552,320,577,276,577
372,552,414,552,414,576,372,576
416,552,474,552,474,576,416,576
324,556,368,556,368,576,324,576
506,581,537,581,537,597,506,597
418,582,442,582,442,601,418,601
458,582,506,582,506,598,458,598
329,584,360,584,360,598,329,598
385,584,416,584,416,598,385,598
201,584,231,586,230,601,200,599
232,583,271,587,270,603,230,599
293,585,313,585,313,601,293,601
412,606,456,606,456,622,412,622
458,606,478,606,478,621,458,621
303,609,342,607,343,622,304,625
380,608,410,608,410,622,380,622
222,609,302,609,302,625,222,625
196,610,224,610,224,626,196,626
344,610,377,610,377,622,344,622
410,630,425,630,425,646,410,646
422,630,452,630,452,646,422,646
194,633,221,633,221,649,194,649
222,632,259,634,258,649,222,647
261,633,281,633,281,649,261,649
410,654,424,654,424,670,410,670
422,654,450,654,450,670,422,670
492,654,524,654,524,672,492,672
521,654,550,654,550,670,521,670
222,656,254,656,254,672,222,672
272,656,290,656,290,669,272,669
318,656,348,656,348,668,318,668
194,657,221,657,221,673,194,673
189,686,230,689,228,708,188,705
228,689,250,689,250,704,228,704
294,692,312,692,312,704,294,704
189,708,229,712,227,731,187,727
496,710,528,710,528,725,496,725
525,710,556,710,556,729,525,729
229,712,265,712,265,728,229,728
497,741,529,741,529,757,497,757
525,741,557,741,557,758,525,758
188,740,229,744,227,763,186,760
228,742,257,742,257,760,228,760
188,765,222,765,222,784,188,784
224,765,272,765,272,782,224,782
272,765,300,765,300,780,272,780
362,766,397,766,397,782,362,782
497,766,528,766,528,785,497,785
526,766,558,766,558,785,526,785
255,801,398,799,398,817,256,819
400,800,441,800,441,821,400,821
442,799,534,800,534,820,442,818
204,801,225,801,225,820,204,820
226,802,256,802,256,820,226,820
534,802,554,802,554,820,534,820
398,828,430,828,430,845,398,845
325,829,354,829,354,845,325,845
356,829,398,829,398,848,356,848
237,848,262,848,262,864,237,864
264,849,296,849,296,864,264,864
340,850,369,850,369,866,340,866
370,850,400,850,400,869,370,869
400,850,420,850,420,866,400,866
450,850,498,850,498,868,450,868
320,852,338,852,338,865,320,865
421,852,450,852,450,869,421,869
298,853,317,853,317,865,298,865
