522,96,560,96,560,120,522,120
433,99,514,99,514,129,433,129
560,99,588,99,588,124,560,124
585,126,665,126,665,152,585,152
537,129,576,129,576,156,537,156
499,131,528,131,528,158,499,158
437,133,490,133,490,160,437,160
362,138,400,138,400,161,362,161
400,140,428,140,428,165,400,165
633,160,677,157,679,184,635,187
498,166,629,160,630,188,500,193
426,170,489,170,489,193,426,193
352,172,378,172,378,197,352,197
389,176,414,176,414,195,389,195
651,192,718,196,716,224,649,220
575,199,641,194,643,221,576,225
725,195,752,195,752,215,725,215
514,200,568,203,567,230,512,227
476,202,517,202,517,231,476,231
428,204,467,204,467,227,428,227
315,210,394,204,396,234,317,240
254,208,310,214,307,241,252,235
598,229,666,226,668,253,599,256
675,227,741,227,741,250,675,250
551,231,592,231,592,257,551,257
466,236,517,236,517,261,466,261
368,238,419,238,419,265,368,265
528,240,540,240,540,256,528,256
318,240,362,246,358,272,314,265
428,241,457,241,457,261,428,261
268,243,309,243,309,268,268,268
687,258,753,255,755,282,688,285
650,259,679,259,679,286,650,286
578,265,618,265,618,289,578,289
528,266,569,266,569,291,528,291
629,268,640,268,640,286,629,286
467,269,522,272,520,297,466,295
382,272,410,272,410,297,382,297
332,273,373,273,373,298,332,298
417,275,458,275,458,298,417,298
297,279,323,279,323,297,297,297
639,293,692,297,689,324,636,319
590,297,631,297,631,321,590,321
540,298,579,298,579,323,540,323
492,300,531,300,531,325,492,325
407,304,448,304,448,329,407,329
457,304,483,304,483,327,457,327
359,305,396,305,396,330,359,330
677,327,715,327,715,352,677,352
638,329,668,329,668,353,638,353
604,330,631,330,631,359,604,359
494,334,522,334,522,359,494,359
530,333,595,336,593,362,528,359
457,336,482,336,482,359,457,359
409,336,449,342,446,365,406,360
325,339,350,339,350,362,325,362
361,339,401,339,401,362,361,362
433,368,677,360,678,391,434,399
677,364,702,364,702,382,677,382
350,369,423,369,423,396,350,396
495,400,690,397,690,424,496,427
690,398,716,398,716,416,690,416
339,405,437,402,438,427,339,430
445,406,495,404,496,423,446,425
607,460,704,457,705,483,608,487
485,465,583,462,584,488,485,491
340,467,462,464,463,491,341,494
557,494,609,492,611,517,558,519
619,491,684,496,682,522,617,517
690,494,741,494,741,519,690,519
401,498,451,498,451,521,401,521
460,498,501,498,501,521,460,521
510,498,551,498,551,519,510,519
305,499,345,499,345,528,305,528
353,499,393,499,393,522,353,522
270,501,297,501,297,524,270,524
654,551,755,551,755,578,654,578
509,557,634,553,635,579,510,583
341,560,369,560,369,586,341,586
437,560,501,560,501,588,437,588
270,562,333,567,331,592,268,587
691,583,755,583,755,608,691,608
643,586,683,586,683,610,643,610
608,588,636,588,636,611,608,611
464,589,529,594,528,619,462,615
537,589,601,592,601,617,536,615
403,592,455,592,455,615,403,615
330,594,391,594,391,615,330,615
270,595,323,595,323,618,270,618
691,653,734,644,739,669,696,678
745,649,757,649,757,668,745,668
610,649,686,649,686,674,610,674
502,652,601,650,601,675,503,677
269,655,442,652,443,679,270,682
451,652,494,652,494,677,451,677
684,677,727,677,727,704,684,704
732,677,761,677,761,702,732,702
647,679,686,679,686,707,647,707
463,684,552,681,553,711,464,714
549,683,578,683,578,706,549,706
270,686,346,686,346,711,270,711
686,741,729,741,729,766,686,766
727,741,764,741,764,766,727,766
650,743,690,743,690,771,650,771
428,747,494,747,494,771,428,771
503,747,563,747,563,768,503,768
368,748,419,748,419,773,368,773
270,749,323,754,321,780,268,775
330,754,355,754,355,773,330,773
503,777,568,782,566,807,501,802
430,780,495,782,494,806,429,803
331,781,386,786,383,810,328,805
393,784,419,784,419,802,393,802
417,841,483,841,483,864,417,864
494,841,554,841,554,862,494,862
355,843,409,843,409,866,355,866
265,843,346,847,344,874,263,869
657,868,775,865,775,894,658,897
327,875,368,875,368,898,327,898
265,876,320,876,320,901,265,901
684,900,778,893,780,922,687,929
494,901,546,901,546,926,494,926
672,901,686,901,686,921,672,921
428,903,483,903,483,928,428,928
366,905,421,905,421,928,366,928
263,908,304,908,304,932,263,932
314,910,357,910,357,935,314,935
597,932,681,932,681,958,597,958
469,933,526,933,526,958,469,958
535,933,590,933,590,958,535,958
391,935,462,935,462,960,391,960
262,939,330,936,331,964,263,966
339,937,384,937,384,962,339,962
286,971,314,971,314,994,286,994
325,974,352,974,352,992,325,992
325,1000,378,1005,376,1027,323,1022
286,1003,314,1003,314,1026,286,1026
284,1033,341,1033,341,1060,284,1060
350,1033,394,1033,394,1058,350,1058
403,1036,471,1036,471,1061,403,1061
594,1060,649,1060,649,1084,594,1084
538,1061,581,1061,581,1084,538,1084
392,1061,450,1069,447,1095,388,1088
459,1062,531,1067,529,1092,457,1088
281,1067,339,1067,339,1092,281,1092
350,1070,378,1070,378,1088,350,1088
570,1156,645,1156,645,1181,570,1181
658,1156,688,1156,688,1181,658,1181
699,1156,745,1156,745,1179,699,1179
516,1156,564,1162,561,1188,513,1181
752,1157,796,1157,796,1177,752,1177
334,1162,408,1166,407,1192,332,1187
474,1163,503,1163,503,1182,474,1182
263,1165,321,1165,321,1189,263,1189
417,1165,462,1165,462,1184,417,1184
700,1186,745,1186,745,1213,700,1213
586,1189,634,1189,634,1214,586,1214
471,1194,573,1186,575,1216,473,1224
375,1193,417,1193,417,1220,375,1220
430,1193,464,1193,464,1220,430,1220
645,1195,690,1195,690,1220,645,1220
301,1195,364,1201,362,1226,299,1221
464,1205,474,1205,474,1216,464,1216
752,1252,825,1252,825,1278,752,1278
636,1255,711,1255,711,1284,636,1284
549,1257,626,1257,626,1284,549,1284
344,1262,538,1258,539,1286,345,1291
284,1266,330,1266,330,1291,284,1291
241,1268,273,1268,273,1293,241,1293
