407,170,481,170,481,195,407,195
299,192,520,184,521,209,300,217
542,236,602,236,602,261,542,261
320,240,372,236,374,261,322,264
287,239,314,239,314,261,287,261
369,239,394,239,394,261,369,261
405,239,478,239,478,263,405,263
483,239,534,239,534,263,483,263
323,261,348,261,348,282,323,282
392,261,442,261,442,282,392,282
461,263,581,260,581,286,462,289
359,264,383,264,383,284,359,284
302,284,339,284,339,307,302,307
428,284,478,284,478,307,428,307
554,284,591,284,591,307,554,307
348,286,421,286,421,311,348,311
486,286,547,286,547,311,486,311
557,308,660,304,662,330,558,334
266,307,375,307,375,332,266,332
407,307,502,307,502,332,407,332
241,309,268,309,268,334,241,334
522,309,559,309,559,334,522,334
375,332,385,332,385,351,375,351
444,329,560,332,559,358,443,355
337,332,375,332,375,355,337,355
385,332,423,332,423,355,385,355
337,352,631,354,630,382,337,380
255,357,295,357,295,382,255,382
291,357,328,357,328,382,291,382
638,357,662,357,662,376,638,376
291,380,353,380,353,405,291,405
351,380,385,380,385,401,351,401
444,380,550,380,550,401,444,401
604,382,629,382,629,401,604,401
398,383,437,383,437,401,398,401
558,383,595,383,595,401,558,401
455,414,469,414,469,433,455,433
470,414,520,414,520,435,470,435
535,413,596,415,595,435,534,433
357,415,439,415,439,439,357,439
458,437,497,437,497,462,458,462
504,437,552,437,552,460,504,460
412,439,449,439,449,463,412,463
563,438,619,441,618,462,562,459
353,440,403,440,403,465,353,465
627,440,677,440,677,463,627,463
307,442,344,442,344,465,307,465
266,444,300,444,300,469,266,469
459,475,579,471,580,498,460,502
662,472,689,472,689,497,662,497
598,474,623,474,623,497,598,497
620,474,657,474,657,499,620,499
391,478,440,478,440,504,391,504
655,479,664,479,664,495,655,495
298,481,327,481,327,504,298,504
440,483,447,483,447,497,440,497
263,486,287,486,287,506,263,506
554,497,581,497,581,520,554,520
588,497,614,497,614,520,588,520
630,497,691,497,691,522,630,522
359,502,408,502,408,527,359,527
415,502,453,502,453,526,415,526
613,504,618,504,618,517,613,517
289,506,348,506,348,527,289,527
243,510,280,510,280,529,243,529
600,545,692,542,693,568,600,571
533,545,559,545,559,570,533,570
566,545,593,545,593,568,566,568
451,547,524,547,524,572,451,572
235,554,398,549,398,575,236,580
407,550,444,550,444,574,407,574
581,568,625,568,625,591,581,591
623,568,662,568,662,593,623,593
659,568,691,568,691,590,659,590
453,572,492,572,492,597,453,597
499,572,526,572,526,595,499,595
408,574,447,574,447,598,408,598
238,577,311,577,311,602,238,602
343,598,380,598,380,623,343,623
398,598,424,598,424,622,398,622
321,604,332,604,332,622,321,622
648,614,696,618,694,642,646,638
568,616,639,616,639,641,568,641
465,618,561,618,561,643,465,643
241,624,403,621,403,647,241,650
410,622,458,622,458,645,410,645
670,638,694,638,694,662,670,662
604,639,620,639,620,662,604,662
618,639,671,639,671,662,618,662
456,643,495,643,495,668,456,668
494,643,527,643,527,666,494,666
435,645,458,645,458,666,435,666
243,648,314,648,314,671,243,671
650,662,696,662,696,686,650,686
456,667,550,663,551,689,457,693
559,664,595,664,595,687,559,687
604,666,639,666,639,686,604,686
312,668,405,668,405,693,312,693
414,668,449,668,449,691,414,691
245,671,316,671,316,696,245,696
629,686,668,686,668,710,629,710
671,686,698,686,698,709,671,709
458,689,497,689,497,714,458,714
501,689,529,689,529,712,501,712
606,689,620,689,620,709,606,709
435,691,460,691,460,714,435,714
247,694,318,694,318,718,247,718
606,710,632,710,632,734,606,734
538,714,550,714,550,734,538,734
559,712,598,712,598,735,559,735
270,718,305,718,305,739,270,739
314,719,351,719,351,741,314,741
550,726,597,726,597,760,550,760
662,734,698,734,698,755,662,755
526,735,552,735,552,758,526,758
606,735,655,735,655,758,606,758
250,740,406,736,407,762,250,766
414,737,463,737,463,762,414,762
471,736,520,739,518,763,469,760
597,758,623,758,623,783,597,783
630,758,670,758,670,782,630,782
675,758,702,758,702,780,675,780
460,760,499,760,499,785,460,785
504,760,533,760,533,783,504,783
437,762,453,762,453,782,437,782
250,764,321,764,321,787,250,787
351,766,362,766,362,782,351,782
460,783,581,783,581,808,460,808
583,783,637,785,636,809,582,806
638,783,702,783,702,806,638,806
250,785,408,785,408,810,250,810
415,785,453,785,453,808,415,808
678,805,703,805,703,828,678,828
462,806,499,806,499,831,462,831
506,806,533,806,533,830,506,830
597,806,634,806,634,831,597,831
630,806,671,806,671,830,630,830
252,808,323,808,323,833,252,833
428,808,455,808,455,831,428,831
462,830,545,830,545,854,462,854
586,829,637,832,636,857,585,854
642,831,703,829,704,853,643,856
252,831,410,831,410,856,252,856
417,831,455,831,455,854,417,854
552,831,577,831,577,853,552,853
463,853,502,853,502,878,463,878
599,852,637,855,636,880,597,877
632,853,673,853,673,878,632,878
670,853,703,853,703,876,670,876
254,854,323,854,323,879,254,879
430,854,465,854,465,879,430,879
508,854,534,854,534,878,508,878
309,878,360,878,360,901,309,901
396,878,447,878,447,901,396,901
275,879,311,879,311,901,275,901
254,901,412,901,412,925,254,925
419,901,467,901,467,925,419,925
474,901,524,901,524,925,474,925
533,901,581,901,581,924,533,924
588,901,650,901,650,925,588,925
657,901,705,901,705,925,657,925
510,924,536,924,536,949,510,949
601,926,673,922,674,947,602,950
680,924,707,924,707,947,680,947
254,925,325,925,325,949,254,949
431,925,465,925,465,949,431,949
463,925,504,925,504,949,463,949
657,946,706,949,705,975,656,972
254,949,312,949,312,972,254,972
311,949,412,949,412,973,311,973
421,949,469,949,469,972,421,972
476,949,526,949,526,973,476,973
534,950,545,950,545,970,534,970
545,949,582,949,582,972,545,972
590,949,652,949,652,973,590,973
636,970,682,970,682,993,636,993
682,970,707,970,707,991,682,991
255,972,325,972,325,997,255,997
433,972,460,972,460,997,433,997
456,972,504,972,504,997,456,997
511,972,536,972,536,995,511,995
604,972,638,972,638,995,604,995
682,1014,709,1014,709,1037,682,1037
591,1016,638,1016,638,1039,591,1039
638,1016,677,1016,677,1039,638,1039
257,1017,307,1021,305,1046,255,1041
343,1018,392,1018,392,1043,343,1043
399,1020,460,1020,460,1043,399,1043
467,1020,524,1020,524,1041,467,1041
311,1021,335,1021,335,1041,311,1041
650,1037,675,1037,675,1061,650,1061
312,1042,359,1045,358,1066,311,1064
403,1042,461,1045,460,1068,402,1066
467,1042,518,1045,517,1067,466,1064
367,1045,391,1045,391,1062,367,1062
259,1074,330,1077,328,1102,258,1098
335,1075,383,1075,383,1100,335,1100
391,1077,451,1077,451,1100,391,1100
458,1077,513,1077,513,1098,458,1098
593,1094,639,1094,639,1116,593,1116
638,1094,684,1094,684,1114,638,1114
682,1094,709,1094,709,1116,682,1116
261,1098,307,1098,307,1121,261,1121
314,1100,348,1100,348,1119,314,1119
639,1126,678,1126,678,1149,639,1149
684,1126,709,1126,709,1146,684,1146
584,1128,632,1128,632,1148,584,1148
263,1131,310,1134,309,1155,262,1153
316,1133,360,1133,360,1153,316,1153
373,1133,405,1133,405,1153,373,1153
430,1137,485,1137,485,1149,430,1149
684,1158,707,1158,707,1178,684,1178
639,1160,677,1160,677,1181,639,1181
616,1162,630,1162,630,1180,616,1180
351,1165,398,1165,398,1187,351,1187
407,1165,453,1165,453,1187,407,1187
472,1165,506,1165,506,1185,472,1185
264,1167,298,1167,298,1187,264,1187
307,1171,343,1171,343,1189,307,1189
605,1182,676,1179,677,1202,606,1204
684,1180,705,1180,705,1199,684,1199
463,1185,497,1185,497,1205,463,1205
407,1187,453,1187,453,1208,407,1208
264,1189,300,1189,300,1208,264,1208
353,1189,399,1189,399,1208,353,1208
309,1190,344,1190,344,1210,309,1210
552,1203,618,1203,618,1222,552,1222
497,1205,545,1205,545,1226,497,1226
440,1206,488,1206,488,1226,440,1226
268,1208,325,1208,325,1231,268,1231
332,1208,367,1208,367,1228,332,1228
375,1208,435,1208,435,1229,375,1229
486,1226,533,1226,533,1245,486,1245
421,1228,486,1228,486,1249,421,1249
289,1231,314,1231,314,1249,289,1249
323,1233,346,1233,346,1249,323,1249
509,1247,557,1244,558,1267,510,1269
563,1245,611,1245,611,1267,563,1267
455,1247,502,1247,502,1270,455,1270
293,1249,316,1249,316,1267,293,1267
378,1248,436,1250,435,1271,377,1268
325,1251,367,1251,367,1269,325,1269
607,1265,643,1265,643,1286,607,1286
296,1269,307,1269,307,1285,296,1285
307,1269,339,1269,339,1286,307,1286
590,1270,598,1270,598,1285,590,1285
348,1270,383,1270,383,1288,348,1288
391,1272,435,1272,435,1290,391,1290
296,1283,311,1283,311,1301,296,1301
309,1285,341,1285,341,1302,309,1302
543,1286,586,1286,586,1308,543,1308
350,1288,373,1288,373,1304,350,1304
382,1287,427,1290,426,1308,381,1306
499,1288,534,1288,534,1308,499,1308
435,1289,491,1292,490,1310,434,1307
407,1324,440,1324,440,1341,407,1341
480,1326,515,1329,513,1348,478,1344
522,1327,579,1327,579,1347,522,1347
449,1329,472,1329,472,1343,449,1343
439,1341,474,1341,474,1359,439,1359
526,1345,556,1345,556,1363,526,1363
478,1347,515,1347,515,1363,478,1363
