330,232,359,228,361,243,332,247
189,234,218,236,217,249,188,247
300,234,330,234,330,249,300,249
218,236,256,238,255,252,218,250
256,240,297,240,297,252,256,252
323,250,350,246,352,261,325,264
149,249,169,249,169,262,149,262
174,249,198,249,198,264,174,264
199,250,240,256,238,270,197,264
294,252,324,252,324,266,294,266
241,254,268,254,268,268,241,268
268,254,293,254,293,268,268,268
149,267,182,269,181,282,148,279
181,270,205,270,205,284,181,284
206,272,225,272,225,285,206,285
225,274,254,274,254,286,225,286
150,284,168,284,168,297,150,297
169,284,239,288,238,302,168,298
267,290,335,286,336,300,268,304
246,292,268,292,268,302,246,302
150,300,177,300,177,313,150,313
178,305,201,305,201,316,178,316
202,304,218,304,218,316,202,316
258,304,320,304,320,317,258,317
220,305,234,305,234,317,220,317
234,305,250,305,250,317,234,317
385,317,402,317,402,326,385,326
341,321,383,317,384,328,342,332
150,318,172,318,172,330,150,330
173,319,201,322,199,335,171,331
284,324,305,324,305,334,284,334
377,333,406,333,406,346,377,346
360,336,377,336,377,348,360,348
144,337,168,337,168,350,144,350
169,338,189,338,189,352,169,352
189,340,205,340,205,352,189,352
300,340,322,340,322,352,300,352
206,341,230,341,230,353,206,353
284,341,298,341,298,353,284,353
378,349,408,349,408,364,378,364
362,352,377,352,377,365,362,365
144,351,179,357,176,371,142,366
300,356,322,356,322,369,300,369
177,357,200,357,200,369,177,369
202,358,216,358,216,368,202,368
284,357,300,357,300,369,284,369
378,368,409,365,410,379,380,382
362,369,378,369,378,382,362,382
145,370,169,370,169,385,145,385
178,374,185,374,185,384,178,384
302,373,324,373,324,385,302,385
285,374,301,374,301,386,285,386
380,385,410,382,411,396,381,399
373,388,380,388,380,398,373,398
146,390,154,390,154,401,146,401
156,388,188,390,187,404,155,402
302,389,325,389,325,402,302,402
188,390,214,390,214,404,188,404
294,392,302,392,302,402,294,402
214,392,244,392,244,404,214,404
378,401,410,401,410,416,378,416
354,404,377,404,377,417,354,417
145,403,177,406,175,422,143,418
177,406,206,409,205,423,176,420
396,420,412,420,412,434,396,434
145,425,177,425,177,438,145,438
177,426,206,426,206,440,177,440
208,428,230,428,230,440,208,440
230,427,263,429,262,441,230,439
380,440,414,438,415,453,381,455
356,441,381,441,381,456,356,456
146,441,179,446,177,462,144,458
177,446,193,446,193,460,177,460
228,446,254,446,254,460,228,460
194,448,225,448,225,460,194,460
306,466,363,463,364,480,306,483
214,468,250,468,250,486,214,486
277,468,306,468,306,485,277,485
184,470,212,470,212,485,184,485
250,470,274,470,274,484,250,484
