433,228,442,228,442,246,433,246
341,226,368,226,368,252,341,252
197,229,229,229,229,250,197,250
369,229,402,229,402,250,369,250
229,229,264,229,264,252,229,252
265,230,289,230,289,252,265,252
308,229,344,229,344,252,308,252
402,230,432,230,432,250,402,250
289,232,309,232,309,253,289,253
205,258,229,258,229,281,205,281
229,260,258,260,258,281,229,281
400,260,432,260,432,280,400,280
260,261,300,261,300,282,260,282
332,262,344,262,344,284,332,284
345,261,358,261,358,280,345,280
362,261,397,261,397,281,362,281
300,265,329,265,329,285,300,285
8,268,160,275,158,313,6,306
220,290,244,290,244,312,220,312
380,290,414,290,414,312,380,312
245,292,280,292,280,313,245,313
280,292,310,292,310,313,280,313
314,292,329,292,329,312,314,312
331,291,380,294,378,316,329,313
244,318,273,318,273,342,244,342
272,318,341,318,341,342,272,342
338,318,385,318,385,342,338,342
1,364,60,364,60,386,1,386
61,365,176,369,175,391,60,387
309,374,353,374,353,394,309,394
362,375,482,371,483,394,362,397
161,397,210,400,208,420,160,417
217,400,265,400,265,421,217,421
273,402,320,404,319,423,272,421
0,418,57,418,57,442,0,442
57,422,92,422,92,441,57,441
329,432,481,432,481,452,329,452
0,445,36,445,36,468,0,468
45,450,80,450,80,470,45,470
80,449,174,454,173,475,79,469
0,473,22,473,22,494,0,494
32,477,58,477,58,496,32,496
67,477,125,483,123,502,65,496
125,481,160,481,160,500,125,500
212,932,296,937,295,958,211,953
