492,129,549,129,549,156,492,156
444,133,492,133,492,161,444,161
393,135,444,135,444,161,393,161
361,138,393,138,393,161,361,161
417,163,444,163,444,192,417,192
510,163,560,163,560,192,510,192
560,163,615,163,615,190,560,190
458,165,510,165,510,188,458,188
444,167,458,167,458,188,444,188
297,172,348,172,348,199,297,199
348,172,416,172,416,195,348,195
515,195,542,195,542,220,515,220
542,195,569,195,569,218,542,218
569,195,602,195,602,218,569,218
434,195,484,200,481,228,431,223
483,197,515,197,515,224,483,224
80,197,265,199,264,246,79,243
416,200,432,200,432,224,416,224
384,204,416,204,416,229,384,229
329,205,383,208,382,233,328,231
313,208,327,208,327,229,313,229
405,234,545,226,547,253,407,261
371,234,405,234,405,261,371,261
425,291,483,291,483,316,425,316
369,295,414,295,414,320,369,320
314,298,359,298,359,323,314,323
259,302,304,302,304,327,259,327
548,316,664,311,666,340,549,345
506,318,540,318,540,345,506,345
356,326,428,323,429,350,357,353
540,325,549,325,549,343,540,343
203,337,344,328,346,357,205,366
145,337,204,337,204,364,145,364
76,339,135,339,135,368,76,368
548,349,666,343,668,371,550,377
482,355,553,355,553,380,482,380
133,370,189,366,191,393,135,397
300,379,410,355,421,406,311,429
76,371,135,371,135,398,76,398
177,407,302,387,308,427,183,446
610,412,670,412,670,441,610,441
583,419,611,419,611,441,583,441
385,421,430,421,430,453,385,453
485,421,515,421,515,446,485,446
330,426,375,426,375,453,330,453
131,429,193,432,191,461,130,458
74,432,119,432,119,462,74,462
581,446,642,446,642,478,581,478
542,449,572,449,572,482,542,482
444,451,530,451,530,482,444,482
400,453,432,453,432,485,400,485
343,459,401,456,403,483,345,487
286,460,332,460,332,489,286,489
115,466,161,466,161,494,115,494
172,466,218,466,218,490,172,490
229,466,275,466,275,489,229,489
72,467,103,467,103,494,72,494
626,480,672,480,672,510,626,510
570,483,618,483,618,512,570,512
385,487,432,487,432,519,385,519
330,489,377,489,377,519,330,519
70,498,262,491,263,523,71,530
628,549,675,546,677,574,630,577
574,551,620,551,620,579,574,579
320,562,380,562,380,590,320,590
218,563,281,563,281,594,218,594
147,565,209,565,209,595,147,595
291,567,320,567,320,590,291,590
74,567,136,567,136,599,74,599
659,581,675,581,675,606,659,606
265,597,325,597,325,627,265,627
218,597,252,597,252,629,218,629
149,601,209,601,209,631,149,631
76,602,138,602,138,634,76,634
631,613,679,613,679,645,631,645
576,615,624,615,624,647,576,647
236,633,282,633,282,663,236,663
148,640,225,635,227,665,149,669
78,640,140,640,140,670,78,670
633,649,679,649,679,679,633,679
574,650,626,650,626,683,574,683
94,675,154,675,154,706,94,706
165,675,211,675,211,702,165,702
624,687,682,683,684,713,626,717
594,686,627,686,627,716,594,716
152,707,197,707,197,738,152,738
78,709,140,709,140,739,78,739
209,711,257,711,257,738,209,738
494,727,567,727,567,757,494,757
420,732,483,728,485,760,422,763
366,736,412,736,412,768,366,768
311,738,357,738,357,766,311,766
266,739,298,739,298,766,266,766
194,743,255,740,257,769,196,772
453,805,671,792,673,821,455,834
670,793,684,793,684,818,670,818
175,810,255,806,257,838,176,841
265,806,330,808,328,840,263,837
117,811,167,811,167,843,117,843
76,819,108,819,108,844,76,844
672,828,686,828,686,855,672,855
382,837,457,837,457,869,382,869
148,845,369,841,370,873,149,878
72,848,136,848,136,882,72,882
555,866,691,861,692,895,557,900
440,871,561,866,563,899,441,904
192,880,272,880,272,912,192,912
119,885,181,885,181,916,119,916
74,885,106,885,106,919,74,919
517,980,581,980,581,1012,517,1012
371,983,421,983,421,1015,371,1015
432,984,509,987,508,1016,431,1013
234,990,300,986,302,1019,236,1023
311,987,361,987,361,1019,311,1019
177,990,225,990,225,1022,177,1022
653,1011,702,1014,700,1044,651,1041
505,1015,569,1015,569,1049,505,1049
578,1019,641,1016,642,1043,580,1046
474,1017,508,1017,508,1051,474,1051
372,1022,464,1018,465,1052,373,1055
248,1027,314,1022,316,1056,251,1061
327,1024,362,1024,362,1056,327,1056
134,1033,241,1030,242,1061,135,1064
74,1040,120,1040,120,1067,74,1067
567,1090,617,1090,617,1122,567,1122
508,1092,558,1092,558,1124,508,1124
403,1097,437,1097,437,1129,403,1129
448,1097,499,1097,499,1129,448,1129
311,1101,394,1096,396,1130,313,1135
252,1102,302,1102,302,1136,252,1136
206,1106,243,1106,243,1138,206,1138
144,1108,195,1108,195,1141,144,1141
521,1128,634,1123,636,1157,523,1162
645,1127,695,1127,695,1156,645,1156
388,1136,510,1131,511,1166,389,1171
203,1145,378,1136,380,1171,204,1180
117,1152,129,1152,129,1181,117,1181
131,1150,192,1150,192,1181,131,1181
67,1152,115,1152,115,1186,67,1186
