402,544,449,544,449,566,402,566
452,544,490,544,490,565,452,565
284,548,338,548,338,569,284,569
237,552,279,548,281,568,239,573
338,550,401,548,401,566,338,568
356,572,437,569,437,590,357,592
441,572,476,572,476,590,441,590
314,574,354,574,354,593,314,593
216,577,250,577,250,596,216,596
253,576,312,578,311,597,252,595
177,581,206,581,206,598,177,598
290,606,333,606,333,626,290,626
225,608,260,608,260,625,225,625
261,608,289,608,289,625,261,625
177,609,222,609,222,626,177,626
352,630,453,627,453,646,353,649
320,632,352,632,352,649,320,649
204,634,307,631,308,650,205,653
176,636,202,636,202,653,176,653
357,654,428,654,428,673,357,673
338,656,358,656,358,673,338,673
302,657,326,657,326,674,302,674
254,658,278,658,278,677,254,677
278,658,300,658,300,676,278,676
176,660,214,660,214,678,176,678
216,661,256,661,256,681,216,681
466,680,521,680,521,697,466,697
522,680,556,680,556,697,522,697
432,681,457,681,457,698,432,698
374,682,404,682,404,698,374,698
330,684,353,684,353,702,330,702
207,686,250,690,248,709,205,705
173,689,205,689,205,706,173,706
498,709,554,709,554,728,498,728
382,712,396,712,396,728,382,728
397,712,430,712,430,729,397,729
446,712,458,712,458,726,446,726
248,717,270,717,270,734,248,734
165,718,201,718,201,737,165,737
208,718,244,718,244,734,208,734
493,736,506,736,506,754,493,754
509,736,554,736,554,756,509,756
161,740,208,744,206,766,160,762
208,743,251,745,250,765,207,763
532,765,556,765,556,784,532,784
253,772,285,772,285,790,253,790
288,771,336,773,335,791,287,789
208,773,250,773,250,792,208,792
162,774,208,774,208,793,162,793
510,796,557,794,558,813,510,815
494,796,508,796,508,813,494,813
281,801,325,801,325,820,281,820
161,800,208,804,206,826,160,822
206,802,230,802,230,822,206,822
232,802,278,802,278,821,232,821
396,830,482,826,483,852,397,856
352,830,394,830,394,856,352,856
258,832,312,832,312,858,258,858
313,834,350,834,350,857,313,857
216,840,257,837,258,858,217,860
