291,636,338,636,338,651,291,651
231,640,265,640,265,655,231,655
265,640,291,640,291,655,265,655
215,645,231,645,231,658,215,658
173,646,198,646,198,658,173,658
88,646,123,646,123,663,88,663
125,648,170,648,170,660,125,660
383,655,410,655,410,670,383,670
365,656,383,656,383,670,365,670
276,660,295,660,295,675,276,675
295,660,321,660,321,673,295,673
83,695,138,695,138,711,83,711
185,696,203,696,203,706,185,706
388,700,415,700,415,715,388,715
368,701,388,701,388,716,368,716
211,710,245,710,245,725,211,725
180,711,210,711,210,728,180,728
155,713,178,713,178,730,155,730
85,713,121,716,119,733,84,731
121,715,155,715,155,730,121,730
391,725,418,725,418,740,391,740
363,726,390,726,390,741,363,741
245,733,276,733,276,746,245,746
165,735,186,735,186,751,165,751
120,736,163,736,163,753,120,753
88,740,120,740,120,755,88,755
393,748,420,748,420,765,393,765
366,750,391,750,391,765,366,765
161,760,195,760,195,776,161,776
123,761,143,761,143,778,123,778
143,765,161,765,161,776,143,776
94,767,123,765,124,778,95,780
322,780,401,776,402,794,323,798
197,787,279,782,280,800,198,805
280,783,321,783,321,801,280,801
130,788,200,788,200,806,130,806
100,791,123,791,123,808,100,808
78,795,98,795,98,810,78,810
237,811,349,805,350,823,238,828
171,815,198,815,198,830,171,830
199,819,236,816,237,830,200,832
313,830,353,830,353,846,313,846
270,833,311,833,311,850,270,850
245,836,270,836,270,851,245,851
195,840,223,840,223,853,195,853
226,840,243,840,243,851,226,851
180,843,193,843,193,853,180,853
135,894,396,880,397,905,136,919
