620,208,691,196,696,225,625,237
604,211,624,211,624,236,604,236
488,233,574,217,580,247,493,262
413,249,481,235,487,263,419,276
620,250,694,240,698,268,623,278
536,264,609,251,615,281,542,295
328,266,393,254,398,282,333,294
491,274,530,268,534,296,495,302
431,286,482,277,487,304,435,312
325,304,423,287,428,315,330,332
436,368,615,340,620,370,441,398
380,377,426,377,426,403,380,403
572,437,608,437,608,466,572,466
506,444,561,439,564,471,509,476
739,459,828,443,834,476,745,492
446,455,499,448,503,476,450,484
387,462,438,457,441,485,390,490
592,480,677,473,679,505,595,511
694,510,836,493,840,522,698,539
307,516,370,508,373,534,310,542
668,521,679,521,679,538,668,538
249,521,297,521,297,546,249,546
598,523,652,520,653,545,599,548
208,526,240,526,240,551,208,551
309,554,463,538,466,565,311,581
282,563,295,563,295,579,282,579
554,568,623,560,626,586,557,594
206,563,266,563,266,592,206,592
508,570,542,570,542,597,508,597
448,579,494,574,496,599,450,604
371,586,435,580,437,606,374,612
277,598,355,589,357,613,280,622
204,601,268,601,268,626,204,626
515,650,659,640,661,672,517,682
465,660,516,654,520,685,469,691
384,665,450,657,454,691,388,699
341,668,377,668,377,695,341,695
796,672,856,666,859,694,799,700
277,676,330,671,332,697,279,702
202,682,266,676,269,702,205,709
748,677,768,677,768,702,748,702
643,684,683,684,683,709,643,709
786,686,800,686,800,704,786,704
483,701,567,690,571,719,487,731
634,699,645,699,645,711,634,711
296,714,410,703,412,732,299,742
205,723,298,713,301,741,208,751
805,759,862,759,862,787,805,787
757,763,791,763,791,791,757,791
618,773,658,773,658,800,618,800
795,777,807,777,807,793,795,793
291,796,368,796,368,827,291,827
231,803,281,803,281,834,231,834
814,844,866,844,866,873,814,873
764,848,816,848,816,880,764,880
453,869,535,869,535,898,453,898
358,880,442,873,444,899,360,905
297,882,348,882,348,908,297,908
218,887,282,887,282,912,218,912
816,887,871,887,871,914,816,914
766,891,803,891,803,917,766,917
807,905,816,905,816,917,807,917
440,916,504,913,505,939,441,941
342,920,428,916,429,945,343,948
265,926,332,926,332,953,265,953
823,928,875,928,875,956,823,956
220,930,254,930,254,955,220,955
773,933,809,933,809,962,773,962
814,948,825,948,825,962,814,962
522,949,606,949,606,981,522,981
422,958,510,954,511,981,423,986
362,964,410,964,410,990,362,990
300,967,350,967,350,994,300,994
238,971,288,971,288,992,238,992
661,1033,753,1026,756,1058,663,1064
546,1040,616,1036,618,1067,548,1071
634,1045,647,1045,647,1054,634,1054
478,1049,547,1044,549,1071,480,1076
371,1051,421,1051,421,1076,371,1076
432,1051,467,1051,467,1076,432,1076
732,1074,788,1069,791,1100,735,1106
663,1079,721,1074,724,1104,666,1109
599,1083,656,1083,656,1111,599,1111
309,1084,355,1084,355,1111,309,1111
362,1086,398,1086,398,1111,362,1111
466,1084,553,1084,553,1115,466,1115
407,1088,455,1088,455,1115,407,1115
