310,129,340,129,340,148,310,148
336,130,387,127,388,145,337,147
284,130,312,130,312,148,284,148
302,153,324,153,324,169,302,169
324,157,336,157,336,169,324,169
114,172,232,172,232,202,114,202
305,177,332,177,332,193,305,193
301,201,324,201,324,216,301,216
333,238,374,238,374,257,333,257
264,240,296,240,296,257,264,257
298,241,330,241,330,258,298,258
229,242,258,242,258,257,229,257
388,258,489,258,489,277,388,277
194,262,286,262,286,281,194,281
317,262,337,262,337,277,317,277
157,264,194,264,194,280,157,280
290,264,318,264,318,278,290,278
113,265,152,265,152,282,113,282
370,282,490,278,491,296,370,300
114,284,153,286,153,305,113,303
152,285,186,285,186,302,152,302
434,323,490,320,491,337,434,340
274,325,306,325,306,344,274,344
310,325,340,325,340,345,310,345
373,326,392,326,392,341,373,341
150,328,190,328,190,346,150,346
114,329,144,329,144,348,114,348
284,346,313,346,313,368,284,368
320,347,351,349,350,367,318,365
160,349,197,349,197,368,160,368
232,349,280,349,280,366,232,366
116,350,154,350,154,369,116,369
204,350,225,350,225,369,204,369
462,365,493,365,493,382,462,382
437,368,457,368,457,381,437,381
312,369,341,369,341,386,312,386
384,370,393,370,393,384,384,384
115,373,235,370,236,389,116,391
294,372,305,372,305,385,294,385
429,388,468,388,468,405,429,405
320,389,377,389,377,408,320,408
384,390,423,388,424,405,385,407
286,390,313,390,313,409,286,409
205,392,234,392,234,410,205,410
239,394,278,392,279,410,240,413
117,394,201,394,201,412,117,412
463,409,494,407,495,425,464,427
446,412,465,412,465,425,446,425
313,413,344,413,344,430,313,430
115,416,235,414,236,433,116,435
294,414,313,414,313,429,294,429
466,452,497,452,497,468,466,468
438,453,462,453,462,468,438,468
206,456,246,456,246,476,206,476
270,456,309,456,309,474,270,474
162,457,201,457,201,477,162,477
117,458,157,458,157,477,117,477
252,458,270,458,270,473,252,473
234,477,274,477,274,497,234,497
206,478,228,478,228,498,206,498
118,480,157,480,157,500,118,500
162,480,201,480,201,498,162,498
469,496,500,496,500,513,469,513
440,497,469,497,469,512,440,512
217,500,246,500,246,520,217,520
118,502,157,502,157,522,118,522
162,502,212,502,212,521,162,521
469,517,500,517,500,534,469,534
442,520,465,520,465,536,442,536
128,525,166,525,166,544,128,544
172,525,202,525,202,544,172,544
164,545,193,545,193,565,164,565
117,547,157,545,158,565,118,567
198,546,230,546,230,565,198,565
336,564,374,564,374,582,336,582
380,564,428,564,428,581,380,581
298,565,329,565,329,586,298,586
236,566,256,566,256,585,236,585
190,568,229,568,229,588,190,588
262,568,293,568,293,585,262,585
456,606,500,606,500,622,456,622
354,610,384,610,384,626,354,626
144,613,175,611,177,631,145,633
181,612,230,612,230,632,181,632
236,611,276,612,275,632,235,630
120,616,140,616,140,633,120,633
309,632,357,632,357,652,309,652
221,634,302,634,302,653,221,653
118,636,158,636,158,657,118,657
164,636,222,636,222,656,164,656
346,655,505,651,505,670,346,674
192,658,241,658,241,677,192,677
118,660,140,660,140,680,118,680
146,661,186,661,186,678,146,678
394,722,436,722,436,742,394,742
304,724,336,724,336,742,304,742
340,723,391,725,390,744,339,742
184,725,213,725,213,746,184,746
221,725,260,725,260,745,221,745
266,725,297,725,297,744,266,744
480,743,511,745,510,763,479,761
386,745,428,745,428,764,386,764
433,745,473,745,473,762,433,762
304,748,362,746,363,765,305,767
368,746,389,746,389,764,368,764
276,749,298,749,298,766,276,766
158,751,223,749,224,769,158,770
229,750,269,750,269,768,229,768
120,754,150,754,150,772,120,772
325,792,345,792,345,812,325,812
389,792,420,792,420,810,389,810
426,792,458,792,458,810,426,810
269,793,320,793,320,813,269,813
352,793,384,793,384,812,352,812
230,796,262,794,263,814,232,816
166,796,198,796,198,817,166,817
204,796,226,796,226,816,204,816
398,814,467,814,467,833,398,833
316,816,390,816,390,836,316,836
473,816,505,816,505,832,473,832
203,821,309,817,309,836,204,840
120,822,150,822,150,841,120,841
150,824,158,824,158,838,150,838
158,822,196,822,196,840,158,840
146,933,209,933,209,957,146,957
212,933,296,933,296,954,212,954
89,937,141,937,141,958,89,958
91,958,138,962,137,982,89,978
140,959,200,960,199,980,139,978
204,960,242,960,242,978,204,978
