586,460,625,460,625,490,586,490
623,461,638,461,638,485,623,485
543,468,586,465,587,491,545,493
493,471,503,471,503,493,493,493
510,470,545,470,545,495,510,495
428,470,468,470,468,498,428,498
468,471,491,471,491,498,468,498
391,475,430,475,430,500,391,500
550,498,588,498,588,526,550,526
590,500,601,500,601,521,590,521
507,505,549,502,551,526,508,529
456,506,466,506,466,528,456,528
473,505,508,505,508,530,473,530
431,506,456,506,456,531,431,531
601,530,642,527,644,554,604,557
525,531,565,531,565,561,525,561
565,531,605,531,605,558,565,558
498,536,521,536,521,561,498,561
415,538,453,538,453,566,415,566
455,538,498,538,498,565,455,565
398,543,410,543,410,565,398,565
175,541,343,541,343,585,175,585
550,566,598,566,598,591,550,591
440,573,549,568,550,593,442,598
640,622,709,619,710,643,642,646
578,625,643,625,643,651,578,651
518,626,566,626,566,651,518,651
239,641,369,635,370,660,240,666
178,645,241,645,241,670,178,670
480,661,533,661,533,685,480,685
418,663,471,663,471,688,418,688
355,666,408,666,408,690,355,690
605,686,713,682,714,705,606,710
545,688,608,688,608,711,545,711
178,703,243,703,243,731,178,731
241,705,281,705,281,728,241,728
230,736,371,730,372,754,231,760
180,736,220,736,220,761,180,761
255,768,361,763,362,785,256,791
181,766,208,766,208,795,181,795
220,770,248,770,248,791,220,791
