522,142,560,142,560,167,522,167
560,142,592,142,592,168,560,168
590,144,615,144,615,170,590,170
611,145,658,145,658,177,611,177
657,145,710,153,706,181,653,173
482,174,505,174,505,200,482,200
505,177,528,177,528,202,505,202
528,179,562,179,562,209,528,209
560,178,606,184,602,215,556,208
605,179,659,188,655,215,601,207
656,184,670,184,670,206,656,206
674,184,718,184,718,216,674,216
716,186,743,186,743,213,716,213
282,199,437,199,437,243,282,243
538,216,551,216,551,240,538,240
557,212,604,221,599,249,552,240
599,216,627,216,627,245,599,245
627,218,652,218,652,245,627,245
652,218,684,218,684,245,652,245
530,249,560,249,560,275,530,275
560,248,676,251,675,280,559,276
674,257,679,257,679,275,674,275
428,302,467,302,467,327,428,327
476,304,515,304,515,330,476,330
524,307,563,307,563,332,524,332
570,309,624,309,624,334,570,334
279,332,327,332,327,357,279,357
336,332,384,332,384,357,336,357
382,330,502,336,501,362,381,356
512,338,571,341,570,364,511,360
642,340,783,347,782,372,641,365
277,361,327,361,327,385,277,385
325,362,366,362,366,382,325,382
615,373,677,373,677,396,615,396
676,373,780,379,778,404,674,398
268,414,307,414,307,439,268,439
317,412,370,420,367,446,313,438
480,425,521,428,519,454,478,451
524,432,565,429,567,455,526,458
610,435,634,435,634,457,610,457
697,439,720,439,720,460,697,460
720,439,773,439,773,464,720,464
268,444,318,444,318,469,268,469
325,448,364,448,364,471,325,471
373,448,422,454,419,475,371,469
432,458,491,460,490,481,431,478
490,462,540,462,540,483,490,483
549,464,588,464,588,487,549,487
596,463,659,467,657,491,594,487
670,469,707,469,707,490,670,490
265,472,424,479,423,504,264,496
490,490,522,490,522,512,490,512
522,492,563,492,563,515,522,515
263,499,284,499,284,521,263,521
620,501,631,501,631,515,620,515
690,499,727,499,727,521,690,521
727,501,766,501,766,522,727,522
286,503,314,503,314,524,286,524
321,505,371,505,371,526,321,526
382,506,430,506,430,531,382,531
441,514,480,514,480,538,441,538
487,515,514,515,514,542,487,542
522,515,575,523,571,549,518,541
583,524,631,524,631,547,583,547
629,526,666,526,666,549,629,549
258,526,419,536,417,561,256,550
677,528,738,528,738,553,677,553
485,547,521,547,521,569,485,569
519,551,558,551,558,570,519,570
686,558,716,558,716,579,686,579
723,560,761,560,761,579,723,579
254,579,308,584,305,611,252,606
316,586,368,586,368,615,316,615
375,594,426,594,426,620,375,620
435,601,451,601,451,620,435,620
460,602,510,602,510,627,460,627
251,608,305,612,303,639,249,635
672,613,711,613,711,631,672,631
722,613,761,613,761,633,722,633
313,617,364,617,364,643,313,643
373,620,400,620,400,645,373,645
409,626,460,626,460,652,409,652
247,640,300,640,300,668,247,668
747,642,761,642,761,658,747,658
309,647,375,647,375,674,309,674
384,652,421,652,421,677,384,677
670,663,711,663,711,684,670,684
718,665,761,665,761,684,718,684
257,672,311,672,311,699,257,699
320,679,359,679,359,700,320,700
666,693,709,693,709,715,666,715
718,695,761,695,761,716,718,716
254,702,321,707,319,731,252,726
691,725,709,725,709,745,691,745
718,725,761,725,761,748,718,748
238,732,293,732,293,759,238,759
304,734,341,734,341,761,304,761
350,741,393,741,393,764,350,764
668,755,711,755,711,779,668,779
718,757,761,757,761,780,718,780
336,768,387,768,387,795,336,795
396,770,425,770,425,796,396,796
434,774,476,777,474,801,432,798
482,777,522,777,522,803,482,803
531,779,583,779,583,803,531,803
592,781,657,784,656,807,591,805
229,827,257,827,257,850,229,850
266,827,307,827,307,851,266,851
316,828,384,828,384,855,316,855
392,828,448,836,444,864,388,856
553,841,760,851,759,876,552,865
225,855,281,855,281,882,225,882
290,859,356,862,355,889,288,886
353,864,377,864,377,885,353,885
377,863,479,868,478,893,376,888
489,866,545,870,543,898,487,894
542,876,551,876,551,894,542,894
743,885,759,885,759,905,743,905
222,887,250,887,250,912,222,912
261,891,314,891,314,916,261,916
323,894,391,894,391,919,323,919
537,905,604,905,604,930,537,930
603,906,762,916,760,941,601,931
302,988,343,988,343,1015,302,1015
352,992,409,992,409,1020,352,1020
417,996,460,996,460,1022,417,1022
469,996,514,996,514,1024,469,1024
523,1002,592,1007,590,1032,521,1027
599,1006,656,1006,656,1035,599,1035
206,1019,247,1019,247,1044,206,1044
259,1022,354,1025,353,1052,258,1048
361,1029,403,1029,403,1051,361,1051
428,1031,458,1031,458,1056,428,1056
469,1032,550,1035,549,1061,468,1058
558,1038,586,1038,586,1061,558,1061
585,1037,643,1041,641,1067,583,1063
650,1045,706,1045,706,1068,650,1068
715,1045,757,1045,757,1072,715,1072
263,1088,307,1088,307,1118,263,1118
316,1093,348,1093,348,1120,316,1120
357,1095,401,1095,401,1122,357,1122
411,1094,485,1099,483,1128,409,1123
492,1100,521,1100,521,1129,492,1129
531,1106,576,1106,576,1132,531,1132
585,1106,627,1106,627,1134,585,1134
636,1111,681,1111,681,1138,636,1138
186,1125,231,1125,231,1150,186,1150
229,1125,243,1125,243,1149,229,1149
244,1124,300,1128,298,1156,242,1152
311,1129,467,1136,465,1163,310,1155
477,1135,586,1142,584,1170,475,1163
597,1142,697,1146,697,1173,596,1170
704,1150,748,1150,748,1173,704,1173
