489,150,513,150,513,170,489,170
348,152,376,152,376,169,348,169
374,152,402,152,402,170,374,170
402,152,461,152,461,170,402,170
461,152,489,152,489,170,461,170
345,176,364,176,364,194,345,194
364,176,421,176,421,194,364,194
421,174,464,180,462,199,419,194
464,176,490,176,490,194,464,194
490,176,514,176,514,194,490,194
185,192,304,192,304,224,185,224
473,200,502,200,502,218,473,218
358,201,377,201,377,220,358,220
380,201,408,201,408,220,380,220
408,201,432,201,432,220,408,220
434,200,474,202,473,223,433,221
373,224,452,224,452,244,373,244
450,224,486,224,486,242,450,242
300,266,330,266,330,285,300,285
362,266,393,266,393,285,362,285
397,266,437,266,437,285,397,285
336,268,357,268,357,285,336,285
184,286,221,286,221,306,184,306
228,287,266,288,265,307,227,305
265,288,320,288,320,308,265,308
477,288,553,288,553,305,477,305
318,290,356,290,356,308,318,308
361,290,382,290,382,306,361,306
382,290,408,290,408,305,382,305
460,290,478,290,478,304,460,304
182,309,221,309,221,329,182,329
221,310,257,310,257,328,221,328
486,310,562,310,562,328,486,328
442,312,488,312,488,328,442,328
496,353,553,353,553,372,496,372
184,354,213,354,213,373,184,373
220,353,259,355,258,375,219,373
369,357,399,355,401,374,371,376
345,357,366,357,366,374,345,374
433,357,453,357,453,373,433,373
184,377,224,377,224,394,184,394
230,377,258,377,258,396,230,396
380,378,417,378,417,394,380,394
424,378,481,378,481,396,424,396
265,380,312,380,312,396,265,396
318,380,348,380,348,397,318,397
354,380,374,380,374,397,354,397
184,400,204,400,204,417,184,417
210,400,269,400,269,418,210,418
310,401,338,401,338,418,310,418
274,404,284,404,284,417,274,417
292,402,309,402,309,418,292,418
345,402,366,402,366,418,345,418
184,422,304,422,304,440,184,440
496,422,526,422,526,440,496,440
524,422,561,422,561,438,524,438
345,424,373,424,373,440,345,440
380,424,408,424,408,440,380,440
184,445,206,445,206,461,184,461
496,445,525,445,525,460,496,460
524,445,561,445,561,460,524,460
185,486,224,486,224,506,185,506
230,486,268,486,268,506,230,506
274,486,313,486,313,506,274,506
337,488,374,488,374,505,337,505
320,489,336,489,336,505,320,505
496,489,532,489,532,505,496,505
533,489,564,489,564,506,533,506
185,508,224,508,224,528,185,528
230,509,269,509,269,528,230,528
273,509,284,509,284,526,273,526
292,509,330,509,330,528,292,528
486,511,553,511,553,526,486,526
184,530,224,530,224,550,184,550
284,530,312,530,312,549,284,549
229,532,278,532,278,550,229,550
496,534,532,534,532,549,496,549
533,534,564,534,564,550,533,550
193,553,233,553,233,573,193,573
238,554,268,554,268,573,238,573
496,556,525,556,525,570,496,570
533,556,562,556,562,573,533,573
184,574,222,574,222,594,184,594
229,574,258,574,258,594,229,594
264,577,294,577,294,594,264,594
553,582,561,582,561,593,553,593
255,598,293,596,294,617,256,619
300,597,320,597,320,617,300,617
361,597,392,597,392,618,361,618
397,597,436,597,436,617,397,617
442,598,488,598,488,617,442,617
326,600,356,600,356,617,326,617
209,642,238,642,238,662,209,662
245,644,293,644,293,662,245,662
298,642,339,645,338,664,297,661
416,644,544,646,543,662,415,659
182,646,204,646,204,662,182,662
544,649,552,649,552,661,544,661
553,650,560,650,560,661,553,661
361,664,408,665,407,685,360,683
182,666,212,666,212,685,182,685
217,666,265,666,265,686,217,686
281,666,354,666,354,685,281,685
265,670,274,670,274,684,265,684
544,672,553,672,553,685,544,685
182,689,202,689,202,708,182,708
253,689,302,689,302,708,253,708
209,690,248,690,248,708,209,708
406,690,481,690,481,708,406,708
480,689,564,691,563,710,479,707
245,756,273,756,273,774,245,774
280,756,318,756,318,776,280,776
361,756,392,756,392,776,361,776
325,757,356,757,356,776,325,776
398,758,447,760,446,777,398,775
452,758,492,758,492,778,452,778
182,780,210,780,210,797,182,797
218,780,282,780,282,798,218,798
289,781,326,781,326,798,289,798
334,781,356,781,356,798,334,798
362,781,418,781,418,798,362,798
424,781,444,781,444,796,424,796
442,781,482,781,482,798,442,798
488,784,528,784,528,800,488,800
533,783,564,785,563,803,532,801
226,824,257,824,257,844,226,844
380,824,401,824,401,844,380,844
262,825,284,825,284,844,262,844
289,825,320,825,320,844,289,844
325,825,374,825,374,844,325,844
444,825,473,825,473,845,444,845
406,826,437,826,437,845,406,845
480,828,510,828,510,845,480,845
181,848,218,848,218,865,181,865
217,847,254,850,253,866,216,863
261,849,365,849,365,866,261,866
370,849,442,849,442,865,370,865
452,848,525,850,525,867,451,865
524,852,553,852,553,866,524,866
