326,314,408,314,408,329,326,329
413,314,461,314,461,329,413,329
444,338,476,338,476,352,444,352
308,340,337,340,337,354,308,354
337,340,360,340,360,353,337,353
362,340,389,340,389,353,362,353
392,340,416,340,416,353,392,353
417,340,442,340,442,352,417,352
221,361,246,361,246,374,221,374
392,390,430,390,430,412,392,412
434,390,486,390,486,412,434,412
305,392,344,392,344,412,305,412
347,394,389,392,389,411,348,413
516,416,544,416,544,430,516,430
472,417,514,417,514,430,472,430
236,418,263,420,262,433,235,431
318,418,337,418,337,432,318,432
351,420,381,418,382,431,352,433
404,418,433,418,433,432,404,432
434,418,456,418,456,434,434,434
264,418,299,421,298,436,262,433
441,438,481,438,481,453,441,453
484,438,502,438,502,452,484,452
230,440,256,440,256,454,230,454
254,440,328,440,328,454,254,454
329,440,364,440,364,453,329,453
365,440,385,440,385,453,365,453
386,441,404,441,404,453,386,453
406,441,438,441,438,453,406,453
229,460,253,460,253,474,229,474
254,459,289,461,289,476,254,474
429,461,440,461,440,473,429,473
438,460,464,460,464,473,438,473
289,461,310,461,310,476,289,476
508,480,526,480,526,494,508,494
528,480,554,480,554,494,528,494
229,481,252,481,252,496,229,496
254,481,284,481,284,496,254,496
426,481,440,481,440,496,426,496
438,481,462,481,462,496,438,496
342,482,369,482,369,493,342,493
329,505,364,505,364,520,329,520
364,505,409,505,409,520,364,520
410,505,452,505,452,520,410,520
454,505,473,505,473,518,454,518
229,506,254,506,254,520,229,520
253,506,326,506,326,520,253,520
228,526,252,526,252,541,228,541
253,525,288,527,287,543,252,541
288,526,306,526,306,542,288,542
421,526,441,526,441,541,421,541
440,526,465,526,465,540,440,540
342,548,370,548,370,560,342,560
420,548,441,548,441,562,420,562
438,548,465,548,465,561,438,561
510,548,529,548,529,562,510,562
532,548,558,548,558,562,532,562
228,549,250,549,250,562,228,562
253,549,282,549,282,562,253,562
222,576,258,578,257,595,221,593
257,578,280,578,280,592,257,592
318,580,337,580,337,593,318,593
221,595,258,599,256,618,219,614
516,597,536,597,536,613,516,613
536,597,564,597,564,613,536,613
257,597,292,599,291,615,256,613
220,624,258,628,256,647,218,643
517,626,536,626,536,641,517,641
537,626,565,626,565,644,537,644
256,628,282,628,282,642,256,642
220,648,252,648,252,665,220,665
252,648,297,647,297,662,253,664
298,648,324,648,324,662,298,662
388,650,418,650,418,665,388,665
518,650,566,650,566,666,518,666
225,686,248,686,248,704,225,704
247,687,277,685,277,701,248,703
292,686,394,686,394,701,292,701
224,710,246,710,246,729,224,729
248,708,295,712,294,728,247,725
297,710,341,710,341,725,297,725
344,710,389,710,389,728,344,728
222,736,260,736,260,750,222,750
261,738,298,738,298,750,261,750
222,757,261,757,261,776,222,776
261,760,294,760,294,777,261,777
294,761,328,761,328,776,294,776
528,761,542,761,542,776,528,776
541,761,568,761,568,776,541,776
224,782,263,788,260,803,222,798
262,785,296,785,296,802,262,802
296,785,330,785,330,800,296,800
268,804,322,807,321,827,267,823
222,808,248,808,248,822,222,822
249,809,266,809,266,824,249,824
321,809,349,809,349,824,321,824
350,809,380,809,380,825,350,825
521,809,568,809,568,824,521,824
234,838,254,838,254,854,234,854
256,840,282,840,282,854,256,854
284,840,418,840,418,857,284,857
420,841,458,841,458,858,420,858
460,840,566,842,566,857,459,855
350,865,377,865,377,878,350,878
377,867,416,863,418,879,379,884
420,865,448,865,448,880,420,880
269,880,292,880,292,893,269,893
293,880,323,882,322,895,292,893
364,882,392,882,392,896,364,896
325,884,342,884,342,894,325,894
345,884,362,884,362,894,345,894
393,884,420,884,420,898,393,898
421,884,440,884,440,897,421,897
469,884,512,884,512,898,469,898
441,885,468,885,468,900,441,900
