356,397,434,397,434,417,356,417
256,400,348,400,348,420,256,420
205,401,249,401,249,421,205,421
363,421,395,418,396,432,364,435
397,420,422,420,422,432,397,432
301,421,324,421,324,434,301,434
329,421,361,421,361,434,329,434
217,424,241,424,241,436,217,436
242,424,273,424,273,436,242,436
276,424,300,424,300,436,276,436
276,438,297,438,297,452,276,452
329,438,365,438,365,452,329,452
339,453,471,450,472,463,340,467
321,453,338,453,338,466,321,466
286,454,317,454,317,466,286,466
256,456,286,456,286,468,256,468
166,456,194,459,193,471,165,469
192,459,237,456,238,469,193,472
240,458,256,458,256,468,240,468
190,485,227,480,229,495,192,500
228,483,265,481,265,494,229,496
164,484,190,484,190,497,164,497
288,494,329,494,329,508,288,508
204,496,241,498,241,512,203,510
242,497,282,497,282,509,242,509
162,498,201,498,201,512,162,512
245,512,288,512,288,524,245,524
198,513,241,513,241,525,198,525
161,514,197,514,197,528,161,528
446,528,486,528,486,541,446,541
350,530,384,530,384,542,350,542
306,532,321,532,321,544,306,544
210,533,234,533,234,545,210,545
237,533,264,533,264,545,237,545
229,552,254,552,254,564,229,564
257,553,273,553,273,564,257,564
180,553,201,553,201,565,180,565
202,553,228,553,228,565,202,565
366,560,392,560,392,573,366,573
448,560,465,560,465,572,448,572
466,560,493,560,493,572,466,572
349,561,366,561,366,573,349,573
209,564,242,564,242,577,209,577
243,562,280,565,279,579,241,575
178,565,209,565,209,577,178,577
165,569,172,569,172,577,165,577
177,578,213,578,213,593,177,593
232,592,264,592,264,606,232,606
204,594,232,594,232,605,204,605
453,597,470,597,470,610,453,610
472,597,498,597,498,610,472,610
350,598,369,598,369,612,350,612
368,598,394,598,394,610,368,610
158,604,168,604,168,616,158,616
173,608,208,610,207,624,172,622
224,622,250,622,250,637,224,637
252,621,287,623,286,639,251,637
172,625,205,625,205,638,172,638
208,625,222,625,222,637,208,637
456,629,474,629,474,642,456,642
476,629,502,629,502,642,476,642
350,630,369,630,369,644,350,644
370,630,397,630,397,642,370,642
156,636,162,636,162,646,156,646
170,640,196,640,196,654,170,654
198,640,222,640,222,653,198,653
452,660,473,660,473,673,452,673
473,660,505,660,505,673,473,673
166,662,213,660,213,676,166,678
214,661,249,661,249,676,214,676
214,690,253,690,253,706,214,706
453,690,474,690,474,704,453,704
476,690,506,690,506,705,476,705
165,692,213,692,213,708,165,708
254,696,261,696,261,705,254,705
477,706,510,706,510,724,477,724
200,708,246,708,246,725,200,725
454,708,476,708,476,722,454,722
164,709,197,709,197,724,164,724
248,709,278,709,278,724,248,724
280,713,286,713,286,722,280,722
196,725,228,725,228,740,196,740
164,726,193,726,193,741,164,741
484,745,512,745,512,760,484,760
177,746,208,746,208,761,177,761
209,748,238,744,240,760,211,763
240,746,270,746,270,762,240,762
462,746,482,746,482,760,462,760
165,750,177,750,177,761,165,761
