345,117,388,117,388,132,345,132
310,118,346,118,346,133,310,133
289,120,310,120,310,133,289,133
374,133,417,135,417,150,374,149
342,136,364,136,364,150,342,150
364,136,374,136,374,149,364,149
262,137,276,137,276,152,262,152
276,137,288,137,288,150,276,150
288,137,321,137,321,152,288,152
321,137,344,137,344,150,321,150
145,146,241,148,241,172,144,170
334,154,344,154,344,168,334,168
374,153,400,153,400,166,374,166
277,154,290,154,290,168,277,168
289,154,313,154,313,169,289,169
312,154,334,154,334,168,312,168
344,153,376,155,375,169,343,167
313,170,385,170,385,185,313,185
294,173,313,173,313,185,294,185
236,204,261,204,261,216,236,216
265,204,284,204,284,216,265,216
286,204,312,204,312,216,286,216
314,204,348,204,348,216,314,216
143,217,175,221,174,235,141,232
380,218,432,218,432,232,380,232
433,220,440,220,440,230,433,230
208,220,253,220,253,234,208,234
252,220,284,220,284,233,252,233
365,220,381,220,381,232,365,232
178,221,209,221,209,234,178,234
288,221,325,221,325,233,288,233
351,235,426,234,426,247,352,249
425,234,448,234,448,248,425,248
144,237,174,237,174,252,144,252
173,237,202,237,202,250,173,250
397,266,444,266,444,282,397,282
293,271,319,268,321,283,294,286
346,270,361,270,361,282,346,282
144,272,168,272,168,285,144,285
172,272,205,272,205,285,172,285
274,272,292,272,292,285,274,285
260,286,285,286,285,302,260,302
325,286,370,286,370,301,325,301
377,288,385,288,385,300,377,300
382,286,408,286,408,301,382,301
410,286,438,286,438,300,410,300
216,288,256,288,256,302,216,302
144,289,189,290,189,303,143,302
289,289,320,289,320,302,289,302
194,290,210,290,210,302,194,302
426,302,452,302,452,317,426,317
406,304,424,304,424,317,406,317
304,305,329,305,329,318,304,318
144,306,182,306,182,320,144,320
182,308,189,308,189,320,182,320
188,306,241,306,241,320,188,320
284,306,305,306,305,320,284,320
428,320,452,320,452,334,428,334
408,324,422,324,422,333,408,333
144,324,161,324,161,337,144,337
326,338,372,338,372,353,326,353
378,338,409,338,409,353,378,353
413,338,440,338,440,352,413,352
217,340,256,340,256,356,217,356
261,340,285,340,285,353,261,353
144,341,189,341,189,354,144,354
194,341,212,341,212,354,194,354
290,341,321,341,321,354,290,354
429,354,454,354,454,369,429,369
408,356,432,356,432,369,408,369
284,357,301,357,301,370,284,370
305,357,329,357,329,370,305,370
144,358,189,358,189,372,144,372
188,358,242,358,242,372,188,372
430,372,454,372,454,386,430,386
408,373,426,373,426,386,408,386
144,376,161,376,161,389,144,389
298,390,366,390,366,406,298,406
373,390,397,390,397,404,373,404
181,393,213,393,213,408,181,408
217,393,249,393,249,408,217,408
254,393,293,393,293,408,254,408
144,394,176,394,176,408,144,408
417,408,433,408,433,421,417,421
432,408,457,408,457,421,432,421
292,410,302,410,302,424,292,424
306,410,332,410,332,424,306,424
144,412,241,412,241,425,144,425
432,425,457,425,457,440,432,440
144,430,161,430,161,444,144,444
293,445,361,445,361,460,293,460
368,445,392,445,392,458,368,458
181,446,214,446,214,461,181,461
218,448,250,448,250,462,218,462
256,448,288,448,288,460,256,460
144,449,176,449,176,462,144,462
420,461,460,461,460,476,420,476
308,464,333,464,333,477,308,477
144,465,244,465,244,480,144,480
294,466,310,466,310,477,294,477
429,478,461,478,461,493,429,493
144,485,162,485,162,498,144,498
272,517,305,515,306,531,273,533
438,516,464,516,464,529,438,529
220,517,253,517,253,533,220,533
416,517,434,517,434,530,416,530
145,518,178,518,178,537,145,537
182,518,216,518,216,534,182,534
260,521,274,521,274,533,260,533
432,534,457,534,457,548,432,548
236,536,270,536,270,553,236,553
410,536,428,536,428,548,410,548
145,537,178,537,178,554,145,554
182,537,216,537,216,553,182,553
221,538,229,538,229,552,221,552
418,553,436,553,436,568,418,568
434,553,465,553,465,566,434,566
229,554,253,554,253,570,229,570
182,556,224,556,224,572,182,572
144,557,178,557,178,574,144,574
418,572,436,572,436,586,418,586
441,572,466,572,466,585,441,585
152,576,186,576,186,593,152,593
206,577,216,577,216,590,206,590
190,577,208,577,208,593,190,593
442,590,468,590,468,606,442,606
426,592,444,592,444,605,426,605
152,596,193,596,193,610,152,610
182,612,208,612,208,629,182,629
144,614,178,614,178,632,144,632
213,614,240,614,240,629,213,629
297,630,325,630,325,649,297,649
328,630,361,630,361,645,328,645
366,630,406,630,406,645,366,645
205,633,239,631,240,649,206,651
244,632,262,632,262,649,244,649
266,633,292,633,292,646,266,646
438,667,471,669,470,683,438,681
166,672,193,672,193,689,166,689
197,672,240,672,240,689,197,689
244,672,278,672,278,688,244,688
144,674,161,674,161,689,144,689
298,689,340,689,340,705,298,705
174,692,224,692,224,708,174,708
229,692,293,692,293,706,229,706
144,693,170,693,170,710,144,710
338,709,465,706,465,722,338,724
204,711,247,710,248,726,205,728
142,712,162,712,162,730,142,730
166,713,200,713,200,728,166,728
380,768,416,768,416,786,380,786
301,769,329,769,329,786,301,786
198,770,225,770,225,789,198,789
230,770,264,770,264,786,230,786
333,770,376,770,376,785,333,785
270,772,296,772,296,786,270,786
373,788,409,788,409,805,373,805
452,788,478,788,478,805,452,805
357,789,374,789,374,804,357,804
413,789,446,789,446,802,413,802
302,790,353,790,353,808,302,808
237,794,271,791,272,806,238,809
278,792,297,792,297,808,278,808
176,793,233,793,233,809,176,809
144,796,169,796,169,810,144,810
374,829,402,829,402,846,374,846
270,830,316,830,316,849,270,849
320,830,338,830,338,848,320,848
342,830,370,830,370,848,342,848
406,830,433,830,433,845,406,845
240,832,266,832,266,850,240,850
214,833,236,833,236,850,214,850
184,834,212,834,212,852,184,852
382,849,449,849,449,865,382,865
448,850,474,850,474,864,448,864
312,851,377,851,377,866,312,866
214,855,307,852,308,869,214,872
176,856,208,856,208,872,176,872
142,857,169,857,169,873,142,873
169,858,176,858,176,870,169,870
