456,134,504,134,504,154,456,154
396,139,440,136,442,155,397,159
339,140,394,139,395,158,340,160
302,144,336,144,336,160,302,160
256,147,299,144,301,162,257,165
224,148,254,145,255,163,225,166
174,150,223,148,224,166,174,168
314,166,356,162,358,182,316,186
447,189,478,185,480,202,449,206
481,186,513,186,513,201,481,201
401,189,446,189,446,204,401,204
362,190,389,195,387,209,360,204
326,193,358,193,358,206,326,206
268,196,324,196,324,212,268,212
226,197,256,197,256,210,226,210
164,198,190,198,190,213,164,213
193,198,225,198,225,212,193,212
365,210,400,210,400,225,365,225
314,211,363,212,362,229,314,227
274,214,300,214,300,228,274,228
366,229,409,229,409,244,366,244
322,230,366,230,366,245,322,245
264,234,319,232,320,246,265,248
390,254,442,252,443,271,390,274
322,258,387,257,388,274,322,276
233,258,274,258,274,277,233,277
277,260,320,260,320,276,277,276
304,286,391,284,392,299,305,301
280,288,302,288,302,301,280,301
200,317,216,317,216,329,200,329
217,317,256,317,256,330,217,330
149,318,166,318,166,330,149,330
166,318,193,318,193,329,166,329
337,338,376,338,376,350,337,350
290,340,312,340,312,352,290,352
318,340,336,340,336,350,318,350
254,341,277,341,277,354,254,354
276,341,292,341,292,352,276,352
150,342,186,342,186,357,150,357
190,342,228,342,228,354,190,354
226,342,256,342,256,353,226,353
270,365,304,367,303,381,269,379
149,369,174,369,174,382,149,382
176,369,212,369,212,384,176,384
218,370,238,370,238,380,218,380
238,369,269,369,269,382,238,382
424,393,437,393,437,406,424,406
478,400,497,400,497,414,478,414
361,404,384,404,384,417,361,417
306,405,324,405,324,420,306,420
208,408,233,408,233,421,208,421
236,411,267,409,268,419,237,421
418,412,442,412,442,425,418,425
247,446,277,444,277,457,248,459
477,445,496,445,496,460,477,460
497,445,524,445,524,460,497,460
210,446,246,446,246,458,210,458
182,448,209,448,209,460,182,460
380,449,411,447,412,461,381,463
362,449,381,449,381,462,362,462
244,462,270,462,270,476,244,476
198,464,218,464,218,478,198,478
220,464,240,464,240,477,220,477
182,465,200,465,200,478,182,478
182,486,210,486,210,500,182,500
212,486,246,486,246,498,212,498
249,486,277,486,277,498,249,498
478,486,497,486,497,501,478,501
498,486,525,486,525,501,498,501
382,488,413,488,413,502,382,502
362,489,381,489,381,504,362,504
180,508,210,504,212,519,182,523
382,524,413,524,413,538,382,538
428,524,452,524,452,538,428,538
373,526,382,526,382,540,373,540
216,529,247,527,248,543,217,545
181,530,214,530,214,545,181,545
216,557,252,557,252,572,216,572
253,557,277,557,277,572,253,572
182,558,213,558,213,573,182,573
384,560,416,560,416,577,384,577
428,560,457,560,457,574,428,574
372,561,384,561,384,576,372,576
181,577,209,577,209,592,181,592
482,597,501,597,501,612,482,612
384,598,414,598,414,613,384,613
502,598,529,598,529,612,502,612
365,600,382,600,382,613,365,613
233,603,281,605,281,620,232,618
158,606,168,606,168,618,158,618
180,603,231,606,230,621,179,618
480,630,500,630,500,645,480,645
502,630,532,630,532,645,502,645
148,634,186,637,185,655,146,652
478,674,537,674,537,689,478,689
150,678,182,678,182,693,150,693
185,677,223,681,222,697,184,693
485,709,504,709,504,724,485,724
504,709,540,709,540,722,504,722
149,711,201,714,200,730,148,727
201,714,230,714,230,726,201,726
456,741,489,741,489,766,456,766
484,741,541,739,542,768,485,770
202,746,261,746,261,769,202,769
265,745,313,745,313,770,265,770
146,746,198,746,198,772,146,772
478,777,506,777,506,793,478,793
506,777,542,777,542,793,506,793
149,778,180,778,180,793,149,793
181,781,209,781,209,794,181,794
501,801,542,801,542,826,501,826
150,804,178,804,178,821,150,821
180,804,204,804,204,822,180,822
205,804,254,804,254,821,205,821
477,804,504,804,504,825,477,825
149,838,169,838,169,852,149,852
172,838,189,838,189,852,172,852
190,838,224,840,223,855,189,853
225,840,252,840,252,852,225,852
170,868,201,868,201,881,170,881
213,868,249,868,249,881,213,881
205,870,209,870,209,878,205,878
252,870,257,870,257,878,252,878
396,917,425,915,426,930,397,932
268,916,307,919,306,933,267,930
308,916,356,920,355,935,307,932
358,918,393,918,393,932,358,932
445,958,482,958,482,973,445,973
230,960,270,960,270,973,230,973
269,960,293,960,293,974,269,974
305,960,336,960,336,974,305,974
367,961,411,958,412,973,368,976
340,964,365,964,365,974,340,974
413,962,441,962,441,974,413,974
