376,510,420,508,421,530,377,532
424,510,460,510,460,530,424,530
223,514,262,512,263,531,224,533
266,513,318,513,318,532,266,532
318,514,376,514,376,530,318,530
336,536,410,536,410,554,336,554
412,537,445,535,446,553,413,555
296,537,333,537,333,556,296,556
202,538,236,538,236,556,202,556
238,536,294,540,293,559,237,555
166,541,194,541,194,558,166,558
212,566,244,566,244,582,212,582
271,569,311,564,313,580,273,586
166,568,209,568,209,585,166,585
246,568,270,568,270,582,246,582
331,588,423,587,424,605,332,606
193,590,298,590,298,609,193,609
301,590,329,590,329,605,301,605
166,592,190,592,190,609,166,609
334,610,400,610,400,628,334,628
317,612,337,612,337,629,317,629
239,613,306,613,306,632,239,632
166,616,202,616,202,632,166,632
202,617,236,617,236,633,202,633
350,636,377,636,377,652,350,652
434,636,485,636,485,650,434,650
486,636,514,636,514,650,486,650
310,637,330,637,330,653,310,653
164,641,193,641,193,656,164,656
196,640,234,642,233,659,195,656
464,662,476,662,476,677,464,677
476,662,517,662,517,678,476,678
358,664,369,664,369,678,358,678
370,664,401,664,401,680,370,680
180,668,205,668,205,685,180,685
153,669,176,669,176,684,153,684
205,670,225,670,225,682,205,682
473,686,516,686,516,705,473,705
458,688,472,688,472,704,458,704
152,689,196,693,194,714,150,710
196,691,238,693,237,712,195,710
493,713,516,713,516,730,493,730
237,717,268,717,268,733,237,733
270,716,313,718,313,733,269,731
196,718,237,718,237,736,196,736
152,720,196,720,196,737,152,737
460,740,472,740,472,757,460,757
473,740,517,740,517,757,473,757
264,744,298,744,298,761,264,761
152,745,195,747,194,767,151,765
194,746,217,746,217,765,194,765
218,746,262,746,262,764,218,764
371,771,447,769,448,791,372,794
329,772,368,772,368,794,329,794
242,772,292,772,292,797,242,797
294,776,328,776,328,796,294,796
204,778,241,778,241,798,204,798
