318,387,409,371,413,398,323,413
209,394,314,387,315,412,211,419
148,400,202,396,204,422,150,426
372,406,401,406,401,424,372,424
349,410,372,410,372,428,349,428
334,414,349,414,349,429,334,429
295,418,332,416,333,431,296,433
266,418,295,420,294,437,265,435
237,425,265,425,265,440,237,440
200,428,234,428,234,442,200,442
169,429,196,429,196,444,169,444
314,440,326,440,326,454,314,454
341,454,459,437,461,452,343,469
240,445,264,445,264,461,240,461
313,457,340,457,340,472,313,472
292,458,310,458,310,474,292,474
270,464,288,464,288,477,270,477
254,466,270,466,270,478,254,478
219,470,253,467,254,481,220,484
148,479,219,469,221,484,150,494
118,478,149,478,149,493,118,493
191,492,231,485,233,499,194,506
152,493,192,493,192,510,152,510
120,498,149,498,149,512,120,512
431,505,475,500,476,514,432,520
209,504,241,504,241,518,209,518
168,509,208,509,208,525,168,525
120,515,163,511,165,527,121,531
345,514,366,514,366,529,345,529
332,518,344,518,344,532,332,532
284,524,300,524,300,537,284,537
453,528,481,524,483,538,455,542
436,529,453,529,453,542,436,542
209,532,237,532,237,548,209,548
180,536,206,536,206,550,180,550
349,540,376,536,378,550,351,554
332,541,349,541,349,554,332,554
432,553,484,548,486,563,433,568
198,558,239,554,241,569,200,574
177,561,200,561,200,574,177,574
150,565,174,565,174,578,150,578
437,582,490,577,491,592,438,598
196,580,232,578,234,594,197,596
147,588,196,581,198,596,149,603
439,600,494,595,496,612,441,618
200,610,239,607,240,623,201,626
149,617,198,612,200,628,150,632
488,616,496,616,496,626,488,626
236,624,268,624,268,641,236,641
269,625,273,625,273,634,269,634
185,629,235,625,236,643,187,647
150,633,186,633,186,650,150,650
471,634,499,632,500,647,472,650
452,636,472,636,472,650,452,650
185,646,218,646,218,662,185,662
151,651,182,649,183,665,152,667
230,661,262,661,262,677,230,677
202,665,229,665,229,681,202,681
168,670,200,670,200,685,168,685
