116,221,168,221,168,245,116,245
172,223,315,234,314,258,170,247
316,228,373,228,373,253,316,253
377,228,425,228,425,252,377,252
87,251,132,253,131,277,85,275
42,254,77,254,77,274,42,274
134,256,164,256,164,277,134,277
160,257,208,263,205,285,157,279
210,259,258,262,257,284,209,281
307,260,359,258,360,282,308,284
361,258,406,258,406,282,361,282
261,262,306,262,306,284,261,284
42,288,97,291,95,312,41,309
100,292,142,292,142,313,100,313
145,293,178,293,178,314,145,314
179,297,231,294,232,317,180,319
40,320,72,320,72,342,40,342
74,319,201,323,201,347,74,343
216,326,255,328,254,348,215,346
257,328,378,328,378,348,257,348
41,350,86,350,86,370,41,370
88,354,138,354,138,373,88,373
136,354,162,354,162,373,136,373
165,354,198,354,198,374,165,374
197,356,222,356,222,374,197,374
238,356,347,358,346,381,238,378
36,380,74,380,74,400,36,400
78,376,129,384,125,406,75,399
229,385,250,385,250,404,229,404
284,386,319,388,318,407,282,405
352,386,382,386,382,408,352,408
384,386,460,386,460,408,384,408
460,389,498,389,498,412,460,412
21,412,64,416,62,437,19,432
65,414,105,414,105,434,65,434
109,414,137,414,137,434,109,434
141,416,185,416,185,437,141,437
281,418,309,418,309,437,281,437
310,420,349,420,349,438,310,438
421,420,448,420,448,440,421,440
450,420,498,420,498,440,450,440
370,421,385,421,385,437,370,437
16,437,73,442,71,469,14,464
75,443,128,448,126,471,73,466
416,450,444,450,444,470,416,470
448,450,500,450,500,472,448,472
16,480,73,480,73,500,16,500
74,481,126,481,126,501,74,501
175,478,234,485,232,505,173,499
130,482,170,482,170,501,130,501
477,484,504,484,504,504,477,504
14,510,71,516,68,542,11,536
70,516,100,516,100,537,70,537
102,517,161,515,161,537,102,539
165,516,218,516,218,538,165,538
418,516,449,516,449,538,418,538
450,516,508,516,508,540,450,540
136,553,201,553,201,586,136,586
310,555,415,553,416,583,310,586
254,556,305,556,305,585,254,585
206,558,249,558,249,585,206,585
80,560,130,560,130,585,80,585
