268,185,298,185,298,205,268,205
297,184,329,184,329,205,297,205
329,185,352,185,352,205,329,205
352,185,370,185,370,206,352,206
369,184,401,184,401,206,369,206
400,185,424,185,424,206,400,206
482,186,490,186,490,204,482,204
424,186,454,186,454,206,424,206
454,189,481,189,481,206,454,206
324,210,362,210,362,233,324,233
277,213,297,213,297,232,277,232
298,213,325,213,325,233,298,233
390,216,400,216,400,233,390,233
404,214,414,214,414,232,404,232
418,214,450,214,450,234,418,234
452,214,481,214,481,234,452,234
362,217,389,217,389,234,362,234
101,229,234,229,234,265,101,265
289,240,309,240,309,260,289,260
313,241,344,241,344,262,313,262
345,241,373,241,373,262,345,262
377,244,386,244,386,261,377,261
390,241,436,245,434,267,389,263
434,242,466,242,466,264,434,264
312,266,340,266,340,289,312,289
337,266,440,269,439,292,336,289
229,314,262,314,262,334,229,334
269,316,293,316,293,336,269,336
300,317,333,317,333,337,300,337
340,317,384,317,384,338,340,338
97,338,138,338,138,358,97,358
146,338,188,338,188,358,146,358
188,338,292,343,291,363,187,359
300,345,330,345,330,362,300,362
330,345,352,345,352,362,330,362
410,346,430,346,430,364,410,364
429,346,513,346,513,365,429,365
96,362,138,362,138,384,96,384
138,364,178,364,178,382,138,382
390,370,441,370,441,389,390,389
438,372,525,370,525,390,438,391
94,412,126,412,126,433,94,433
135,411,181,415,179,435,133,432
277,418,301,418,301,437,277,437
306,420,339,418,341,437,308,439
469,420,513,420,513,440,469,440
378,421,400,421,400,438,378,438
450,422,469,422,469,438,450,438
134,437,165,437,165,457,134,457
94,438,126,438,126,457,94,457
176,438,209,438,209,458,176,458
217,440,280,442,279,461,216,459
288,444,320,444,320,461,288,461
328,445,378,445,378,462,328,462
94,464,238,464,238,484,94,484
277,468,310,468,310,486,277,486
316,469,349,469,349,486,316,486
446,472,482,472,482,490,446,490
488,472,521,472,521,490,488,490
94,510,137,510,137,533,94,533
144,512,188,512,188,534,144,534
194,514,238,514,238,534,194,534
266,516,309,516,309,537,266,537
246,518,266,518,266,534,246,534
446,522,488,522,488,540,446,540
488,524,521,524,521,541,488,541
93,536,136,536,136,558,93,558
144,537,188,537,188,560,144,560
193,540,205,540,205,557,193,557
214,540,258,540,258,561,214,561
498,550,509,550,509,564,498,564
93,562,136,562,136,584,93,584
142,564,197,564,197,585,142,585
205,564,236,564,236,585,205,585
445,573,481,573,481,592,445,592
486,574,521,574,521,593,486,593
102,589,145,589,145,609,102,609
152,590,185,590,185,610,152,610
445,598,488,598,488,617,445,617
486,600,520,600,520,618,486,618
92,612,134,612,134,634,92,634
142,613,174,613,174,634,142,634
181,617,216,617,216,636,181,636
456,624,488,624,488,642,456,642
486,625,520,625,520,644,486,644
220,638,244,638,244,661,220,661
172,641,213,641,213,661,172,661
292,642,325,642,325,665,292,665
252,644,285,644,285,662,252,662
333,644,376,644,376,665,333,665
384,644,437,648,435,668,382,665
158,716,190,716,190,737,158,737
198,717,241,717,241,738,198,738
249,718,282,718,282,740,249,740
290,718,324,718,324,740,290,740
331,721,386,725,385,744,329,741
392,724,436,724,436,745,392,745
88,740,119,742,118,761,86,759
128,742,200,744,199,764,127,762
206,745,249,745,249,764,206,764
258,746,281,746,281,765,258,765
290,748,353,748,353,768,290,768
361,750,382,750,382,769,361,769
382,750,425,750,425,769,382,769
432,752,477,754,477,772,431,770
484,753,519,757,516,777,482,772
136,793,169,793,169,814,136,814
176,794,200,794,200,816,176,816
206,796,240,796,240,816,206,816
248,797,302,797,302,818,248,818
309,797,332,797,332,820,309,820
381,800,414,800,414,821,381,821
340,801,373,801,373,821,340,821
422,804,457,804,457,824,422,824
85,818,126,818,126,837,85,837
126,820,165,820,165,838,126,838
174,821,291,825,290,844,174,840
297,826,341,826,341,845,297,845
341,829,349,829,349,844,341,844
349,828,381,828,381,846,349,846
390,828,465,830,465,850,390,848
472,833,506,833,506,850,472,850
