295,344,362,344,362,371,295,371
369,343,460,346,460,373,369,371
463,346,536,346,536,375,463,375
540,346,630,346,630,375,540,375
758,383,808,383,808,410,758,410
718,387,753,387,753,412,718,412
119,389,183,389,183,414,119,414
188,389,238,389,238,414,188,414
245,387,318,395,315,421,242,413
319,389,357,389,357,415,319,415
677,389,712,389,712,414,677,414
362,391,412,391,412,415,362,415
417,392,467,392,467,419,417,419
606,392,671,392,671,417,606,417
470,394,552,394,552,423,470,423
556,394,602,394,602,417,556,417
293,432,448,434,447,460,292,458
465,435,634,433,634,459,465,461
458,536,524,536,524,570,458,570
304,536,377,539,376,571,303,568
527,538,623,538,623,570,527,570
382,542,453,542,453,570,382,570
676,597,826,592,827,621,677,626
101,595,147,595,147,630,101,630
594,600,673,597,674,628,595,632
150,603,296,599,297,627,151,631
734,659,822,659,822,666,734,666
103,669,238,667,238,675,103,677
773,710,835,710,835,748,773,748
668,718,769,718,769,750,668,750
451,726,501,719,506,754,456,761
389,726,451,726,451,755,389,755
97,726,138,726,138,757,97,757
252,782,346,782,346,817,252,817
172,783,245,783,245,819,172,819
351,783,412,783,412,822,351,822
96,784,166,788,164,823,94,818
725,833,842,833,842,874,725,874
439,837,501,837,501,874,439,874
387,840,442,840,442,878,387,878
437,896,524,908,519,949,431,937
237,908,314,905,315,941,238,943
322,905,430,913,427,948,319,940
95,907,169,916,164,957,90,948
171,918,232,915,233,941,172,944
730,959,849,959,849,1000,730,1000
437,965,504,962,506,1002,439,1005
387,965,444,965,444,1005,387,1005
734,1036,854,1036,854,1077,734,1077
184,1043,250,1043,250,1080,184,1080
259,1039,347,1051,341,1090,253,1078
85,1044,179,1049,177,1090,83,1086
659,1153,716,1153,716,1192,659,1192
595,1155,655,1155,655,1196,595,1196
412,1157,517,1157,517,1190,412,1190
526,1154,594,1163,590,1199,521,1190
343,1169,408,1156,415,1191,350,1204
222,1160,293,1160,293,1196,222,1196
300,1167,343,1167,343,1194,300,1194
