509,914,537,914,537,933,509,933
333,915,375,919,374,937,331,933
380,917,396,917,396,933,380,933
437,917,492,917,492,933,437,933
539,917,586,917,586,933,539,933
592,917,614,917,614,933,592,933
619,914,676,920,674,940,617,934
327,944,355,944,355,961,327,961
380,944,426,944,426,961,380,961
440,944,495,944,495,963,440,963
525,944,583,944,583,963,525,963
647,944,688,944,688,963,647,963
583,947,638,947,638,963,583,963
382,1005,457,1005,457,1024,382,1024
473,1005,506,1005,506,1024,473,1024
534,1005,611,1005,611,1024,534,1024
476,1063,506,1063,506,1074,476,1074
512,1061,557,1065,556,1080,510,1076
311,1065,346,1065,346,1076,311,1076
349,1065,382,1065,382,1076,349,1076
432,1065,476,1065,476,1079,432,1079
437,1096,512,1096,512,1112,437,1112
297,1097,336,1101,335,1114,296,1110
338,1098,377,1098,377,1109,338,1109
415,1098,440,1098,440,1112,415,1112
382,1148,424,1148,424,1164,382,1164
426,1148,457,1148,457,1162,426,1162
457,1148,498,1148,498,1162,457,1162
498,1148,537,1148,537,1162,498,1162
300,1151,341,1151,341,1162,300,1162
346,1151,382,1151,382,1164,346,1164
450,1223,478,1220,479,1233,451,1237
479,1222,512,1222,512,1236,479,1236
377,1225,415,1225,415,1242,377,1242
492,1250,531,1250,531,1266,492,1266
465,1253,484,1253,484,1264,465,1264
300,1253,337,1258,335,1274,298,1269
537,1280,581,1280,581,1297,537,1297
385,1282,419,1286,418,1297,384,1294
446,1283,481,1283,481,1297,446,1297
479,1283,514,1283,514,1297,479,1297
575,1308,600,1308,600,1321,575,1321
446,1310,487,1310,487,1324,446,1324
487,1310,539,1310,539,1321,487,1321
548,1310,567,1310,567,1321,548,1321
327,1313,374,1313,374,1330,327,1330
459,1432,520,1432,520,1443,459,1443
470,1459,512,1459,512,1476,470,1476
313,1467,341,1467,341,1484,313,1484
344,1467,377,1467,377,1478,344,1478
422,1491,487,1485,488,1506,424,1511
501,1487,556,1487,556,1506,501,1506
559,1487,603,1487,603,1506,559,1506
608,1487,641,1487,641,1503,608,1503
330,1498,360,1498,360,1511,330,1511
360,1498,402,1498,402,1511,360,1511
374,1668,407,1668,407,1679,374,1679
671,1696,707,1696,707,1712,671,1712
584,1703,640,1696,643,1716,586,1723
506,1701,550,1701,550,1721,506,1721
548,1701,581,1701,581,1721,548,1721
421,1710,478,1701,481,1722,424,1731
481,1704,501,1704,501,1721,481,1721
366,1707,393,1707,393,1726,366,1726
300,1708,364,1712,363,1733,299,1729
396,1710,418,1710,418,1726,396,1726
536,1727,627,1722,628,1746,537,1751
449,1730,496,1734,495,1755,447,1751
498,1732,534,1732,534,1748,498,1748
349,1734,446,1734,446,1754,349,1754
300,1740,352,1740,352,1759,300,1759
