258,235,387,238,386,263,258,260
391,240,465,238,465,262,392,264
278,276,313,276,313,297,278,297
232,273,279,280,276,301,229,294
317,278,358,278,358,298,317,298
400,278,437,278,437,297,400,297
441,278,489,278,489,297,441,297
362,280,397,280,397,301,362,301
94,309,134,309,134,328,94,328
227,355,289,355,289,389,227,389
426,356,505,356,505,388,426,388
362,357,421,357,421,389,362,389
294,361,356,361,356,387,294,387
553,394,593,394,593,414,553,414
485,397,549,397,549,417,485,417
429,398,461,398,461,422,429,422
382,400,425,400,425,420,382,420
121,401,162,401,162,421,121,421
167,400,224,405,222,426,164,420
253,401,281,401,281,422,253,422
304,402,349,400,349,420,305,422
461,430,490,430,490,450,461,450
492,430,521,430,521,449,492,449
366,432,404,432,404,453,366,453
438,432,460,432,460,450,438,450
406,433,437,433,437,453,406,453
114,434,153,434,153,456,114,456
153,435,266,433,266,454,153,456
269,436,312,436,312,454,269,454
314,434,366,437,365,457,313,454
569,460,608,460,608,480,569,480
541,461,572,461,572,482,541,482
433,464,472,464,472,482,433,482
416,465,434,465,434,484,416,484
292,466,333,466,333,484,292,484
449,501,544,496,545,517,450,522
548,498,579,496,581,515,549,518
369,500,405,500,405,521,369,521
409,500,446,500,446,520,409,520
316,501,369,504,367,524,314,521
116,504,269,504,269,525,116,525
270,504,313,504,313,522,270,522
437,532,474,532,474,550,437,550
421,533,440,533,440,552,421,552
156,535,209,537,209,557,155,555
210,536,242,536,242,557,210,557
116,537,152,537,152,556,116,556
573,561,612,561,612,581,573,581
544,562,576,562,576,584,544,584
437,564,474,564,474,584,437,584
420,565,438,565,438,585,420,585
229,566,256,566,256,585,229,585
294,566,334,566,334,584,294,584
156,569,204,569,204,589,156,589
116,570,152,570,152,590,116,590
408,601,469,601,469,621,408,621
473,601,502,601,502,620,473,620
368,602,405,602,405,624,368,624
274,604,320,604,320,624,274,624
322,604,365,604,365,622,322,622
116,609,270,603,271,625,117,631
441,633,478,633,478,653,441,653
422,634,442,634,442,654,422,654
213,638,245,638,245,660,213,660
116,642,154,640,155,661,117,663
157,640,211,642,210,662,156,661
578,665,617,665,617,685,578,685
440,666,478,666,478,686,440,686
538,666,581,666,581,688,538,688
422,668,441,668,441,688,422,688
296,669,337,669,337,686,296,686
230,670,256,670,256,686,230,686
157,674,204,671,206,691,158,695
117,674,154,674,154,696,117,696
113,716,169,720,167,743,112,739
169,718,202,718,202,740,169,740
264,718,288,718,288,734,264,734
585,740,624,740,624,760,585,760
544,741,588,741,588,762,544,762
115,745,170,750,167,774,113,768
170,748,223,750,222,771,170,769
586,784,624,784,624,802,586,802
546,785,589,785,589,805,546,805
172,789,209,789,209,810,172,810
117,789,170,791,169,815,116,813
585,817,625,815,626,835,587,837
234,818,273,818,273,840,234,840
546,818,589,818,589,840,546,840
166,821,231,818,232,839,166,842
360,820,405,820,405,841,360,841
118,821,164,821,164,842,118,842
471,864,621,861,621,884,472,886
412,866,468,866,468,892,412,892
210,869,406,864,407,888,210,892
140,869,168,869,168,893,140,893
172,872,209,872,209,892,172,892
410,902,453,902,453,925,410,925
349,910,406,900,410,924,353,934
311,905,350,909,348,930,309,926
483,931,545,928,545,948,484,951
414,933,440,933,440,952,414,952
444,933,481,933,481,953,444,953
190,934,224,934,224,954,190,954
332,934,370,934,370,954,332,954
374,934,413,934,413,956,374,956
226,936,269,936,269,954,226,954
302,936,328,936,328,954,302,954
273,938,298,938,298,953,273,953
