313,432,352,432,352,450,313,450
353,433,447,438,446,457,352,453
448,437,500,437,500,457,448,457
214,447,253,450,251,468,213,465
253,453,282,453,282,470,253,470
285,453,327,462,324,478,282,469
326,460,348,460,348,476,326,476
349,461,376,461,376,477,349,477
378,463,406,465,405,481,377,479
408,464,454,468,452,485,406,480
454,466,481,466,481,481,454,481
482,468,518,468,518,482,482,482
522,468,544,468,544,482,522,482
545,469,569,469,569,485,545,485
570,468,599,470,598,485,569,483
310,483,394,488,393,504,309,499
404,489,497,493,497,509,403,505
316,546,353,546,353,565,316,565
356,548,395,550,394,567,355,565
396,549,433,549,433,569,396,569
434,549,488,552,487,572,433,569
204,576,230,576,230,594,204,594
230,578,309,580,309,597,230,595
469,590,505,590,505,608,469,608
514,590,599,593,598,612,514,609
198,649,224,649,224,668,198,668
354,653,388,653,388,669,354,669
390,654,416,654,416,674,390,674
505,660,561,663,559,683,504,679
562,662,596,662,596,684,562,684
197,682,233,682,233,702,197,702
236,682,284,682,284,702,236,702
338,682,377,682,377,704,338,704
285,684,336,684,336,702,285,702
380,684,437,684,437,705,380,705
197,718,206,718,206,734,197,734
358,717,408,717,408,737,358,737
533,727,596,730,595,752,532,749
244,752,281,752,281,774,244,774
284,753,331,759,328,780,281,774
192,754,243,757,242,780,190,777
529,769,561,769,561,792,529,792
557,769,594,769,594,792,557,792
262,805,302,805,302,822,262,822
328,805,361,805,361,825,328,825
360,805,414,805,414,824,360,824
302,808,325,808,325,821,302,821
416,809,453,809,453,829,416,829
453,813,486,813,486,833,453,833
486,814,518,814,518,834,486,834
