194,170,242,170,242,192,194,192
246,170,281,170,281,192,246,192
70,194,97,194,97,217,70,217
293,194,340,194,340,217,293,217
273,197,290,197,290,217,273,217
345,197,397,197,397,220,345,220
101,198,113,198,113,214,101,214
117,198,156,198,156,217,117,217
158,198,197,198,197,217,158,217
200,198,238,198,238,220,200,220
242,198,256,198,256,214,242,214
141,217,188,217,188,240,141,240
112,220,138,220,138,241,112,241
251,217,317,221,315,243,249,239
321,220,366,220,366,240,321,240
193,221,232,221,232,240,193,240
152,245,182,245,182,264,152,264
192,245,242,245,242,265,192,265
245,245,282,245,282,265,245,265
286,245,324,245,324,265,286,265
153,280,190,280,190,298,153,298
236,280,272,280,272,298,236,298
274,280,324,282,323,300,274,298
193,282,230,282,230,297,193,297
96,301,117,301,117,316,96,316
126,302,158,302,158,317,126,317
158,302,202,302,202,317,158,317
205,304,230,304,230,317,205,317
252,304,280,304,280,318,252,318
292,304,337,304,337,318,292,318
338,304,381,304,381,322,338,322
233,306,240,306,240,317,233,317
162,325,189,325,189,338,162,338
189,325,209,325,209,338,189,338
210,328,218,328,218,338,210,338
218,326,256,326,256,340,218,340
268,326,285,326,285,340,268,340
296,326,314,326,314,340,296,340
65,354,109,354,109,369,65,369
112,353,149,357,147,372,110,369
65,377,97,377,97,392,65,392
64,400,88,400,88,414,64,414
90,400,113,400,113,414,90,414
64,448,97,448,97,464,64,464
98,448,124,448,124,466,98,466
262,449,281,449,281,464,262,464
326,449,373,449,373,464,326,464
376,449,405,449,405,464,376,464
62,472,90,474,89,489,61,487
92,473,140,473,140,489,92,489
144,473,168,473,168,492,144,492
169,474,189,474,189,489,169,489
62,498,84,498,84,517,62,517
84,498,112,498,112,514,84,514
358,500,380,500,380,516,358,516
380,500,409,500,409,517,380,517
61,524,88,524,88,538,61,538
90,525,138,525,138,538,90,538
61,549,81,549,81,568,61,568
82,549,110,549,110,566,82,566
361,550,381,550,381,570,361,570
381,550,410,550,410,572,381,572
178,593,221,596,219,612,177,609
222,594,253,594,253,610,222,610
256,593,301,599,299,615,254,609
361,596,381,596,381,610,361,610
384,596,413,596,413,612,384,612
258,621,301,621,301,637,258,637
213,622,256,622,256,638,213,638
215,646,256,652,254,672,212,666
257,649,302,652,301,670,256,667
364,652,388,652,388,668,364,668
386,652,416,652,416,668,386,668
184,677,216,677,216,693,184,693
220,678,264,680,263,695,219,693
268,680,298,680,298,694,268,694
365,680,386,680,386,697,365,697
388,680,417,680,417,697,388,697
228,706,260,706,260,722,228,722
262,709,298,709,298,722,262,722
212,733,252,733,252,752,212,752
53,733,84,736,83,754,52,751
125,736,169,733,170,750,126,753
172,732,213,736,211,755,170,751
85,736,125,736,125,749,85,749
153,774,190,774,190,790,153,790
216,776,236,776,236,792,216,792
237,776,266,776,266,792,237,792
300,776,324,776,324,792,300,792
268,777,300,777,300,796,268,796
192,778,213,778,213,790,192,790
146,799,213,799,213,815,146,815
237,800,302,800,302,817,237,817
304,800,329,800,329,817,304,817
216,801,236,801,236,820,216,820
