424,182,442,182,442,205,424,205
568,182,602,182,602,205,568,205
468,184,486,184,486,205,468,205
532,184,566,184,566,204,532,204
392,185,422,185,422,205,392,205
442,185,468,185,468,205,442,205
486,185,504,185,504,204,486,204
504,185,532,185,532,204,504,204
362,186,393,186,393,205,362,205
504,212,538,212,538,230,504,230
540,209,576,215,573,236,536,230
389,213,408,213,408,233,389,233
408,213,433,213,433,233,408,233
436,213,456,213,456,233,436,233
454,213,474,213,474,232,454,232
476,213,505,213,505,232,476,232
213,229,342,229,342,264,213,264
537,238,564,238,564,258,537,258
413,240,444,240,444,260,413,260
444,238,485,245,481,266,441,259
482,240,502,240,502,260,482,260
505,240,537,240,537,258,505,258
400,242,409,242,409,258,400,258
417,265,502,265,502,286,417,286
502,265,541,265,541,286,502,286
337,313,369,313,369,332,337,332
405,313,437,313,437,333,405,333
444,313,485,313,485,333,444,333
376,314,398,314,398,333,376,333
210,334,252,334,252,356,210,356
260,335,300,336,299,356,259,354
300,337,397,337,397,357,300,357
530,337,613,337,613,356,530,356
404,340,434,340,434,357,404,357
433,340,454,340,454,357,433,357
510,340,532,340,532,356,510,356
210,358,252,358,252,380,210,380
250,361,289,361,289,380,250,380
539,362,625,360,625,380,540,382
492,364,541,364,541,381,492,381
210,408,242,408,242,428,210,428
249,407,293,411,291,431,247,427
410,412,443,409,445,430,412,432
570,410,613,410,613,430,570,430
384,412,406,412,406,430,384,430
481,413,501,413,501,430,481,430
550,413,570,413,570,429,550,429
210,432,252,432,252,452,210,452
259,430,301,433,299,455,257,451
307,432,349,436,347,456,305,452
356,436,386,436,386,454,356,454
509,436,600,436,600,456,509,456
393,437,461,437,461,454,393,454
470,437,501,437,501,454,470,454
209,457,260,457,260,476,209,476
260,458,337,458,337,476,260,476
401,461,450,461,450,477,401,477
568,462,581,462,581,478,568,478
580,462,621,462,621,478,580,478
209,481,233,481,233,498,209,498
588,486,621,486,621,504,588,504
209,525,252,525,252,546,209,546
258,526,300,526,300,548,258,548
306,526,348,526,348,548,306,548
373,529,413,529,413,549,373,549
354,530,373,530,373,546,354,546
566,536,588,536,588,552,566,552
586,536,621,536,621,553,586,553
209,549,250,549,250,570,209,570
258,550,300,550,300,570,258,570
305,552,316,552,316,569,305,569
325,552,366,552,366,572,325,572
577,560,610,560,610,577,577,577
568,565,577,565,577,573,568,573
209,574,250,574,250,594,209,594
257,574,309,574,309,594,257,594
316,574,345,574,345,596,316,596
566,584,586,584,586,601,566,601
586,585,620,585,620,602,586,602
217,598,260,598,260,618,217,618
266,601,298,601,298,620,266,620
565,609,618,609,618,628,565,628
208,622,249,622,249,644,208,644
257,622,288,622,288,642,257,642
294,625,326,625,326,644,294,644
606,637,617,637,617,650,606,650
285,648,324,648,324,668,285,668
332,648,353,648,353,668,332,668
360,649,392,649,392,668,360,668
398,649,430,649,430,670,398,670
437,650,478,650,478,670,437,670
485,651,536,654,535,673,484,671
273,718,304,718,304,738,273,738
310,720,352,720,352,740,310,740
397,721,430,721,430,741,397,741
358,722,390,722,390,741,358,741
436,723,489,727,487,746,434,742
494,726,536,726,536,748,494,748
244,745,313,745,313,764,244,764
318,746,360,746,360,764,318,764
368,746,390,746,390,765,368,765
204,748,236,748,236,765,204,765
398,747,457,747,457,766,398,766
464,750,485,750,485,768,464,768
484,750,526,750,526,769,484,769
532,753,576,756,575,774,531,771
582,756,617,758,615,778,581,775
252,792,284,792,284,812,252,812
290,793,313,793,313,812,290,812
320,793,352,793,352,812,320,812
358,793,409,793,409,813,358,813
416,794,437,794,437,814,416,814
484,797,516,797,516,817,484,817
444,798,477,798,477,816,444,816
522,801,556,801,556,820,522,820
202,818,233,818,233,837,202,837
234,820,242,820,242,834,234,834
242,818,281,818,281,836,242,836
289,817,398,819,398,837,289,835
405,821,484,821,484,840,405,840
492,821,571,826,570,843,491,839
570,829,604,829,604,846,570,846
