394,128,488,128,488,153,394,153
221,130,384,130,384,156,221,156
405,170,452,170,452,190,405,190
457,170,520,170,520,190,457,190
353,172,397,172,397,192,353,192
243,174,286,172,287,193,244,195
292,173,345,173,345,193,292,193
184,172,241,178,239,201,182,195
22,216,52,216,52,233,22,233
165,260,246,258,247,301,166,303
350,261,429,261,429,301,350,301
438,261,545,261,545,301,438,301
256,264,341,264,341,301,256,301
516,318,606,317,607,343,517,345
610,317,646,317,646,342,610,342
266,318,328,318,328,344,266,344
435,325,481,313,488,342,443,354
196,320,232,320,232,344,196,344
377,318,435,322,434,347,376,343
24,321,76,321,76,346,24,346
80,318,154,324,152,351,78,346
646,322,665,322,665,342,646,342
9,362,226,362,226,389,9,389
281,362,332,362,332,389,281,389
420,362,458,362,458,389,420,389
232,364,281,364,281,389,232,389
337,364,412,364,412,390,337,390
597,402,642,402,642,432,597,432
638,402,690,402,690,428,638,428
246,406,301,406,301,428,246,428
406,405,449,405,449,434,406,434
446,405,498,405,498,432,446,432
564,453,604,453,604,480,564,480
487,452,559,457,556,486,484,481
0,456,224,456,224,482,0,482
229,456,301,456,301,482,229,482
309,457,438,457,438,486,309,486
446,454,484,463,477,489,439,480
601,497,649,497,649,529,601,529
644,498,699,496,700,523,645,525
447,499,501,497,502,525,448,527
405,500,452,500,452,529,405,529
244,502,301,502,301,524,244,524
168,504,181,504,181,521,168,521
616,550,658,550,658,581,616,581
494,552,600,552,600,580,494,580
224,554,296,552,297,581,225,583
370,550,427,556,424,584,367,579
427,554,489,552,490,579,428,581
0,554,222,554,222,584,0,584
302,554,358,554,358,581,302,581
450,598,505,598,505,626,450,626
606,598,652,598,652,629,606,629
648,598,702,598,702,625,648,625
424,600,453,600,453,630,424,630
238,601,299,601,299,624,238,624
165,604,181,604,181,625,165,625
1,659,58,669,53,702,-3,693
57,668,101,668,101,694,57,694
652,702,705,702,705,729,652,729
610,704,654,704,654,733,610,733
3,702,60,711,54,745,-2,736
60,708,133,713,131,743,58,738
650,750,704,750,704,778,650,778
0,752,48,752,48,778,0,778
54,751,143,751,143,779,54,779
149,752,202,752,202,780,149,780
610,753,654,753,654,782,610,782
337,755,404,755,404,783,337,783
25,813,62,813,62,840,25,840
485,816,693,813,693,841,485,844
68,816,118,816,118,841,68,841
122,815,397,817,397,844,122,842
401,818,478,818,478,849,401,849
261,862,313,862,313,888,261,888
400,862,457,862,457,889,400,889
318,864,394,864,394,893,318,893
97,893,143,896,142,920,96,918
148,897,205,897,205,920,148,920
498,897,582,895,583,921,498,922
292,897,343,901,342,924,290,921
404,897,437,897,437,922,404,922
588,900,597,900,597,913,588,913
252,900,284,900,284,921,252,921
348,898,400,898,400,926,348,926
442,898,494,898,494,925,442,925
210,901,245,901,245,920,210,920
