310,217,367,212,369,230,312,235
213,222,307,216,308,234,214,240
346,241,382,241,382,253,346,253
317,244,345,244,345,256,317,256
289,245,316,245,316,258,289,258
254,246,286,246,286,260,254,260
228,248,254,248,254,262,228,262
197,250,226,250,226,264,197,264
333,296,395,288,397,309,336,317
287,299,332,295,334,317,289,321
237,302,285,300,286,321,238,323
190,304,234,304,234,325,190,325
430,309,461,309,461,324,430,324
378,318,427,312,429,326,380,333
335,326,361,320,364,336,339,341
304,326,336,326,336,341,304,341
244,329,277,329,277,344,244,344
205,332,225,332,225,345,205,345
412,334,434,334,434,350,412,350
142,336,182,336,182,350,142,350
112,337,141,337,141,350,112,350
381,340,409,340,409,356,381,356
344,348,377,345,378,358,345,360
305,349,344,349,344,364,305,364
264,352,304,352,304,366,264,366
442,354,474,350,475,365,444,369
225,353,262,353,262,368,225,368
165,356,222,352,223,368,167,372
420,357,445,354,447,370,421,372
104,359,167,355,168,371,105,375
341,366,369,366,369,382,341,382
318,369,342,369,342,384,318,384
233,374,264,374,264,388,233,388
338,393,361,393,361,410,338,410
316,397,334,397,334,410,316,410
259,401,313,399,313,413,260,415
444,403,476,398,479,415,447,419
225,401,257,401,257,416,225,416
100,406,222,402,223,417,101,422
424,405,448,405,448,421,424,421
318,418,370,414,371,431,320,435
232,422,262,422,262,436,232,436
340,444,362,444,362,458,340,458
298,446,336,446,336,462,298,462
285,449,296,449,296,464,285,464
244,452,284,452,284,466,244,466
124,455,213,452,213,469,125,472
213,454,241,454,241,469,213,469
425,458,480,452,482,471,427,477
97,456,126,456,126,473,97,473
318,470,372,464,374,480,320,487
230,474,264,474,264,488,230,488
88,510,130,512,129,532,87,530
130,512,152,512,152,528,130,528
457,512,490,512,490,530,457,530
424,514,460,514,460,533,424,533
85,532,130,536,128,556,84,553
129,536,169,536,169,552,129,552
458,540,493,540,493,558,458,558
425,542,462,542,462,560,425,560
277,553,314,553,314,570,277,570
177,556,208,556,208,572,177,572
123,560,175,558,176,575,124,577
84,560,121,560,121,577,84,577
167,601,290,594,291,612,168,619
88,605,114,605,114,622,88,622
116,605,149,605,149,620,116,620
197,626,240,626,240,645,197,645
169,628,194,628,194,646,169,646
114,631,169,633,169,650,114,649
86,633,112,633,112,652,86,652
476,640,500,640,500,658,476,658
82,661,126,661,126,680,82,680
129,662,172,662,172,676,129,676
477,672,501,672,501,690,477,690
166,686,208,686,208,705,166,705
126,689,165,689,165,708,126,708
80,691,125,689,125,707,81,709
125,718,164,718,164,738,125,738
166,718,208,718,208,736,166,736
78,720,125,722,125,743,77,741
444,735,506,732,507,753,445,755
130,744,196,746,195,769,130,767
196,745,232,745,232,765,196,765
233,745,269,745,269,766,233,766
77,750,106,750,106,769,77,769
108,750,130,750,130,770,108,770
371,781,481,776,482,797,372,802
478,777,505,777,505,797,478,797
150,789,318,783,319,803,150,810
320,784,370,784,370,805,320,805
92,789,116,789,116,810,92,810
117,790,149,790,149,809,117,809
321,814,358,814,358,834,321,834
270,817,320,817,320,840,270,840
234,818,269,818,269,837,234,837
384,838,441,835,441,855,385,857
350,840,384,840,384,860,350,860
290,841,325,841,325,861,290,861
325,841,349,841,349,860,325,860
254,842,289,842,289,860,254,860
165,844,201,844,201,860,165,860
229,844,250,844,250,860,229,860
136,845,164,845,164,862,136,862
205,846,226,846,226,860,205,860
