336,357,422,357,422,374,336,374
426,357,478,357,478,374,426,374
317,384,348,384,348,400,317,400
348,384,372,384,372,398,348,398
373,384,402,384,402,398,373,398
404,383,430,385,429,400,403,398
430,384,457,384,457,398,430,398
458,384,493,384,493,397,458,397
225,404,250,404,250,418,225,418
314,438,356,438,356,460,314,460
405,440,445,440,445,461,405,461
448,440,504,440,504,461,448,461
358,441,402,441,402,461,358,461
241,466,269,466,269,481,241,481
486,466,533,466,533,481,486,481
534,466,564,466,564,481,534,481
271,465,309,471,307,486,269,480
329,468,348,468,348,482,329,482
364,468,393,468,393,482,364,482
417,468,446,468,446,482,417,482
449,468,473,468,473,486,449,486
235,490,311,490,311,505,235,505
310,490,346,490,346,505,310,505
346,490,373,490,373,505,346,505
441,490,480,490,480,505,441,505
482,490,502,490,502,504,482,504
374,492,408,492,408,505,374,505
410,493,438,493,438,505,410,505
234,512,260,512,260,526,234,526
262,511,298,513,297,528,262,526
298,512,318,512,318,529,298,529
442,513,452,513,452,526,442,526
452,512,480,512,480,528,452,528
234,534,260,534,260,549,234,549
261,534,289,534,289,549,261,549
354,534,382,534,382,548,354,548
440,534,478,534,478,549,440,549
525,534,545,534,545,549,525,549
545,534,573,534,573,549,545,549
236,560,348,560,348,577,236,577
348,560,376,560,376,574,348,574
412,558,456,560,455,576,411,574
457,560,490,560,490,574,457,574
493,560,528,560,528,577,493,577
530,560,550,560,550,574,530,574
377,561,410,561,410,574,377,574
234,582,260,582,260,598,234,598
262,581,298,584,296,600,261,597
298,582,320,582,320,598,298,598
441,582,453,582,453,597,441,597
453,582,480,582,480,596,453,596
440,605,478,603,479,619,441,620
354,605,384,605,384,618,354,618
526,605,574,605,574,620,526,620
233,606,260,606,260,622,233,622
261,606,293,606,293,620,261,620
321,608,328,608,328,617,321,617
348,630,376,630,376,646,348,646
413,630,446,630,446,645,413,645
448,630,466,630,466,645,448,645
468,628,513,632,511,648,467,645
234,632,346,632,346,649,234,649
377,632,412,632,412,645,377,645
514,632,536,632,536,645,514,645
441,653,453,653,453,668,441,668
453,653,480,653,480,666,453,666
356,654,384,654,384,666,356,666
536,654,549,654,549,669,536,669
548,654,576,654,576,669,548,669
449,678,482,678,482,693,449,693
486,680,506,680,506,693,486,693
232,684,347,679,348,697,233,701
348,681,376,681,376,696,348,696
378,681,412,681,412,694,378,694
413,681,446,681,446,694,413,694
442,702,482,700,483,715,443,718
297,705,320,705,320,721,297,721
232,706,258,706,258,722,232,722
260,705,296,707,295,723,259,721
442,725,481,725,481,740,442,740
356,726,384,726,384,740,356,740
529,726,552,726,552,742,529,742
549,726,578,726,578,742,549,742
309,728,328,728,328,741,309,741
260,729,292,729,292,745,260,745
232,730,258,730,258,748,232,748
228,760,267,762,266,781,227,779
266,762,289,762,289,777,266,777
332,762,350,762,350,776,332,776
524,777,550,777,550,793,524,793
549,778,582,778,582,796,549,796
228,782,267,785,266,805,226,801
266,783,303,785,302,801,266,799
525,808,553,808,553,825,525,825
553,809,582,809,582,825,553,825
266,814,294,814,294,833,266,833
226,816,265,816,265,834,226,834
525,832,553,832,553,849,525,849
553,832,584,832,584,849,553,849
397,834,430,834,430,852,397,852
309,837,337,835,338,850,310,852
225,838,260,836,261,854,227,856
262,837,309,837,309,854,262,854
473,863,559,863,559,881,473,881
561,865,578,865,578,880,561,880
294,871,431,866,432,884,294,890
433,866,473,866,473,885,433,885
244,872,265,872,265,890,244,890
265,873,294,873,294,889,265,889
433,892,462,892,462,909,433,909
390,894,430,894,430,912,390,912
362,896,390,896,390,910,362,910
481,910,525,910,525,926,481,926
454,912,481,912,481,929,454,929
277,913,302,915,301,930,276,927
376,914,404,914,404,929,376,929
406,914,433,914,433,930,406,930
434,914,452,914,452,928,434,928
302,916,333,916,333,929,302,929
356,916,374,916,374,929,356,929
336,917,354,917,354,929,336,929
