240,152,273,152,273,172,240,172
189,153,236,153,236,173,189,173
284,174,329,174,329,196,284,196
69,176,96,176,96,198,69,198
265,177,281,177,281,196,265,196
335,174,384,180,382,201,332,195
194,178,232,178,232,200,194,200
98,180,112,180,112,197,98,197
156,180,192,180,192,198,156,198
236,180,248,180,248,194,236,194
114,181,153,181,153,198,114,198
137,199,183,197,184,219,138,221
310,198,354,198,354,217,310,217
242,197,307,201,306,221,241,218
188,201,226,201,226,220,188,220
109,202,136,202,136,222,109,222
238,224,273,224,273,244,238,244
278,224,313,224,313,242,278,242
148,225,177,225,177,244,148,244
186,225,236,225,236,244,186,244
229,258,264,258,264,277,229,277
266,258,313,258,313,277,266,277
149,257,185,261,183,276,148,273
188,262,225,262,225,276,188,276
96,276,116,276,116,290,96,290
125,277,156,279,155,293,124,291
154,280,197,280,197,294,154,294
328,280,369,280,369,298,328,298
282,281,325,281,325,296,282,296
198,282,233,282,233,296,198,296
244,282,270,282,270,296,244,296
158,302,176,302,176,314,158,314
185,302,204,302,204,316,185,316
213,302,248,302,248,316,213,316
286,302,304,302,304,316,286,316
260,304,277,304,277,317,260,317
65,328,108,328,108,340,65,340
109,326,146,329,145,344,108,341
65,348,96,348,96,362,65,362
64,370,88,370,88,384,64,384
90,370,112,370,112,384,90,384
64,416,96,416,96,432,64,432
97,417,120,417,120,433,97,433
256,418,274,418,274,432,256,432
364,418,392,418,392,432,364,432
316,420,361,420,361,433,316,433
62,439,89,441,87,456,61,454
92,441,137,441,137,456,92,456
62,464,82,464,82,482,62,482
84,465,110,465,110,481,84,481
348,466,366,466,366,484,348,484
366,466,394,466,394,482,366,482
176,506,216,509,215,526,175,523
217,508,246,508,246,524,217,524
249,508,290,513,288,528,247,522
369,509,394,509,394,524,369,524
348,510,366,510,366,524,348,524
209,533,248,533,248,548,209,548
250,532,291,533,290,549,250,547
209,556,247,560,246,576,208,572
249,560,290,560,290,576,249,576
349,560,368,560,368,574,349,574
370,560,397,560,397,574,370,574
181,584,212,584,212,600,181,600
214,586,256,586,256,600,214,600
258,586,288,586,288,600,258,600
350,586,369,586,369,601,350,601
370,586,398,586,398,600,370,600
221,610,252,610,252,626,221,626
254,612,288,612,288,626,254,626
177,636,213,636,213,652,177,652
57,637,94,637,94,652,57,652
139,635,177,639,175,655,137,651
96,638,137,638,137,654,96,654
152,684,186,684,186,698,152,698
210,685,229,685,229,698,210,698
230,685,258,685,258,698,230,698
261,685,290,685,290,702,261,702
290,685,314,685,314,700,290,700
188,686,208,686,208,698,188,698
145,707,208,709,207,724,145,722
232,708,294,708,294,725,232,725
210,709,230,709,230,726,210,726
294,709,320,709,320,725,294,725
