323,165,367,161,369,183,325,187
273,168,324,168,324,189,273,189
100,169,144,169,144,188,100,188
146,169,205,171,205,192,146,190
204,173,272,173,272,190,204,190
33,188,66,190,64,209,32,206
74,188,113,190,111,211,73,209
312,193,352,189,354,208,314,213
266,193,310,193,310,213,266,213
114,193,177,198,175,216,113,212
224,197,264,197,264,216,224,216
178,198,222,198,222,216,178,216
33,214,82,218,81,238,32,234
84,221,121,221,121,240,84,240
123,222,154,227,151,244,120,239
153,225,202,225,202,245,153,245
32,242,60,242,60,262,32,262
62,242,173,249,171,270,61,262
219,250,327,246,328,266,220,269
185,250,217,250,217,266,185,266
32,265,73,270,71,291,29,286
73,269,189,274,189,296,72,291
203,274,299,272,300,292,204,294
405,294,440,294,440,310,405,310
28,296,62,296,62,314,28,314
341,297,403,294,404,312,342,315
64,296,109,299,107,322,62,318
305,300,330,300,330,314,305,314
196,301,214,301,214,322,196,322
242,301,276,301,276,318,242,318
16,322,42,322,42,341,16,341
393,322,440,322,440,341,393,341
366,325,392,325,392,342,366,342
44,326,66,326,66,341,44,341
72,326,96,326,96,344,72,344
100,326,173,329,173,348,99,344
268,329,302,329,302,346,268,346
241,330,265,330,265,348,241,348
394,348,442,346,443,366,394,368
14,349,41,349,41,369,14,369
368,350,393,350,393,368,368,368
42,352,66,352,66,370,42,370
70,352,96,352,96,370,70,370
98,351,178,354,177,374,98,371
242,356,265,356,265,374,242,374
268,356,302,356,302,374,268,374
397,376,444,376,444,396,397,396
13,377,40,377,40,397,13,397
370,377,394,377,394,397,370,397
108,379,154,381,153,401,107,399
242,381,265,381,265,400,242,400
268,382,300,379,302,396,269,399
42,381,103,384,102,400,42,398
382,405,445,403,445,423,382,425
12,405,56,405,56,428,12,428
58,408,88,408,88,425,58,425
90,408,136,408,136,426,90,426
383,433,447,431,448,450,384,452
10,433,44,433,44,453,10,453
45,434,74,434,74,453,45,453
76,436,109,436,109,454,76,454
113,436,160,436,160,454,113,454
272,436,304,436,304,450,272,450
9,461,46,461,46,484,9,484
48,458,99,464,97,486,46,481
385,461,398,461,398,478,385,478
401,461,449,461,449,480,401,480
272,462,305,462,305,478,272,478
101,464,148,464,148,482,101,482
150,464,186,464,186,482,150,482
256,464,268,464,268,480,256,480
377,488,402,488,402,508,377,508
404,488,452,488,452,508,404,508
8,490,36,490,36,510,8,510
272,490,308,490,308,510,272,510
329,490,341,490,341,505,329,505
38,491,76,493,75,512,37,510
78,492,126,492,126,512,78,512
244,492,269,492,269,510,244,510
370,517,398,517,398,537,370,537
401,517,452,517,452,537,401,537
5,515,56,521,54,543,3,538
58,518,107,522,106,543,56,539
428,549,456,549,456,569,428,569
4,552,56,552,56,572,4,572
55,552,103,550,104,570,56,572
108,552,145,552,145,572,108,572
148,550,203,554,201,574,146,570
405,581,458,581,458,602,405,602
373,582,408,582,408,602,373,602
2,581,54,586,51,610,0,604
54,585,81,585,81,605,54,605
82,585,136,585,136,605,82,605
140,585,188,585,188,604,140,604
113,618,172,618,172,648,113,648
221,620,269,620,269,646,221,646
272,621,370,618,371,646,273,648
61,625,110,623,111,647,62,649
176,624,217,624,217,648,176,648
