216,269,389,271,389,301,215,299
400,270,498,270,498,300,400,300
241,320,286,320,286,346,241,346
462,320,528,320,528,344,462,344
177,318,239,323,238,349,176,344
356,321,402,321,402,346,356,346
409,321,458,321,458,346,409,346
292,322,348,322,348,348,292,348
0,365,40,365,40,389,0,389
444,426,554,423,555,465,445,468
168,426,250,426,250,470,168,470
355,428,434,426,435,467,356,469
260,430,347,432,346,471,259,469
622,478,658,478,658,508,622,508
524,483,617,481,617,509,525,511
444,488,491,483,494,513,447,519
660,486,680,486,680,508,660,508
198,488,236,488,236,514,198,514
272,488,332,488,332,514,272,514
382,488,441,488,441,513,382,513
17,489,73,489,73,517,17,517
79,488,154,493,152,522,77,516
492,530,532,530,532,557,492,557
417,532,485,532,485,558,417,558
7,536,230,533,230,562,8,565
234,534,280,534,280,561,234,561
284,539,412,533,414,559,285,566
605,574,653,574,653,605,605,605
649,574,704,574,704,601,649,601
453,576,507,574,508,602,454,604
410,577,457,577,457,609,410,609
250,580,306,580,306,602,250,602
0,638,70,645,66,680,-3,672
68,644,114,644,114,673,68,673
220,650,233,650,233,670,220,670
661,680,716,680,716,708,661,708
617,681,665,681,665,713,617,713
0,681,68,688,64,725,-3,718
68,688,156,691,155,722,67,719
661,733,716,729,718,756,663,761
0,732,53,732,53,764,0,764
154,732,209,732,209,761,154,761
58,733,150,733,150,764,58,764
620,733,668,733,668,764,620,764
345,734,412,734,412,765,345,765
495,803,706,794,707,824,496,833
17,804,58,804,58,837,17,837
119,805,405,803,405,835,120,838
409,804,490,804,490,841,409,841
62,806,114,806,114,836,62,836
409,858,469,858,469,889,409,889
321,861,404,861,404,897,321,897
261,862,317,862,317,893,261,893
511,895,599,892,600,919,512,923
605,896,614,896,614,914,605,914
452,900,507,898,508,927,453,929
413,900,448,900,448,928,413,928
352,902,409,902,409,936,352,936
81,904,129,904,129,932,81,932
291,903,348,906,346,935,289,931
136,905,197,905,197,933,136,933
248,906,284,906,284,933,248,933
204,910,241,910,241,933,204,933
