469,118,496,118,496,136,469,136
436,120,470,120,470,137,436,137
389,121,416,121,416,140,389,140
414,121,437,121,437,138,414,138
365,124,390,124,390,140,365,140
456,141,482,141,482,158,456,158
482,141,517,141,517,157,482,157
445,144,453,144,453,157,445,157
414,144,442,144,442,160,414,160
361,145,382,145,382,162,361,162
381,145,414,145,414,160,381,160
345,146,361,146,361,164,345,164
470,164,497,164,497,181,470,181
209,165,316,165,316,193,209,193
434,164,471,166,470,185,433,183
384,166,410,166,410,184,384,184
410,166,433,166,433,184,410,184
365,168,382,168,382,185,365,185
399,187,477,185,477,203,400,205
380,188,401,188,401,205,380,205
476,189,480,189,480,200,476,200
410,224,445,224,445,240,410,240
345,225,373,225,373,242,345,242
312,226,338,226,338,241,312,241
378,226,405,226,405,241,378,241
460,242,480,242,480,260,460,260
483,243,551,241,552,256,484,259
478,246,485,246,485,257,478,257
280,246,364,246,364,262,280,262
370,246,412,246,412,261,370,261
246,248,280,248,280,262,246,262
206,249,241,249,241,266,206,266
485,262,553,262,553,278,485,278
444,264,485,264,485,280,444,280
206,268,241,268,241,286,206,286
246,269,272,269,272,282,246,282
241,272,246,272,246,281,241,281
518,301,556,301,556,320,518,320
504,306,520,306,520,318,504,318
354,306,382,306,382,324,354,324
385,308,414,305,415,323,386,326
445,308,461,308,461,321,445,321
206,309,233,309,233,325,206,325
238,308,275,310,274,325,238,323
337,326,374,326,374,345,337,345
436,326,470,326,470,341,436,341
305,328,338,328,338,344,305,344
412,328,437,328,437,342,412,342
248,328,284,330,283,348,247,346
380,329,405,329,405,344,380,344
206,330,241,330,241,345,206,345
290,333,298,333,298,344,290,344
494,345,522,345,522,361,494,361
528,345,554,345,554,360,528,360
356,349,382,349,382,364,356,364
388,349,413,349,413,364,388,364
208,350,316,350,316,365,208,365
461,366,489,366,489,384,461,384
494,366,513,366,513,381,494,381
445,368,456,368,456,382,445,382
240,369,268,369,268,388,240,388
370,369,422,369,422,384,370,384
208,370,236,370,236,388,208,388
273,370,306,370,306,385,273,385
314,370,341,370,341,385,314,385
348,370,366,370,366,384,348,384
428,370,438,370,438,382,428,382
502,386,522,386,522,401,502,401
528,386,556,386,556,400,528,400
388,389,414,389,414,404,388,404
207,392,315,390,316,406,208,407
364,390,382,390,382,404,364,404
234,410,269,410,269,428,234,428
306,410,333,410,333,425,306,425
340,410,374,410,374,426,340,426
209,412,229,412,229,428,209,428
274,412,298,412,298,426,274,426
528,425,556,425,556,440,528,440
504,426,524,426,524,441,504,441
365,430,382,430,382,445,365,445
389,430,414,430,414,444,389,444
208,432,317,432,317,448,208,448
233,452,269,450,269,466,234,468
306,452,333,452,333,466,306,466
340,452,374,452,374,466,340,466
209,453,228,453,228,468,209,468
274,453,301,453,301,466,274,466
529,466,557,466,557,481,529,481
504,468,522,468,522,481,504,481
389,470,416,470,416,484,389,484
207,472,317,470,317,486,208,488
365,472,384,472,384,484,365,484
233,490,268,490,268,508,233,508
308,489,343,491,342,508,307,506
349,490,369,490,369,509,349,509
381,490,416,490,416,505,381,505
276,492,301,492,301,506,276,506
209,493,228,493,228,509,209,509
368,494,373,494,373,504,368,504
497,508,524,508,524,522,497,522
530,508,558,508,558,522,530,522
358,510,384,510,384,525,358,525
389,510,416,510,416,524,389,524
209,513,318,510,318,526,209,529
349,550,386,548,387,566,350,568
498,549,526,549,526,564,498,564
533,549,561,549,561,565,533,565
252,550,288,550,288,569,252,569
293,550,329,550,329,568,293,568
209,552,246,552,246,570,209,570
334,552,350,552,350,566,334,566
293,570,312,570,312,589,293,589
317,570,354,570,354,589,317,589
552,572,561,572,561,584,552,584
252,572,288,572,288,590,252,590
210,573,246,573,246,590,210,590
302,590,329,590,329,609,302,609
500,590,529,590,529,605,500,605
534,590,562,590,562,606,534,606
210,593,246,593,246,612,210,612
252,593,297,593,297,610,252,610
501,612,529,612,529,628,501,628
534,612,562,612,562,626,534,626
218,614,256,614,256,633,218,633
260,614,288,614,288,632,260,632
252,633,280,633,280,652,252,652
510,633,532,633,532,649,510,649
536,633,564,633,564,649,536,649
210,634,246,634,246,653,210,653
285,634,313,634,313,652,285,652
409,653,445,653,445,669,409,669
277,654,312,654,312,673,277,673
317,654,337,654,337,672,317,672
376,654,404,654,404,673,376,673
452,654,494,654,494,669,452,669
342,656,370,656,370,670,342,670
236,697,262,697,262,716,236,716
268,697,313,697,313,716,268,716
317,696,355,698,354,716,316,714
514,697,565,697,565,712,514,712
428,698,444,698,444,712,428,712
210,700,229,700,229,714,210,714
385,716,429,716,429,734,385,734
210,718,246,718,246,737,210,737
310,718,377,718,377,734,310,734
549,718,566,718,566,733,549,733
252,720,296,720,296,737,252,737
294,721,310,721,310,734,294,734
210,740,230,740,230,758,210,758
277,740,321,740,321,756,277,756
419,739,566,739,566,754,419,754
236,742,272,742,272,758,236,758
269,802,297,802,297,821,269,821
378,802,408,802,408,822,378,822
302,804,338,804,338,822,302,822
345,804,373,804,373,822,345,822
464,804,501,804,501,822,464,822
413,804,459,806,458,823,412,821
455,826,494,824,495,842,456,844
212,826,238,826,238,842,212,842
245,826,306,826,306,844,245,844
380,826,433,826,433,844,380,844
438,826,457,826,457,842,438,842
541,826,569,826,569,842,541,842
310,828,345,828,345,842,310,842
353,828,373,828,373,844,353,844
498,828,536,828,536,841,498,841
253,869,282,869,282,886,253,886
286,869,308,869,308,886,286,886
312,869,340,869,340,885,312,885
346,869,393,869,393,886,346,886
397,869,417,869,417,886,397,886
457,869,486,869,486,888,457,888
422,870,452,870,452,886,422,886
492,870,521,870,521,888,492,888
212,890,240,890,240,906,212,906
240,892,246,892,246,904,240,904
246,890,280,890,280,905,246,905
286,890,382,892,382,907,286,906
389,892,434,892,434,909,389,909
432,892,458,892,458,908,432,908
476,892,529,892,529,908,476,908
466,894,477,894,477,908,466,908
536,894,564,894,564,908,536,908
