307,176,435,173,436,197,308,199
441,176,514,176,514,197,441,197
328,213,361,213,361,234,328,234
412,213,446,213,446,233,412,233
450,213,486,213,486,233,450,233
365,214,406,214,406,233,365,233
490,214,537,214,537,233,490,233
283,213,326,217,324,238,281,234
146,248,184,248,184,266,146,266
277,292,337,292,337,325,277,325
412,292,470,292,470,325,412,325
476,292,556,292,556,324,476,324
342,296,406,296,406,325,342,325
601,333,641,333,641,353,601,353
534,334,598,334,598,354,534,354
476,339,509,334,513,356,479,361
352,338,397,336,397,356,353,358
432,337,474,337,474,356,432,356
172,338,212,338,212,358,172,358
301,338,328,338,328,358,301,358
216,337,272,343,270,363,214,358
452,368,480,368,480,389,452,389
536,368,564,368,564,386,536,386
482,369,532,369,532,390,482,390
165,372,264,372,264,392,165,392
262,372,326,372,326,392,262,392
329,372,364,372,364,390,329,390
365,372,404,372,404,393,365,393
405,373,448,373,448,388,405,388
592,397,624,397,624,418,592,418
621,397,660,397,660,416,621,416
456,400,488,400,488,421,456,421
484,400,522,400,522,418,484,418
340,402,378,402,378,417,340,417
288,405,297,405,297,417,288,417
504,436,533,436,533,454,504,454
330,437,369,437,369,458,330,458
438,437,500,437,500,456,438,456
370,438,436,438,436,460,370,460
163,441,326,438,326,459,164,462
625,465,664,465,664,485,625,485
597,466,629,466,629,488,597,488
486,468,525,468,525,488,486,488
457,469,490,469,490,490,457,490
348,470,376,470,376,488,348,488
480,502,584,504,583,526,479,525
586,504,617,504,617,522,586,522
428,506,476,506,476,526,428,526
330,509,382,507,383,527,330,529
162,511,327,507,328,528,162,532
385,510,425,510,425,528,385,528
632,534,670,534,670,554,632,554
602,536,634,536,634,557,602,557
460,539,530,536,531,558,461,561
341,540,382,540,382,557,341,557
590,574,621,574,621,594,590,594
547,572,588,578,585,600,544,593
390,577,488,577,488,600,390,600
490,578,543,576,544,595,490,597
331,580,386,578,387,599,332,600
159,583,329,578,329,600,160,605
636,606,676,606,676,626,636,626
605,608,638,608,638,630,605,630
464,610,497,610,497,633,464,633
494,610,534,610,534,630,494,630
344,613,386,613,386,630,344,630
149,659,208,663,206,690,148,686
209,664,244,664,244,685,209,685
640,681,680,681,680,702,640,702
609,682,644,682,644,705,609,705
151,692,209,696,207,722,149,718
210,695,265,697,265,719,210,717
640,718,680,718,680,738,640,738
609,720,644,720,644,741,609,741
414,725,462,725,462,745,414,745
277,726,317,726,317,748,277,748
204,729,273,726,273,748,205,751
151,730,200,728,201,750,152,752
650,764,673,764,673,785,650,785
522,769,646,764,647,787,522,791
251,777,457,769,458,793,252,801
460,770,518,770,518,797,460,797
176,778,206,778,206,804,176,804
210,781,250,781,250,802,210,802
460,808,502,808,502,830,460,830
397,815,456,808,459,831,400,838
356,814,396,814,396,834,356,834
532,834,595,831,596,853,533,856
600,836,606,836,606,849,600,849
490,837,530,837,530,858,490,858
462,838,489,838,489,857,462,857
421,841,460,841,460,864,421,864
346,842,373,842,373,861,346,861
377,842,417,842,417,861,377,861
229,844,264,844,264,862,229,862
268,845,312,845,312,861,268,861
316,846,342,846,342,860,316,860
