312,368,416,368,416,386,312,386
421,369,481,369,481,386,421,386
289,398,325,398,325,417,289,417
326,398,356,398,356,416,326,416
357,398,390,398,390,413,357,413
396,397,426,400,425,417,394,415
426,398,457,398,457,414,426,414
460,398,498,398,498,414,460,414
181,425,208,425,208,440,181,440
284,462,333,462,333,489,284,489
394,464,442,464,442,489,394,489
446,464,513,464,513,489,446,489
338,466,390,466,390,489,338,489
197,500,230,500,230,518,197,518
233,498,280,504,278,522,231,517
302,500,326,500,326,517,302,517
345,500,382,500,382,517,345,517
410,500,445,500,445,516,410,516
449,500,476,500,476,520,449,520
496,500,550,500,550,517,496,517
552,500,574,500,574,516,552,516
573,501,585,501,585,516,573,516
192,528,284,528,284,546,192,546
282,528,324,528,324,545,282,545
325,528,354,528,354,544,325,544
488,527,532,529,531,547,487,545
548,528,573,528,573,544,548,544
358,529,402,529,402,544,358,544
404,529,448,529,448,544,404,544
450,529,485,529,485,544,450,544
532,530,544,530,544,544,532,544
334,553,366,553,366,568,334,568
428,553,453,553,453,570,428,570
452,553,484,553,484,570,452,570
540,553,562,553,562,570,540,570
564,553,596,553,596,569,564,569
191,585,323,583,324,602,192,604
325,584,368,584,368,601,325,601
390,584,414,584,414,601,390,601
453,584,477,584,477,601,453,601
370,585,389,585,389,600,370,600
414,585,448,585,448,601,414,601
429,609,454,609,454,628,429,628
452,609,484,609,484,626,452,626
538,609,566,609,566,628,538,628
562,609,596,609,596,626,562,626
334,610,366,610,366,624,334,624
293,613,301,613,301,625,293,625
441,640,465,640,465,657,441,657
392,641,414,641,414,658,392,658
416,641,438,641,438,658,416,658
190,644,322,641,322,660,190,662
325,642,368,642,368,660,325,660
370,642,390,642,390,657,370,657
438,666,484,666,484,685,438,685
541,666,566,666,566,684,541,684
564,666,597,666,597,684,564,684
334,668,366,668,366,682,334,682
290,670,301,670,301,684,290,684
184,707,228,708,227,729,183,727
229,708,254,708,254,725,229,725
544,726,566,726,566,745,544,745
566,726,600,726,600,744,566,744
184,732,228,734,227,756,183,754
229,733,274,735,273,755,228,753
569,756,601,756,601,773,569,773
536,757,569,757,569,774,536,774
280,761,312,759,313,775,281,777
385,760,424,760,424,778,385,778
182,761,221,761,221,780,182,780
224,761,278,761,278,780,224,780
569,786,601,786,601,804,569,804
536,788,572,788,572,805,536,805
184,793,212,793,212,812,184,812
214,793,238,793,238,812,214,812
264,793,309,793,309,810,264,810
238,794,260,794,260,810,238,810
578,822,598,822,598,841,578,841
475,825,577,822,577,841,476,844
262,829,425,827,425,845,262,848
428,828,473,828,473,848,428,848
202,830,226,830,226,849,202,849
229,832,261,832,261,848,229,848
425,856,460,854,462,871,426,873
377,856,424,856,424,876,377,876
344,857,376,857,376,874,344,874
484,874,533,874,533,890,484,890
394,877,426,877,426,896,394,896
428,877,449,877,449,892,428,892
450,877,481,877,481,893,450,893
336,878,357,878,357,893,336,893
360,878,390,878,390,893,360,893
244,880,270,880,270,894,244,894
272,880,309,878,309,893,273,895
312,881,333,881,333,893,312,893
