401,80,428,80,428,100,401,100
262,81,289,81,289,100,262,100
289,81,317,81,317,100,289,100
316,81,334,81,334,100,316,100
345,81,372,81,372,100,345,100
370,81,401,81,401,100,370,100
426,81,437,81,437,98,426,98
334,84,342,84,342,98,334,98
373,104,401,104,401,124,373,124
289,105,308,105,308,124,289,124
318,105,344,105,344,124,318,124
342,105,373,105,373,124,342,124
401,106,409,106,409,122,401,122
308,108,314,108,314,122,308,122
109,118,225,118,225,149,109,149
274,126,304,126,304,148,274,148
264,129,272,129,272,145,264,145
382,128,410,128,410,148,382,148
408,128,437,128,437,148,408,148
304,129,333,129,333,148,304,148
334,129,352,129,352,146,334,146
354,129,382,129,382,146,354,146
293,153,368,153,368,172,293,172
369,153,405,153,405,172,369,172
220,193,250,193,250,210,220,210
281,193,312,193,312,212,281,212
316,193,356,193,356,212,316,212
254,194,277,194,277,210,254,210
105,213,142,213,142,232,105,232
148,214,185,214,185,230,148,230
185,214,276,214,276,233,185,233
282,217,308,217,308,232,282,232
308,217,326,217,326,233,308,233
376,217,469,217,469,234,376,234
105,234,142,234,142,254,105,254
148,236,176,236,176,252,148,252
144,240,148,240,148,250,144,250
360,238,478,238,478,257,360,257
104,278,133,278,133,296,104,296
139,276,179,280,178,299,137,295
286,281,318,279,319,298,288,300
262,281,284,281,284,296,262,296
413,282,468,282,468,300,413,300
350,284,369,284,369,298,350,298
104,300,142,300,142,317,104,317
148,301,158,301,158,316,148,316
166,301,194,301,194,318,166,318
270,301,301,301,301,320,270,320
341,301,362,301,362,321,341,321
201,302,220,302,220,318,201,318
218,302,249,304,247,322,217,319
253,302,272,302,272,318,253,318
306,302,336,302,336,322,306,322
368,304,397,304,397,321,368,321
396,306,404,306,404,320,396,320
412,305,458,305,458,322,412,322
102,321,220,323,219,341,102,339
272,325,293,325,293,341,272,341
297,325,326,325,326,342,297,342
448,326,477,326,477,344,448,344
368,328,378,328,378,341,368,341
421,328,442,328,442,344,421,344
102,342,141,342,141,360,102,360
146,345,185,345,185,362,146,362
192,345,221,345,221,362,192,362
226,346,256,346,256,362,226,362
261,346,298,346,298,364,261,364
306,346,341,346,341,362,306,362
349,348,394,348,394,365,349,365
101,364,218,366,218,384,101,382
270,369,297,369,297,384,270,384
297,369,326,369,326,385,297,385
421,372,441,372,441,386,421,386
446,372,477,372,477,388,446,388
102,386,140,386,140,405,102,405
145,385,186,387,185,407,144,405
190,386,230,389,229,408,189,405
236,389,264,389,264,408,236,408
270,390,333,390,333,408,270,408
341,392,369,392,369,408,341,408
377,392,457,392,457,409,377,409
101,409,148,409,148,426,101,426
146,410,220,410,220,428,146,428
278,413,296,413,296,428,278,428
296,413,325,413,325,429,296,429
428,414,440,414,440,429,428,429
446,414,476,414,476,432,446,432
101,432,122,432,122,448,101,448
446,436,476,436,476,453,446,453
170,453,200,453,200,472,170,472
101,454,137,454,137,470,101,470
145,454,165,454,165,472,145,472
206,454,228,454,228,473,206,473
269,456,314,456,314,473,269,473
321,456,402,456,402,474,321,474
232,457,262,457,262,472,232,472
412,458,440,458,440,474,412,474
100,475,218,476,218,494,99,493
269,478,296,478,296,494,269,494
294,478,325,478,325,496,294,496
420,480,446,480,446,496,420,496
445,481,476,481,476,498,445,498
100,498,121,498,121,514,100,514
445,502,476,502,476,520,445,520
420,504,438,504,438,518,420,518
144,518,172,518,172,538,144,538
98,520,134,520,134,536,98,536
178,521,198,521,198,537,178,537
206,521,253,521,253,538,206,538
257,524,287,521,289,539,258,542
294,522,332,522,332,541,294,541
330,522,376,522,376,540,330,540
384,524,412,524,412,541,384,541
98,542,217,542,217,560,98,560
268,545,322,545,322,561,268,561
420,548,474,548,474,562,420,562
97,584,137,584,137,604,97,604
142,584,181,584,181,604,142,604
186,585,226,585,226,604,186,604
250,586,288,586,288,605,250,605
232,588,249,588,249,604,232,604
418,590,474,590,474,606,418,606
97,605,136,607,135,627,96,625
142,606,181,606,181,626,142,626
185,608,196,608,196,625,185,625
204,608,244,608,244,626,204,626
437,613,466,613,466,630,437,630
409,614,437,614,437,629,409,629
97,629,136,629,136,649,97,649
141,630,190,630,190,649,141,649
196,630,224,630,224,649,196,649
418,636,475,636,475,653,418,653
105,652,144,652,144,672,105,672
150,654,180,654,180,672,150,672
417,658,440,658,440,676,417,676
445,658,474,658,474,676,445,676
141,673,169,673,169,694,141,694
96,674,134,674,134,693,96,693
176,677,206,677,206,696,176,696
166,697,204,697,204,718,166,718
210,698,232,698,232,718,210,718
237,700,268,700,268,718,237,718
273,700,304,700,304,721,273,721
309,701,349,701,349,720,309,720
354,702,401,702,401,721,354,721
156,765,185,765,185,785,156,785
192,765,230,765,230,785,192,785
237,766,266,766,266,786,237,786
272,766,304,766,304,786,272,786
308,768,357,770,357,789,307,787
361,769,401,769,401,789,361,789
128,789,194,789,194,808,128,808
92,790,121,790,121,808,92,808
198,790,237,790,237,808,198,808
273,790,329,790,329,809,273,809
245,792,266,792,266,809,245,809
334,792,356,792,356,810,334,810
353,792,393,792,393,810,353,810
397,794,437,794,437,812,397,812
443,793,474,796,472,815,441,813
136,834,166,834,166,853,136,853
172,834,194,834,194,854,172,854
236,834,285,834,285,854,236,854
200,836,229,836,229,854,200,854
290,836,310,836,310,854,290,854
353,837,384,837,384,857,353,857
316,838,348,838,348,857,316,857
389,838,420,838,420,857,389,857
118,860,126,860,126,874,118,874
126,857,158,860,156,878,125,875
89,860,117,860,117,876,89,876
170,860,274,860,274,877,170,877
280,860,320,860,320,878,280,878
317,861,353,861,353,877,317,877
361,860,435,862,434,881,360,879
156,864,162,864,162,874,156,874
433,864,464,864,464,881,433,881
42,932,143,937,142,959,41,954
145,932,209,932,209,960,145,960
212,933,296,933,296,954,212,954
41,959,90,963,89,982,40,978
92,960,138,964,137,982,90,978
140,959,200,963,199,981,139,978
204,961,242,961,242,978,204,978
