366,92,453,92,453,117,366,117
230,92,351,95,350,120,230,117
424,132,477,132,477,152,424,152
249,132,286,132,286,156,249,156
290,132,336,134,335,155,290,153
219,133,249,136,247,156,217,154
382,134,421,134,421,153,382,153
341,136,378,136,378,157,341,157
57,169,97,169,97,188,57,188
194,213,258,213,258,246,194,246
410,214,496,214,496,246,410,246
340,215,404,215,404,247,340,247
266,217,336,217,336,249,266,249
473,257,543,254,544,275,474,278
546,255,591,253,592,273,546,275
362,258,409,258,409,281,362,281
410,262,446,257,450,280,413,285
78,260,121,260,121,280,78,280
127,258,186,264,184,286,125,280
220,260,249,260,249,281,220,281
276,261,324,261,324,281,276,281
480,292,510,292,510,313,480,313
69,294,232,294,232,316,69,316
436,292,477,296,475,318,434,314
237,296,264,296,264,316,237,316
266,296,325,296,325,316,266,316
329,297,432,297,432,318,329,318
566,322,610,318,612,338,568,342
525,324,564,324,564,345,525,345
261,329,304,329,304,346,261,346
386,329,460,329,460,350,386,350
65,367,233,366,233,387,65,389
234,365,285,365,285,388,234,388
288,366,357,369,357,390,287,387
406,368,437,368,437,388,406,388
374,369,401,369,401,390,374,390
572,394,615,392,616,414,573,416
553,397,576,397,576,418,553,418
421,401,462,401,462,424,421,424
261,402,305,402,305,420,261,420
402,402,424,402,424,425,402,425
55,446,114,450,113,476,53,472
116,450,148,450,148,472,116,472
581,474,626,472,627,494,582,496
536,476,585,476,585,498,536,498
54,478,114,484,111,511,51,506
116,482,175,485,174,510,115,507
584,513,629,511,630,533,585,535
537,514,589,514,589,538,537,538
187,518,231,516,232,538,188,540
52,517,104,517,104,541,52,541
108,517,184,517,184,541,108,541
330,518,381,518,381,541,330,541
586,554,630,554,630,576,586,576
537,556,589,556,589,578,537,578
92,560,125,560,125,585,92,585
162,560,225,560,225,585,162,585
40,562,89,562,89,586,40,586
129,564,157,564,157,586,129,586
174,620,350,615,351,639,174,645
97,621,148,621,148,646,97,646
58,622,96,622,96,646,58,646
94,667,187,651,193,683,100,699
232,660,296,660,296,682,232,682
193,660,228,660,228,685,193,685
60,662,96,662,96,690,60,690
57,702,121,702,121,728,57,728
124,709,186,707,187,726,125,728
598,733,646,733,646,758,598,758
578,736,597,736,597,758,578,758
124,744,178,744,178,769,124,769
181,744,240,744,240,768,181,768
57,745,120,745,120,770,57,770
124,786,180,786,180,813,124,813
182,786,241,786,241,810,182,810
55,786,123,792,120,819,52,813
569,820,602,820,602,845,569,845
606,820,656,820,656,845,606,845
277,821,330,832,324,860,271,849
224,826,276,826,276,852,224,852
50,829,94,829,94,854,50,854
129,828,223,832,222,859,128,855
97,830,126,830,126,857,97,857
532,880,654,882,654,909,531,907
151,889,393,884,393,912,152,917
102,889,149,889,149,917,102,917
65,890,98,890,98,917,65,917
319,941,391,928,396,960,324,972
272,937,320,937,320,964,272,964
400,938,430,938,430,960,400,960
518,969,565,969,565,992,518,992
566,970,577,970,577,986,566,986
349,974,398,974,398,1006,349,1006
296,976,346,976,346,1002,296,1002
114,978,158,978,158,1005,114,1005
161,980,217,980,217,1006,161,1006
258,980,292,980,292,1004,258,1004
220,982,254,982,254,1005,220,1005
