292,226,392,231,391,250,291,245
397,232,454,232,454,249,397,249
269,252,305,257,303,274,267,269
305,256,333,256,333,273,305,273
334,258,368,258,368,273,334,273
433,258,472,258,472,273,433,273
401,260,430,260,430,274,401,274
372,261,398,261,398,276,372,276
164,272,191,275,190,289,162,286
262,313,310,313,310,340,262,340
421,317,485,317,485,340,421,340
369,317,416,317,416,340,369,340
316,320,365,320,365,341,316,341
176,342,206,342,206,358,176,358
211,342,256,348,254,365,208,359
522,346,556,346,556,361,522,361
280,348,302,348,302,365,280,365
422,348,449,348,449,366,422,366
468,348,520,348,520,362,468,362
321,349,356,349,356,364,321,364
385,348,419,350,418,364,384,362
168,367,229,369,229,388,167,386
228,370,300,373,299,391,227,387
522,372,544,372,544,386,522,386
382,373,409,373,409,389,382,389
412,373,484,373,484,390,412,390
301,374,321,374,321,389,301,389
324,374,380,374,380,389,324,389
488,374,517,374,517,388,488,388
513,397,538,397,538,413,513,413
537,397,569,397,569,413,537,413
308,398,340,398,340,412,308,412
410,398,428,398,428,414,410,414
425,398,457,398,457,414,425,414
165,424,276,424,276,441,165,441
274,425,297,425,297,442,274,442
321,425,382,425,382,442,321,442
300,426,321,426,321,442,300,442
385,426,417,426,417,445,385,445
420,426,444,426,444,444,420,444
525,450,536,450,536,466,525,466
538,450,572,450,572,465,538,465
306,452,338,452,338,464,306,464
412,452,428,452,428,468,412,468
425,452,456,452,456,466,425,466
160,477,212,477,212,494,160,494
210,478,294,478,294,496,210,496
297,480,317,480,317,494,297,494
320,479,378,479,378,495,320,495
405,480,428,480,428,497,405,497
430,480,456,480,456,496,430,496
382,481,402,481,402,496,382,496
258,504,269,504,269,516,258,516
528,504,540,504,540,520,528,520
542,504,576,504,576,518,542,518
304,505,337,505,337,517,304,517
412,505,457,505,457,522,412,522
153,530,292,533,291,551,153,549
293,534,321,534,321,549,293,549
349,533,406,538,405,555,348,550
454,534,508,537,507,553,453,550
510,534,529,534,529,550,510,550
533,534,560,534,560,550,533,550
408,536,449,536,449,552,408,552
325,537,345,537,345,552,325,552
301,560,336,560,336,574,301,574
546,560,582,560,582,578,546,578
426,561,461,561,461,580,426,580
521,561,550,561,550,580,521,580
401,562,428,562,428,580,401,580
139,592,186,596,184,618,137,614
186,596,212,596,212,614,186,614
137,618,184,624,182,646,135,640
185,622,232,626,230,646,184,642
528,625,590,625,590,645,528,645
134,650,174,650,174,670,134,670
177,650,236,650,236,670,177,670
238,650,273,650,273,670,238,670
357,654,400,654,400,674,357,674
530,655,593,657,593,678,530,676
136,702,164,702,164,722,136,722
166,702,206,702,206,722,166,722
226,702,330,702,330,722,226,722
330,704,365,704,365,722,330,722
133,733,162,733,162,757,133,757
165,736,225,736,225,756,165,756
228,736,277,736,277,756,228,756
130,768,180,768,180,788,130,788
184,773,230,773,230,788,184,788
129,800,178,800,178,822,129,822
181,804,225,804,225,824,181,824
228,804,273,804,273,824,228,824
562,806,600,806,600,825,562,825
128,834,183,840,180,861,126,855
182,837,226,837,226,857,182,857
229,837,276,837,276,857,229,857
558,864,594,864,594,880,558,880
533,865,560,865,560,881,533,881
129,866,162,866,162,886,129,886
191,863,263,868,262,891,189,886
165,868,189,868,189,888,165,888
264,868,302,868,302,886,264,886
305,868,344,868,344,889,305,889
565,896,585,896,585,908,565,908
451,901,566,895,567,909,452,915
397,902,448,902,448,918,397,918
213,906,391,902,392,918,213,922
148,905,173,905,173,924,148,924
176,906,210,906,210,921,176,921
396,922,432,922,432,934,396,934
341,928,391,922,393,936,343,942
304,928,338,928,338,940,304,940
361,941,394,937,395,946,363,950
325,942,357,942,357,952,325,952
300,945,320,945,320,953,300,953
273,946,294,946,294,954,273,954
232,948,268,948,268,957,232,957
197,948,226,948,226,960,197,960
