379,234,436,231,438,249,380,253
277,241,374,235,375,253,278,260
417,260,454,260,454,274,417,274
386,261,416,261,416,276,386,276
356,264,385,264,385,278,356,278
321,266,354,266,354,280,321,280
293,268,318,268,318,282,293,282
269,270,290,270,290,285,269,285
156,300,185,300,185,313,156,313
409,316,472,316,472,341,409,341
360,320,405,320,405,345,360,345
256,325,302,325,302,352,256,352
306,325,356,325,356,349,306,349
509,341,541,341,541,357,509,357
456,346,507,343,508,359,457,362
413,349,440,349,440,369,413,369
376,353,410,353,410,368,376,368
314,357,349,355,350,370,314,372
274,360,297,360,297,374,274,374
176,364,206,364,206,378,176,378
209,364,250,364,250,380,209,380
501,368,522,368,522,382,501,382
457,371,496,367,498,383,459,387
416,376,456,376,456,390,416,390
365,377,414,377,414,393,365,393
296,382,346,380,347,396,297,398
348,381,362,381,362,394,348,394
170,389,295,383,296,398,170,405
528,388,557,388,557,404,528,404
512,392,524,392,524,405,512,405
420,397,450,397,450,414,420,414
405,400,421,400,421,416,405,416
306,405,337,405,337,418,306,418
377,429,401,429,401,445,377,445
345,432,374,432,374,448,345,448
317,433,342,433,342,448,317,448
290,434,318,434,318,452,290,452
169,441,289,434,290,452,170,459
532,441,563,439,564,457,533,459
518,442,530,442,530,458,518,458
424,449,454,449,454,466,424,466
410,452,425,452,425,468,410,468
308,458,339,456,340,470,309,472
470,474,493,474,493,490,470,490
446,480,466,480,466,493,446,493
401,483,443,479,444,494,402,498
374,484,398,484,398,498,374,498
337,485,374,485,374,502,337,502
292,488,335,485,336,501,293,504
170,495,291,487,292,505,172,514
537,496,570,493,571,511,538,514
524,497,540,497,540,513,524,513
411,506,456,500,459,517,414,523
311,512,343,510,344,523,312,525
529,526,554,526,554,544,529,544
474,531,510,527,511,543,476,547
513,530,525,530,525,544,513,544
428,534,473,534,473,549,428,549
385,535,427,536,426,555,384,553
341,537,384,539,383,557,340,555
305,541,341,541,341,558,305,558
172,549,302,542,303,561,173,568
544,550,577,550,577,569,544,569
520,553,546,553,546,570,520,570
432,558,464,558,464,577,432,577
409,560,434,560,434,577,409,577
314,566,348,566,348,580,314,580
481,586,505,586,505,604,481,604
431,590,478,588,479,606,432,608
400,592,429,592,429,609,400,609
374,596,396,596,396,610,374,610
342,597,373,597,373,612,342,612
306,598,340,598,340,614,306,614
222,603,305,598,306,617,224,622
173,607,225,604,226,623,174,626
550,609,582,609,582,628,550,628
526,610,552,610,552,628,526,628
436,616,469,616,469,634,436,634
422,618,438,618,438,636,422,636
317,624,350,624,350,638,317,638
290,666,312,666,312,684,290,684
213,668,241,668,241,688,213,688
168,668,214,670,213,691,167,689
558,672,591,669,592,689,560,691
525,673,562,673,562,692,525,692
169,694,213,694,213,716,169,716
214,693,259,695,258,715,214,713
561,701,594,701,594,720,561,720
528,702,565,702,565,721,528,721
372,712,410,712,410,732,372,732
268,716,300,716,300,736,268,736
209,721,265,718,266,737,211,740
170,722,209,722,209,741,170,741
465,745,590,737,591,757,466,765
417,748,464,748,464,769,417,769
250,760,414,748,415,768,252,780
192,761,216,761,216,782,192,782
217,762,249,762,249,781,217,781
418,777,453,777,453,797,418,797
368,781,416,781,416,804,368,804
334,785,366,785,366,802,334,802
476,798,530,795,531,814,477,818
445,801,477,801,477,820,445,820
421,802,444,802,444,821,421,821
388,804,420,804,420,824,388,824
352,806,384,806,384,822,352,822
329,809,350,809,350,825,329,825
265,812,301,812,301,828,265,828
304,812,325,812,325,825,304,825
234,814,264,814,264,832,234,832
