362,275,430,275,430,302,362,302
439,275,532,279,531,308,438,305
533,277,610,280,609,313,532,310
615,282,705,289,703,319,613,312
183,311,250,314,248,341,181,338
252,316,303,316,303,343,252,343
309,316,384,325,381,352,306,344
387,323,424,323,424,350,387,350
430,325,481,325,481,351,430,351
485,328,536,328,536,357,485,357
542,330,624,333,623,364,541,361
628,332,677,337,674,363,625,359
679,336,746,339,744,366,677,363
750,339,785,339,785,366,750,366
789,339,828,339,828,364,789,364
831,339,883,339,883,366,831,366
359,365,516,374,515,401,357,392
535,373,706,381,705,409,533,400
370,469,442,474,440,505,368,500
446,478,518,483,516,511,444,506
522,478,590,478,590,513,522,513
593,481,691,481,691,515,593,515
154,517,202,517,202,552,154,552
204,523,356,531,354,563,203,555
659,550,737,550,737,582,659,582
742,552,894,552,894,581,742,581
142,646,188,646,188,680,142,680
444,666,512,672,509,700,442,694
513,670,559,670,559,703,513,703
837,670,899,670,899,707,837,707
730,675,831,675,831,707,730,707
135,707,200,707,200,742,135,742
206,712,309,712,309,748,206,748
319,711,421,725,415,765,314,751
423,723,510,723,510,758,423,758
517,721,605,729,601,773,514,765
439,782,495,782,495,821,439,821
490,783,556,783,556,821,490,821
783,790,831,790,831,830,783,830
835,792,906,792,906,831,835,831
124,834,201,837,200,873,123,870
206,840,286,840,286,876,206,876
295,842,341,842,341,876,295,876
348,844,403,844,403,878,348,878
414,837,504,853,497,895,407,879
437,910,492,910,492,950,437,950
486,910,556,910,556,949,486,949
840,918,911,918,911,959,840,959
789,920,846,920,846,959,789,959
112,975,217,987,212,1032,106,1021
218,979,291,979,291,1023,218,1023
298,980,392,993,385,1037,292,1024
789,998,913,998,913,1041,789,1041
255,1103,330,1103,330,1139,255,1139
453,1107,559,1107,559,1142,453,1142
384,1113,449,1107,452,1143,387,1149
337,1114,382,1114,382,1139,337,1139
568,1112,636,1112,636,1151,568,1151
707,1116,767,1116,767,1155,707,1155
639,1119,703,1119,703,1155,639,1155
