318,198,346,200,345,213,317,211
297,200,320,200,320,214,297,214
206,201,228,201,228,214,206,214
226,202,248,202,248,216,226,216
246,202,261,202,261,216,246,216
261,204,268,204,268,216,261,216
266,202,286,202,286,216,266,216
285,202,298,202,298,216,285,216
220,218,233,218,233,232,220,232
306,218,332,218,332,230,306,230
233,221,241,221,241,232,233,232
241,220,261,220,261,232,241,232
260,220,274,220,274,233,260,233
277,221,284,221,284,230,277,230
285,220,306,220,306,232,285,232
95,220,185,228,183,252,92,243
313,233,333,233,333,246,313,246
218,236,232,236,232,249,218,249
233,236,254,236,254,249,233,249
254,236,273,236,273,249,254,249
284,236,313,236,313,250,284,250
276,238,281,238,281,248,276,248
293,250,320,250,320,265,293,265
232,252,250,252,250,265,232,265
249,252,293,252,293,266,249,266
178,278,201,278,201,292,178,292
205,280,221,280,221,292,205,292
225,281,249,281,249,293,225,293
252,281,281,281,281,294,252,294
90,287,120,290,119,304,89,301
297,297,364,288,367,303,299,312
124,290,154,292,152,306,122,303
152,294,221,294,221,308,152,308
226,297,241,297,241,309,226,309
240,298,261,298,261,310,240,310
89,304,118,304,118,318,89,318
316,312,371,302,373,317,319,326
118,306,145,306,145,320,118,320
285,313,320,313,320,326,285,326
89,336,112,336,112,349,89,349
337,339,367,335,369,351,339,355
116,337,147,340,146,354,114,350
212,344,228,344,228,356,212,356
232,344,254,344,254,357,232,357
328,345,341,345,341,354,328,354
278,345,293,345,293,357,278,357
88,352,112,352,112,365,88,365
116,352,180,356,179,371,115,367
184,357,206,357,206,370,184,370
340,357,362,357,362,370,340,370
212,356,249,360,247,375,210,371
252,358,280,358,280,373,252,373
284,360,335,357,336,371,285,374
86,366,179,373,178,388,85,381
353,370,376,370,376,385,353,385
334,373,354,373,354,386,334,386
218,376,234,376,234,388,218,388
238,376,261,376,261,388,238,388
88,397,118,399,117,415,87,413
122,402,152,402,152,417,122,417
156,404,186,404,186,418,156,418
353,404,376,404,376,417,353,417
334,405,350,405,350,418,334,418
204,406,234,406,234,420,204,420
193,409,200,409,200,418,193,418
86,414,117,414,117,430,86,430
121,418,152,418,152,433,121,433
157,422,164,422,164,434,157,434
169,421,200,421,200,436,169,436
86,432,116,432,116,446,86,446
121,434,158,434,158,449,121,449
354,436,377,436,377,450,354,450
164,437,185,437,185,450,164,450
334,438,350,438,350,450,334,450
92,449,122,449,122,464,92,464
126,453,150,453,150,466,126,466
354,453,377,453,377,466,354,466
334,454,350,454,350,466,334,466
85,465,114,465,114,481,85,481
120,468,142,468,142,482,120,482
148,470,172,470,172,484,148,484
140,486,170,486,170,501,140,501
174,486,190,486,190,501,174,501
196,488,218,488,218,502,196,502
224,488,248,488,248,504,224,504
286,488,322,488,322,502,286,502
252,489,282,489,282,504,252,504
132,536,154,536,154,550,132,550
160,537,190,537,190,552,160,552
222,537,248,537,248,553,222,553
194,538,218,538,218,553,194,553
293,538,324,538,324,554,293,554
252,539,289,541,289,555,251,553
81,551,106,553,104,567,80,565
110,551,163,555,162,570,109,566
166,556,182,556,182,568,166,568
181,556,196,556,196,569,181,569
202,556,218,556,218,569,202,569
272,556,317,556,317,570,272,570
321,556,352,556,352,569,321,569
356,556,380,556,380,569,356,569
224,557,268,557,268,570,224,570
116,586,140,586,140,602,116,602
144,588,162,588,162,602,144,602
166,589,190,589,190,602,166,602
194,589,233,589,233,604,194,604
237,589,254,589,254,605,237,605
286,589,310,589,310,605,286,605
258,590,282,590,282,605,258,605
314,590,338,590,338,604,314,604
78,604,109,604,109,618,78,618
108,604,138,607,137,621,107,618
144,606,174,606,174,620,144,620
173,606,225,606,225,621,173,621
229,608,260,608,260,621,229,621
258,608,288,608,288,621,258,621
293,608,345,608,345,621,293,621
349,608,374,608,374,621,349,621
