503,169,568,176,566,197,501,189
574,171,628,174,627,192,573,190
624,192,688,192,688,211,624,211
585,193,617,193,617,213,585,213
501,195,546,195,546,215,501,215
553,195,578,195,578,213,553,213
442,197,473,197,473,215,442,215
471,199,494,199,494,216,471,216
554,217,698,213,699,233,555,237
494,218,546,218,546,236,494,236
432,220,455,220,455,236,432,236
464,222,487,222,487,238,464,238
677,237,731,239,730,258,677,256
739,238,763,238,763,254,739,254
564,239,609,242,608,262,562,259
615,240,670,240,670,257,615,257
350,240,394,245,392,264,348,259
419,241,464,241,464,261,419,261
492,241,526,241,526,259,492,259
531,241,565,241,565,261,531,261
400,243,421,243,421,263,400,263
699,259,752,259,752,277,699,277
636,261,691,261,691,279,636,279
595,263,629,263,629,281,595,281
359,265,393,265,393,282,359,282
441,265,485,265,485,282,441,282
524,265,567,265,567,282,524,282
400,265,435,268,433,285,398,282
494,270,517,270,517,282,494,282
578,270,586,270,586,281,578,281
709,282,764,280,765,299,709,301
677,282,700,282,700,300,677,300
574,286,608,286,608,304,574,304
617,286,650,286,650,304,617,304
348,288,371,288,371,305,348,305
409,288,442,288,442,305,409,305
451,288,474,288,474,305,451,305
523,287,568,290,567,308,522,305
659,289,670,289,670,302,659,302
378,291,401,291,401,305,378,305
482,291,514,291,514,307,482,307
669,305,714,307,713,327,667,325
627,307,661,307,661,325,627,325
471,308,506,311,504,329,470,327
546,309,578,309,578,327,546,327
586,309,618,309,618,327,586,327
430,311,462,311,462,329,430,329
514,311,537,311,537,329,514,329
700,329,734,329,734,346,700,346
668,330,693,330,693,348,668,348
429,331,465,334,463,353,427,350
544,332,567,332,567,352,544,352
574,331,630,335,629,355,573,351
638,332,661,332,661,352,638,352
398,334,414,334,414,352,398,352
469,333,504,336,503,354,468,351
512,334,533,334,533,352,512,352
492,355,702,353,702,376,492,378
702,355,725,355,725,371,702,371
419,357,483,357,483,375,419,375
713,378,736,378,736,394,713,394
407,380,460,380,460,398,407,398
460,380,492,380,492,398,460,398
544,379,670,382,670,403,543,401
670,380,713,380,713,396,670,396
501,384,544,384,544,400,501,400
641,427,727,423,728,444,642,447
407,428,514,428,514,448,407,448
537,428,620,428,620,448,537,448
458,451,503,451,503,471,458,471
512,451,547,451,547,471,512,471
597,451,642,451,642,471,597,471
651,451,708,453,707,473,650,471
715,451,761,451,761,471,715,471
343,453,366,453,366,471,343,471
373,453,409,453,409,476,373,476
416,453,449,453,449,471,416,471
556,453,590,453,590,471,556,471
752,496,777,496,777,519,752,519
684,498,752,498,752,519,684,519
556,501,613,501,613,522,556,522
610,501,666,501,666,521,610,521
340,502,396,507,394,526,338,521
405,503,430,503,430,524,405,524
490,503,546,503,546,524,490,524
718,522,777,522,777,546,718,546
457,526,503,526,503,546,457,546
512,525,570,530,568,550,510,545
578,525,634,530,632,550,576,545
642,526,666,526,666,546,642,546
674,526,707,526,707,544,674,544
339,528,385,528,385,547,339,547
393,528,448,528,448,547,393,547
686,574,736,574,736,597,686,597
743,574,777,574,777,594,743,594
337,576,494,576,494,599,337,599
544,576,583,576,583,599,544,599
588,576,679,576,679,597,588,597
501,578,537,578,537,595,501,595
711,599,750,599,750,622,711,622
755,599,782,599,782,620,755,620
678,600,714,603,713,625,676,622
336,602,407,602,407,626,336,626
512,602,547,602,547,626,512,626
546,602,583,602,583,626,546,626
590,602,615,602,615,624,590,624
713,652,752,652,752,677,713,677
757,652,784,652,784,675,757,675
681,653,716,656,714,678,679,675
334,654,382,660,380,680,332,675
423,656,469,656,469,675,423,675
480,656,537,656,537,675,480,675
547,656,602,656,602,675,547,675
389,659,414,659,414,675,389,675
389,681,437,686,435,708,387,703
478,682,538,686,536,708,476,704
544,681,602,687,600,708,542,702
444,686,469,686,469,702,444,702
329,735,401,739,400,761,327,757
467,735,527,738,526,759,467,756
535,735,593,742,591,762,533,755
409,738,457,738,457,757,409,757
763,761,791,761,791,784,763,784
670,763,718,763,718,789,670,789
716,763,764,763,764,784,716,784
330,764,377,764,377,786,330,786
384,764,421,764,421,786,384,786
766,818,795,818,795,843,766,843
327,819,377,819,377,844,327,844
675,822,767,817,769,844,676,848
384,821,433,821,433,844,384,844
442,821,480,821,480,844,442,844
503,825,549,825,549,837,503,837
770,876,798,876,798,899,770,899
474,878,526,878,526,903,474,903
699,878,725,878,725,905,699,905
722,878,773,878,773,903,722,903
323,880,359,880,359,901,323,901
417,880,467,880,467,903,417,903
535,880,583,880,583,903,535,903
368,885,407,883,408,903,370,906
512,908,563,908,563,933,512,933
631,908,706,908,706,935,631,935
321,910,385,910,385,933,321,933
393,910,433,910,433,933,393,933
439,910,503,910,503,933,439,933
570,910,624,910,624,933,570,933
343,940,371,940,371,964,343,964
380,944,405,944,405,962,380,962
341,971,369,971,369,994,341,994
380,971,426,971,426,992,380,992
341,1001,393,1001,393,1026,341,1026
401,1003,442,1003,442,1026,401,1026
449,1006,501,1006,501,1029,449,1029
501,1008,510,1008,510,1024,501,1024
340,1030,394,1034,392,1060,338,1056
438,1031,493,1039,489,1065,435,1057
500,1032,566,1039,563,1064,497,1057
572,1033,613,1033,613,1058,572,1058
620,1035,672,1035,672,1058,620,1058
401,1038,428,1038,428,1056,401,1056
324,1128,378,1132,376,1157,322,1154
386,1130,453,1135,451,1160,384,1155
548,1129,592,1135,588,1161,544,1155
597,1131,665,1131,665,1156,597,1156
674,1132,702,1132,702,1156,674,1156
711,1132,752,1132,752,1157,711,1157
460,1134,499,1134,499,1154,460,1154
510,1134,538,1134,538,1154,510,1154
761,1134,800,1134,800,1154,761,1154
421,1163,460,1163,460,1188,421,1188
471,1163,510,1163,510,1188,471,1188
507,1164,598,1159,600,1189,509,1194
356,1163,413,1168,410,1194,353,1189
610,1165,652,1165,652,1189,610,1189
711,1166,752,1166,752,1191,711,1191
661,1170,704,1170,704,1195,661,1195
304,1230,334,1230,334,1257,304,1257
341,1230,382,1230,382,1257,341,1257
394,1230,565,1230,565,1257,394,1257
574,1230,642,1230,642,1257,574,1257
652,1230,718,1230,718,1257,652,1257
753,1232,817,1229,819,1257,754,1260
