374,144,402,144,402,162,374,162
402,144,432,144,432,164,402,164
432,145,493,145,493,165,432,165
493,145,522,145,522,165,493,165
522,146,548,146,548,165,522,165
372,168,389,168,389,186,372,186
390,168,452,170,451,190,389,187
451,169,496,175,494,194,448,188
494,170,524,170,524,190,494,190
524,170,549,170,549,190,524,190
201,178,327,181,326,214,200,211
385,194,404,194,404,213,385,213
406,194,437,196,435,215,405,213
436,196,462,196,462,214,436,214
465,195,507,198,505,219,463,215
505,197,534,197,534,216,505,216
400,220,482,220,482,240,400,240
481,220,518,220,518,240,481,240
321,261,352,261,352,280,321,280
358,262,381,262,381,281,358,281
388,264,418,264,418,282,388,282
424,264,465,264,465,282,424,282
197,281,237,281,237,301,197,301
244,282,284,282,284,301,244,301
284,283,380,285,379,305,283,303
386,288,408,288,408,305,386,305
414,289,436,289,436,306,414,306
508,289,586,289,586,308,508,308
489,290,510,290,510,306,489,306
197,304,238,304,238,324,197,324
236,306,274,306,274,324,236,324
472,313,596,313,596,330,472,330
194,350,226,350,226,370,194,370
233,350,276,354,274,374,231,370
393,357,424,355,426,375,394,378
366,357,388,357,388,374,366,374
528,358,586,358,586,378,528,378
461,360,481,360,481,377,461,377
195,373,227,377,225,397,192,393
224,376,253,376,253,394,224,394
252,377,262,377,262,393,252,393
270,377,292,377,292,396,270,396
300,380,329,380,329,397,300,397
337,380,358,380,358,397,337,397
365,381,386,381,386,398,365,398
393,382,433,382,433,401,393,401
193,397,320,401,319,421,192,416
374,405,397,405,397,422,374,422
402,405,433,405,433,422,402,422
480,409,488,409,488,422,480,422
526,408,557,408,557,425,526,425
562,408,596,408,596,425,562,425
193,422,224,422,224,441,193,441
222,422,263,424,262,443,221,441
308,424,349,424,349,444,308,444
270,425,301,425,301,442,270,442
356,424,397,428,395,449,354,444
402,428,472,428,472,446,402,446
477,430,528,430,528,448,477,448
534,432,576,432,576,450,534,450
192,445,320,448,319,468,191,464
374,452,396,452,396,469,374,469
401,452,433,452,433,469,401,469
534,454,557,454,557,472,534,472
480,457,486,457,486,468,480,468
562,456,594,456,594,473,562,473
192,470,261,470,261,489,192,489
269,470,300,470,300,492,269,492
308,470,338,470,338,490,308,490
345,473,376,473,376,492,345,492
382,476,422,476,422,493,382,493
429,475,499,477,498,497,428,494
190,492,318,495,318,514,190,511
373,498,400,498,400,514,373,514
400,498,432,498,432,516,400,516
534,501,557,501,557,518,534,518
562,502,594,502,594,520,562,520
190,537,232,539,231,560,189,558
238,540,280,540,280,560,238,560
286,541,328,541,328,561,286,561
353,542,393,542,393,562,353,562
334,544,352,544,352,560,334,560
524,549,557,549,557,566,524,566
562,550,596,550,596,568,562,568
189,562,230,562,230,582,189,582
238,564,278,564,278,584,238,584
285,565,296,565,296,582,285,582
305,565,346,565,346,585,305,585
574,576,584,576,584,589,574,589
188,586,229,586,229,608,188,608
236,588,288,588,288,608,236,608
294,588,325,588,325,609,294,609
524,597,557,597,557,614,524,614
562,597,594,597,594,616,562,616
197,610,238,610,238,632,197,632
245,613,277,613,277,633,245,633
522,621,556,621,556,638,522,638
554,622,593,622,593,640,554,640
185,636,228,636,228,656,185,656
236,636,265,636,265,656,236,656
273,640,305,640,305,657,273,657
584,649,592,649,592,661,584,661
310,661,332,661,332,682,310,682
262,662,302,662,302,682,262,682
340,664,372,664,372,682,340,682
377,664,409,664,409,685,377,685
417,664,458,664,458,684,417,684
465,668,514,668,514,688,465,688
250,734,281,734,281,756,250,756
289,736,330,736,330,756,289,756
376,736,409,736,409,757,376,757
337,738,369,738,369,757,337,757
416,739,468,742,467,762,414,758
473,741,516,741,516,761,473,761
181,761,213,761,213,780,181,780
221,761,291,763,290,781,220,779
297,764,338,764,338,781,297,781
346,764,369,764,369,781,346,781
377,764,437,764,437,782,377,782
444,765,465,765,465,784,444,784
464,765,505,765,505,784,464,784
512,767,553,769,553,787,511,785
560,769,592,769,592,788,560,788
229,808,261,808,261,829,229,829
268,810,290,810,290,829,268,829
297,810,329,810,329,829,297,829
336,810,389,810,389,830,336,830
396,812,416,812,416,832,396,832
462,813,496,813,496,833,462,833
424,814,457,814,457,833,424,833
502,816,534,816,534,834,502,834
178,834,220,834,220,852,178,852
218,834,258,836,257,853,217,850
266,835,377,837,377,855,266,853
384,838,426,838,426,856,384,856
424,838,462,838,462,857,424,857
472,839,544,841,543,859,471,857
549,842,582,842,582,860,549,860
