265,138,407,147,406,171,264,162
416,150,494,156,493,176,414,171
234,172,284,178,281,198,231,192
285,176,323,178,322,199,284,197
328,179,375,181,374,202,327,199
378,183,419,185,418,207,377,205
424,188,464,188,464,209,424,209
465,189,521,193,519,214,464,210
76,198,120,203,118,222,74,218
222,256,292,256,292,292,222,292
300,261,373,265,371,296,298,293
380,266,444,266,444,300,380,300
452,269,540,272,539,305,451,302
95,297,142,301,140,323,93,319
147,298,212,308,209,331,144,321
246,305,280,305,280,326,246,326
308,308,358,308,358,329,308,329
400,312,450,316,448,336,398,332
454,316,490,316,490,340,454,340
518,317,589,320,589,341,518,339
593,320,636,320,636,342,593,342
81,332,200,338,199,362,80,357
200,338,274,341,273,365,199,362
277,344,336,344,336,368,277,368
340,343,403,350,400,376,337,368
404,350,445,350,445,372,404,372
449,350,490,350,490,374,449,374
495,348,555,356,552,381,492,374
556,356,584,356,584,377,556,377
588,354,621,354,621,377,588,377
290,382,337,384,337,402,289,400
425,386,460,386,460,412,425,412
457,386,501,386,501,409,457,409
581,392,616,392,616,416,581,416
612,390,654,390,654,413,612,413
76,413,272,419,271,445,75,439
276,421,339,424,338,448,275,445
342,430,388,430,388,452,342,452
392,432,436,432,436,450,392,450
487,434,539,431,541,454,488,457
542,428,602,435,599,458,539,451
440,432,484,434,483,452,439,450
604,433,637,433,637,454,604,454
289,462,336,462,336,481,289,481
426,465,502,465,502,490,426,490
585,469,620,469,620,493,585,493
617,469,660,469,660,490,617,490
70,497,271,501,270,527,70,523
273,504,317,504,317,528,273,528
318,505,384,505,384,529,318,529
388,505,417,505,417,532,388,532
420,508,483,506,484,531,421,533
486,508,524,508,524,532,486,532
528,509,570,509,570,533,528,533
574,510,609,510,609,533,574,533
224,545,233,545,233,560,224,560
286,545,334,545,334,564,286,564
439,548,503,545,504,570,440,572
600,550,621,550,621,576,600,576
618,549,662,549,662,572,618,572
64,584,253,586,253,613,63,611
414,586,460,586,460,614,414,614
256,584,336,591,333,618,254,611
337,588,414,593,412,618,335,613
489,590,526,590,526,618,489,618
466,593,486,593,486,617,466,617
530,592,590,592,590,620,530,620
593,593,628,593,628,617,593,617
284,630,333,630,333,649,284,649
422,629,462,629,462,657,422,657
458,629,504,629,504,654,458,654
618,630,662,630,662,656,618,656
585,633,622,633,622,658,585,658
53,676,122,684,118,715,49,707
120,682,162,682,162,709,120,709
51,715,120,722,116,753,48,745
588,720,622,720,622,744,588,744
620,718,664,718,664,741,620,741
121,721,186,723,185,751,120,749
617,756,660,756,660,780,617,780
52,757,109,757,109,784,52,784
200,758,246,758,246,782,200,782
584,758,618,758,618,782,584,782
114,760,196,760,196,784,114,784
360,761,417,759,417,784,361,786
480,811,647,805,648,828,481,833
171,815,409,811,409,836,172,840
412,812,477,812,477,838,412,838
82,814,117,814,117,840,82,840
121,816,168,816,168,840,121,840
408,851,455,849,456,870,409,872
337,856,402,847,406,871,341,880
290,854,334,854,334,874,290,874
486,874,554,872,555,891,486,893
440,877,483,875,484,895,441,898
409,877,437,877,437,897,409,897
361,880,405,878,406,899,362,901
314,881,358,881,358,900,314,900
280,882,308,882,308,901,280,901
145,884,184,884,184,904,145,904
189,884,238,884,238,902,189,902
245,886,273,886,273,900,245,900
