269,111,355,104,357,135,271,141
364,108,389,108,389,133,364,133
454,173,511,169,513,192,456,196
421,174,456,174,456,198,421,198
232,192,256,192,256,216,232,216
208,197,230,197,230,218,208,218
181,197,205,197,205,221,181,221
504,201,512,201,512,220,504,220
466,200,500,200,500,224,466,224
430,204,465,204,465,226,430,226
398,208,416,208,416,229,398,229
420,209,428,209,428,225,420,225
362,210,394,210,394,232,362,232
261,218,280,218,280,241,261,241
208,220,233,220,233,246,208,246
234,221,258,221,258,244,234,244
496,226,514,226,514,249,496,249
182,226,208,226,208,249,182,249
468,230,494,230,494,252,468,252
438,230,466,230,466,254,438,254
405,233,438,233,438,257,405,257
377,237,404,237,404,260,377,260
453,258,515,253,517,278,455,283
248,278,270,278,270,300,248,300
214,280,245,280,245,301,214,301
188,281,218,281,218,302,188,302
406,290,516,282,518,306,408,314
188,308,247,306,248,327,189,330
250,306,273,306,273,325,250,325
457,315,518,310,519,334,458,339
284,328,320,328,320,350,284,350
256,329,282,329,282,352,256,352
190,332,229,332,229,356,190,356
230,332,256,332,256,353,230,353
465,369,519,366,520,390,466,393
434,378,466,378,466,390,434,390
400,381,433,379,433,391,401,393
367,383,397,381,397,394,368,396
194,382,224,382,224,409,194,409
228,387,267,391,265,412,226,408
329,408,353,408,353,429,329,429
289,410,327,408,328,429,290,431
227,412,274,410,275,433,228,435
278,413,285,413,285,429,278,429
197,414,226,414,226,436,197,436
483,429,521,427,521,441,484,443
244,440,274,440,274,460,244,460
196,440,229,440,229,462,196,462
232,442,241,442,241,460,232,460
361,453,416,453,416,480,361,480
281,464,349,460,350,481,282,485
478,479,523,476,525,497,480,500
408,481,436,481,436,504,408,504
374,484,392,484,392,505,374,505
394,485,404,485,404,502,394,502
306,488,350,485,351,507,308,510
201,489,217,489,217,514,201,514
221,490,244,490,244,514,221,514
468,505,525,505,525,526,468,526
376,508,405,508,405,532,376,532
275,516,346,513,347,535,276,538
201,517,238,517,238,542,201,542
482,532,528,532,528,553,482,553
396,532,434,532,434,557,396,557
377,536,394,536,394,558,377,558
436,536,466,536,466,556,436,556
264,544,354,540,355,561,265,566
222,545,268,542,270,565,224,569
204,546,221,546,221,569,204,569
485,582,529,582,529,606,485,606
394,588,487,586,488,609,394,611
272,593,332,593,332,618,272,618
208,594,262,594,262,622,208,622
332,600,338,600,338,612,332,612
301,621,318,621,318,644,301,644
321,621,346,621,346,642,321,642
266,621,298,621,298,646,266,646
232,622,265,622,265,648,232,648
205,626,232,626,232,649,205,649
284,672,308,672,308,701,284,701
254,673,281,673,281,702,254,702
208,677,233,677,233,705,208,705
236,681,253,681,253,704,236,704
416,786,442,786,442,812,416,812
445,789,468,789,468,810,445,810
384,792,416,792,416,814,384,814
358,796,381,796,381,816,358,816
289,797,314,797,314,821,289,821
317,798,356,798,356,820,317,820
465,813,484,813,484,836,465,836
410,814,436,814,436,838,410,838
438,816,464,816,464,837,438,837
346,820,369,820,369,844,346,844
371,821,410,819,411,839,372,841
326,822,344,822,344,845,326,845
269,825,296,825,296,849,269,849
297,825,324,825,324,848,297,848
408,844,432,844,432,866,408,866
334,846,372,846,372,870,334,870
372,845,405,845,405,868,372,868
434,868,453,868,453,890,434,890
408,872,432,872,432,892,408,892
312,875,345,871,348,894,315,898
381,873,406,873,406,893,381,893
348,874,380,874,380,894,348,894
194,901,280,901,280,934,194,934
284,902,394,902,394,929,284,929
188,937,267,942,266,966,186,961
272,940,322,940,322,961,272,961
