411,166,441,166,441,190,411,190
440,166,486,166,486,190,440,190
486,166,521,166,521,190,486,190
375,168,411,168,411,191,375,191
341,170,376,170,376,193,341,193
468,196,505,196,505,220,468,220
365,198,411,198,411,218,365,218
411,198,448,198,448,218,411,218
453,200,463,200,463,218,453,218
505,198,550,198,550,216,505,216
336,200,366,200,366,223,336,223
315,201,336,201,336,221,315,221
121,225,275,225,275,265,121,265
405,226,438,226,438,250,405,250
488,226,525,226,525,248,488,248
370,228,406,228,406,251,370,251
440,227,490,230,489,253,438,251
343,230,366,230,366,251,343,251
391,255,508,255,508,280,391,280
363,258,393,258,393,281,363,281
408,310,458,310,458,330,408,330
316,311,356,311,356,333,316,333
363,311,401,311,401,333,363,333
270,313,308,313,308,333,270,333
476,333,505,333,505,356,476,356
511,333,548,333,548,355,511,355
545,333,606,333,606,355,545,355
503,338,513,338,513,353,503,353
224,342,344,338,345,362,225,366
386,340,411,340,411,356,386,356
353,341,376,341,376,358,353,358
378,343,388,343,388,358,378,358
121,345,170,345,170,368,121,368
178,345,225,345,225,363,178,363
513,360,609,360,609,383,513,383
456,363,515,363,515,383,456,383
121,371,171,371,171,395,121,395
170,371,215,371,215,391,170,391
541,413,611,413,611,435,541,435
375,422,415,416,419,441,379,446
460,418,485,418,485,440,460,440
333,420,371,420,371,443,333,443
168,425,220,427,219,450,167,448
123,428,160,428,160,451,123,451
530,443,580,443,580,466,530,466
471,445,520,445,520,468,471,468
377,448,464,446,465,469,378,471
251,450,288,450,288,476,251,476
298,451,325,451,325,473,298,473
323,451,370,451,370,470,323,470
206,453,245,453,245,475,206,475
122,456,198,454,198,476,123,478
575,471,616,469,617,491,576,494
543,471,570,471,570,493,543,493
345,478,373,478,373,500,345,500
380,478,418,478,418,498,380,498
218,481,276,481,276,503,218,503
122,483,221,481,222,504,123,506
577,500,618,497,619,519,578,522
545,501,570,501,570,520,545,520
123,513,151,513,151,535,123,535
575,556,621,556,621,576,575,576
548,558,576,558,576,578,548,578
326,561,376,561,376,585,326,585
243,563,295,563,295,588,243,588
185,565,235,565,235,590,185,590
125,566,176,566,176,591,125,591
303,566,326,566,326,585,303,585
585,585,625,585,625,606,585,606
551,588,586,588,586,605,551,605
279,592,331,590,332,614,280,617
186,593,236,593,236,620,186,620
245,593,271,593,271,616,245,616
126,596,176,596,176,621,126,621
588,613,625,613,625,633,588,633
553,615,580,615,580,635,553,635
258,620,296,620,296,645,258,645
185,623,250,623,250,648,185,648
125,625,176,625,176,650,125,650
543,643,581,643,581,665,543,665
580,643,625,643,625,663,580,663
136,653,190,653,190,680,136,680
198,655,236,655,236,678,198,678
590,671,630,671,630,693,590,693
555,673,581,673,581,695,555,695
186,681,225,681,225,706,186,706
235,683,275,683,275,706,235,706
126,685,178,685,178,710,126,710
415,703,465,703,465,728,415,728
473,705,535,705,535,726,473,726
366,706,405,706,405,733,366,733
283,708,308,708,308,733,283,733
221,713,272,708,275,734,224,739
318,710,358,710,358,731,318,731
490,793,541,793,541,818,490,818
370,795,410,795,410,821,370,821
418,796,481,796,481,820,418,820
261,798,311,798,311,825,261,825
320,798,361,798,361,823,320,823
213,800,250,800,250,826,213,826
600,821,638,821,638,845,600,845
479,824,531,822,532,846,480,848
540,823,591,823,591,845,540,845
455,825,481,825,481,848,455,848
372,829,446,826,447,849,373,853
298,831,323,831,323,853,298,853
335,831,361,831,361,853,335,853
178,833,265,833,265,858,178,858
271,833,300,833,300,856,271,856
128,838,166,838,166,860,128,860
483,885,523,885,523,910,483,910
531,885,571,885,571,908,531,908
398,886,425,886,425,913,398,913
433,888,475,888,475,911,433,911
325,890,390,890,390,915,325,915
276,891,315,891,315,916,276,916
238,893,266,893,266,918,238,918
190,895,230,895,230,920,190,920
494,915,584,912,585,937,495,940
591,915,631,915,631,935,591,935
438,920,446,920,446,940,438,940
446,918,485,918,485,941,446,941
386,920,438,920,438,943,386,943
237,927,378,921,378,945,238,951
126,930,178,930,178,953,126,953
180,930,218,930,218,951,180,951
218,933,226,933,226,948,218,948
