164,279,234,288,229,321,160,312
149,345,168,345,168,353,149,353
198,380,255,378,256,391,198,393
172,381,196,381,196,392,172,392
246,397,277,397,277,410,246,410
153,398,182,398,182,412,153,412
213,398,244,398,244,412,213,412
186,400,209,400,209,412,186,412
267,416,298,414,299,427,268,429
230,418,252,418,252,430,230,430
249,418,268,418,268,429,249,429
133,421,149,421,149,432,133,432
150,422,166,422,166,430,150,430
268,429,298,429,298,441,268,441
184,432,197,432,197,444,184,444
213,432,232,432,232,442,213,442
169,434,182,434,182,444,169,444
198,434,214,434,214,444,198,444
150,436,166,436,166,445,150,445
214,444,245,444,245,456,214,456
174,445,212,445,212,457,174,457
133,446,164,446,164,460,133,460
265,462,280,462,280,474,265,474
280,462,293,462,293,474,280,474
165,466,182,466,182,477,165,477
214,466,222,466,222,476,214,476
148,468,164,468,164,477,148,477
294,476,300,476,300,485,294,485
266,476,280,476,280,488,266,488
280,476,294,476,294,486,280,486
214,480,222,480,222,488,214,488
136,482,152,482,152,490,136,490
281,488,294,488,294,500,281,500
294,489,301,489,301,498,294,498
268,489,281,489,281,501,268,501
202,490,237,490,237,502,202,502
134,493,154,493,154,505,134,505
156,494,172,494,172,504,156,504
180,494,202,494,202,504,180,504
281,506,296,506,296,518,281,518
296,508,301,508,301,516,296,516
268,508,282,508,282,518,268,518
204,509,237,509,237,521,204,521
154,512,172,512,172,522,154,522
181,513,204,513,204,521,181,521
136,514,154,514,154,524,136,524
286,533,302,533,302,545,286,545
162,537,193,537,193,550,162,550
137,538,157,538,157,552,137,552
266,546,290,546,290,560,266,560
296,549,304,549,304,558,296,558
238,549,262,549,262,561,238,561
264,568,285,568,285,580,264,580
284,568,296,568,296,580,284,580
236,569,246,569,246,581,236,581
246,569,264,569,264,581,246,581
218,570,237,570,237,582,218,582
192,573,213,573,213,582,192,582
176,574,190,574,190,584,176,584
278,581,293,581,293,593,278,593
262,582,278,582,278,593,262,593
216,584,230,584,230,596,216,596
229,584,240,584,240,596,229,596
241,584,261,584,261,594,241,594
198,585,216,585,216,596,198,596
178,588,192,588,192,597,178,597
152,589,164,589,164,598,152,598
224,604,252,604,252,616,224,616
216,606,224,606,224,617,216,617
185,606,210,606,210,618,185,618
