454,249,500,249,500,270,454,270
394,256,438,252,439,271,396,275
341,254,393,254,393,276,341,276
256,262,299,258,300,277,257,280
302,260,337,260,337,277,302,277
173,262,224,262,224,281,173,281
225,262,254,262,254,280,225,280
317,281,357,281,357,301,317,301
478,304,510,304,510,318,478,318
446,308,475,304,477,319,448,323
400,308,445,306,445,321,401,322
326,310,358,310,358,325,326,325
362,310,386,310,386,326,362,326
269,313,324,313,324,329,269,329
228,314,257,314,257,328,228,328
165,316,192,316,192,330,165,330
196,315,227,317,226,329,195,327
366,330,400,330,400,344,366,344
276,332,302,332,302,346,276,346
316,332,364,332,364,348,316,348
324,351,409,348,409,363,325,365
269,353,322,353,322,366,269,366
392,373,441,373,441,393,392,393
324,379,387,377,388,393,325,395
237,380,278,378,279,397,238,399
281,380,322,380,322,397,281,397
356,406,380,406,380,424,356,424
302,409,353,407,353,422,302,424
308,436,393,434,393,449,309,451
285,438,308,438,308,452,285,452
206,465,222,465,222,477,206,477
224,465,250,465,250,477,224,477
174,466,201,466,201,478,174,478
156,468,173,468,173,480,156,480
340,486,378,486,378,498,340,498
324,488,340,488,340,498,324,498
260,490,281,488,282,501,261,503
282,489,297,489,297,500,282,500
304,489,316,489,316,500,304,500
198,493,262,491,262,502,198,504
157,492,193,492,193,506,157,506
276,514,309,514,309,526,276,526
181,517,217,517,217,532,181,532
224,518,244,518,244,528,224,528
245,518,274,518,274,528,245,528
157,518,180,518,180,530,157,530
425,538,438,538,438,552,425,552
480,545,497,545,497,558,480,558
365,549,386,549,386,562,365,562
312,550,328,550,328,564,312,564
214,553,240,553,240,568,214,568
242,554,273,554,273,566,242,566
421,556,445,556,445,570,421,570
256,590,284,590,284,605,256,605
218,593,253,593,253,606,218,606
190,594,217,594,217,608,190,608
480,600,497,600,497,614,480,614
498,600,524,600,524,614,498,614
385,602,416,602,416,617,385,617
368,604,385,604,385,617,368,617
190,610,225,610,225,625,190,625
228,610,275,612,274,625,227,623
192,630,220,630,220,645,192,645
482,646,500,646,500,661,482,661
501,646,526,646,526,660,501,660
369,649,386,649,386,664,369,664
388,649,417,649,417,664,388,664
242,656,289,658,289,672,242,670
190,658,240,660,239,674,190,673
482,685,536,685,536,716,482,716
454,688,485,688,485,710,454,710
215,699,271,696,272,716,216,718
276,697,320,697,320,713,276,713
164,701,212,701,212,722,164,722
484,720,502,720,502,737,484,737
504,720,537,720,537,734,504,734
165,730,193,730,193,745,165,745
193,730,221,730,221,745,193,745
517,753,540,753,540,776,517,776
215,761,263,759,264,777,216,779
190,761,214,761,214,781,190,781
162,762,190,762,190,781,162,781
400,802,426,802,426,818,400,818
274,805,312,805,312,821,274,821
362,806,395,804,396,818,362,820
313,806,360,808,359,824,312,822
446,848,485,848,485,865,446,865
369,852,414,848,415,865,370,868
416,850,444,850,444,865,416,865
274,853,298,853,298,868,274,868
310,853,340,853,340,868,310,868
234,854,276,854,276,868,234,868
342,854,369,854,369,866,342,866
