304,401,379,394,381,416,306,423
213,407,299,403,300,425,214,429
165,409,208,409,208,429,165,429
346,421,370,421,370,433,346,433
328,422,345,422,345,436,328,436
316,426,329,426,329,440,316,440
284,428,314,428,314,441,284,441
258,429,282,429,282,442,258,442
234,433,257,433,257,445,234,445
180,434,202,434,202,448,180,448
204,434,233,434,233,446,204,446
298,445,310,445,310,458,298,458
346,454,418,444,420,458,348,469
237,449,257,449,257,462,237,462
321,456,349,456,349,470,321,470
298,461,321,461,321,473,298,473
280,462,297,462,297,476,280,476
264,465,277,465,277,477,264,477
249,466,264,466,264,478,249,478
220,469,249,467,250,479,221,481
206,469,222,469,222,482,206,482
162,474,203,470,205,483,164,487
137,473,164,473,164,486,137,486
198,487,232,483,234,497,200,500
165,488,200,488,200,504,165,504
138,489,164,489,164,502,138,502
395,501,430,498,431,511,396,513
178,501,214,503,213,518,178,515
139,505,177,502,178,517,140,520
324,510,342,510,342,522,324,522
314,514,322,514,322,525,314,525
413,524,437,524,437,537,413,537
213,525,238,525,238,537,213,537
190,526,213,526,213,538,190,538
398,526,413,526,413,540,398,540
149,532,161,532,161,542,149,542
328,536,351,533,353,547,329,550
314,538,329,538,329,550,314,550
229,541,246,541,246,554,229,554
415,547,440,542,442,556,418,561
184,545,205,545,205,558,184,558
205,545,229,545,229,557,205,557
401,548,417,548,417,561,401,561
168,549,184,549,184,560,168,560
333,557,354,557,354,570,333,570
167,562,199,559,201,573,168,576
318,560,333,560,333,572,318,572
420,567,444,564,446,578,421,580
405,569,421,569,421,582,405,582
214,573,238,573,238,585,214,585
200,574,214,574,214,586,200,586
168,577,199,575,200,589,169,591
334,580,357,576,360,589,336,593
320,581,334,581,334,594,320,594
234,588,249,588,249,597,234,597
210,588,233,588,233,600,210,600
422,589,449,589,449,604,422,604
170,592,210,590,211,603,170,605
396,594,422,592,423,606,397,608
228,600,261,596,262,610,229,614
212,601,229,601,229,613,212,613
172,605,205,605,205,618,172,618
429,608,452,608,452,622,429,622
421,613,428,613,428,624,421,624
212,618,241,618,241,632,212,632
172,621,212,621,212,636,172,636
428,630,455,626,457,641,430,645
402,633,428,631,430,645,404,647
214,637,238,637,238,652,214,652
185,640,214,640,214,654,185,654
432,642,458,642,458,657,432,657
405,648,430,645,431,659,406,662
214,657,247,654,249,668,216,671
437,658,462,658,462,673,437,673
173,662,214,659,215,672,174,676
429,662,437,662,437,674,429,674
243,669,270,667,271,679,244,682
203,673,243,669,244,683,204,687
174,676,204,676,204,689,174,689
441,677,465,677,465,692,441,692
418,680,441,680,441,694,418,694
201,689,230,686,231,699,203,703
176,690,201,690,201,705,176,705
240,702,266,700,267,714,241,716
217,705,240,705,240,718,217,718
190,708,216,708,216,721,190,721
