266,81,395,87,394,108,265,102
400,86,474,89,473,112,399,109
253,114,282,119,280,134,251,130
237,117,253,117,253,129,237,129
285,117,318,117,318,132,285,132
324,117,364,119,363,134,323,131
369,120,405,120,405,136,369,136
409,121,445,121,445,136,409,136
449,121,498,125,497,139,448,135
97,138,135,139,134,154,96,153
229,182,291,182,291,213,229,213
370,186,430,186,430,217,370,217
298,186,364,188,363,215,298,213
437,188,517,188,517,217,437,217
116,221,158,221,158,241,116,241
163,219,221,227,218,248,160,240
252,225,281,225,281,244,252,244
306,226,354,226,354,245,306,245
390,228,436,228,436,245,390,245
440,228,473,228,473,249,440,249
568,228,609,228,609,248,568,248
497,229,565,229,565,248,497,248
105,254,172,254,172,273,105,273
172,253,265,255,265,275,171,273
268,256,300,256,300,276,268,276
304,257,337,257,337,276,304,276
338,259,379,255,381,275,340,279
385,257,414,257,414,276,385,276
293,286,336,286,336,302,293,302
417,288,449,288,449,309,417,309
446,288,486,288,486,306,446,306
558,287,629,289,629,311,558,310
101,320,275,320,275,344,101,344
281,322,324,322,324,344,281,344
328,324,381,324,381,345,328,345
457,322,510,322,510,345,457,345
384,325,453,325,453,345,384,345
514,325,577,325,577,345,514,345
582,325,612,325,612,345,582,345
98,353,137,353,137,376,98,376
143,353,200,359,198,381,140,375
201,356,236,356,236,380,201,380
432,358,490,358,490,381,432,381
97,390,136,390,136,410,97,410
141,390,189,390,189,412,141,412
449,392,489,392,489,413,449,413
565,392,637,392,637,414,565,414
293,393,337,393,337,410,293,410
430,393,452,393,452,416,430,416
372,429,412,429,412,452,372,452
96,429,277,429,277,452,96,452
280,430,321,430,321,452,280,452
593,430,622,430,622,450,593,450
473,432,517,432,517,456,473,456
522,432,588,432,588,452,522,452
323,435,366,430,369,452,326,457
416,436,469,436,469,454,416,454
432,465,493,465,493,489,432,489
569,465,602,465,602,489,569,489
598,464,641,464,641,486,598,486
293,466,337,466,337,484,293,484
450,502,493,502,493,528,450,528
498,504,564,506,563,529,498,526
93,505,234,504,234,529,93,530
232,505,276,505,276,529,232,529
566,505,598,505,598,526,566,526
281,508,346,508,346,529,281,529
408,508,450,508,450,532,408,532
349,510,404,510,404,532,349,532
434,544,495,539,497,563,436,568
90,541,132,541,132,565,90,565
135,539,195,543,194,568,133,565
197,541,233,541,233,568,197,568
602,576,644,576,644,598,602,598
433,578,456,578,456,602,433,602
452,577,494,577,494,600,452,600
570,578,605,578,605,601,570,601
292,580,338,580,338,598,292,598
90,580,130,580,130,604,90,604
136,581,186,581,186,604,136,604
83,626,145,632,143,661,80,655
146,632,184,632,184,656,146,656
254,634,284,634,284,653,254,653
566,660,613,660,613,684,566,684
609,658,652,658,652,681,609,681
83,662,145,666,143,695,81,691
148,668,220,668,220,692,148,692
612,706,654,706,654,730,612,730
568,709,616,709,616,733,568,733
83,711,146,715,145,743,81,739
146,713,192,713,192,738,146,738
220,746,261,746,261,770,220,770
567,748,654,745,655,770,568,773
141,747,216,747,216,773,141,773
360,748,412,748,412,772,360,772
85,749,137,749,137,773,85,773
578,789,651,785,653,809,580,813
125,790,160,790,160,817,125,817
196,790,257,790,257,816,196,816
162,793,190,793,190,817,162,817
72,793,122,793,122,818,72,818
483,839,645,831,646,856,484,863
191,844,414,838,415,865,192,871
417,840,480,840,480,869,417,869
108,845,141,845,141,873,108,873
144,846,189,846,189,872,144,872
416,881,462,881,462,906,416,906
347,887,411,878,415,906,351,915
302,884,346,884,346,908,302,908
494,910,562,905,563,928,496,932
449,912,492,910,494,935,450,938
420,914,448,914,448,937,420,937
373,914,417,914,417,942,373,942
328,918,370,918,370,940,328,940
294,920,322,920,322,941,294,941
206,922,254,922,254,945,206,945
164,924,201,924,201,946,164,946
260,925,289,925,289,944,260,944
