440,484,485,484,485,502,440,502
357,486,402,486,402,504,357,504
402,486,438,486,438,502,402,502
321,488,354,488,354,502,321,502
546,505,572,505,572,520,546,520
525,506,545,506,545,520,525,520
505,508,524,508,524,521,505,521
380,510,405,510,405,525,380,525
406,510,446,510,446,526,406,526
448,510,470,510,470,524,448,524
473,512,481,512,481,522,473,522
480,510,501,510,501,522,480,522
270,512,296,512,296,526,270,526
297,510,334,515,332,529,295,525
334,512,353,512,353,525,334,525
354,512,378,512,378,525,354,525
237,513,269,513,269,526,237,526
404,532,486,532,486,546,404,546
321,533,396,533,396,548,321,548
434,584,481,584,481,601,434,601
402,585,436,585,436,602,402,602
330,586,357,586,357,604,330,604
366,588,400,588,400,602,366,602
356,592,364,592,364,601,356,601
505,616,548,616,548,630,505,630
545,616,578,616,578,630,545,630
466,617,504,617,504,633,466,633
258,621,327,617,328,632,258,636
234,621,257,621,257,634,234,634
402,677,425,677,425,697,402,697
502,677,549,677,549,693,502,693
550,677,580,677,580,693,550,693
370,680,401,680,401,693,370,693
234,684,256,684,256,698,234,698
405,703,449,707,447,726,404,722
370,706,401,706,401,725,370,725
332,709,366,707,367,725,333,727
261,710,329,710,329,729,261,729
234,712,260,712,260,729,234,729
520,733,552,733,552,752,520,752
398,734,432,734,432,752,398,752
550,734,585,734,585,753,550,753
369,736,404,736,404,754,369,754
520,768,586,768,586,788,520,788
280,773,313,773,313,793,280,793
314,772,356,774,355,793,313,791
233,774,280,777,278,798,232,794
465,810,494,810,494,830,465,830
494,810,521,810,521,826,494,826
434,812,464,812,464,828,434,828
386,813,432,813,432,829,386,829
355,818,386,814,388,833,357,837
298,818,333,818,333,833,298,833
334,821,356,821,356,833,334,833
