345,281,406,277,407,296,346,300
236,289,339,282,341,301,237,308
386,309,425,309,425,324,386,324
353,312,384,312,384,326,353,326
321,313,352,313,352,330,321,330
253,316,282,316,282,333,253,333
284,316,317,316,317,330,284,330
216,316,251,320,250,335,214,331
102,349,134,349,134,362,102,362
375,372,443,366,445,392,377,398
325,374,373,374,373,401,325,401
213,378,264,378,264,406,213,406
267,379,320,377,321,402,268,404
484,396,518,396,518,414,484,414
426,403,482,398,483,416,428,421
378,410,408,404,412,423,382,429
342,410,378,410,378,425,342,425
277,413,314,413,314,430,277,430
234,416,258,416,258,433,234,433
162,418,208,421,207,437,161,435
125,421,158,421,158,436,125,436
352,436,376,436,376,453,352,453
326,438,349,438,349,456,326,456
249,440,284,440,284,458,249,458
285,440,324,440,324,456,285,456
117,448,246,441,247,459,118,467
390,458,422,458,422,477,390,477
376,461,392,461,392,477,376,477
152,471,197,473,197,491,151,489
198,472,225,472,225,489,198,489
117,474,150,472,151,490,119,492
502,476,537,472,539,490,504,494
469,477,503,475,504,494,470,496
388,486,422,482,424,500,391,505
376,488,392,488,392,504,376,504
269,492,302,492,302,506,269,506
214,496,236,496,236,510,214,510
153,498,193,498,193,517,153,517
118,500,150,500,150,518,118,518
242,534,264,534,264,549,242,549
513,536,547,533,548,553,514,555
162,536,190,536,190,556,162,556
116,536,162,538,161,559,115,557
480,537,517,537,517,556,480,556
116,562,162,562,162,584,116,584
164,562,209,562,209,581,164,581
518,572,553,572,553,590,518,590
484,574,522,574,522,593,484,593
164,598,198,598,198,618,164,618
117,600,164,600,164,621,117,621
519,602,555,598,557,618,522,622
486,604,525,604,525,622,486,622
328,614,366,614,366,634,328,634
220,620,253,620,253,640,220,640
159,625,217,622,218,641,160,645
117,626,157,626,157,646,117,646
498,632,558,626,560,647,500,653
333,644,374,640,375,659,335,663
273,645,308,645,308,664,273,664
220,646,248,646,248,668,220,668
249,646,273,646,273,665,249,665
159,654,218,649,219,669,160,674
116,654,157,654,157,674,116,674
212,698,345,688,346,708,213,718
154,701,193,701,193,721,154,721
124,704,152,704,152,724,124,724
246,725,292,725,292,746,246,746
217,728,245,728,245,748,217,748
154,733,217,733,217,753,154,753
124,736,153,736,153,758,124,758
546,737,569,737,569,754,546,754
174,768,222,764,223,779,176,783
120,768,171,764,172,785,121,788
538,769,573,769,573,789,538,789
512,772,541,772,541,792,512,792
219,793,264,790,266,811,220,813
121,798,172,794,174,818,123,822
176,796,218,796,218,817,176,817
221,827,267,823,269,843,223,847
178,829,221,829,221,850,178,850
543,834,579,832,580,853,544,855
125,834,176,834,176,854,125,854
528,836,548,836,548,856,528,856
297,852,336,852,336,873,297,873
256,856,295,853,297,873,257,876
185,857,256,857,256,881,185,881
124,864,158,864,158,885,124,885
160,864,184,864,184,884,160,884
441,885,579,877,580,898,443,906
389,889,441,889,441,913,389,913
204,904,387,887,389,911,207,928
140,906,168,906,168,930,140,930
170,908,205,908,205,929,170,929
390,925,428,921,430,942,392,946
333,933,386,921,392,945,339,957
300,933,334,933,334,953,300,953
456,946,514,943,515,963,457,967
420,952,455,949,457,970,421,972
394,952,418,952,418,972,394,972
358,954,393,954,393,978,358,978
318,958,356,958,356,978,318,978
293,961,316,961,316,980,293,980
222,965,262,965,262,984,222,984
265,965,289,965,289,980,265,980
189,966,220,966,220,985,189,985
