347,62,424,65,422,92,346,88
428,64,487,64,487,90,428,90
492,67,570,67,570,90,492,90
396,103,531,103,531,122,396,122
345,104,394,104,394,120,345,120
528,106,570,106,570,122,528,122
243,133,325,133,325,152,243,152
329,133,371,133,371,152,329,152
375,133,416,133,416,154,375,154
419,132,493,136,492,157,418,152
494,135,528,135,528,154,494,154
531,135,585,135,585,156,531,156
586,135,608,135,608,154,586,154
611,135,672,135,672,154,611,154
371,152,401,152,401,176,371,176
329,156,369,153,371,175,331,178
403,154,439,154,439,176,403,176
496,154,538,154,538,177,496,177
441,156,492,156,492,176,441,176
540,156,585,156,585,176,540,176
325,197,409,197,409,225,325,225
515,199,592,199,592,225,515,225
414,202,510,202,510,225,414,225
233,243,261,243,261,266,233,266
263,243,295,243,295,263,263,263
364,242,572,243,572,266,364,265
366,281,474,281,474,302,366,302
480,281,535,281,535,300,480,300
234,282,286,282,286,305,234,305
288,282,321,282,321,302,288,302
366,316,441,316,441,343,366,343
234,318,286,318,286,337,234,337
289,318,337,318,337,337,289,337
444,318,485,318,485,339,444,339
487,317,545,322,544,342,486,337
608,364,684,364,684,387,608,387
298,366,329,366,329,385,298,385
453,366,496,366,496,389,453,389
499,366,547,366,547,389,499,389
234,407,261,407,261,426,234,426
266,407,304,407,304,430,266,430
305,409,348,409,348,426,305,426
273,432,330,432,330,451,273,451
615,432,647,432,647,453,615,453
645,432,686,432,686,455,645,455
466,433,506,433,506,455,466,455
508,433,547,433,547,455,508,455
234,467,277,467,277,490,234,490
281,469,323,469,323,489,281,489
327,469,366,469,366,487,327,487
645,492,684,492,684,515,645,515
273,494,330,494,330,514,273,514
467,494,510,494,510,515,467,515
508,494,546,494,546,514,508,514
613,494,647,494,647,514,613,514
234,526,266,526,266,551,234,551
309,526,339,526,339,551,309,551
268,528,307,528,307,551,268,551
273,554,295,554,295,572,273,572
293,554,330,554,330,572,293,572
478,554,510,554,510,576,478,576
615,554,648,556,647,576,614,574
645,554,684,554,684,576,645,576
508,556,546,556,546,574,508,574
233,586,277,586,277,610,233,610
341,586,371,586,371,611,341,611
423,586,455,586,455,611,423,611
457,588,537,588,537,611,457,611
594,588,638,588,638,613,594,613
281,590,337,590,337,610,281,610
375,590,419,590,419,610,375,610
538,590,590,590,590,610,538,610
316,615,330,615,330,633,316,633
400,615,469,615,469,634,400,634
478,615,510,615,510,634,478,634
508,615,546,615,546,634,508,634
615,615,683,615,683,634,615,634
318,645,352,645,352,670,318,670
231,649,289,649,289,668,231,668
293,649,316,649,316,668,293,668
353,649,382,649,382,670,353,670
272,674,293,674,293,693,272,693
289,674,330,674,330,693,289,693
478,675,510,675,510,695,478,695
508,675,546,675,546,693,508,693
615,675,642,675,642,697,615,697
638,675,683,675,683,695,638,695
359,707,394,707,394,731,359,731
229,709,288,709,288,729,229,729
291,709,355,709,355,731,291,731
398,709,426,709,426,729,398,729
282,734,327,734,327,754,282,754
478,734,510,734,510,755,478,755
508,734,547,734,547,755,508,755
615,736,642,736,642,754,615,754
638,736,684,736,684,755,638,755
227,766,252,766,252,791,227,791
256,768,288,768,288,791,256,791
290,769,367,766,368,791,291,794
476,795,546,795,546,816,476,816
268,796,325,796,325,816,268,816
615,796,684,796,684,818,615,818
225,828,266,828,266,855,225,855
268,830,305,830,305,855,268,855
309,830,380,830,380,855,309,855
382,834,428,834,428,855,382,855
284,859,323,859,323,880,284,880
476,859,510,859,510,880,476,880
508,859,547,859,547,882,508,882
266,860,286,860,286,880,266,880
617,860,652,860,652,883,617,883
649,860,690,860,690,883,649,883
401,907,449,907,449,928,401,928
348,908,401,908,401,933,348,933
602,910,688,910,688,933,602,933
357,942,389,942,389,965,357,965
389,944,449,938,451,964,391,970
629,944,688,944,688,967,629,967
298,990,377,990,377,1013,298,1013
380,990,449,990,449,1015,380,1015
583,992,643,992,643,1019,583,1019
640,992,690,992,690,1017,640,1017
313,1026,353,1023,355,1047,314,1050
355,1024,395,1027,394,1048,354,1045
398,1024,449,1027,447,1049,397,1047
289,1070,334,1070,334,1093,289,1093
336,1072,378,1072,378,1092,336,1092
382,1072,410,1072,410,1095,382,1095
412,1072,451,1072,451,1093,412,1093
455,1074,503,1074,503,1099,455,1099
505,1074,554,1074,554,1095,505,1095
556,1076,622,1076,622,1099,556,1099
234,1189,272,1189,272,1207,234,1207
275,1189,295,1189,295,1211,275,1211
298,1189,348,1189,348,1209,298,1209
353,1189,394,1189,394,1209,353,1209
398,1191,449,1191,449,1209,398,1209
455,1191,485,1191,485,1209,455,1209
489,1191,535,1191,535,1211,489,1211
538,1191,576,1191,576,1211,538,1211
581,1193,618,1193,618,1213,581,1213
624,1194,679,1197,679,1217,623,1214
234,1209,289,1209,289,1230,234,1230
295,1208,337,1211,335,1235,293,1232
339,1211,398,1211,398,1230,339,1230
437,1211,483,1215,481,1235,436,1231
485,1213,524,1213,524,1232,485,1232
528,1213,556,1213,556,1236,528,1236
652,1213,681,1213,681,1236,652,1236
403,1214,435,1214,435,1230,403,1230
558,1214,592,1214,592,1232,558,1232
597,1214,649,1214,649,1236,597,1236
288,1229,316,1229,316,1252,288,1252
236,1230,285,1232,284,1251,235,1249
316,1231,353,1234,351,1253,315,1250
357,1231,399,1234,398,1254,356,1251
403,1232,462,1232,462,1252,403,1252
467,1232,492,1232,492,1252,467,1252
496,1232,530,1232,530,1252,496,1252
533,1234,553,1234,553,1252,533,1252
558,1234,595,1234,595,1252,558,1252
640,1234,679,1234,679,1253,640,1253
599,1237,636,1237,636,1253,599,1253
348,1252,385,1252,385,1269,348,1269
391,1251,431,1254,429,1273,390,1270
432,1253,462,1253,462,1273,432,1273
464,1253,519,1255,519,1274,463,1271
522,1255,565,1255,565,1273,522,1273
305,1269,421,1271,421,1292,305,1290
423,1271,562,1275,562,1292,423,1289
562,1278,608,1278,608,1291,562,1291
254,1305,295,1305,295,1323,254,1323
298,1305,357,1305,357,1323,298,1323
362,1309,393,1309,393,1323,362,1323
395,1305,440,1310,438,1328,393,1323
490,1309,521,1309,521,1325,490,1325
522,1309,558,1309,558,1325,522,1325
562,1309,618,1309,618,1326,562,1326
442,1310,485,1310,485,1325,442,1325
622,1310,668,1310,668,1326,622,1326
241,1321,305,1321,305,1337,241,1337
309,1321,360,1325,359,1340,308,1337
364,1323,412,1323,412,1339,364,1339
416,1326,464,1326,464,1339,416,1339
467,1325,501,1325,501,1342,467,1342
505,1328,530,1328,530,1341,505,1341
535,1328,570,1328,570,1341,535,1341
572,1326,624,1326,624,1342,572,1342
629,1326,672,1326,672,1342,629,1342
297,1337,328,1340,326,1354,296,1351
332,1341,373,1341,373,1353,332,1353
378,1341,401,1341,401,1351,378,1351
407,1341,441,1341,441,1355,407,1355
448,1341,505,1341,505,1353,448,1353
515,1342,553,1342,553,1355,515,1355
556,1341,595,1341,595,1357,556,1357
599,1342,629,1342,629,1357,599,1357
