524,220,577,216,579,238,526,242
571,238,636,223,642,249,577,264
457,235,519,228,521,251,460,258
538,243,572,243,572,268,538,268
510,252,533,252,533,275,510,275
510,282,649,250,655,276,516,307
459,264,502,256,506,278,463,286
405,275,456,270,458,291,407,296
690,275,711,275,711,295,690,295
630,285,682,281,684,304,631,308
457,293,506,289,508,309,459,313
570,299,623,289,627,310,574,320
428,300,451,300,451,318,428,318
396,302,421,302,421,321,396,321
525,307,568,305,570,328,526,331
653,310,704,306,705,328,654,331
498,313,530,313,530,334,498,334
592,322,649,312,654,336,597,347
458,320,492,320,492,339,458,339
384,327,430,323,431,344,386,347
560,327,592,327,592,353,560,353
366,329,387,329,387,348,366,348
663,338,714,326,720,349,668,361
314,332,357,332,357,352,314,352
636,341,663,341,663,366,636,366
492,343,535,343,535,362,492,362
409,348,453,348,453,368,409,368
460,350,485,350,485,366,460,366
618,352,633,352,633,368,618,368
366,353,400,353,400,371,366,371
581,353,613,353,613,375,581,375
325,355,359,355,359,375,325,375
542,362,574,362,574,382,542,382
492,369,535,369,535,391,492,391
633,373,674,373,674,394,633,394
375,375,410,375,410,394,375,394
419,375,442,375,442,393,419,393
449,375,483,375,483,394,449,394
314,380,337,380,337,396,314,396
345,380,368,380,368,396,345,396
594,380,627,380,627,401,594,401
553,388,585,382,589,405,557,410
515,391,547,391,547,412,515,412
663,393,697,393,697,417,663,417
483,396,506,396,506,414,483,414
439,398,476,398,476,416,439,416
400,400,432,400,432,417,400,417
634,401,659,401,659,425,634,425
608,407,629,407,629,430,608,430
547,417,599,417,599,437,547,437
514,419,538,419,538,439,514,439
483,421,505,421,505,441,483,441
439,422,476,425,474,445,438,442
398,425,433,425,433,442,398,442
366,426,387,426,387,444,366,444
668,428,691,428,691,446,668,446
461,449,669,428,672,455,463,476
388,450,453,447,454,467,389,470
681,457,704,457,704,474,681,474
640,464,681,457,684,476,643,483
516,472,645,466,646,490,517,496
378,474,464,474,464,494,378,494
473,476,517,476,517,492,473,492
617,519,701,509,704,534,620,545
510,521,597,521,597,544,510,544
378,526,489,524,489,547,378,549
691,540,736,540,736,565,691,565
572,546,620,546,620,567,572,567
627,546,684,546,684,567,627,567
530,547,565,547,565,567,530,567
487,549,522,549,522,569,487,569
389,551,423,551,423,572,389,572
432,551,478,551,478,570,432,570
345,553,382,553,382,579,345,579
313,554,337,554,337,574,313,574
664,594,752,591,753,614,665,617
588,597,647,597,647,620,588,620
533,599,592,599,592,622,533,622
466,602,522,602,522,626,466,626
378,606,405,606,405,627,378,627
313,607,370,610,369,630,312,628
697,620,757,620,757,643,697,643
622,624,647,624,647,645,622,645
654,624,688,624,688,642,654,642
533,626,581,626,581,649,533,649
586,626,615,626,615,650,586,650
490,627,522,627,522,647,490,647
433,629,482,629,482,652,433,652
313,633,359,633,359,652,313,652
368,633,423,633,423,652,368,652
688,680,726,674,729,694,691,700
736,675,761,675,761,697,736,697
579,677,606,677,606,700,579,700
613,677,684,677,684,699,613,699
478,681,515,681,515,702,478,702
522,683,570,680,571,700,523,703
312,685,472,681,473,705,313,709
693,702,763,702,763,725,693,725
672,704,695,704,695,727,672,727
570,706,597,706,597,729,570,729
502,710,569,704,571,729,504,734
311,711,384,711,384,736,311,736
697,757,768,757,768,782,697,782
675,759,700,759,700,782,675,782
528,763,585,763,585,784,528,784
460,764,519,764,519,786,460,786
403,766,449,766,449,787,403,787
311,766,363,772,360,796,309,791
368,771,393,771,393,787,368,787
528,792,585,795,584,817,527,814
459,794,520,796,519,818,458,816
368,795,418,800,415,822,366,817
425,798,449,798,449,816,425,816
449,851,512,851,512,875,449,875
521,851,578,851,578,871,521,871
391,853,442,853,442,876,391,876
309,854,385,858,383,883,308,878
752,873,779,873,779,898,752,898
706,875,755,875,755,899,706,899
683,876,706,876,706,901,683,901
365,886,403,883,405,905,366,908
309,885,359,885,359,908,309,908
707,903,782,903,782,928,707,928
462,910,512,910,512,935,462,935
521,910,570,910,570,933,521,933
403,914,453,914,453,935,403,935
309,916,346,916,346,937,309,937
355,919,393,919,393,940,355,940
617,937,690,937,690,964,617,964
555,941,609,938,610,962,557,965
498,940,549,940,549,965,498,965
426,944,489,942,489,967,427,969
306,947,369,943,371,969,307,972
380,944,419,944,419,969,380,969
330,976,359,976,359,1001,330,1001
368,981,393,981,393,999,368,999
330,1008,357,1008,357,1031,330,1031
366,1008,414,1008,414,1029,366,1029
330,1038,382,1038,382,1063,330,1063
393,1038,432,1038,432,1061,393,1061
438,1042,501,1039,502,1065,439,1068
562,1065,602,1065,602,1090,562,1090
611,1065,661,1065,661,1088,611,1088
489,1068,554,1070,553,1097,488,1095
330,1070,382,1070,382,1095,330,1095
428,1069,481,1073,479,1100,426,1096
391,1074,417,1074,417,1093,391,1093
751,1159,793,1157,794,1175,752,1178
704,1159,745,1159,745,1182,704,1182
666,1161,695,1161,695,1186,666,1186
589,1165,657,1162,658,1187,590,1190
541,1164,584,1170,580,1197,537,1191
316,1170,369,1170,369,1195,316,1195
379,1169,446,1174,444,1199,377,1195
503,1172,530,1172,530,1191,503,1191
453,1173,492,1173,492,1193,453,1193
704,1190,746,1187,748,1214,706,1217
604,1197,647,1197,647,1221,604,1221
504,1201,593,1197,595,1227,505,1231
656,1198,697,1198,697,1225,656,1225
417,1202,457,1202,457,1229,417,1229
467,1202,506,1202,506,1225,467,1225
352,1202,410,1208,408,1235,350,1230
748,1253,816,1253,816,1282,748,1282
645,1264,712,1259,714,1287,647,1292
569,1268,636,1265,637,1292,571,1295
390,1271,560,1267,560,1297,391,1301
302,1271,330,1271,330,1298,302,1298
339,1273,380,1273,380,1298,339,1298
