361,204,403,200,404,222,363,225
313,202,361,202,361,226,313,226
145,211,187,208,188,230,147,233
247,211,310,208,311,227,248,230
192,210,248,210,248,232,192,232
352,229,388,229,388,250,352,250
306,232,349,232,349,253,306,253
224,236,264,236,264,256,224,256
266,236,309,236,309,254,266,254
125,240,160,240,160,258,125,258
162,239,221,241,221,260,162,258
88,244,116,244,116,261,88,261
201,269,244,269,244,290,201,290
136,270,170,270,170,289,136,289
89,272,134,272,134,290,89,290
172,272,198,272,198,288,172,288
263,293,363,289,364,308,264,313
118,297,218,295,219,314,118,317
230,296,261,296,261,312,230,312
90,298,116,298,116,317,90,317
248,319,338,316,339,335,249,337
187,321,238,318,239,338,188,340
129,324,188,320,190,341,130,344
92,324,129,324,129,341,92,341
433,338,465,338,465,353,433,353
377,340,433,340,433,357,377,357
344,344,365,344,365,357,344,357
286,345,314,345,314,360,286,360
242,346,264,346,264,362,242,362
124,348,165,352,163,371,122,367
92,352,124,352,124,369,92,369
407,367,464,364,465,381,408,384
308,372,340,372,340,389,308,389
294,373,306,373,306,389,294,389
114,378,146,378,146,397,114,397
146,380,158,380,158,394,146,394
84,381,114,381,114,398,84,398
408,393,466,389,467,408,409,412
309,397,341,397,341,416,309,416
296,398,306,398,306,414,296,414
166,401,221,401,221,420,166,420
133,404,164,404,164,421,133,421
114,405,130,405,130,421,114,421
86,406,114,406,114,424,86,424
424,416,468,416,468,437,424,437
400,418,424,418,424,437,400,437
286,422,308,422,308,441,286,441
310,422,341,422,341,440,310,440
86,429,110,429,110,448,86,448
125,429,150,429,150,448,125,448
152,429,217,429,217,445,152,445
113,432,121,432,121,444,113,444
425,441,468,441,468,461,425,461
401,444,424,444,424,462,401,462
286,448,310,448,310,466,286,466
310,448,342,448,342,465,310,465
193,451,225,453,223,472,192,470
180,453,192,453,192,468,180,468
86,454,110,454,110,473,86,473
110,454,177,456,177,472,110,471
420,470,467,468,468,487,421,489
394,470,420,470,420,489,394,489
84,476,128,480,126,500,82,496
128,477,174,479,173,499,127,497
444,498,468,498,468,516,444,516
172,504,204,504,204,522,172,522
205,503,249,507,247,524,204,521
128,505,169,505,169,522,128,522
85,506,128,506,128,524,85,524
422,526,469,526,469,545,422,545
396,528,421,528,421,545,396,545
200,533,241,533,241,549,200,549
84,533,128,535,127,556,83,554
128,534,150,534,150,553,128,553
152,534,196,534,196,550,152,550
312,560,394,558,395,582,313,584
268,563,308,560,310,582,269,586
178,561,229,561,229,588,178,588
233,565,266,565,266,585,233,585
138,568,177,568,177,588,138,588
