469,253,514,251,515,269,470,272
409,255,466,251,467,271,410,274
361,256,406,256,406,276,361,276
300,259,358,257,359,276,301,278
215,260,261,260,261,278,215,278
266,260,298,260,298,278,266,278
450,281,476,281,476,298,450,298
406,283,440,283,440,301,406,301
253,286,275,286,275,303,253,303
371,288,381,288,381,301,371,301
381,286,406,286,406,301,381,301
278,290,288,290,288,303,278,303
290,288,326,288,326,303,290,303
330,289,367,292,366,306,328,303
453,306,508,306,508,320,453,320
338,308,355,308,355,321,338,321
355,310,405,310,405,323,355,323
253,311,265,311,265,325,253,325
263,310,281,310,281,325,263,325
300,311,326,311,326,325,300,325
220,311,251,311,251,326,220,326
281,313,298,313,298,325,281,325
408,331,430,331,430,343,408,343
430,330,470,330,470,345,430,345
473,331,508,331,508,343,473,343
226,335,248,335,248,346,226,346
250,335,280,335,280,346,250,346
290,335,318,335,318,348,290,348
408,363,471,363,471,386,408,386
258,366,305,366,305,390,258,390
360,366,406,366,406,388,360,388
308,368,356,368,356,390,308,390
393,398,428,398,428,415,393,415
351,400,395,400,395,415,351,415
300,401,326,401,326,416,300,416
326,403,333,403,333,415,326,415
345,403,353,403,353,415,345,415
505,420,536,420,536,435,505,435
453,421,505,421,505,436,453,436
411,423,436,423,436,441,411,441
315,425,348,425,348,441,315,441
375,425,410,425,410,440,375,440
276,426,296,426,296,441,276,441
180,428,211,428,211,443,180,443
213,427,255,430,254,447,212,444
256,450,285,450,285,466,256,466
285,451,296,451,296,465,285,465
175,451,258,451,258,468,175,468
336,473,360,473,360,490,336,490
280,475,306,475,306,491,280,491
306,475,335,475,335,490,306,490
251,476,280,476,280,491,251,491
176,478,210,478,210,495,176,495
211,477,250,479,249,495,210,493
518,493,551,490,552,508,520,510
496,493,518,493,518,510,496,510
393,496,445,496,445,513,393,513
175,524,288,524,288,541,175,541
250,550,285,550,285,566,250,566
286,550,310,550,310,566,286,566
176,551,218,551,218,568,176,568
218,551,250,551,250,568,218,568
521,568,553,568,553,585,521,585
500,570,521,570,521,586,500,586
395,571,416,571,416,588,395,588
416,571,446,571,446,588,416,588
170,606,210,606,210,625,170,625
210,606,233,606,233,623,210,623
266,610,276,610,276,623,266,623
285,608,306,608,306,621,285,621
526,623,558,623,558,640,526,640
503,625,525,625,525,640,503,640
277,630,313,625,316,644,281,650
316,628,356,628,356,643,316,643
170,628,212,631,211,651,168,647
212,628,252,632,251,650,210,647
251,630,278,630,278,646,251,646
498,653,528,653,528,670,498,670
530,653,560,653,560,668,530,668
355,655,391,655,391,671,355,671
210,656,260,656,260,675,210,675
173,658,208,658,208,675,173,675
261,658,291,658,291,673,261,673
508,680,530,680,530,698,508,698
531,680,561,680,561,696,531,696
175,685,211,685,211,703,175,703
213,685,235,685,235,703,213,703
258,685,296,685,296,701,258,701
235,686,256,686,256,701,235,701
446,713,558,713,558,733,446,733
297,717,393,714,393,734,298,736
396,716,445,716,445,738,396,738
216,718,299,716,300,736,216,738
183,720,215,720,215,738,183,738
158,721,181,721,181,740,158,740
344,746,476,743,476,763,345,765
268,750,296,750,296,765,268,765
298,750,341,750,341,768,298,768
431,772,478,775,477,794,430,791
381,775,431,775,431,791,381,791
263,776,290,776,290,793,263,793
291,776,326,776,326,793,291,793
350,776,380,776,380,793,350,793
328,778,350,778,350,791,328,791
222,837,528,831,528,861,223,866
