524,91,646,73,650,106,529,123
470,102,522,94,527,122,474,130
405,102,476,109,472,140,402,133
651,113,699,113,699,146,651,146
606,123,649,123,649,154,606,154
530,132,587,132,587,161,530,161
349,132,404,140,399,173,344,164
485,139,528,139,528,168,485,168
402,144,443,144,443,177,402,177
445,151,473,151,473,180,445,180
443,192,593,170,598,203,448,225
568,284,659,275,663,310,572,319
507,286,568,286,568,322,507,322
377,292,445,298,442,331,374,325
442,301,504,293,508,325,446,333
161,322,210,322,210,355,161,355
721,333,881,323,883,357,723,367
214,326,358,345,354,378,209,359
642,338,720,338,720,374,642,374
156,451,244,457,241,491,154,485
246,456,327,472,320,507,239,491
325,469,380,476,376,508,321,501
379,475,459,480,456,516,377,511
154,497,218,497,218,533,154,533
223,504,298,513,294,541,219,532
299,509,459,529,455,562,295,542
151,545,201,545,201,578,151,578
203,549,255,549,255,580,203,580
149,620,189,620,189,654,149,654
808,637,869,637,869,673,808,673
713,642,805,642,805,675,713,675
495,644,537,644,537,680,495,680
438,645,494,649,492,676,436,672
149,691,220,691,220,722,149,722
222,699,274,699,274,727,222,727
279,701,317,701,317,727,279,727
319,703,362,703,362,732,319,732
367,708,417,708,417,734,367,734
447,763,476,763,476,789,447,789
476,763,521,763,521,789,476,789
774,767,815,767,815,796,774,796
810,767,864,767,864,798,810,798
147,806,212,811,210,840,145,836
216,811,279,816,276,849,213,844
279,817,319,817,319,843,279,843
322,819,372,819,372,855,322,855
146,864,161,864,161,886,146,886
452,879,466,879,466,900,452,900
469,876,511,876,511,902,469,902
772,891,812,891,812,919,772,919
808,890,859,893,857,920,806,917
142,925,219,929,217,960,141,957
270,933,317,933,317,962,270,962
323,932,390,939,387,968,320,961
218,936,265,936,265,959,218,959
391,936,438,936,438,966,391,966
439,934,505,943,501,976,434,967
447,990,462,990,462,1014,447,1014
462,988,507,988,507,1014,462,1014
779,1011,800,1011,800,1037,779,1037
803,1011,853,1011,853,1040,803,1040
135,1042,194,1042,194,1071,135,1071
196,1047,236,1047,236,1078,196,1078
286,1049,331,1049,331,1082,286,1082
334,1049,383,1049,383,1075,334,1075
239,1052,284,1052,284,1075,239,1075
388,1054,433,1054,433,1080,388,1080
443,1104,457,1104,457,1125,443,1125
459,1101,504,1101,504,1132,459,1132
777,1132,796,1132,796,1158,777,1158
798,1135,850,1135,850,1165,798,1165
130,1158,189,1158,189,1187,130,1187
194,1163,263,1163,263,1192,194,1192
315,1163,364,1163,364,1192,315,1192
267,1165,312,1165,312,1199,267,1199
367,1168,417,1168,417,1192,367,1192
438,1218,452,1218,452,1239,438,1239
455,1214,499,1218,497,1245,452,1241
770,1253,791,1253,791,1279,770,1279
791,1255,843,1255,843,1282,791,1282
127,1274,177,1274,177,1303,127,1303
184,1278,266,1281,265,1308,183,1305
270,1282,334,1282,334,1308,270,1308
433,1331,447,1331,447,1353,433,1353
450,1331,492,1331,492,1357,450,1357
767,1372,786,1372,786,1398,767,1398
789,1374,836,1374,836,1400,789,1400
127,1375,198,1387,193,1419,121,1407
196,1383,246,1383,246,1414,196,1414
249,1385,315,1392,312,1421,246,1413
125,1418,196,1422,194,1454,123,1449
194,1426,258,1426,258,1457,194,1457
741,1428,782,1428,782,1459,741,1459
782,1431,836,1431,836,1462,782,1462
126,1457,210,1467,207,1494,123,1485
213,1471,272,1471,272,1497,213,1497
274,1474,312,1474,312,1500,274,1500
812,1481,831,1481,831,1502,812,1502
125,1500,177,1500,177,1528,125,1528
182,1505,258,1512,255,1539,180,1532
260,1515,314,1519,312,1543,259,1540
737,1515,782,1519,779,1546,735,1542
777,1519,829,1519,829,1545,777,1545
126,1535,169,1543,164,1568,121,1560
165,1545,194,1545,194,1571,165,1571
722,1556,772,1556,772,1583,722,1583
775,1558,828,1561,826,1588,773,1585
734,1599,767,1599,767,1623,734,1623
772,1599,824,1599,824,1625,772,1625
273,1606,334,1614,331,1640,270,1632
429,1607,505,1625,498,1654,422,1636
376,1613,424,1613,424,1642,376,1642
336,1616,372,1616,372,1637,336,1637
511,1630,564,1630,564,1661,511,1661
566,1637,620,1637,620,1670,566,1670
620,1642,663,1642,663,1670,620,1670
