576,165,669,160,671,189,577,194
497,165,572,165,572,195,497,195
401,167,494,167,494,195,401,195
327,168,394,168,394,195,327,195
803,202,853,202,853,229,803,229
757,206,797,203,799,229,759,231
718,206,755,206,755,231,718,231
645,209,712,209,712,234,645,234
593,211,641,211,641,236,593,236
351,213,389,213,389,238,351,238
394,213,444,213,444,238,394,238
449,213,501,213,501,239,449,239
218,215,270,215,270,239,218,239
276,212,350,219,347,246,273,238
504,214,588,216,588,244,504,242
152,216,216,216,216,239,152,239
498,257,671,251,672,278,499,284
323,257,479,257,479,282,323,282
558,358,658,354,660,389,560,393
488,359,558,359,558,394,488,394
335,362,407,362,407,394,335,394
412,364,483,364,483,394,412,394
715,422,867,417,868,445,716,450
630,424,710,424,710,456,630,456
184,429,326,427,327,454,184,457
138,430,181,430,181,455,138,455
762,485,862,485,862,492,762,492
807,537,872,535,873,572,809,574
700,543,805,543,805,575,700,575
483,549,531,549,531,584,483,584
133,552,172,552,172,581,133,581
416,551,480,554,479,582,415,579
501,604,577,604,577,638,501,638
584,604,650,604,650,645,584,645
126,606,213,606,213,639,126,639
222,606,268,606,268,639,222,639
343,606,414,606,414,639,343,639
419,606,492,606,492,639,419,639
273,613,335,613,335,646,273,646
756,659,879,656,880,696,757,699
424,662,518,662,518,700,424,700
126,668,142,668,142,694,126,694
117,726,190,726,190,760,117,760
244,724,338,734,334,771,240,761
343,726,428,726,428,760,343,760
435,726,499,726,499,767,435,767
193,728,238,728,238,760,193,760
453,783,518,783,518,821,453,821
764,783,888,783,888,826,764,826
117,787,136,787,136,817,117,817
423,787,458,787,458,824,423,824
113,847,197,847,197,886,113,886
428,849,570,849,570,888,428,888
204,851,293,851,293,886,204,886
303,848,423,859,420,895,299,884
111,913,131,913,131,943,111,943
419,913,518,913,518,952,419,952
766,918,892,918,892,956,766,956
107,975,175,977,173,1015,105,1012
179,977,254,977,254,1014,179,1014
265,976,366,979,365,1020,264,1018
371,982,398,982,398,1016,371,1016
404,976,522,988,518,1031,400,1019
522,981,639,981,639,1023,522,1023
101,1041,147,1041,147,1077,101,1077
417,1046,518,1046,518,1089,417,1089
746,1052,899,1052,899,1094,746,1094
99,1115,198,1120,196,1165,97,1160
199,1117,270,1117,270,1160,199,1160
275,1115,367,1129,360,1172,269,1159
748,1132,902,1132,902,1178,748,1178
236,1217,311,1217,311,1254,236,1254
362,1227,427,1223,430,1262,364,1266
430,1226,538,1226,538,1263,430,1263
316,1233,359,1233,359,1258,316,1258
620,1231,686,1231,686,1274,620,1274
545,1233,616,1233,616,1270,545,1270
689,1233,750,1233,750,1274,689,1274
