400,422,465,422,465,442,400,442
281,424,393,424,393,444,281,444
296,456,326,456,326,474,296,474
441,456,485,456,485,474,441,474
256,457,294,457,294,476,256,476
330,457,366,457,366,474,330,474
370,457,402,457,402,476,370,476
405,457,440,457,440,474,405,474
136,488,168,488,168,502,136,502
246,525,302,525,302,557,246,557
368,526,422,524,423,553,369,555
428,525,500,525,500,554,428,554
306,528,364,528,364,554,306,554
545,565,584,565,584,585,545,585
314,566,354,566,354,585,314,585
386,566,426,566,426,585,386,585
429,566,460,566,460,588,429,588
481,566,542,566,542,585,481,585
152,568,186,568,186,586,152,586
191,565,241,571,239,592,188,586
266,568,292,568,292,585,266,585
471,598,504,596,506,615,472,617
144,598,289,598,289,617,144,617
292,598,348,598,348,617,292,617
384,598,420,598,420,617,384,617
421,597,470,601,469,620,420,616
506,598,537,598,537,620,506,620
545,598,572,598,572,616,545,616
350,601,381,601,381,616,350,616
300,628,337,628,337,644,300,644
408,628,436,628,436,649,408,649
433,628,469,628,469,646,433,646
535,627,565,630,563,650,532,646
561,628,597,628,597,646,561,646
253,630,261,630,261,642,253,642
278,660,338,664,337,686,277,682
140,664,276,664,276,682,140,682
340,663,399,666,398,686,339,682
401,664,414,664,414,681,401,681
417,664,452,664,452,685,417,685
456,664,482,664,482,682,456,682
434,693,470,693,470,713,434,713
300,694,337,694,337,710,300,710
406,694,437,694,437,714,406,714
534,694,565,694,565,714,534,714
562,694,597,694,597,713,562,713
138,729,286,727,286,748,138,750
328,728,364,728,364,750,328,750
437,732,469,724,474,745,442,753
289,729,325,729,325,750,289,750
366,729,401,729,401,748,366,748
404,729,438,729,438,750,404,750
473,729,521,729,521,750,473,750
546,729,573,729,573,748,546,748
524,732,541,732,541,748,524,748
561,757,597,757,597,777,561,777
434,758,470,758,470,778,434,778
534,758,564,758,564,778,534,778
298,760,336,760,336,774,298,774
406,760,437,760,437,780,406,780
132,795,183,801,180,823,130,818
181,800,212,800,212,820,181,820
536,825,566,825,566,845,536,845
564,825,600,825,600,844,564,844
133,823,183,829,180,851,131,846
183,827,231,830,230,851,181,848
133,854,176,854,176,874,133,874
240,854,276,854,276,874,240,874
178,856,238,856,238,874,178,874
564,856,598,856,598,874,564,874
536,857,566,857,566,877,536,877
361,858,404,858,404,877,361,877
455,896,591,894,592,914,456,916
156,896,182,896,182,916,156,916
221,897,399,897,399,917,221,917
185,898,218,898,218,916,185,916
402,898,453,898,453,920,402,920
348,928,398,928,398,949,348,949
310,928,344,930,343,945,309,943
401,929,438,929,438,946,401,946
202,948,230,948,230,962,202,962
234,949,272,949,272,964,234,964
302,950,324,950,324,965,302,965
329,949,363,953,362,968,327,965
465,950,521,950,521,968,465,968
277,952,298,952,298,965,277,965
366,952,401,952,401,970,366,970
402,952,425,952,425,968,402,968
429,953,462,953,462,970,429,970
