308,207,407,204,408,220,309,222
414,206,472,206,472,221,414,221
321,230,348,230,348,245,321,245
350,230,384,230,384,245,350,245
388,230,416,230,416,245,388,245
418,230,449,230,449,244,418,244
452,229,491,233,490,247,450,243
296,231,319,233,318,248,294,246
180,254,206,254,206,268,180,268
274,286,324,286,324,310,274,310
384,288,432,288,432,312,384,312
436,286,503,289,502,314,435,311
329,292,380,292,380,312,329,312
189,317,218,317,218,332,189,332
223,316,266,321,264,337,221,331
290,318,312,318,312,333,290,333
333,320,369,320,369,333,333,333
398,320,433,320,433,334,398,334
434,323,464,318,467,335,437,340
484,319,539,321,538,336,483,334
541,318,576,320,575,336,540,334
178,340,248,340,248,356,178,356
248,340,299,342,298,357,247,355
333,342,365,344,365,359,332,357
366,344,393,344,393,358,366,358
397,344,418,344,418,358,397,358
421,344,461,344,461,360,421,360
301,345,330,345,330,360,301,360
465,345,490,345,490,360,465,360
494,345,518,345,518,360,494,360
318,366,352,366,352,380,318,380
413,368,437,368,437,385,413,385
438,368,472,368,472,385,438,385
530,369,557,369,557,386,530,386
554,369,589,369,589,386,554,386
172,393,204,393,204,409,172,409
202,393,244,393,244,410,202,410
242,394,296,394,296,412,242,412
403,396,451,395,452,415,404,417
297,397,318,397,318,412,297,412
321,396,363,400,362,415,320,411
365,397,402,397,402,414,365,414
454,398,468,398,468,414,454,414
470,397,505,402,503,420,467,415
505,400,532,400,532,416,505,416
316,422,348,422,348,434,316,434
412,424,434,424,434,440,412,440
437,424,470,424,470,441,437,441
531,424,559,427,557,444,529,441
556,426,590,426,590,444,556,444
165,445,292,449,291,468,164,464
294,450,334,450,334,468,294,468
337,452,378,452,378,469,337,469
382,450,445,455,443,474,381,469
445,454,498,454,498,472,445,472
502,456,528,456,528,473,502,473
268,478,274,478,274,489,268,489
310,478,344,478,344,492,310,492
420,481,437,481,437,498,420,498
436,481,469,481,469,498,436,498
541,484,558,484,558,502,541,502
556,484,592,484,592,501,556,501
161,505,193,505,193,524,161,524
192,505,289,507,289,526,191,524
290,508,325,508,325,528,290,528
328,510,370,510,370,529,328,529
402,510,428,510,428,530,402,530
372,512,401,512,401,530,372,530
429,513,473,513,473,532,429,532
476,513,501,513,501,532,476,532
157,532,189,532,189,550,157,550
191,530,238,536,235,556,189,550
237,536,265,536,265,556,237,556
421,541,470,541,470,561,421,561
156,561,186,561,186,580,156,580
189,561,229,563,229,581,188,579
308,566,342,566,342,581,308,581
418,569,468,569,468,589,418,589
529,572,560,575,558,595,527,592
556,574,592,574,592,593,556,593
153,594,284,598,283,617,152,613
285,598,318,598,318,618,285,618
321,600,365,602,365,620,320,618
368,601,401,601,401,622,368,622
404,601,442,601,442,622,404,622
488,606,514,606,514,625,488,625
445,608,482,608,482,622,445,622
304,629,340,629,340,644,304,644
416,633,466,633,466,653,416,653
529,637,558,637,558,658,529,658
556,638,593,638,593,658,556,658
148,657,181,657,181,676,148,676
180,657,280,660,279,680,179,677
282,661,318,661,318,681,282,681
321,662,366,665,365,684,320,681
368,665,402,665,402,685,368,685
405,666,446,668,445,687,404,685
449,664,497,671,493,693,445,685
497,670,524,670,524,689,497,689
145,686,176,686,176,705,145,705
179,684,227,692,224,712,176,704
226,690,254,690,254,710,226,710
417,697,468,697,468,718,417,718
142,717,173,717,173,736,142,736
176,718,217,718,217,737,176,737
298,724,336,724,336,738,298,738
413,728,465,728,465,749,413,749
528,733,558,733,558,754,528,754
556,734,592,734,592,754,556,754
134,753,183,761,179,784,131,776
181,760,210,760,210,780,181,780
265,768,290,768,290,785,265,785
133,781,181,789,177,812,129,804
181,787,228,793,226,814,178,808
518,802,556,802,556,822,518,822
557,804,594,804,594,824,557,824
130,821,180,829,176,853,126,845
177,829,213,829,213,850,177,850
519,842,561,845,559,865,517,862
557,846,594,846,594,865,557,865
129,854,169,854,169,876,129,876
172,856,231,860,230,880,171,877
233,860,268,860,268,881,233,881
348,870,390,870,390,890,348,890
518,877,560,877,560,900,518,900
557,878,594,878,594,898,557,898
148,900,173,900,173,920,148,920
175,901,211,905,209,924,173,920
211,902,390,913,388,935,209,924
392,914,445,914,445,941,392,941
448,916,563,920,562,942,447,938
560,922,588,922,588,942,560,942
298,945,333,945,333,965,298,965
336,948,388,948,388,970,336,970
390,948,430,950,429,972,389,970
189,959,220,964,218,982,186,977
221,965,260,965,260,984,221,984
262,970,285,970,285,985,262,985
289,970,313,970,313,989,289,989
316,972,352,972,352,993,316,993
354,974,390,974,390,997,354,997
392,977,416,977,416,997,392,997
418,981,454,981,454,1001,418,1001
456,981,514,981,514,1002,456,1002
