331,194,403,186,405,206,333,215
205,211,325,196,328,216,208,232
380,221,428,221,428,238,380,238
341,224,377,224,377,242,341,242
301,229,338,227,339,246,303,248
259,236,299,234,300,251,260,253
222,240,256,237,258,256,224,259
181,245,222,245,222,262,181,262
57,290,91,288,92,304,59,307
368,295,450,284,454,316,373,327
309,298,368,298,368,332,309,332
239,312,301,304,305,332,243,340
175,316,235,308,239,341,179,349
498,319,541,315,543,337,500,340
431,329,497,322,500,343,433,350
377,334,409,334,409,360,377,360
330,341,373,341,373,360,330,360
250,350,295,346,297,365,252,369
202,354,229,354,229,374,202,374
450,357,481,357,481,377,450,377
433,361,445,361,445,377,433,377
121,362,172,362,172,382,121,382
390,364,429,364,429,385,390,385
81,368,117,368,117,386,81,386
336,372,387,366,389,386,339,391
521,380,563,373,566,393,524,400
269,379,335,373,337,392,271,399
229,381,266,381,266,402,229,402
493,382,526,382,526,400,493,400
70,400,227,382,229,403,72,420
383,396,422,391,425,412,385,417
356,398,388,398,388,418,356,418
241,412,281,409,282,424,242,427
506,416,536,416,536,437,506,437
437,427,501,420,503,440,439,446
384,432,435,425,437,447,387,453
342,436,381,432,383,453,344,457
304,441,341,441,341,460,304,460
274,442,301,442,301,462,274,462
231,448,272,444,274,465,233,469
71,465,226,448,228,469,73,486
373,465,431,458,433,480,375,487
534,481,577,475,580,496,537,502
506,482,541,482,541,504,506,504
162,488,193,488,193,508,162,508
109,490,160,490,160,510,109,510
69,495,105,492,106,513,71,515
374,497,432,492,435,515,376,520
245,512,286,508,288,525,246,529
541,517,573,517,573,540,541,540
462,531,535,519,539,541,465,553
108,524,153,524,153,544,108,544
69,528,103,525,105,546,71,548
421,529,462,529,462,552,421,552
318,541,416,531,418,553,320,563
292,542,318,542,318,565,292,565
234,549,287,544,289,566,236,571
545,552,589,550,590,571,547,573
70,566,231,550,233,571,72,588
516,554,550,554,550,577,516,577
367,571,440,561,443,585,370,594
246,583,290,578,291,596,248,601
525,633,604,627,606,654,527,660
118,640,150,640,150,664,118,664
64,644,117,644,117,668,64,668
120,673,173,673,173,696,120,696
62,673,118,675,117,701,62,699
531,683,611,676,613,702,534,709
535,721,615,714,617,741,538,748
120,717,161,717,161,744,120,744
64,721,120,721,120,748,64,748
327,738,379,734,381,759,329,763
188,746,229,746,229,770,188,770
114,754,184,749,186,773,116,778
65,754,113,754,113,780,65,780
446,781,613,766,615,789,448,804
382,784,444,784,444,812,382,812
167,802,379,785,381,810,169,827
94,805,124,805,124,830,94,830
128,806,168,806,168,828,128,828
385,821,430,821,430,845,385,845
324,828,382,828,382,852,324,852
278,833,320,833,320,852,278,852
465,842,531,837,533,857,466,862
421,847,462,844,463,865,422,867
392,849,420,849,420,868,392,868
349,853,389,853,389,874,349,874
304,857,345,857,345,876,304,876
273,860,300,860,300,878,273,878
242,864,270,864,270,881,242,881
194,865,240,865,240,885,194,885
156,868,190,868,190,888,156,888
