404,170,422,170,422,193,404,193
344,172,373,172,373,190,344,190
373,171,405,173,403,193,372,191
424,173,448,173,448,193,424,193
449,173,466,173,466,193,449,193
466,173,484,173,484,193,466,193
485,174,512,174,512,194,485,194
513,174,546,174,546,194,513,194
548,174,581,174,581,198,548,198
369,198,389,198,389,218,369,218
389,200,414,200,414,220,389,220
417,200,436,200,436,220,417,220
436,201,454,201,454,220,436,220
457,201,485,201,485,220,457,220
485,201,520,201,520,220,485,220
520,199,555,205,552,226,517,220
190,211,323,214,322,248,189,245
381,228,389,228,389,244,381,244
393,226,425,226,425,246,393,246
424,225,465,230,463,252,422,247
464,228,482,228,482,248,464,248
486,228,517,228,517,248,486,248
517,228,544,228,544,248,517,248
398,253,484,253,484,274,398,274
484,254,521,254,521,274,484,274
317,297,349,297,349,317,317,317
356,298,378,298,378,318,356,318
386,300,418,300,418,320,386,320
424,300,466,300,466,320,424,320
188,317,229,317,229,338,188,338
237,320,278,320,278,340,237,340
278,320,377,322,377,344,278,342
385,326,436,326,436,344,385,344
512,326,594,326,594,345,512,345
492,328,513,328,513,345,492,345
186,342,229,342,229,364,186,364
229,345,268,345,268,364,229,364
473,352,522,352,522,369,473,369
521,352,604,352,604,369,521,369
186,392,218,392,218,412,186,412
226,391,270,394,269,415,225,412
392,399,425,396,426,417,393,419
365,398,388,398,388,417,365,417
550,398,594,398,594,418,550,418
462,400,484,400,484,418,462,418
532,401,550,401,550,417,532,417
185,418,218,418,218,436,185,436
216,418,268,418,268,438,216,438
276,418,308,418,308,440,276,440
316,421,358,424,357,443,314,440
364,422,384,422,384,441,364,441
393,422,416,422,416,441,393,441
422,424,484,424,484,444,422,444
184,441,317,444,317,464,183,460
373,448,401,448,401,464,373,464
401,448,434,448,434,465,401,465
540,450,564,450,564,468,540,468
569,450,602,450,602,468,569,468
185,489,228,489,228,510,185,510
236,490,278,490,278,512,236,512
285,492,328,492,328,512,285,512
354,493,396,493,396,513,354,513
336,496,354,496,354,512,336,512
540,500,564,500,564,516,540,516
569,500,602,500,602,517,569,517
184,514,228,514,228,536,184,536
236,516,278,516,278,536,236,536
284,516,296,516,296,534,284,534
304,516,346,516,346,537,304,537
580,525,592,525,592,540,580,540
184,538,226,538,226,560,184,560
234,540,288,540,288,561,234,561
294,540,325,540,325,561,294,561
538,547,570,549,569,565,537,563
569,549,602,549,602,566,569,566
193,564,237,564,237,585,193,585
244,566,277,566,277,585,244,585
538,573,562,573,562,590,538,590
568,573,602,573,602,590,568,590
182,589,225,589,225,610,182,610
234,589,265,589,265,609,234,609
273,592,306,592,306,610,273,610
592,601,601,601,601,614,592,614
262,616,303,614,304,634,262,636
310,613,333,613,333,634,310,634
341,616,373,616,373,636,341,636
380,616,412,616,412,637,380,637
418,617,461,617,461,637,418,637
469,620,520,620,520,640,469,640
250,688,282,688,282,710,250,710
290,689,332,689,332,710,290,710
378,689,412,689,412,710,378,710
340,690,372,690,372,710,340,710
418,692,472,695,471,715,417,712
477,693,521,693,521,716,477,716
220,716,292,716,292,736,220,736
298,716,340,716,340,736,298,736
349,717,372,717,372,736,349,736
380,717,441,717,441,737,380,737
178,718,212,718,212,737,178,737
448,718,469,718,469,737,448,737
468,718,510,718,510,738,468,738
517,721,561,723,561,741,516,739
568,723,602,725,600,744,566,742
229,765,261,765,261,786,229,786
298,765,332,765,332,785,298,785
338,765,392,765,392,786,338,786
398,765,420,765,420,786,398,786
269,766,292,766,292,785,269,785
468,768,501,768,501,788,468,788
428,769,461,769,461,789,428,789
508,772,541,772,541,790,508,790
268,791,380,792,379,812,267,810
176,793,209,793,209,813,176,813
208,793,258,793,258,812,208,812
388,793,468,793,468,813,388,813
477,795,551,797,550,816,476,814
557,800,590,800,590,817,557,817
