376,230,427,225,430,250,378,255
445,226,498,226,498,250,445,250
315,231,376,231,376,255,315,255
218,237,268,234,269,256,220,259
271,236,311,236,311,256,271,256
125,238,181,238,181,261,125,261
183,238,216,238,216,260,183,260
287,260,334,257,335,283,288,285
471,286,508,286,508,306,471,306
434,291,470,286,473,306,437,311
385,290,435,290,435,308,385,308
340,292,371,295,369,312,338,309
300,295,338,295,338,311,300,311
233,296,298,296,298,316,233,316
188,298,221,298,221,315,188,315
116,300,146,300,146,316,116,316
150,300,186,300,186,316,150,316
345,315,385,315,385,331,345,331
241,318,273,318,273,335,241,335
286,318,341,318,341,336,286,336
355,338,395,338,395,355,355,355
298,340,346,340,346,356,298,356
348,341,356,341,356,355,348,355
233,341,291,341,291,358,233,358
373,365,431,365,431,388,373,388
297,371,369,368,370,387,298,391
200,371,246,371,246,395,200,395
247,373,296,371,297,392,248,394
333,403,360,403,360,420,333,420
273,405,330,405,330,423,273,423
279,437,376,433,377,450,280,454
253,438,278,438,278,455,253,455
125,471,156,469,157,484,126,487
163,470,183,470,183,483,163,483
183,470,218,470,218,483,183,483
106,471,126,471,126,486,106,486
297,495,359,493,360,506,298,508
266,495,290,495,290,510,266,510
225,496,266,496,266,511,225,511
155,500,226,500,226,513,155,513
108,500,150,500,150,518,108,518
241,525,280,525,280,540,241,540
183,528,206,528,206,541,183,541
135,528,176,528,176,545,135,545
208,530,241,530,241,541,208,541
108,531,135,531,135,543,108,543
413,551,430,551,430,566,413,566
476,558,496,558,496,573,476,573
345,563,370,563,370,578,345,578
283,565,303,565,303,581,283,581
203,566,240,566,240,583,203,583
171,568,201,568,201,585,171,585
410,570,436,570,436,586,410,586
498,608,528,608,528,625,498,625
476,610,496,610,496,626,476,626
220,611,248,611,248,626,220,626
143,613,175,613,175,630,143,630
176,613,216,613,216,628,176,628
368,613,398,613,398,630,368,630
348,615,368,615,368,631,348,631
166,633,183,633,183,650,166,650
145,636,168,636,168,653,145,653
501,648,530,648,530,665,501,665
478,650,500,650,500,666,478,666
371,653,400,653,400,670,371,670
350,655,370,655,370,671,350,671
221,663,255,663,255,678,221,678
178,663,218,663,218,680,178,680
145,665,176,665,176,681,145,681
503,683,533,683,533,700,503,700
480,685,501,685,501,701,480,701
373,688,401,688,401,705,373,705
350,690,370,690,370,706,350,706
221,696,253,696,253,713,221,713
178,697,219,699,218,715,177,713
146,700,176,700,176,716,146,716
505,718,538,718,538,740,505,740
483,720,505,720,505,736,483,736
375,723,408,723,408,740,375,740
351,725,373,725,373,741,351,741
223,731,255,731,255,748,223,748
146,735,178,735,178,751,146,751
180,735,220,735,220,750,180,750
436,766,543,766,543,796,436,796
175,780,239,777,240,798,176,801
246,778,296,778,296,796,246,796
118,778,174,781,173,807,117,804
505,803,543,801,544,818,506,821
473,805,504,802,505,819,475,822
118,818,153,818,153,835,118,835
153,818,185,818,185,833,153,833
501,840,548,840,548,865,501,865
475,841,501,841,501,860,475,860
180,851,233,849,234,868,181,870
153,851,178,851,178,871,153,871
120,853,151,853,151,875,120,875
390,903,421,903,421,921,390,921
250,908,291,908,291,926,250,926
293,907,347,910,346,928,292,926
348,908,386,908,386,923,348,923
442,952,484,950,485,969,443,972
358,956,408,956,408,976,358,976
408,956,440,956,440,971,408,971
207,961,278,959,278,977,208,979
290,960,325,960,325,976,290,976
326,960,356,960,356,975,326,975
