314,6,525,6,525,74,314,74
548,20,823,26,822,80,547,74
372,107,507,114,506,145,370,138
677,109,716,109,716,134,677,134
721,104,777,113,773,142,717,133
511,109,605,115,603,142,509,137
608,108,673,112,671,140,606,136
444,148,552,148,552,174,444,174
631,148,702,146,703,173,632,175
554,149,629,149,629,174,554,174
640,192,749,192,749,238,640,238
397,193,530,193,530,238,397,238
538,201,629,201,629,242,538,242
228,266,268,266,268,293,228,293
905,268,920,268,920,289,905,289
373,268,420,268,420,300,373,300
574,268,614,268,614,294,574,294
616,268,719,266,720,294,617,296
437,274,476,272,478,298,439,300
422,284,432,284,432,292,422,292
228,308,268,308,268,334,228,334
782,308,922,308,922,334,782,334
273,309,328,309,328,336,273,336
577,310,657,310,657,342,577,342
228,353,278,353,278,380,228,380
850,353,922,353,922,378,850,378
284,354,345,354,345,381,284,381
374,354,445,354,445,381,374,381
576,354,625,354,625,381,576,381
632,361,670,361,670,381,632,381
228,400,285,400,285,426,228,426
287,404,369,395,372,426,290,435
382,401,458,401,458,426,382,426
353,450,402,450,402,478,353,478
686,450,755,450,755,478,686,478
410,452,465,452,465,478,410,478
844,452,924,452,924,478,844,478
230,454,261,454,261,476,230,476
577,454,609,454,609,478,577,478
365,502,449,502,449,530,365,530
266,504,358,504,358,530,266,530
450,504,498,504,498,529,450,529
669,504,702,504,702,529,669,529
705,504,756,504,756,529,705,529
836,504,870,504,870,529,836,529
874,504,925,504,925,529,874,529
234,506,246,506,246,526,234,526
565,505,620,505,620,534,565,534
266,546,354,546,354,573,266,573
357,546,410,546,410,573,357,573
669,546,702,546,702,573,669,573
836,546,872,546,872,573,836,573
874,546,926,546,926,573,874,573
566,548,621,548,621,578,566,578
706,548,757,548,757,573,706,573
232,550,246,550,246,570,232,570
214,644,285,644,285,676,214,676
290,644,392,644,392,676,290,676
397,642,479,644,478,675,396,673
806,644,849,644,849,673,806,673
854,644,918,644,918,673,854,673
481,653,493,653,493,672,481,672
832,740,874,740,874,764,832,764
880,740,924,740,924,764,880,764
212,741,282,741,282,768,212,768
286,742,341,742,341,768,286,768
846,777,876,777,876,801,846,801
880,777,924,777,924,801,880,801
266,778,330,778,330,805,266,805
213,780,262,780,262,806,213,806
708,817,804,817,804,854,708,854
408,818,501,818,501,845,408,845
564,818,589,818,589,845,564,845
647,822,707,820,708,851,648,853
501,822,560,822,560,850,501,850
592,822,645,822,645,846,592,846
309,877,365,877,365,905,309,905
369,877,445,877,445,906,369,906
269,878,309,878,309,910,269,910
290,956,360,956,360,981,290,981
365,956,430,956,430,982,365,982
462,956,612,957,611,984,462,982
