266,513,362,513,362,530,266,530
368,513,424,513,424,530,368,530
244,540,277,542,277,557,243,555
278,541,304,541,304,557,278,557
306,542,338,542,338,557,306,557
342,542,370,542,370,560,342,560
372,542,400,542,400,557,372,557
402,542,440,542,440,557,402,557
150,568,169,568,169,581,150,581
236,601,282,601,282,628,236,628
340,602,385,602,385,628,340,628
389,602,452,602,452,628,389,628
286,605,336,605,336,628,286,628
153,637,184,637,184,653,153,653
186,636,229,640,227,656,185,652
253,637,274,637,274,654,253,654
390,637,417,637,417,657,390,657
293,638,328,638,328,654,293,654
354,638,388,638,388,653,354,653
436,638,488,638,488,656,436,656
489,638,521,638,521,654,489,654
146,664,269,664,269,681,146,681
272,665,305,665,305,680,272,680
309,665,361,665,361,680,309,680
364,664,407,666,406,681,363,679
497,665,521,665,521,682,497,682
408,667,470,666,470,681,409,682
473,668,493,668,493,681,473,681
278,690,310,690,310,704,278,704
370,690,390,690,390,706,370,706
393,690,425,690,425,708,393,708
480,692,534,692,534,709,480,709
142,720,260,720,260,738,142,738
261,721,304,721,304,738,261,738
382,721,433,721,433,740,382,740
346,722,380,722,380,738,346,738
434,722,460,722,460,740,434,740
305,725,342,725,342,738,305,738
277,749,308,749,308,762,277,762
393,749,425,749,425,766,393,766
380,750,394,750,394,766,380,766
490,750,506,750,506,769,490,769
504,750,537,750,537,769,504,769
137,777,180,782,178,802,135,798
178,782,200,782,200,798,178,798
137,802,180,808,177,828,134,822
179,806,220,810,218,828,177,825
484,812,508,812,508,829,484,829
508,812,541,812,541,828,508,828
137,830,172,830,172,848,137,848
174,832,225,832,225,849,174,849
226,833,256,833,256,849,226,849
332,837,369,837,369,853,332,853
508,838,540,838,540,854,508,854
484,840,508,840,508,856,484,856
156,868,177,868,177,882,156,882
180,868,209,868,209,882,180,882
210,868,364,870,363,885,210,883
368,870,410,870,410,888,368,888
413,870,494,870,494,885,413,885
494,872,512,872,512,885,494,885
512,872,533,872,533,885,512,885
288,893,318,893,318,905,288,905
321,893,364,893,364,908,321,908
366,893,400,893,400,906,366,906
200,908,224,908,224,917,200,917
226,908,259,910,258,919,226,917
424,909,470,909,470,918,424,918
262,910,281,910,281,918,262,918
285,910,302,910,302,918,285,918
306,910,336,910,336,920,306,920
340,910,368,910,368,920,340,920
370,910,389,910,389,918,370,918
393,910,420,910,420,920,393,920
