381,299,455,292,457,312,383,320
249,310,375,299,377,320,251,331
430,328,480,324,482,342,432,346
392,329,428,329,428,348,392,348
352,333,388,333,388,352,352,352
305,338,348,338,348,356,305,356
267,343,302,338,304,357,269,361
222,344,267,346,266,364,222,362
88,384,125,384,125,402,88,402
420,400,504,394,507,426,423,432
353,406,415,400,418,432,356,438
283,414,348,408,351,436,285,442
217,414,278,414,278,448,217,448
556,430,600,427,602,449,557,452
485,437,554,432,555,453,487,458
426,441,461,441,461,466,426,466
377,446,422,446,422,465,377,465
293,453,339,449,341,470,295,474
240,457,269,457,269,477,240,477
152,464,208,464,208,485,152,485
108,466,148,466,148,486,108,486
382,478,412,478,412,498,382,498
324,481,377,481,377,504,324,504
289,485,321,485,321,506,289,506
256,488,284,488,284,509,256,509
185,493,253,489,254,510,187,514
134,498,186,493,188,514,136,519
582,496,624,496,624,517,582,517
537,498,586,498,586,521,537,521
97,500,136,500,136,521,97,521
431,506,475,502,477,526,433,530
392,508,438,508,438,530,392,530
278,520,322,516,324,534,280,538
225,524,237,524,237,540,225,540
260,570,272,570,272,588,260,588
142,577,178,570,182,592,146,599
593,576,637,572,639,594,595,598
86,573,143,575,142,601,86,599
550,577,600,577,600,600,550,600
145,606,212,606,212,629,145,629
85,605,143,607,142,633,84,631
598,612,642,612,642,636,598,636
554,616,604,616,604,640,554,640
348,628,400,625,402,650,349,652
213,633,254,633,254,657,213,657
135,640,208,633,210,658,137,665
83,642,134,640,135,665,84,667
608,662,641,662,641,688,608,688
473,670,610,664,611,690,474,697
408,674,470,674,470,705,408,705
186,690,404,675,406,702,188,717
108,693,140,693,140,721,108,721
142,693,184,693,184,718,142,718
409,717,456,717,456,744,409,744
344,721,406,721,406,752,344,752
297,726,341,726,341,750,297,750
489,746,560,741,562,766,491,771
566,746,573,746,573,761,566,761
445,749,489,747,490,774,446,776
413,750,444,750,444,776,413,776
369,753,412,753,412,781,369,781
290,760,318,760,318,782,290,782
322,760,365,760,365,781,322,781
204,766,252,766,252,789,204,789
257,766,286,766,286,785,257,785
161,768,200,768,200,792,161,792
