568,238,664,238,664,266,568,266
486,240,563,238,564,268,487,270
386,242,481,240,482,270,387,272
309,247,380,247,380,273,309,273
755,280,796,280,796,307,755,307
799,280,851,280,851,307,799,307
714,282,751,282,751,309,714,309
640,283,710,285,709,313,639,310
586,286,636,286,636,311,586,311
497,287,582,287,582,318,497,318
437,289,492,289,492,318,437,318
382,291,433,291,433,318,382,318
337,293,376,293,376,318,337,318
257,295,333,299,332,326,256,322
199,298,252,298,252,323,199,323
129,300,195,300,195,325,129,325
491,332,669,328,670,355,492,359
308,339,470,333,471,361,309,367
558,438,660,434,662,469,560,473
483,442,555,437,557,472,485,477
324,447,399,444,400,478,325,480
404,447,479,445,480,476,405,478
722,503,874,498,875,528,723,532
634,506,716,506,716,540,634,540
164,519,317,513,319,545,165,551
115,521,155,517,158,548,118,552
159,590,191,590,191,597,159,597
127,591,151,591,151,597,127,597
822,622,886,622,886,659,822,659
712,631,817,628,818,661,712,664
483,645,535,635,542,669,490,680
417,645,483,645,483,673,417,673
113,648,161,648,161,682,113,682
113,709,184,709,184,746,113,746
193,710,216,710,216,742,193,742
222,708,302,713,299,749,220,744
758,748,900,745,901,785,759,789
479,757,549,757,549,794,479,794
412,758,478,758,478,796,412,796
416,828,486,825,488,861,418,864
499,826,584,826,584,869,499,869
264,835,339,830,341,865,267,870
110,837,188,837,188,883,110,883
346,837,408,837,408,872,346,872
193,840,259,840,259,879,193,879
784,880,914,876,916,921,786,926
472,890,544,885,547,925,475,931
421,890,470,890,470,933,421,933
113,908,126,908,126,934,113,934
768,963,922,958,923,1001,769,1007
209,973,280,973,280,1014,209,1014
289,971,382,981,377,1024,284,1014
105,977,208,984,205,1027,103,1021
714,1087,774,1087,774,1128,714,1128
645,1089,712,1089,712,1133,645,1133
451,1093,561,1093,561,1126,451,1126
570,1093,641,1093,641,1130,570,1130
379,1105,447,1092,454,1127,386,1141
252,1096,328,1096,328,1132,252,1132
335,1103,380,1103,380,1130,335,1130
