267,162,400,173,398,196,265,186
407,176,479,181,478,201,405,196
238,196,284,202,282,221,235,215
286,202,322,203,321,221,285,219
325,204,369,208,367,225,324,221
373,207,410,209,409,228,372,226
414,209,452,209,452,228,414,228
454,211,504,215,503,230,453,226
92,216,127,219,126,235,90,232
226,266,294,268,293,300,225,298
300,274,367,276,366,303,299,301
374,274,436,276,435,305,374,303
444,278,526,278,526,306,444,306
104,301,148,301,148,322,104,322
155,302,217,312,213,334,151,323
250,310,280,310,280,330,250,330
309,313,356,313,356,332,309,332
396,316,443,318,442,336,395,334
448,318,481,318,481,340,448,340
508,318,577,319,577,338,507,337
580,320,622,320,622,340,580,340
92,334,276,342,275,363,91,355
280,344,321,344,321,362,280,362
326,345,364,345,364,364,326,364
366,348,456,348,456,368,366,368
459,351,507,347,509,367,461,371
512,350,526,350,526,366,512,366
531,346,587,352,585,373,529,367
590,352,620,352,620,370,590,370
232,372,244,372,244,385,232,385
292,372,337,374,337,389,291,387
408,376,458,379,457,400,407,397
454,378,497,378,497,397,454,397
558,381,608,381,608,404,558,404
605,382,645,382,645,402,605,402
81,405,259,405,259,429,81,429
264,406,338,411,337,435,262,430
341,411,414,416,412,438,340,432
417,414,433,414,433,436,417,436
437,412,481,419,477,441,434,435
484,416,514,416,514,437,484,437
290,446,338,446,338,465,290,465
422,450,460,450,460,476,422,476
457,450,500,450,500,472,457,472
577,454,612,454,612,480,577,480
608,454,650,454,650,477,608,477
68,487,134,493,131,522,66,516
136,494,174,494,174,518,136,518
67,523,133,529,131,559,64,554
135,528,201,532,199,559,133,555
569,532,622,537,619,563,567,558
614,536,658,536,658,560,614,560
209,565,254,565,254,590,209,590
66,566,122,566,122,592,66,592
126,566,206,566,206,592,126,592
360,572,413,572,413,596,360,596
570,573,661,576,661,604,570,601
113,633,165,633,165,658,113,658
193,633,378,633,378,658,193,658
73,634,110,634,110,660,73,660
106,679,205,666,210,700,111,713
70,676,106,676,106,706,70,706
212,676,248,676,248,702,212,702
253,675,337,680,335,706,252,701
636,718,665,718,665,741,636,741
61,720,129,720,129,746,61,746
137,726,201,726,201,746,137,746
637,760,668,760,668,784,637,784
604,762,628,762,628,788,604,788
133,764,192,764,192,793,133,793
58,765,128,765,128,792,58,792
196,765,257,765,257,790,196,790
134,809,193,809,193,837,134,837
196,810,258,810,258,836,196,836
57,811,131,814,130,842,56,838
590,844,667,842,668,868,590,870
143,849,241,855,239,884,141,878
240,853,293,851,293,877,241,879
297,847,351,858,345,885,292,875
106,853,138,853,138,881,106,881
57,854,104,854,104,881,57,881
488,903,660,893,662,920,489,929
417,906,484,906,484,937,417,937
168,912,413,907,413,935,169,940
78,913,113,913,113,940,78,940
118,913,165,913,165,940,118,940
416,950,465,950,465,976,416,976
342,953,410,953,410,982,342,982
292,956,338,956,338,980,292,980
496,978,570,975,571,999,497,1003
449,982,495,980,497,1006,450,1008
417,984,448,984,448,1006,417,1006
366,985,414,985,414,1012,366,1012
282,990,312,990,312,1012,282,1012
317,990,364,990,364,1010,317,1010
140,992,181,994,179,1015,139,1013
186,994,238,994,238,1014,186,1014
244,997,275,995,277,1013,245,1015
