316,326,412,326,412,344,316,344
416,326,472,326,472,344,416,344
296,354,329,354,329,373,296,373
329,354,356,354,356,370,329,370
421,354,448,354,448,369,421,369
450,354,488,354,488,369,450,369
356,356,388,356,388,369,356,369
392,356,417,356,417,370,392,370
205,380,222,380,222,392,205,392
389,410,434,410,434,436,389,436
438,410,500,410,500,434,438,434
289,412,334,412,334,437,289,437
340,416,386,416,386,436,340,436
536,441,568,441,568,457,536,457
210,442,240,442,240,458,210,458
440,442,465,442,465,462,440,462
482,442,533,442,533,457,482,457
242,442,284,448,282,463,240,458
343,445,377,443,378,458,344,460
404,444,436,444,436,458,404,458
306,445,326,445,326,461,306,461
202,467,315,469,314,485,202,482
478,468,500,468,500,482,478,482
389,467,427,471,426,487,388,483
429,469,476,469,476,485,429,485
317,470,348,470,348,484,317,484
350,469,387,471,386,487,350,485
548,492,580,492,580,509,548,509
429,493,444,493,444,509,429,509
442,493,473,493,473,509,442,509
525,493,549,493,549,509,525,509
333,494,362,494,362,506,333,506
201,520,323,520,323,537,201,537
326,521,365,521,365,537,326,537
368,521,437,521,437,537,368,537
468,521,514,521,514,537,468,537
517,521,541,521,541,537,517,537
440,522,464,522,464,537,440,537
293,546,302,546,302,558,293,558
332,545,364,545,364,558,332,558
429,546,444,546,444,562,429,562
442,546,473,546,473,562,442,562
526,546,550,546,550,562,526,562
549,546,580,546,580,561,549,561
196,572,313,572,313,589,196,589
350,574,370,574,370,593,350,593
373,574,428,574,428,590,373,590
429,576,453,576,453,590,429,590
457,576,504,576,504,590,457,590
508,576,532,576,532,592,508,592
314,577,346,577,346,589,314,589
330,598,362,598,362,612,330,612
429,600,445,600,445,617,429,617
442,600,473,600,473,617,442,617
537,601,553,601,553,617,537,617
550,601,582,601,582,616,550,616
193,628,312,628,312,645,193,645
348,628,369,628,369,645,348,645
313,629,345,629,345,644,313,644
370,629,418,629,418,644,370,644
421,629,444,629,444,646,421,646
192,652,220,652,220,670,192,670
223,651,265,655,263,674,221,670
264,654,286,654,286,672,264,672
432,656,446,656,446,672,432,672
445,656,476,656,476,673,445,673
189,680,218,680,218,697,189,697
220,680,256,680,256,696,220,696
329,681,361,681,361,694,329,694
429,682,445,682,445,700,429,700
444,682,474,682,474,700,444,700
530,684,557,684,557,704,530,704
553,685,586,685,586,702,553,702
184,711,228,717,226,738,181,732
226,717,252,717,252,733,226,733
301,720,322,720,322,734,301,734
183,737,227,742,224,763,180,758
227,741,269,744,267,763,225,760
534,746,562,746,562,766,534,766
558,748,592,748,592,765,558,765
181,773,225,777,223,799,179,795
225,777,256,777,256,796,225,796
536,784,562,784,562,804,536,804
560,785,594,785,594,802,560,802
180,802,217,802,217,821,180,821
218,804,273,804,273,821,218,821
274,804,306,804,306,821,274,821
380,806,417,806,417,825,380,825
536,812,566,815,563,835,534,832
560,814,594,814,594,833,560,833
196,844,220,844,220,864,196,864
254,842,413,844,413,865,254,863
221,845,253,845,253,864,221,864
414,848,461,848,461,870,414,870
464,849,591,853,590,873,463,869
333,876,364,876,364,894,333,894
365,878,412,878,412,900,365,900
413,880,448,880,448,898,413,898
233,898,261,898,261,917,233,917
262,900,298,900,298,917,262,917
325,901,346,901,346,918,325,918
348,901,381,901,381,920,348,920
301,904,322,904,322,916,301,916
382,904,414,904,414,922,382,922
416,904,437,904,437,920,416,920
471,904,523,902,524,918,472,920
438,905,470,905,470,922,438,922
