439,402,529,409,527,435,437,428
341,414,433,405,435,429,344,439
439,437,467,437,467,448,439,448
405,439,437,439,437,449,405,449
451,457,483,457,483,474,451,474
435,458,451,458,451,476,435,476
382,460,433,460,433,478,382,478
442,505,494,505,494,531,442,531
384,506,435,506,435,533,384,533
585,528,626,528,626,553,585,553
549,530,583,530,583,554,549,554
501,531,521,531,521,554,501,554
524,531,546,531,546,553,524,553
478,535,490,535,490,554,478,554
346,535,387,535,387,560,346,560
394,535,441,535,441,560,394,560
453,535,474,535,474,556,453,556
289,537,339,537,339,560,289,560
254,538,281,538,281,562,254,562
519,556,570,556,570,583,519,583
458,558,510,558,510,585,458,585
410,560,451,560,451,586,410,586
304,563,341,563,341,588,304,588
353,563,398,563,398,585,353,585
343,567,350,567,350,583,343,583
449,615,519,615,519,642,449,642
352,617,448,617,448,643,352,643
631,642,668,642,668,666,631,666
482,643,510,643,510,672,482,672
519,643,572,643,572,670,519,670
579,643,620,643,620,668,579,668
350,645,385,645,385,672,350,672
421,645,482,645,482,670,421,670
298,647,346,647,346,674,298,674
204,649,279,649,279,674,204,674
469,672,535,672,535,699,469,699
542,672,572,672,572,699,542,699
298,674,425,674,425,702,298,702
432,674,471,674,471,699,432,699
626,731,679,731,679,757,626,757
512,731,554,734,552,762,510,759
190,736,243,736,243,763,190,763
250,736,304,736,304,763,250,763
634,795,672,795,672,821,634,821
252,796,293,796,293,825,252,825
302,796,359,796,359,823,302,823
391,796,416,796,416,823,391,823
674,796,690,796,690,818,674,818
174,798,243,798,243,825,174,825
377,859,442,859,442,887,377,887
636,859,675,859,675,887,636,887
325,860,368,860,368,887,325,887
675,860,691,860,691,885,675,885
442,864,451,864,451,880,442,880
193,891,343,891,343,921,193,921
534,887,603,892,600,923,532,919
613,892,693,892,693,919,613,919
158,923,216,923,216,951,158,951
626,926,675,926,675,955,626,955
677,926,693,926,693,951,677,951
153,955,239,959,238,986,151,982
626,960,677,960,677,990,626,990
679,962,693,962,693,987,679,987
300,991,371,996,369,1025,298,1020
380,990,425,990,425,1022,380,1022
437,994,505,994,505,1022,437,1022
517,992,549,992,549,1022,517,1022
274,1060,362,1064,360,1094,272,1090
371,1065,416,1065,416,1093,371,1093
482,1063,554,1063,554,1095,482,1095
426,1070,471,1070,471,1095,426,1095
266,1097,309,1097,309,1127,266,1127
320,1097,366,1097,366,1129,320,1129
378,1100,478,1100,478,1131,378,1131
489,1099,574,1099,574,1132,489,1132
198,1132,246,1135,244,1165,196,1162
254,1132,329,1132,329,1165,254,1165
397,1137,442,1140,440,1169,395,1166
453,1138,499,1138,499,1168,453,1168
508,1138,551,1138,551,1170,508,1170
563,1138,640,1138,640,1170,563,1170
339,1141,385,1141,385,1166,339,1166
136,1168,179,1168,179,1198,136,1198
197,1169,257,1176,253,1205,194,1198
395,1170,471,1175,469,1208,393,1203
478,1173,526,1173,526,1207,478,1207
267,1175,328,1179,326,1206,265,1203
539,1177,614,1179,613,1209,538,1207
337,1179,384,1179,384,1205,337,1205
622,1184,696,1178,699,1209,625,1216
314,1209,434,1211,433,1244,314,1242
444,1213,515,1213,515,1245,444,1245
279,1246,530,1246,530,1284,279,1284
160,1261,273,1261,273,1285,160,1285
160,1280,423,1284,423,1321,159,1317
432,1287,510,1287,510,1321,432,1321
565,1293,652,1293,652,1325,565,1325
522,1296,554,1296,554,1323,522,1323
