464,136,485,136,485,156,464,156
521,136,541,136,541,154,521,154
356,137,382,137,382,154,356,154
381,137,409,137,409,156,381,156
484,135,524,138,522,158,482,154
408,138,426,138,426,156,408,156
426,138,441,138,441,154,426,154
441,140,465,140,465,160,441,160
454,160,473,160,473,177,454,177
473,160,488,160,488,176,473,176
490,161,497,161,497,176,490,176
498,160,522,160,522,177,498,177
524,161,532,161,532,176,524,176
364,161,382,161,382,177,364,177
381,161,401,161,401,178,381,178
400,162,421,162,421,177,400,177
422,162,454,162,454,181,422,181
213,170,328,174,327,203,212,199
476,182,503,184,502,203,474,201
504,184,512,184,512,198,504,198
514,182,536,182,536,200,514,200
362,185,373,185,373,200,362,200
373,184,401,184,401,201,373,201
401,184,429,184,429,202,401,202
429,184,449,184,449,201,429,201
449,184,476,184,476,201,449,201
390,205,413,205,413,224,390,224
413,205,469,205,469,224,413,224
468,205,502,205,502,224,468,224
321,245,349,245,349,260,321,260
356,245,377,245,377,262,356,262
381,245,410,245,410,262,381,262
416,245,453,245,453,262,416,262
209,261,246,261,246,280,209,280
252,262,289,262,289,281,252,281
286,264,376,266,375,285,286,282
492,266,529,266,529,284,492,284
526,266,562,266,562,281,526,281
381,268,408,268,408,282,381,282
406,268,424,268,424,282,406,282
474,268,493,268,493,282,474,282
208,281,246,281,246,301,208,301
245,285,278,285,278,300,245,300
499,288,574,286,574,304,500,306
458,289,502,289,502,305,458,305
208,325,236,325,236,342,208,342
243,323,283,329,280,348,240,342
528,328,565,328,565,346,528,346
386,330,416,328,418,347,388,350
362,330,384,330,384,348,362,348
449,332,466,332,466,346,449,346
509,332,528,332,528,346,509,346
206,346,237,346,237,364,206,364
242,348,270,348,270,365,242,365
276,349,313,349,313,368,276,368
320,347,366,350,365,371,318,367
370,352,408,352,408,369,370,369
413,353,442,353,442,370,413,370
206,366,323,372,322,390,205,384
364,373,392,373,392,390,364,390
396,373,425,373,425,390,396,390
509,373,537,373,537,389,509,389
544,373,572,373,572,388,544,388
206,388,263,390,262,408,206,406
268,392,286,392,286,409,268,409
293,392,321,392,321,410,293,410
345,393,365,393,365,410,345,410
328,394,338,394,338,409,328,409
386,394,450,394,450,412,386,412
373,397,378,397,378,408,373,408
456,396,493,396,493,413,456,413
205,409,321,414,321,432,204,427
362,416,390,416,390,433,362,433
394,416,424,416,424,433,394,433
509,417,542,417,542,432,509,432
542,417,572,417,572,432,542,432
205,431,262,434,261,451,204,449
266,434,304,434,304,452,266,452
344,436,362,436,362,454,344,454
420,436,449,436,449,456,420,456
309,437,338,437,338,454,309,454
386,437,412,437,412,453,386,453
456,437,500,437,500,456,456,456
500,437,536,437,536,454,500,454
369,438,386,438,386,453,369,453
204,452,321,456,321,474,203,470
369,458,422,458,422,473,369,473
516,460,536,460,536,474,516,474
542,460,572,460,572,476,542,476
204,493,243,495,242,515,203,513
249,496,286,496,286,516,249,516
292,497,329,497,329,516,292,516
353,498,389,498,389,517,353,517
336,500,352,500,352,514,336,514
542,502,573,502,573,520,542,520
508,504,537,504,537,518,508,518
204,516,242,516,242,536,204,536
248,517,286,517,286,537,248,537
292,520,301,520,301,536,292,536
309,518,346,518,346,537,309,537
552,526,562,526,562,538,552,538
202,538,241,538,241,557,202,557
248,540,296,540,296,558,248,558
300,540,328,540,328,558,300,558
506,546,537,546,537,562,506,562
542,546,573,546,573,564,542,564
210,560,249,560,249,580,210,580
254,562,282,562,282,578,254,578
506,568,537,568,537,585,506,585
542,569,572,569,572,585,542,585
210,585,257,585,257,601,210,601
525,590,542,590,542,605,525,605
542,590,572,590,572,608,542,608
200,604,240,604,240,624,200,624
245,604,274,604,274,624,245,624
280,606,310,606,310,624,280,624
508,612,537,612,537,628,508,628
542,613,573,613,573,629,542,629
313,626,334,626,334,645,313,645
270,628,308,628,308,646,270,646
374,628,404,628,404,649,374,649
340,629,369,629,369,646,340,646
410,629,448,629,448,648,410,648
453,632,498,632,498,650,453,650
224,670,253,670,253,690,224,690
260,670,308,670,308,690,260,690
312,670,351,673,350,692,311,689
198,673,218,673,218,690,198,690
428,675,544,678,543,694,427,691
545,681,552,681,552,694,545,694
552,680,573,680,573,697,552,697
197,694,226,694,226,713,197,713
232,694,280,694,280,713,232,713
294,693,367,695,366,714,294,711
373,693,420,695,419,715,372,713
278,696,294,696,294,710,278,710
544,702,562,702,562,717,544,717
196,717,217,717,217,736,196,736
268,717,314,717,314,736,268,736
222,718,262,718,262,736,222,736
417,718,571,724,570,743,416,737
257,784,286,784,286,802,257,802
292,784,330,784,330,802,292,802
372,784,402,784,402,804,372,804
337,786,366,786,366,804,337,804
408,787,455,790,454,807,407,803
461,789,500,789,500,809,461,809
230,808,294,808,294,825,230,825
301,808,338,808,338,825,301,825
194,809,222,809,222,826,194,826
345,809,366,809,366,826,345,826
373,809,429,810,429,828,372,826
452,810,492,810,492,829,452,829
433,812,452,812,452,826,433,826
496,814,534,814,534,829,496,829
541,816,572,816,572,834,541,834
238,850,268,850,268,870,238,870
273,852,294,852,294,869,273,869
301,852,330,852,330,870,301,870
336,852,385,852,385,870,336,870
390,853,410,853,410,872,390,872
452,854,482,854,482,873,452,873
416,856,446,856,446,873,416,873
488,857,518,857,518,874,488,874
190,876,229,876,229,894,190,894
229,876,264,876,264,892,229,892
272,876,374,876,374,893,272,893
380,877,426,877,426,894,380,894
424,878,452,878,452,893,424,893
460,877,532,880,531,897,459,894
532,882,562,882,562,900,532,900
