470,333,508,333,508,360,470,360
371,335,408,335,408,360,371,360
408,335,446,335,446,360,408,360
446,335,470,335,470,360,446,360
508,335,541,335,541,360,508,360
321,363,346,363,346,391,321,391
346,366,368,366,368,391,346,391
368,364,427,371,424,397,366,391
426,366,463,366,463,393,426,393
560,366,593,366,593,396,560,396
463,366,498,366,498,393,463,393
505,370,516,370,516,390,505,390
521,368,560,368,560,393,521,393
116,388,281,388,281,430,116,430
346,398,371,398,371,423,346,423
371,400,410,400,410,425,371,425
410,399,448,401,446,427,408,424
450,401,460,401,460,423,450,423
467,400,522,406,519,431,464,424
518,401,560,401,560,425,518,425
380,433,411,433,411,456,380,456
411,433,535,433,535,458,411,458
113,490,166,490,166,515,113,515
175,490,243,490,243,515,175,515
240,490,305,490,305,515,240,515
451,491,501,491,501,515,451,515
511,491,576,491,576,518,511,518
601,491,640,491,640,515,601,515
166,495,176,495,176,511,166,511
575,493,603,493,603,515,575,515
350,520,405,520,405,545,350,545
290,521,341,521,341,545,290,545
413,523,466,523,466,545,413,545
111,550,166,550,166,576,111,576
175,553,213,553,213,573,175,573
536,553,641,553,641,576,536,576
476,555,540,555,540,576,476,576
166,558,175,558,175,573,166,573
113,581,151,581,151,605,113,605
200,583,305,583,305,606,200,606
163,585,201,585,201,606,163,606
111,610,138,610,138,635,111,635
150,615,178,615,178,636,150,636
186,615,291,615,291,638,186,638
