296,230,317,230,317,245,296,245
316,230,340,230,340,245,316,245
338,230,384,230,384,245,338,245
382,230,405,230,405,245,382,245
405,230,424,230,424,245,405,245
309,248,354,248,354,262,309,262
353,248,386,251,385,267,352,264
385,249,408,249,408,262,385,262
406,249,425,249,425,262,406,262
294,250,309,250,309,264,294,264
322,266,344,266,344,282,322,282
176,268,265,268,265,293,176,293
344,268,362,268,362,282,344,282
364,267,395,269,394,284,363,282
394,268,416,268,416,281,394,281
305,269,320,269,320,282,305,282
317,285,377,285,377,300,317,300
377,285,404,285,404,300,377,300
310,318,333,318,333,332,310,332
336,318,368,318,368,332,336,332
261,320,285,320,285,333,261,333
289,320,305,320,305,333,289,333
398,334,455,332,456,347,398,348
310,336,332,336,332,348,310,348
330,336,345,336,345,348,330,348
384,336,400,336,400,348,384,348
236,337,270,337,270,352,236,352
269,338,277,338,277,350,269,350
276,337,305,337,305,350,276,350
206,338,236,338,236,352,206,352
173,340,202,340,202,353,173,353
441,349,464,349,464,364,441,364
406,350,442,350,442,365,406,365
372,352,408,352,408,365,372,365
173,354,202,354,202,369,173,369
201,355,229,353,230,367,202,369
414,382,458,382,458,397,414,397
317,385,340,385,340,401,317,401
297,386,313,386,313,400,297,400
366,386,380,386,380,398,366,398
200,387,232,389,231,403,199,401
173,389,196,389,196,402,173,402
332,401,397,401,397,416,332,416
413,401,429,401,429,416,413,416
428,401,452,401,452,414,428,414
304,402,328,402,328,416,304,416
402,404,410,404,410,414,402,414
282,404,298,404,298,417,282,417
174,405,189,405,189,418,174,418
193,405,222,405,222,420,193,420
227,406,258,404,259,417,228,419
262,405,278,405,278,417,262,417
173,422,190,422,190,436,173,436
422,434,465,434,465,448,422,448
173,438,265,437,265,451,173,452
304,437,321,437,321,450,304,450
320,437,348,437,348,449,320,449
242,469,273,469,273,484,242,484
292,469,322,469,322,484,292,484
424,469,440,469,440,481,424,481
438,469,466,469,466,481,438,481
174,470,204,470,204,485,174,485
209,470,238,470,238,485,209,485
280,473,293,473,293,484,280,484
257,486,288,486,288,501,257,501
174,488,205,488,205,502,174,502
209,488,238,488,238,502,209,502
244,489,252,489,252,501,244,501
425,502,441,502,441,516,425,516
441,502,469,502,469,516,441,516
174,504,204,504,204,520,174,520
208,504,246,504,246,518,208,518
250,504,273,504,273,518,250,518
425,520,441,520,441,533,425,533
441,520,469,520,469,533,441,533
181,521,212,521,212,536,181,536
216,522,238,522,238,536,216,536
174,538,205,538,205,556,174,556
209,538,232,538,232,553,209,553
237,540,261,540,261,553,237,553
265,554,281,554,281,569,265,569
313,554,337,554,337,570,313,570
342,554,373,554,373,569,342,569
377,554,413,554,413,568,377,568
230,556,260,556,260,570,230,570
285,556,309,556,309,569,285,569
410,590,450,590,450,601,410,601
194,590,218,590,218,605,194,605
222,590,261,590,261,605,222,605
265,589,296,591,295,605,264,603
360,592,394,592,394,604,360,604
174,592,190,592,190,606,174,606
314,606,352,606,352,621,314,621
250,608,309,606,309,621,250,623
174,609,197,609,197,624,174,624
202,609,238,609,238,624,202,624
240,612,246,612,246,621,240,621
350,624,474,624,474,638,350,638
252,625,268,625,268,640,252,640
174,626,192,626,192,642,174,642
230,626,253,626,253,640,230,640
194,628,225,628,225,641,194,641
316,677,341,677,341,693,316,693
222,680,246,678,247,693,224,695
252,678,282,678,282,693,252,693
288,678,312,678,312,693,288,693
345,678,384,680,383,693,344,691
388,678,420,678,420,693,388,693
381,696,413,696,413,710,381,710
453,696,477,696,477,710,453,710
318,698,362,696,363,711,318,712
366,697,382,697,382,710,366,710
417,697,449,697,449,709,417,709
202,698,254,698,254,713,202,713
258,698,289,698,289,712,258,712
294,698,312,698,312,712,294,712
174,700,197,700,197,713,174,713
289,732,329,732,329,748,289,748
382,732,406,732,406,746,382,746
261,733,284,733,284,748,261,748
332,733,349,733,349,746,332,746
353,733,378,733,378,748,353,748
412,733,436,733,436,746,412,746
210,734,234,734,234,749,210,749
238,734,257,734,257,750,238,750
398,752,449,750,449,764,398,766
238,752,320,752,320,766,238,766
325,752,356,752,356,765,325,765
354,752,384,752,384,765,354,765
390,753,400,753,400,765,390,765
448,752,472,752,472,764,448,764
173,754,197,754,197,768,173,768
197,756,204,756,204,768,197,768
202,754,232,754,232,768,202,768
