254,481,352,481,352,500,254,500
357,481,413,481,413,500,357,500
268,510,296,510,296,528,268,528
361,510,389,510,389,526,361,526
392,510,428,510,428,525,392,525
232,509,267,513,265,529,230,524
297,512,328,512,328,526,297,526
332,512,360,512,360,528,332,528
126,536,154,536,154,550,126,550
225,572,273,572,273,597,225,597
330,572,376,572,376,597,330,597
380,572,441,572,441,597,380,597
277,574,326,574,326,597,277,597
142,606,174,606,174,625,142,625
284,606,318,606,318,624,284,624
345,606,378,606,378,622,345,622
381,606,408,606,408,626,381,626
424,606,476,606,476,624,424,624
476,606,509,606,509,624,476,624
176,606,221,610,219,628,174,624
244,608,266,608,266,624,244,624
438,632,464,632,464,650,438,650
164,634,253,632,253,650,165,653
254,633,296,633,296,650,254,650
318,633,348,633,348,649,318,649
349,633,378,633,378,649,349,649
381,633,401,633,401,649,381,649
401,633,436,633,436,650,401,650
466,633,489,633,489,650,466,650
134,634,165,634,165,652,134,652
298,634,317,634,317,649,298,649
385,657,416,657,416,674,385,674
133,658,162,658,162,677,133,677
164,657,207,659,206,679,163,677
372,658,384,658,384,674,372,674
206,660,232,660,232,678,206,678
370,684,414,684,414,702,370,702
272,685,302,685,302,698,272,698
476,685,492,685,492,704,476,704
489,685,522,685,522,704,489,704
132,686,161,686,161,704,132,704
162,686,198,686,198,702,162,702
125,720,170,722,169,743,124,741
169,722,194,722,194,738,169,738
256,726,262,726,262,738,256,738
480,745,496,745,496,762,480,762
492,744,526,744,526,769,492,769
124,744,169,748,167,770,122,766
169,747,212,749,211,768,168,766
481,781,496,781,496,798,481,798
494,781,526,781,526,800,494,800
124,780,168,784,166,806,122,802
166,782,200,782,200,802,166,802
217,806,249,806,249,825,217,825
328,806,365,806,365,825,328,825
162,808,216,808,216,826,162,826
122,809,160,809,160,828,122,828
481,809,497,809,497,826,481,826
494,810,528,810,528,828,494,828
357,842,401,842,401,865,357,865
198,846,355,843,356,863,198,867
402,842,523,846,522,866,402,862
140,848,164,848,164,868,140,868
165,848,197,848,197,866,165,866
356,873,389,873,389,893,356,893
309,874,354,874,354,897,309,897
277,876,308,876,308,894,277,894
207,898,242,896,243,913,208,915
357,897,380,897,380,916,357,916
412,897,462,897,462,916,412,916
292,898,322,898,322,914,292,914
325,898,357,898,357,918,325,918
381,898,410,898,410,917,381,917
178,900,205,900,205,914,178,914
269,900,289,900,289,914,269,914
245,901,266,901,266,914,245,914
