469,170,501,170,501,192,469,192
502,170,542,170,542,192,502,192
350,172,380,172,380,192,350,192
378,170,410,170,410,193,378,193
410,172,429,172,429,193,410,193
429,173,437,173,437,189,429,189
441,172,469,172,469,192,441,192
400,200,408,200,408,217,400,217
412,198,438,198,438,218,412,218
438,198,472,198,472,218,438,218
472,198,501,198,501,218,472,218
501,200,510,200,510,217,501,217
380,200,400,200,400,220,380,220
185,216,312,216,312,250,185,250
365,224,396,224,396,245,365,245
509,225,541,223,542,243,510,245
353,226,361,226,361,240,353,240
396,225,426,225,426,245,396,245
429,225,448,225,448,244,429,244
481,225,510,225,510,246,481,246
450,226,481,226,481,245,450,245
385,252,468,252,468,272,385,272
468,252,505,252,505,272,468,272
306,297,338,297,338,316,306,316
373,297,404,297,404,317,373,317
344,298,366,298,366,316,344,316
410,298,452,298,452,317,410,317
184,318,224,318,224,340,184,340
230,318,270,318,270,338,230,338
270,320,365,320,365,340,270,340
474,322,574,322,574,341,474,341
373,324,401,324,401,338,373,338
401,324,420,324,420,338,401,338
184,342,224,342,224,364,184,364
230,345,261,345,261,362,230,362
225,348,232,348,232,361,225,361
502,346,584,346,584,365,502,365
456,348,505,348,505,365,456,365
184,389,214,389,214,409,184,409
222,391,264,393,263,411,221,409
530,392,574,392,574,412,530,412
379,395,411,392,413,411,380,414
353,394,376,394,376,410,353,410
446,396,466,396,466,412,446,412
513,396,532,396,532,412,513,412
184,413,214,413,214,432,184,432
222,414,244,414,244,432,222,432
380,413,430,417,429,437,378,434
252,416,326,416,326,433,252,433
325,416,346,416,346,434,325,434
464,416,513,416,513,437,464,437
352,417,373,417,373,434,352,434
436,418,457,418,457,436,436,436
513,418,552,418,552,436,513,436
184,437,308,437,308,456,184,456
362,441,418,441,418,457,362,457
549,441,581,441,581,460,549,460
520,442,541,442,541,458,520,458
184,461,234,461,234,478,184,478
241,462,281,462,281,478,241,478
324,462,364,462,364,481,324,481
425,462,457,462,457,482,425,482
288,464,318,464,318,481,288,481
389,464,417,464,417,481,389,481
370,465,382,465,382,481,370,481
464,465,504,465,504,484,464,484
184,484,253,484,253,501,184,501
250,484,309,484,309,502,250,502
361,486,384,486,384,504,361,504
389,486,420,486,420,504,389,504
520,488,542,488,542,505,520,505
549,488,581,488,581,506,549,506
185,528,225,528,225,548,185,548
232,528,272,528,272,548,232,548
278,529,318,529,318,548,278,548
344,530,382,530,382,549,344,549
325,532,344,532,344,548,325,548
520,536,548,536,548,552,520,552
548,536,580,536,580,553,548,553
185,550,225,550,225,572,185,572
232,552,272,552,272,572,232,572
277,552,289,552,289,570,277,570
297,552,337,552,337,572,297,572
557,561,568,561,568,574,557,574
185,574,225,574,225,594,185,594
288,574,317,574,317,594,288,594
232,576,282,576,282,594,232,594
518,582,541,582,541,598,518,598
546,581,580,584,579,602,545,599
194,598,234,598,234,617,194,617
241,600,272,600,272,617,241,617
510,605,541,605,541,622,510,622
546,606,578,606,578,624,546,624
185,620,225,620,225,640,185,640
232,620,261,620,261,640,232,640
268,624,298,624,298,641,268,641
517,629,540,629,540,644,517,644
546,629,578,629,578,646,546,646
258,644,297,644,297,664,258,664
304,644,325,644,325,664,304,664
368,645,400,645,400,665,368,665
332,646,362,646,362,664,332,664
406,646,445,646,445,665,406,665
452,647,500,649,499,668,451,666
249,712,278,712,278,732,249,732
285,713,325,713,325,732,285,732
368,713,400,713,400,732,368,732
330,714,361,714,361,732,330,732
405,714,456,720,454,738,403,733
460,718,501,718,501,738,460,738
184,737,213,737,213,754,184,754
222,737,288,737,288,756,222,756
293,738,330,738,330,753,293,753
340,738,361,738,361,756,340,756
369,738,427,740,426,758,368,756
432,741,450,741,450,756,432,756
450,741,492,741,492,760,450,760
497,744,539,746,538,763,496,761
545,745,577,748,575,767,544,765
230,780,261,780,261,800,230,800
266,781,289,781,289,800,266,800
294,782,324,782,324,801,294,801
330,781,381,783,381,803,330,801
386,784,406,784,406,802,386,802
413,786,445,786,445,805,413,805
450,786,482,786,482,805,450,805
488,789,520,789,520,808,488,808
184,804,221,804,221,820,184,820
222,805,249,805,249,820,222,820
265,804,370,806,370,825,265,823
250,809,257,809,257,820,250,820
376,808,424,808,424,825,376,825
422,809,442,809,442,825,422,825
460,809,528,813,527,832,459,828
444,814,448,814,448,824,444,824
534,816,566,816,566,833,534,833
