260,241,286,241,286,260,260,260
288,241,318,241,318,261,288,261
316,241,341,241,341,261,316,261
340,241,378,241,378,260,340,260
378,241,406,241,406,260,378,260
363,265,391,265,391,285,363,285
391,265,431,265,431,285,391,285
236,266,255,266,255,285,236,285
255,266,278,266,278,285,255,285
278,266,316,266,316,285,278,285
316,266,350,266,350,285,316,285
350,268,360,268,360,283,350,283
81,286,205,286,205,318,81,318
260,290,280,290,280,308,260,308
281,290,311,290,311,308,281,308
311,290,336,290,336,308,311,308
340,289,379,291,378,310,338,308
378,291,408,291,408,308,378,308
355,313,393,313,393,333,355,333
276,315,301,315,301,335,276,335
300,315,358,315,358,335,300,335
311,356,353,356,353,375,311,375
200,358,231,358,231,376,200,376
238,358,270,358,270,375,238,375
275,358,306,358,306,375,275,375
366,378,390,378,390,396,366,396
388,380,425,380,425,396,388,396
423,380,471,380,471,396,423,396
125,381,158,381,158,400,125,400
163,381,211,381,211,400,163,400
211,381,260,381,260,400,211,400
266,381,315,381,315,398,266,398
80,383,118,383,118,401,80,401
158,386,163,386,163,396,158,396
395,401,426,401,426,420,395,420
425,401,473,401,473,418,425,418
350,403,398,403,398,420,350,420
80,405,118,405,118,423,80,423
118,405,148,405,148,421,118,421
148,408,153,408,153,418,148,418
415,443,476,443,476,463,415,463
248,446,280,446,280,466,248,466
283,450,315,445,319,464,286,470
351,448,370,448,370,465,351,465
80,450,110,450,110,468,80,468
116,449,159,451,158,468,115,466
370,471,408,469,409,486,371,488
126,470,169,472,168,492,125,489
211,471,270,471,270,490,211,490
278,471,306,471,306,488,278,488
313,471,355,471,355,490,313,490
80,473,121,473,121,490,80,490
173,473,205,473,205,490,173,490
363,475,371,475,371,486,363,486
428,493,446,493,446,508,428,508
445,491,476,491,476,508,445,508
270,496,281,496,281,511,270,511
286,495,318,495,318,511,286,511
80,496,156,496,156,513,80,513
156,496,205,496,205,513,156,513
445,538,477,535,479,553,447,555
175,538,216,538,216,558,175,558
241,538,281,538,281,556,241,556
428,538,448,538,448,555,428,555
81,540,123,540,123,561,81,561
128,540,170,540,170,558,128,558
223,541,236,541,236,556,223,556
205,561,245,561,245,581,205,581
81,563,123,563,123,585,81,585
128,563,170,563,170,581,128,581
175,563,198,563,198,583,175,583
448,581,480,581,480,600,448,600
430,583,443,583,443,600,430,600
186,585,218,585,218,606,186,606
81,586,123,586,123,608,81,608
128,586,180,586,180,605,128,605
421,606,443,606,443,625,421,625
450,606,480,606,480,623,450,623
91,610,131,610,131,630,91,630
138,611,170,611,170,630,138,630
423,630,445,630,445,646,423,646
450,630,483,630,483,646,450,646
130,631,160,631,160,651,130,651
81,633,123,633,123,655,81,655
166,635,200,635,200,651,166,651
310,653,350,653,350,671,310,671
205,655,228,655,228,676,205,676
270,655,303,655,303,675,270,675
356,655,405,655,405,671,356,671
233,656,265,656,265,673,233,673
158,658,198,658,198,676,158,676
271,721,305,721,305,741,271,741
368,721,410,721,410,740,368,740
310,722,362,725,361,742,309,739
150,725,181,725,181,746,150,746
186,725,226,725,226,745,186,745
233,725,265,725,265,743,233,743
458,741,490,741,490,761,458,761
407,745,451,742,452,760,408,762
360,745,401,745,401,763,360,763
272,748,333,746,333,763,273,765
338,746,361,746,361,763,338,763
195,750,235,750,235,768,195,768
243,750,265,750,265,766,243,766
121,751,190,751,190,770,121,770
83,755,113,755,113,771,83,771
361,791,396,791,396,813,361,813
401,791,435,791,435,811,401,811
233,793,286,793,286,813,233,813
293,795,315,795,315,813,293,813
321,795,355,795,355,813,321,813
165,796,190,796,190,818,165,818
195,796,226,796,226,815,195,815
128,798,161,798,161,820,128,820
371,818,453,816,453,834,371,837
453,818,486,818,486,835,453,835
162,822,274,818,275,838,163,842
283,820,325,820,325,838,283,838
323,820,363,820,363,838,323,838
76,825,116,825,116,843,76,843
116,825,148,825,148,841,116,841
148,828,155,828,155,840,148,840
