341,150,373,150,373,170,341,170
372,150,406,150,406,172,372,172
406,151,477,153,477,175,406,172
477,153,510,153,510,174,477,174
511,153,541,156,539,176,509,174
338,180,358,180,358,200,338,200
360,179,428,181,427,202,359,201
429,181,480,187,478,209,427,203
480,182,512,182,512,204,480,204
512,184,541,184,541,204,512,204
142,191,287,194,286,232,142,229
353,209,373,209,373,230,353,230
378,210,410,210,410,232,378,232
412,210,441,210,441,233,412,233
444,210,491,215,489,238,442,232
490,213,524,213,524,233,490,233
369,237,464,237,464,261,369,261
462,240,504,240,504,262,462,262
280,286,314,286,314,308,280,308
322,289,348,289,348,309,322,309
356,289,390,289,390,310,356,310
398,292,444,292,444,312,398,312
137,308,182,308,182,330,137,330
192,310,236,310,236,332,192,332
236,313,292,313,292,334,236,334
290,314,346,314,346,336,290,336
354,318,409,318,409,337,354,337
472,321,494,321,494,340,472,340
493,321,582,321,582,340,493,340
136,334,192,334,192,358,136,358
190,338,224,338,224,357,190,357
450,346,593,346,593,366,450,366
134,389,169,389,169,410,134,410
179,388,227,392,225,415,177,411
330,397,356,397,356,417,330,417
360,400,396,396,399,416,363,421
438,400,461,400,461,418,438,418
514,400,582,400,582,421,514,421
134,417,169,417,169,437,134,437
178,414,237,419,235,443,176,438
277,420,343,424,342,445,276,441
244,422,265,422,265,441,244,441
352,425,384,425,384,444,352,444
382,425,450,425,450,446,382,446
480,428,537,428,537,449,480,449
458,429,470,429,470,445,458,445
546,429,570,429,570,448,546,448
132,444,277,448,277,469,131,464
341,452,365,452,365,470,341,470
372,452,406,452,406,472,372,472
524,456,556,456,556,474,524,474
554,456,590,456,590,476,554,476
130,494,178,494,178,518,130,518
188,497,234,497,234,520,188,520
242,498,289,498,289,521,242,521
318,501,364,501,364,524,318,524
297,504,318,504,318,521,297,521
522,510,556,510,556,529,522,529
554,510,590,510,590,529,554,529
130,521,178,521,178,546,130,546
188,525,233,525,233,546,188,546
241,526,253,526,253,545,241,545
264,526,309,526,309,549,264,549
565,538,577,538,577,553,565,553
129,549,177,549,177,573,129,573
185,552,244,552,244,574,185,574
253,553,285,553,285,574,253,574
522,564,554,564,554,582,522,582
553,564,589,564,589,584,553,584
140,578,188,578,188,600,140,600
196,581,220,581,220,601,196,601
218,582,230,582,230,600,218,600
521,590,545,590,545,609,521,609
544,590,588,590,588,610,544,610
128,605,176,605,176,628,128,628
184,605,218,605,218,628,184,628
228,610,264,610,264,630,228,630
215,636,261,634,261,655,216,657
268,633,293,633,293,657,268,657
345,637,381,637,381,660,345,660
302,638,337,638,337,657,302,657
389,638,434,638,434,660,389,660
442,640,499,642,498,663,442,661
202,716,236,716,236,738,202,738
245,717,292,717,292,738,245,738
300,718,334,718,334,740,300,740
344,718,380,718,380,740,344,740
387,720,446,725,444,746,385,741
452,724,498,724,498,746,452,746
125,744,158,744,158,764,125,764
169,743,247,746,246,767,168,764
254,746,300,746,300,766,254,766
310,748,334,748,334,768,310,768
344,747,411,749,410,770,343,768
418,750,441,750,441,770,418,770
441,750,488,750,488,772,441,772
494,754,541,754,541,773,494,773
551,754,587,759,584,778,548,774
178,797,213,797,213,818,178,818
220,797,246,797,246,820,220,820
254,798,289,798,289,821,254,821
298,798,356,800,355,823,298,821
364,801,388,801,388,824,364,824
440,804,476,804,476,825,440,825
396,805,432,805,432,826,396,826
484,808,520,808,520,828,484,828
166,824,210,824,210,845,166,845
122,825,168,825,168,844,122,844
220,826,344,830,343,849,219,846
352,830,397,830,397,850,352,850
397,833,405,833,405,849,397,849
406,832,438,832,438,852,406,852
449,834,529,836,529,855,448,853
536,838,573,838,573,856,536,856
