425,157,446,157,446,177,425,177
310,158,338,158,338,177,310,177
337,158,365,158,365,177,337,177
365,160,385,160,385,177,365,177
384,160,401,160,401,177,384,177
400,160,428,160,428,177,400,177
446,160,473,160,473,177,446,177
496,161,504,161,504,176,496,176
472,161,494,161,494,176,472,176
320,182,338,182,338,200,320,200
337,182,361,182,361,200,337,200
361,182,394,182,394,201,361,201
418,185,425,185,425,200,418,200
430,185,438,185,438,200,430,200
442,184,470,184,470,201,442,201
470,184,496,184,496,200,470,200
394,186,416,186,416,200,394,200
164,191,284,195,283,226,163,222
330,206,349,206,349,224,330,224
350,206,378,206,378,224,350,224
378,206,404,206,404,225,378,225
406,208,414,208,414,222,406,222
418,205,458,209,456,228,416,224
457,206,484,206,484,225,457,225
350,229,374,229,374,248,350,248
373,229,428,229,428,248,373,248
425,229,462,229,462,248,425,248
277,269,308,269,308,286,277,286
313,269,334,269,334,286,313,286
340,270,370,270,370,288,340,288
374,270,413,270,413,286,374,286
160,285,200,285,200,305,160,305
205,288,242,288,242,305,205,305
242,289,289,289,289,308,242,308
286,290,333,290,333,308,286,308
340,293,358,293,358,308,340,308
358,293,385,293,385,308,358,308
436,293,526,293,526,310,436,310
160,308,198,308,198,326,160,326
205,310,234,310,234,326,205,326
198,313,204,313,204,324,198,324
455,314,537,314,537,332,455,332
418,316,457,316,457,330,418,330
158,350,188,350,188,369,158,369
195,351,236,355,234,374,193,370
321,357,342,357,342,374,321,374
346,358,377,356,378,374,348,376
472,357,529,357,529,376,472,376
410,360,428,360,428,374,410,374
158,373,180,373,180,390,158,390
178,373,235,375,234,394,178,393
240,374,277,374,277,394,240,394
285,376,325,380,323,398,284,394
157,394,279,400,278,418,156,413
330,402,356,402,356,417,330,417
356,402,385,402,385,418,356,418
480,402,508,402,508,418,480,418
506,402,537,402,537,420,506,420
428,405,437,405,437,418,428,418
157,418,178,418,178,436,157,436
177,417,234,420,233,440,176,437
240,420,277,420,277,438,240,438
286,422,314,422,314,441,286,441
156,440,279,443,278,461,155,458
329,445,356,445,356,461,329,461
354,446,384,446,384,461,354,461
480,446,500,446,500,462,480,462
506,446,536,446,536,461,506,461
156,482,196,482,196,502,156,502
202,484,242,484,242,504,202,504
248,485,286,485,286,504,248,504
312,486,350,486,350,505,312,505
293,489,312,489,312,504,293,504
472,490,501,490,501,505,472,505
506,490,536,490,536,505,506,505
156,505,194,505,194,525,156,525
202,506,241,506,241,526,202,526
246,508,257,508,257,525,246,525
265,508,305,508,305,526,265,526
517,516,526,516,526,528,517,528
154,528,194,528,194,548,154,548
200,530,250,530,250,549,200,549
257,530,285,530,285,549,257,549
472,534,502,534,502,552,472,552
506,534,537,534,537,552,506,552
162,552,202,552,202,572,162,572
209,554,240,554,240,572,209,572
470,557,501,557,501,574,470,574
506,557,537,557,537,574,506,574
152,574,193,574,193,594,152,594
200,574,229,574,229,594,200,594
236,577,266,577,266,596,236,596
506,580,537,580,537,596,506,596
480,581,501,581,501,594,480,594
272,597,292,597,292,617,272,617
225,600,265,598,266,617,226,619
334,598,365,598,365,620,334,620
372,598,410,598,410,618,372,618
298,600,329,600,329,617,298,617
417,601,464,601,464,620,417,620
177,642,208,642,208,662,177,662
214,644,264,644,264,664,214,664
270,643,311,646,310,666,269,663
150,646,172,646,172,662,150,662
390,648,418,648,418,662,390,662
436,648,517,648,517,664,436,664
517,649,538,649,538,666,517,666
334,666,382,667,381,688,334,686
149,668,180,668,180,686,149,686
186,668,236,668,236,688,186,688
252,669,326,669,326,686,252,686
234,670,252,670,252,685,234,685
517,673,528,673,528,688,517,688
148,689,170,689,170,709,148,709
222,690,273,690,273,710,222,710
176,692,217,692,217,709,176,709
380,692,537,695,537,713,379,710
213,760,242,760,242,780,213,780
249,761,289,761,289,781,249,781
333,761,365,761,365,781,333,781
296,762,326,762,326,781,296,781
370,763,420,765,419,784,369,782
425,764,465,764,465,784,425,784
147,784,178,786,177,804,145,802
185,785,252,785,252,804,185,804
257,786,297,786,297,804,257,804
333,786,390,786,390,805,333,805
305,788,326,788,326,805,305,805
397,788,417,788,417,805,397,805
416,788,457,788,457,806,416,806
509,788,541,790,539,810,508,807
462,790,502,790,502,806,462,806
193,832,224,832,224,852,193,852
229,832,252,832,252,852,229,852
257,832,289,832,289,852,257,852
294,833,345,833,345,853,294,853
352,833,372,833,372,853,352,853
416,834,448,834,448,854,416,854
378,836,410,836,410,854,378,854
453,837,485,837,485,854,453,854
144,856,174,856,174,874,144,874
173,856,221,856,221,874,173,874
228,857,334,857,334,876,228,876
341,858,417,860,417,878,340,877
436,860,494,860,494,878,436,878
425,861,436,861,436,877,425,877
500,862,532,862,532,878,500,878
