464,221,490,221,490,241,464,241
489,222,500,222,500,238,489,238
400,225,408,225,408,240,400,240
410,224,436,224,436,242,410,242
434,224,465,224,465,241,434,241
329,225,356,225,356,244,329,244
356,225,382,225,382,242,356,242
382,225,400,225,400,242,382,242
356,246,374,246,374,265,356,265
409,246,438,246,438,264,409,264
438,246,465,246,465,264,438,264
465,248,473,248,473,262,465,262
373,249,381,249,381,264,373,264
384,248,409,248,409,265,384,265
181,264,296,264,296,293,181,293
474,266,501,266,501,285,474,285
420,268,449,268,449,286,420,286
448,268,472,268,472,286,448,286
401,269,418,269,418,286,401,286
330,270,341,270,341,286,330,286
342,270,372,270,372,288,342,288
370,270,400,270,400,288,370,288
361,293,437,291,437,309,361,311
436,292,470,292,470,309,436,309
385,332,424,332,424,349,385,349
290,333,321,333,321,350,290,350
325,333,346,333,346,350,325,350
352,333,381,333,381,350,352,350
464,352,537,352,537,369,464,369
177,354,214,354,214,372,177,372
220,354,257,354,257,369,220,369
257,353,346,356,346,374,256,372
370,354,397,354,397,369,370,369
446,354,465,354,465,368,446,368
352,356,372,356,372,370,352,370
472,372,545,372,545,389,472,389
176,374,214,374,214,393,176,393
430,374,473,374,473,389,430,389
220,376,248,376,248,390,220,390
483,415,537,412,537,429,484,431
176,417,205,417,205,434,176,434
212,415,251,419,250,435,210,431
360,418,390,416,391,434,361,436
422,417,440,417,440,432,422,432
336,418,356,418,356,434,336,434
421,434,442,434,442,454,421,454
176,437,206,437,206,454,176,454
448,437,501,438,501,453,447,452
212,438,250,438,250,453,212,453
256,438,285,438,285,456,256,456
292,438,337,438,337,457,292,457
345,437,382,439,381,457,344,455
388,440,414,440,414,456,388,456
492,457,518,457,518,473,492,473
518,457,548,457,548,473,518,473
174,460,277,460,277,476,174,476
370,460,398,460,398,476,370,476
274,461,293,461,293,476,274,476
345,461,365,461,365,477,345,477
405,477,452,479,451,499,404,497
370,480,398,480,398,500,370,500
458,480,486,480,486,498,458,498
174,481,250,481,250,498,174,498
291,482,330,480,331,498,292,500
257,482,285,482,285,498,257,498
336,482,364,482,364,498,336,498
493,501,514,501,514,517,493,517
520,501,549,501,549,517,520,517
173,502,294,502,294,520,173,520
370,502,400,502,400,520,370,520
345,504,365,504,365,520,345,520
174,544,213,544,213,565,174,565
220,544,260,544,260,564,220,564
265,544,305,544,305,564,265,564
521,544,552,544,552,561,521,561
328,546,366,544,367,562,329,564
494,545,516,545,516,561,494,561
310,546,328,546,328,562,310,562
174,566,213,566,213,588,174,588
220,566,260,566,260,586,220,586
282,566,322,566,322,585,282,585
264,568,276,568,276,585,264,585
274,588,304,588,304,608,274,608
522,588,553,588,553,605,522,605
172,590,213,588,214,609,173,611
496,589,518,589,518,605,496,605
218,590,269,590,269,609,218,609
488,610,518,610,518,628,488,628
516,610,552,610,552,626,516,626
182,613,222,613,222,632,182,632
228,614,258,614,258,632,228,632
218,633,249,633,249,654,218,654
517,633,553,633,553,649,517,649
173,634,212,634,212,654,173,654
506,634,518,634,518,648,506,648
254,636,286,636,286,654,254,654
354,654,385,654,385,676,354,676
390,654,429,654,429,673,390,673
434,654,481,654,481,673,434,673
290,656,312,656,312,674,290,674
245,658,283,656,284,675,246,677
318,657,348,657,348,674,318,674
445,722,484,722,484,744,445,744
354,724,386,724,386,744,354,744
236,725,265,725,265,746,236,746
272,725,312,725,312,746,272,746
318,725,349,725,349,745,318,745
390,724,440,726,439,744,390,742
436,746,476,746,476,765,436,765
527,745,558,748,556,767,525,765
355,749,413,747,413,766,356,768
417,748,438,748,438,765,417,765
481,748,521,748,521,764,481,764
328,750,349,750,349,768,328,768
174,752,202,752,202,770,174,770
209,751,274,751,274,770,209,770
280,752,320,752,320,770,280,770
437,792,468,792,468,812,437,812
474,793,505,793,505,812,474,812
374,794,394,794,394,813,374,813
401,794,432,794,432,813,401,813
318,796,369,794,369,814,318,816
217,797,248,797,248,817,217,817
282,797,312,797,312,817,282,817
253,798,276,798,276,817,253,817
446,816,519,814,520,831,446,833
364,819,438,816,439,834,365,838
518,817,550,817,550,833,518,833
252,823,358,819,359,838,253,842
174,821,210,821,210,838,174,838
209,822,244,822,244,838,209,838
