354,162,388,162,388,185,354,185
388,164,417,164,417,185,388,185
262,165,294,165,294,185,262,185
293,164,328,164,328,185,293,185
326,165,354,165,354,185,326,185
240,189,260,189,260,212,240,212
258,189,286,189,286,212,258,212
320,190,353,190,353,212,320,212
369,190,402,190,402,212,369,212
404,188,443,195,440,216,401,209
288,192,320,192,320,212,288,212
353,192,365,192,365,210,353,210
49,209,188,209,188,244,49,244
312,217,341,217,341,238,312,238
254,218,274,218,274,238,254,238
278,218,312,218,312,238,278,238
344,217,392,223,390,243,342,238
390,218,425,218,425,237,390,237
297,245,364,245,364,265,297,265
362,245,405,245,405,265,362,265
270,246,298,246,298,265,270,265
41,291,88,296,85,316,39,311
96,293,205,293,205,313,96,313
333,293,376,293,376,313,333,313
384,293,466,290,467,311,385,315
464,294,497,294,497,313,464,313
244,318,290,318,290,338,244,338
190,320,236,320,236,338,190,338
298,320,345,320,345,338,298,338
38,342,84,342,84,365,38,365
84,345,125,345,125,364,84,364
353,345,396,345,396,364,353,364
393,345,500,345,500,364,393,364
38,369,73,369,73,389,38,389
113,370,199,370,199,389,113,389
81,372,113,372,113,389,81,389
36,394,60,394,60,414,36,414
69,397,93,397,93,414,69,414
101,397,190,397,190,416,101,416
