273,367,373,367,373,386,273,386
378,368,436,370,435,389,378,387
252,392,286,396,284,411,250,407
286,394,314,394,314,409,286,409
317,397,349,397,349,410,317,410
353,396,382,398,381,413,352,411
384,398,412,398,412,413,384,413
416,398,452,398,452,412,416,412
146,416,170,416,170,430,146,430
244,450,293,450,293,476,244,476
353,454,401,454,401,478,353,478
297,456,349,456,349,478,297,478
404,456,468,456,468,480,404,480
156,485,188,485,188,501,156,501
192,484,238,488,237,506,190,502
262,485,285,485,285,502,262,502
305,486,341,486,341,502,305,502
506,485,539,487,538,503,505,501
369,487,404,489,403,504,368,502
408,488,433,488,433,508,408,508
452,488,504,488,504,502,452,502
148,512,250,512,250,529,148,529
249,512,280,512,280,529,249,529
311,514,342,509,345,527,313,531
508,512,530,512,530,528,508,528
284,513,313,513,313,529,284,529
472,516,498,510,502,526,476,532
346,514,390,514,390,529,346,529
393,517,433,513,434,528,394,531
437,514,470,514,470,528,437,528
388,537,410,537,410,554,388,554
412,537,444,537,444,554,412,554
500,537,525,537,525,553,500,553
522,537,554,537,554,552,522,552
293,538,325,538,325,552,293,552
462,566,505,566,505,586,462,586
508,566,532,566,532,584,508,584
143,568,281,566,281,585,144,587
284,568,317,568,317,585,284,585
365,566,416,569,415,585,364,582
420,568,461,568,461,584,420,584
321,569,361,569,361,584,321,584
401,593,417,593,417,610,401,610
416,593,448,593,448,610,416,610
140,594,170,594,170,612,140,612
173,593,219,595,218,613,172,611
220,594,246,594,246,612,220,612
530,620,565,620,565,637,530,637
291,622,326,620,327,635,292,636
401,621,448,621,448,638,401,638
505,621,528,621,528,636,505,636
137,622,168,622,168,641,137,641
170,622,210,622,210,640,170,640
434,652,462,652,462,670,434,670
342,653,384,653,384,672,342,672
465,653,506,653,506,670,465,670
510,653,534,653,534,670,510,670
270,654,316,654,316,673,270,673
320,654,342,654,342,672,320,672
385,654,430,654,430,670,385,670
134,656,268,656,268,674,134,674
420,681,453,681,453,700,420,700
404,682,421,682,421,701,404,701
132,685,164,685,164,704,132,704
167,683,214,687,213,706,165,702
214,685,244,685,244,705,214,705
512,710,540,710,540,729,512,729
537,710,572,710,572,729,537,729
402,712,452,712,452,732,402,732
289,713,325,713,325,730,289,730
165,714,201,714,201,734,165,734
229,714,253,714,253,730,229,730
130,716,162,716,162,734,130,734
124,752,173,756,171,779,122,775
172,757,199,754,201,774,173,777
257,758,282,758,282,776,257,776
541,776,576,776,576,794,541,794
506,777,541,777,541,794,506,794
125,780,174,784,173,804,124,801
174,783,222,785,221,804,174,802
540,813,574,813,574,830,540,830
506,814,542,814,542,830,506,830
128,816,176,820,174,842,126,838
176,820,210,820,210,837,176,837
538,840,572,840,572,854,538,854
505,841,537,841,537,856,505,856
129,844,168,844,168,860,129,860
172,844,229,844,229,860,172,860
232,844,266,844,266,858,232,858
344,844,384,844,384,861,344,861
522,873,562,873,562,888,522,888
438,876,523,873,524,888,438,891
214,879,383,876,384,892,214,895
388,876,435,879,434,896,387,893
152,878,177,878,177,896,152,896
180,880,212,880,212,894,180,894
386,901,420,901,420,914,386,914
300,902,332,902,332,916,300,916
336,902,382,902,382,917,336,917
443,917,495,915,496,929,444,931
200,920,225,920,225,929,200,929
230,920,265,920,265,930,230,930
295,919,315,921,314,931,293,929
317,918,349,918,349,930,317,930
352,919,383,917,384,930,353,932
386,918,408,918,408,930,386,930
410,918,441,918,441,932,410,932
270,921,290,921,290,930,270,930
