413,133,453,137,451,159,411,155
381,136,413,136,413,157,381,157
306,137,325,137,325,158,306,158
276,138,306,138,306,158,276,158
326,140,334,140,334,157,326,157
336,138,362,138,362,158,336,158
362,138,381,138,381,157,362,157
246,140,276,140,276,160,246,160
266,162,285,162,285,184,266,184
298,164,326,164,326,184,298,184
362,164,394,164,394,182,362,182
394,163,434,165,433,184,393,182
285,165,296,165,296,182,285,182
326,165,348,165,348,184,326,184
350,166,358,166,358,180,350,180
82,180,212,180,212,214,82,214
404,188,434,188,434,208,404,208
264,190,284,190,284,210,264,210
286,190,317,190,317,210,286,210
317,190,348,190,348,210,317,210
348,190,361,190,361,208,348,208
361,190,404,192,403,212,360,210
310,215,375,213,376,234,310,236
374,214,413,214,413,234,374,234
285,216,310,216,310,236,285,236
314,260,358,260,358,278,314,278
208,261,240,261,240,281,208,281
277,261,309,261,309,280,277,280
246,262,270,262,270,280,246,280
404,282,486,282,486,301,404,301
80,283,122,286,121,306,78,303
128,285,169,285,169,304,128,304
169,285,269,285,269,305,169,305
384,285,405,285,405,301,384,301
277,286,326,286,326,304,277,304
413,306,495,305,496,324,413,326
80,308,121,308,121,329,80,329
365,308,416,308,416,326,365,326
129,310,160,310,160,328,129,328
122,313,129,313,129,326,122,326
426,353,489,353,489,373,426,373
284,359,318,354,321,375,287,379
80,357,110,357,110,377,80,377
119,355,163,359,162,379,117,375
357,357,377,357,377,374,357,374
257,358,281,358,281,376,257,376
78,381,112,381,112,400,78,400
120,381,150,381,150,401,120,401
160,381,190,381,190,401,160,401
200,381,260,381,260,401,200,401
465,402,500,402,500,421,465,421
437,404,460,404,460,421,437,421
78,404,210,406,210,426,78,424
269,406,290,406,290,424,269,424
297,406,329,406,329,424,297,424
78,452,122,452,122,473,78,473
129,452,172,452,172,473,129,473
178,452,222,452,222,473,178,473
440,452,461,452,461,469,440,469
468,452,501,452,501,469,468,469
249,453,292,453,292,473,249,473
229,456,249,456,249,472,229,472
78,476,122,476,122,497,78,497
129,477,172,477,172,497,129,497
178,477,190,477,190,496,178,496
200,477,242,477,242,497,200,497
480,478,490,478,490,490,480,490
78,501,122,501,122,522,78,522
129,501,182,501,182,522,129,522
189,502,221,500,222,521,190,523
440,501,464,501,464,520,440,520
469,501,502,501,502,518,469,518
89,526,132,526,132,546,89,546
440,526,462,526,462,542,440,542
469,526,502,526,502,544,469,544
140,528,172,528,172,548,140,548
78,550,121,550,121,572,78,572
129,550,161,550,161,572,129,572
169,553,202,553,202,573,169,573
493,554,501,554,501,566,493,566
209,574,232,574,232,596,209,596
318,574,362,574,362,596,318,596
159,577,201,575,202,597,160,599
278,576,312,576,312,598,278,598
369,576,421,576,421,596,369,596
238,578,272,578,272,596,238,596
280,649,313,649,313,670,280,670
149,650,180,650,180,672,149,672
189,650,232,650,232,672,189,672
238,650,272,650,272,672,238,672
379,652,424,649,426,671,380,674
320,651,375,654,374,673,319,670
370,676,416,676,416,696,370,696
281,677,344,677,344,697,281,697
350,677,372,677,372,696,350,696
473,676,506,678,505,698,472,695
118,680,191,677,192,697,118,699
197,678,241,678,241,697,197,697
249,678,272,678,272,697,249,697
422,678,465,678,465,696,422,696
77,680,109,680,109,698,77,698
240,726,294,726,294,748,240,748
301,726,324,726,324,748,301,748
373,726,406,726,406,748,373,748
128,728,161,728,161,749,128,749
200,728,233,728,233,748,200,748
414,728,448,728,448,748,414,748
168,729,192,729,192,748,168,748
332,729,366,729,366,748,332,748
290,753,373,753,373,773,290,773
382,753,458,753,458,773,382,773
167,756,283,753,284,773,168,775
74,756,117,756,117,776,74,776
117,756,158,756,158,774,117,774
465,756,498,756,498,773,465,773
