292,75,439,81,438,105,291,99
446,81,530,85,529,109,445,105
259,110,311,118,308,138,256,131
313,116,352,116,352,136,313,136
357,116,404,118,403,138,356,137
410,119,451,121,450,143,409,141
456,122,498,122,498,142,456,142
501,124,557,126,557,145,500,143
100,142,142,142,142,162,100,162
246,194,318,194,318,229,246,229
328,200,401,202,401,233,327,231
409,202,478,202,478,234,409,234
487,202,581,208,579,240,485,235
119,238,165,242,163,263,117,259
170,241,235,245,234,267,169,263
272,241,306,241,306,264,272,264
336,245,389,245,389,266,336,266
258,248,272,248,272,261,258,261
433,247,484,249,483,269,432,267
489,249,528,249,528,273,489,273
557,249,633,252,633,273,556,271
637,250,686,252,685,275,636,273
102,273,286,277,286,301,102,298
290,280,353,280,353,302,290,302
392,284,446,284,446,304,392,304
518,282,557,282,557,305,518,305
449,285,514,285,514,305,449,305
561,285,620,285,620,306,561,306
360,286,388,286,388,304,360,304
626,288,665,288,665,306,626,306
317,317,368,317,368,337,317,337
473,318,542,318,542,342,473,342
630,321,709,321,709,344,630,344
96,352,297,356,297,380,95,377
301,356,358,358,357,383,300,381
362,360,429,360,429,382,362,382
508,357,577,362,575,387,506,382
434,361,501,361,501,382,434,382
580,360,641,360,641,388,580,388
646,360,684,360,684,384,646,384
314,396,365,396,365,414,314,414
460,396,546,393,547,421,461,423
637,397,721,397,721,424,637,424
78,439,146,446,143,475,75,467
146,444,182,444,182,470,146,470
74,476,143,483,140,513,71,505
146,480,213,485,211,513,143,507
648,484,737,486,737,514,647,512
69,520,128,520,128,546,69,546
134,521,220,521,220,548,134,548
224,521,274,521,274,548,224,548
398,528,458,528,458,553,398,553
652,530,696,530,696,560,652,560
692,530,741,530,741,556,692,556
49,570,108,570,108,598,49,598
112,570,150,570,150,598,112,598
193,572,263,572,263,598,193,598
153,573,186,573,186,598,153,598
653,578,742,578,742,608,653,608
69,642,113,642,113,672,69,672
114,644,173,644,173,670,114,670
204,644,409,644,409,670,204,670
69,689,112,689,112,722,69,722
227,686,295,695,291,725,223,716
296,692,350,692,350,718,296,718
113,694,221,696,221,723,112,722
64,737,137,739,137,767,63,765
734,745,750,745,750,766,734,766
145,746,214,746,214,766,145,766
62,786,136,786,136,814,62,814
141,787,205,790,203,820,140,817
209,789,276,789,276,817,209,817
677,793,750,788,751,816,679,821
64,834,141,842,138,870,61,863
144,837,206,837,206,866,144,866
210,838,278,838,278,865,210,865
65,880,113,880,113,906,65,906
696,881,745,881,745,906,696,906
117,882,149,882,149,910,117,910
154,880,260,888,258,915,151,907
658,882,697,882,697,909,658,909
324,880,381,890,376,919,318,909
261,885,317,885,317,910,261,910
536,942,733,936,733,961,537,967
90,940,126,940,126,966,90,966
132,942,181,942,181,968,132,968
186,944,452,944,452,970,186,970
457,943,532,946,531,975,456,972
454,985,508,985,508,1008,454,1008
374,992,447,983,451,1008,377,1018
320,990,369,990,369,1010,320,1010
546,1010,622,1010,622,1022,546,1022
629,1012,637,1012,637,1022,629,1022
518,1014,541,1014,541,1022,518,1022
456,1018,489,1018,489,1022,456,1022
