316,112,344,112,344,129,316,129
342,112,370,112,370,130,342,130
370,112,386,112,386,129,370,129
388,114,396,114,396,129,388,129
396,113,420,113,420,130,396,130
420,113,437,113,437,132,420,132
436,113,464,113,464,132,436,132
464,113,500,117,498,136,462,132
333,134,350,134,350,153,333,153
350,136,360,136,360,152,350,152
362,134,386,134,386,153,362,153
386,136,405,136,405,153,386,153
408,138,416,138,416,152,408,152
420,137,446,137,446,153,420,153
448,136,483,140,481,159,445,155
169,146,285,146,285,177,169,177
332,157,349,157,349,174,332,174
350,158,378,158,378,176,350,176
379,157,405,160,403,178,377,175
406,161,414,161,414,176,406,176
418,159,457,162,455,182,416,178
454,161,482,161,482,178,454,178
349,180,373,180,373,198,349,198
372,181,430,181,430,200,372,200
429,182,462,182,462,201,429,201
278,217,308,217,308,236,278,236
314,218,336,218,336,236,314,236
341,220,370,220,370,237,341,237
374,219,414,220,413,239,374,237
165,238,201,238,201,256,165,256
208,238,244,238,244,253,208,253
244,238,334,238,334,257,244,257
340,241,366,241,366,256,340,256
366,242,385,242,385,257,366,257
436,244,454,244,454,258,436,258
453,244,525,244,525,261,453,261
164,257,201,257,201,276,164,276
206,260,233,260,233,274,206,274
201,262,208,262,208,273,201,273
418,264,462,264,462,280,418,280
461,265,534,265,534,282,461,282
162,300,190,300,190,318,162,318
197,299,237,303,235,322,195,318
321,304,342,304,342,321,321,321
348,304,377,304,377,324,348,324
409,306,428,306,428,321,409,321
488,306,526,306,526,324,488,324
472,308,489,308,489,322,472,322
162,324,209,324,209,341,162,341
214,324,254,324,254,341,214,341
260,325,298,325,298,342,260,342
338,325,366,325,366,344,338,344
304,326,333,326,333,345,304,345
373,326,393,326,393,345,373,345
400,328,446,328,446,346,400,346
445,328,481,328,481,345,445,345
161,344,280,346,279,364,160,362
330,349,356,349,356,364,330,364
356,350,385,350,385,366,356,366
480,350,500,350,500,366,480,366
505,352,534,352,534,368,505,368
161,366,200,366,200,384,161,384
206,368,236,368,236,385,206,385
242,369,280,369,280,388,242,388
285,370,322,370,322,386,285,386
330,372,358,372,358,388,330,388
365,372,386,372,386,389,365,389
390,372,429,372,429,389,390,389
434,373,489,373,489,388,434,388
160,389,182,389,182,405,160,405
186,389,245,389,245,408,186,408
266,392,288,392,288,409,266,409
286,392,313,392,313,408,286,408
249,393,261,393,261,406,249,406
321,393,341,393,341,409,321,409
160,410,216,410,216,428,160,428
214,413,276,413,276,428,214,428
337,416,349,416,349,430,337,430
356,416,385,416,385,432,356,432
488,418,505,418,505,432,488,432
505,417,534,417,534,433,505,433
160,433,181,433,181,448,160,448
478,438,498,438,498,453,478,453
504,438,534,438,534,456,504,456
160,474,198,474,198,494,160,494
205,476,244,476,244,496,205,496
249,476,288,476,288,496,249,496
312,477,349,477,349,496,312,496
294,480,312,480,312,494,294,494
478,482,505,482,505,497,478,497
505,482,534,482,534,498,505,498
160,497,198,497,198,516,160,516
205,497,242,497,242,517,205,517
248,498,258,498,258,516,248,516
266,498,305,498,305,517,266,517
469,504,525,504,525,520,469,520
160,518,198,518,198,538,160,538
204,520,252,520,252,538,204,538
257,520,286,520,286,538,257,538
478,526,498,526,498,541,478,541
505,526,534,526,534,542,505,542
166,542,216,542,216,560,166,560
488,548,533,548,533,564,488,564
192,561,233,564,231,585,190,582
166,564,185,564,185,582,166,582
237,564,258,564,258,582,237,582
264,564,293,564,293,584,264,584
300,565,348,565,348,584,300,584
353,567,383,569,382,587,352,585
478,569,498,569,498,586,478,586
505,570,534,570,534,586,505,586
157,585,196,585,196,605,157,605
202,585,230,585,230,605,202,605
237,588,266,588,266,606,237,606
525,596,534,596,534,608,525,608
228,609,265,609,265,629,228,629
272,609,292,609,292,628,272,628
333,609,364,609,364,630,333,630
370,610,409,610,409,630,370,630
298,612,328,612,328,629,298,629
414,613,461,613,461,632,414,632
181,653,210,653,210,673,181,673
156,654,176,654,176,672,156,672
217,654,265,654,265,673,217,673
271,654,310,658,308,677,269,673
388,658,536,661,535,679,387,676
156,676,184,676,184,694,156,694
189,675,238,677,237,697,188,695
236,678,252,678,252,694,236,694
252,677,325,679,325,697,251,695
333,678,380,678,380,697,333,697
154,697,174,697,174,717,154,717
181,700,220,700,220,717,181,717
225,700,273,700,273,718,225,718
377,702,536,706,535,725,376,721
214,766,244,766,244,786,214,786
250,766,289,766,289,788,250,788
296,769,325,769,325,789,296,789
332,769,362,769,362,789,332,789
368,771,418,774,417,794,366,790
422,773,462,773,462,793,422,793
152,790,181,790,181,808,152,808
188,789,253,791,253,810,187,809
258,793,297,793,297,810,258,810
304,794,325,794,325,812,304,812
333,794,389,796,389,814,332,812
394,797,414,797,414,814,394,814
413,797,453,797,453,816,413,816
458,800,498,800,498,817,458,817
505,800,536,802,535,822,504,819
197,834,226,834,226,854,197,854
232,836,253,836,253,854,232,854
258,837,289,837,289,857,258,857
294,838,344,838,344,858,294,858
349,840,370,840,370,860,349,860
376,842,408,842,408,861,376,861
413,842,444,842,444,862,413,862
450,846,481,846,481,864,450,864
150,857,188,857,188,873,150,873
188,858,222,858,222,874,188,874
230,860,333,863,333,882,230,879
340,864,415,867,414,884,339,882
421,867,491,869,490,887,420,885
494,872,526,872,526,889,494,889
