216,249,333,252,333,273,215,271
340,254,405,254,405,273,340,273
191,280,234,288,230,307,188,299
233,285,265,285,265,302,233,302
268,286,306,286,306,304,268,304
309,286,343,288,342,305,308,303
345,288,378,288,378,305,345,305
382,288,425,288,425,304,382,304
68,309,97,309,97,324,68,324
182,352,240,352,240,381,182,381
368,355,440,352,441,381,369,384
310,356,364,356,364,384,310,384
246,357,304,357,304,382,246,382
82,390,122,392,121,411,81,409
484,390,521,390,521,410,484,410
124,388,178,396,175,417,122,410
205,393,232,393,232,412,205,412
422,393,481,393,481,412,422,412
254,394,296,394,296,413,254,413
368,397,400,393,403,414,371,418
328,395,368,397,367,415,327,413
508,420,530,420,530,437,508,437
74,420,228,423,227,443,74,440
446,421,501,421,501,440,446,440
232,424,269,424,269,442,232,442
338,424,382,424,382,442,338,442
386,422,444,425,443,444,385,441
273,425,308,425,308,442,273,442
310,425,336,425,336,444,310,444
70,449,105,449,105,468,70,468
109,448,161,452,159,472,108,469
161,452,193,452,193,472,161,472
361,452,413,452,413,472,361,472
502,476,540,476,540,494,502,494
474,477,505,477,505,496,474,496
69,480,104,480,104,500,69,500
376,480,412,480,412,498,376,498
108,481,152,481,152,500,108,500
360,481,377,481,377,500,360,500
241,482,278,482,278,497,241,497
414,512,441,512,441,532,414,532
373,513,410,513,410,533,373,533
218,516,254,516,254,537,218,537
256,518,304,514,306,535,257,539
307,517,371,515,372,537,308,539
68,517,105,517,105,537,68,537
105,517,216,517,216,537,105,537
506,540,544,540,544,560,506,560
468,541,510,541,510,562,468,562
340,544,381,544,381,565,340,565
377,544,414,544,414,564,377,564
240,548,277,548,277,562,240,562
59,587,112,591,110,615,57,611
113,590,145,590,145,612,113,612
218,593,230,593,230,609,218,609
474,610,518,610,518,632,474,632
514,610,553,610,553,629,514,629
56,615,111,621,108,646,53,640
113,620,165,622,165,644,112,642
518,652,556,652,556,672,518,672
478,653,521,653,521,674,478,674
53,659,109,663,107,690,51,686
109,662,149,662,149,685,109,685
520,686,558,686,558,706,520,706
480,688,524,688,524,709,480,709
172,692,210,692,210,713,172,713
297,690,344,690,344,713,297,713
52,695,99,693,100,715,53,717
103,695,169,693,169,714,104,716
518,724,557,720,559,741,520,744
492,724,524,724,524,745,492,745
150,733,204,733,204,754,150,754
50,733,85,733,85,757,50,757
88,734,117,734,117,756,88,756
120,736,146,736,146,756,120,756
408,772,555,766,556,788,409,795
349,773,405,773,405,800,349,800
144,780,346,773,347,797,145,805
70,781,101,781,101,805,70,805
104,783,143,781,144,803,105,805
348,810,390,810,390,834,348,834
289,816,345,816,345,841,289,841
246,818,285,818,285,840,246,840
419,838,481,835,482,855,420,859
380,841,418,839,419,861,381,863
352,841,377,841,377,862,352,862
310,844,349,844,349,865,310,865
238,846,264,846,264,866,238,866
268,846,306,846,306,865,268,865
160,849,204,849,204,868,160,868
121,850,156,850,156,869,121,869
208,850,233,850,233,865,208,865
