383,204,447,198,449,218,385,224
271,212,379,205,381,225,272,232
428,230,469,230,469,244,428,244
392,233,425,233,425,248,392,248
358,236,390,236,390,252,358,252
320,240,356,240,356,253,320,253
288,241,317,241,317,256,288,256
262,241,286,244,284,259,261,257
134,273,166,273,166,288,134,288
415,293,486,285,489,312,418,320
359,298,411,292,415,319,362,326
245,302,297,302,297,330,245,330
302,302,357,302,357,326,302,326
529,317,567,314,569,333,531,336
469,323,528,319,530,337,471,342
418,330,449,325,453,344,422,349
381,332,418,332,418,349,381,349
311,337,350,335,351,353,312,355
266,340,292,340,292,357,266,357
192,343,240,345,239,363,191,361
546,344,573,344,573,362,546,362
156,345,189,345,189,361,156,361
486,350,543,348,544,367,486,369
436,353,485,353,485,373,436,373
384,363,431,357,433,372,385,378
333,364,382,364,382,378,333,378
289,367,330,362,331,381,291,385
148,373,287,365,288,384,149,392
523,376,584,369,587,389,526,396
402,386,462,380,464,400,404,406
301,390,334,390,334,404,301,404
536,405,562,405,562,422,536,422
518,410,530,410,530,424,518,424
469,412,516,412,516,428,469,428
428,418,466,413,468,428,430,433
377,422,426,418,427,432,378,436
327,421,375,420,376,435,328,437
148,430,288,422,290,441,149,449
292,424,324,424,324,440,292,440
557,430,593,430,593,449,557,449
530,433,554,433,554,450,530,450
430,443,466,438,468,457,432,461
406,444,434,444,434,461,406,461
302,449,337,447,337,462,302,464
452,472,478,472,478,490,452,490
414,476,449,476,449,494,414,494
386,478,412,478,412,496,386,496
319,483,383,478,384,494,320,499
294,482,318,482,318,500,294,500
212,486,269,483,270,503,213,506
268,485,289,485,289,500,268,500
147,490,214,486,215,505,148,510
562,494,599,490,601,509,564,513
546,494,565,494,565,513,546,513
436,501,472,501,472,521,436,521
421,504,438,504,438,522,421,522
303,510,339,508,340,523,304,525
478,532,506,532,506,552,478,552
440,536,476,536,476,556,440,556
389,539,435,537,436,554,390,556
321,546,387,541,388,556,323,561
297,544,321,544,321,562,297,562
269,545,293,545,293,564,269,564
147,552,270,545,271,565,148,573
552,558,607,555,608,576,553,579
441,564,477,564,477,584,441,584
425,566,444,566,444,585,425,585
306,573,343,571,344,586,306,588
572,592,601,592,601,612,572,612
528,597,567,590,571,611,531,617
466,598,508,598,508,617,466,617
510,598,528,598,528,613,510,613
426,604,462,602,463,617,426,619
387,606,422,604,423,619,388,621
297,609,346,605,347,625,299,628
348,609,385,607,386,626,349,628
148,617,296,608,298,628,149,638
549,622,616,622,616,645,549,645
446,629,482,629,482,650,446,650
418,632,444,632,444,650,418,650
308,640,344,636,346,651,309,655
292,686,302,686,302,701,292,701
141,687,190,688,189,712,140,710
190,688,217,688,217,708,190,708
589,694,626,694,626,716,589,716
560,697,593,697,593,718,560,718
141,716,191,718,190,741,140,739
193,718,241,718,241,738,193,738
550,732,628,727,630,750,552,756
372,740,416,740,416,761,372,761
187,748,249,744,250,765,188,768
252,746,289,746,289,764,252,764
141,748,185,748,185,769,141,769
592,765,630,763,631,783,593,786
552,768,596,768,596,788,552,788
234,782,285,782,285,802,234,802
178,784,205,784,205,805,178,805
206,785,232,785,232,804,206,804
134,786,177,786,177,805,134,805
481,813,627,805,628,826,483,834
425,816,480,816,480,840,425,840
236,825,421,816,422,837,237,846
170,825,196,825,196,846,170,846
198,826,234,826,234,845,198,845
426,849,466,849,466,868,426,868
370,852,424,852,424,873,370,873
332,854,372,854,372,873,332,873
495,869,554,866,555,883,496,887
457,872,493,872,493,889,457,889
430,873,454,873,454,889,430,889
393,876,429,876,429,894,393,894
352,877,389,877,389,894,352,894
325,878,349,878,349,896,325,896
220,882,250,882,250,898,220,898
254,882,293,882,293,897,254,897
297,882,321,882,321,896,297,896
