462,189,513,185,515,209,464,213
398,194,446,190,447,212,400,216
337,194,396,194,396,216,337,216
209,198,241,198,241,220,209,220
245,198,292,198,292,218,245,218
296,198,333,198,333,218,296,218
151,204,206,202,207,221,152,223
310,224,355,220,357,242,312,246
492,246,528,246,528,264,492,264
455,251,489,246,491,266,457,270
405,252,453,252,453,266,405,266
321,255,358,253,359,269,322,271
361,253,390,257,388,273,359,269
258,256,318,255,319,273,258,274
212,258,242,258,242,272,212,272
142,260,170,260,170,274,142,274
174,260,209,260,209,273,174,273
366,277,403,275,404,290,366,292
265,277,294,277,294,294,265,294
309,276,364,278,363,297,308,295
319,298,414,296,414,312,320,315
257,301,317,301,317,316,257,316
394,324,449,324,449,345,394,345
320,329,390,329,390,348,320,348
268,332,315,330,316,347,269,349
222,332,266,332,266,349,222,349
353,360,381,360,381,380,353,380
294,364,350,364,350,381,294,381
300,395,394,392,395,408,301,410
274,396,298,396,298,410,274,410
317,422,350,422,350,436,317,436
352,422,377,422,377,436,352,436
286,424,308,424,308,437,286,437
174,425,246,425,246,438,174,438
245,425,285,425,285,438,245,438
128,426,168,426,168,442,128,442
262,453,298,453,298,468,262,468
156,454,196,454,196,470,156,470
126,456,154,456,154,469,126,469
202,456,226,456,226,468,202,468
226,456,261,456,261,468,226,468
430,481,445,481,445,494,430,494
492,488,513,488,513,504,492,504
361,493,386,491,387,506,363,509
302,494,322,494,322,510,302,510
192,497,220,497,220,512,192,512
224,500,258,500,258,512,224,512
426,501,453,501,453,517,426,517
238,538,270,538,270,554,238,554
162,540,194,542,193,557,162,555
196,541,234,541,234,556,196,556
492,549,514,549,514,566,492,566
514,549,544,549,544,566,514,566
386,553,418,553,418,568,386,568
365,554,385,554,385,569,365,569
205,561,259,562,258,577,204,575
162,562,202,562,202,577,162,577
164,584,194,584,194,600,164,600
494,608,517,608,517,625,494,625
517,608,548,608,548,624,517,624
164,610,194,610,194,626,164,626
197,610,236,610,236,625,197,625
388,610,420,610,420,625,388,625
366,612,388,612,388,628,366,628
163,632,221,629,221,645,164,648
497,649,518,649,518,666,497,666
520,649,550,649,550,666,520,666
389,652,420,652,420,669,389,669
368,653,389,653,389,669,368,669
240,660,272,660,272,676,240,676
197,661,236,661,236,676,197,676
164,662,194,662,194,677,164,677
238,690,270,690,270,706,238,706
196,692,234,692,234,708,196,708
500,692,521,692,521,709,500,709
522,692,553,692,553,708,522,708
390,693,421,693,421,710,390,710
164,694,193,694,193,709,164,709
368,694,390,694,390,712,368,712
233,712,265,712,265,729,233,729
164,713,205,713,205,732,164,732
206,713,230,713,230,732,206,732
452,745,502,745,502,770,452,770
499,745,559,745,559,777,499,777
262,754,313,754,313,776,262,776
191,756,257,754,258,779,192,782
133,756,189,756,189,784,133,784
489,785,522,783,523,801,491,803
522,785,562,785,562,802,522,802
137,793,169,793,169,809,137,809
172,793,201,793,201,808,172,808
492,822,520,822,520,841,492,841
517,822,564,822,564,849,517,849
198,826,250,826,250,845,198,845
170,828,196,828,196,848,170,848
137,829,168,829,168,848,137,848
405,884,434,884,434,900,405,900
265,886,308,886,308,904,265,904
309,886,361,888,361,907,308,905
364,886,400,886,400,901,364,901
457,934,500,934,500,952,457,952
372,937,420,933,422,951,373,955
422,936,453,936,453,952,422,952
225,937,293,937,293,954,225,954
306,937,340,937,340,954,306,954
341,940,370,940,370,952,341,952
