502,37,665,26,669,84,506,95
380,46,464,46,464,87,380,87
620,88,663,88,663,106,620,106
586,92,618,92,618,110,586,110
536,100,583,93,585,108,538,114
378,97,409,97,409,113,378,113
412,99,444,99,444,113,412,113
448,99,478,99,478,113,448,113
482,99,533,99,533,113,482,113
675,151,702,151,702,168,675,168
706,151,739,151,739,168,706,168
629,152,675,155,673,174,628,171
542,156,590,156,590,176,542,176
590,156,629,156,629,174,590,174
380,158,405,158,405,177,380,177
478,158,537,158,537,177,478,177
409,160,476,160,476,179,409,179
300,161,327,161,327,179,300,179
330,163,341,163,341,177,330,177
343,161,380,161,380,179,343,179
474,193,521,193,521,211,474,211
519,193,574,193,574,211,519,211
514,224,574,224,574,254,514,254
579,224,661,224,661,252,579,252
379,226,442,223,444,255,380,258
448,229,508,229,508,256,448,256
457,266,545,261,546,286,459,291
544,263,585,263,585,288,544,288
253,288,310,300,305,322,249,309
550,302,613,299,614,323,551,327
311,302,357,302,357,320,311,320
414,304,538,304,538,329,414,329
250,318,286,318,286,337,250,337
416,337,482,337,482,359,416,359
483,337,506,337,506,361,483,361
250,346,277,346,277,366,250,366
277,350,297,350,297,369,277,369
249,376,310,379,309,401,248,398
249,409,289,409,289,432,249,432
291,410,343,410,343,433,291,433
249,455,282,455,282,478,249,478
535,467,567,467,567,489,535,489
588,471,615,471,615,490,588,490
723,474,787,474,787,496,723,496
250,503,286,503,286,526,250,526
288,502,328,505,326,528,286,526
329,504,379,507,378,530,327,527
382,506,410,506,410,528,382,528
414,508,437,508,437,528,414,528
444,508,483,508,483,530,444,530
250,540,352,540,352,563,250,563
510,547,567,547,567,570,510,570
738,553,791,553,791,572,738,572
254,574,289,574,289,594,254,594
256,609,324,611,323,633,255,631
327,613,427,617,426,637,326,633
429,615,486,622,483,643,426,636
487,618,521,618,521,638,487,638
256,645,352,645,352,668,256,668
490,652,522,652,522,674,490,674
519,654,560,654,560,675,519,675
702,659,743,659,743,683,702,683
743,661,784,661,784,683,743,683
254,679,291,679,291,700,254,700
250,717,301,720,300,741,249,737
304,722,348,722,348,741,304,741
354,720,449,725,448,751,352,747
450,727,518,729,517,748,449,745
521,726,567,730,565,750,519,746
571,728,644,732,643,752,570,749
669,730,712,737,709,760,665,753
711,736,736,736,736,755,711,755
250,755,295,755,295,779,250,779
293,755,361,755,361,779,293,779
474,763,517,763,517,784,474,784
515,763,558,763,558,786,515,786
697,770,738,770,738,791,697,791
739,770,780,770,780,793,739,793
247,791,284,791,284,814,247,814
244,829,296,835,294,860,241,854
295,834,336,834,336,855,295,855
341,834,419,834,419,859,341,859
421,837,476,837,476,860,421,860
480,837,521,837,521,862,480,862
522,839,592,839,592,864,522,864
613,840,655,843,654,868,612,865
595,848,606,848,606,862,595,862
243,869,357,869,357,892,243,892
482,875,514,875,514,898,482,898
512,876,553,876,553,898,512,898
706,880,736,880,736,903,706,903
734,882,777,882,777,905,734,905
241,905,281,905,281,928,241,928
240,943,297,949,294,974,238,968
297,948,325,948,325,969,297,969
327,947,392,952,390,973,326,969
238,973,295,979,293,1006,236,1000
341,977,398,982,396,1008,339,1002
295,980,337,980,337,1001,295,1001
690,985,731,985,731,1008,690,1008
731,987,771,987,771,1010,731,1010
239,1003,295,1010,291,1038,235,1030
293,1010,350,1010,350,1033,293,1033
352,1010,407,1010,407,1033,352,1033
238,1038,291,1038,291,1063,238,1063
236,1069,319,1072,318,1100,235,1097
320,1075,380,1070,382,1098,322,1104
382,1076,421,1076,421,1099,382,1099
661,1081,720,1081,720,1111,661,1111
716,1083,766,1083,766,1109,716,1109
286,1106,352,1106,352,1131,286,1131
234,1108,282,1108,282,1131,234,1131
353,1108,396,1108,396,1129,353,1129
684,1116,725,1116,725,1140,684,1140
725,1118,766,1118,766,1141,725,1141
249,1140,295,1140,295,1163,249,1163
297,1140,339,1140,339,1161,297,1161
683,1146,725,1149,723,1172,681,1170
725,1150,766,1150,766,1172,725,1172
316,1170,346,1170,346,1195,316,1195
281,1172,314,1172,314,1195,281,1195
231,1173,279,1173,279,1197,231,1197
298,1211,364,1211,364,1234,298,1234
254,1213,297,1213,297,1237,254,1237
400,1211,450,1217,447,1241,398,1235
366,1214,398,1214,398,1232,366,1232
450,1213,503,1218,501,1239,448,1234
567,1213,622,1218,620,1243,565,1237
537,1216,563,1216,563,1237,537,1237
505,1218,533,1218,533,1237,505,1237
622,1218,677,1218,677,1237,622,1237
679,1218,713,1218,713,1239,679,1239
715,1223,736,1223,736,1241,715,1241
449,1243,490,1243,490,1266,449,1266
492,1242,547,1245,545,1268,491,1266
314,1278,350,1278,350,1301,314,1301
350,1282,394,1282,394,1307,350,1307
394,1282,441,1282,441,1305,394,1305
443,1281,499,1285,497,1309,441,1305
590,1282,629,1282,629,1303,590,1303
633,1282,675,1282,675,1303,633,1303
501,1284,535,1284,535,1307,501,1307
537,1282,588,1286,586,1310,535,1306
