260,416,300,416,300,441,260,441
298,416,340,416,340,443,298,443
340,418,423,418,423,445,340,445
425,418,465,418,465,445,425,445
463,416,500,416,500,445,463,445
256,450,281,450,281,478,256,478
283,453,366,453,366,480,283,480
367,453,429,460,425,487,364,481
426,455,466,455,466,480,426,480
466,455,503,455,503,480,466,480
21,471,195,471,195,520,21,520
276,488,301,488,301,515,276,515
306,488,346,488,346,515,306,515
346,490,386,490,386,520,346,520
441,490,481,490,481,516,441,516
385,490,442,494,441,522,383,519
296,523,409,523,409,549,296,549
408,525,458,525,458,550,408,550
18,581,73,581,73,610,18,610
85,583,218,583,218,608,85,608
371,586,423,586,423,610,371,610
73,590,83,590,83,605,73,605
433,588,570,588,570,613,433,613
203,616,258,616,258,641,203,641
266,616,321,616,321,641,266,641
331,620,386,620,386,643,331,643
16,646,85,646,85,675,16,675
83,650,123,650,123,673,83,673
398,653,570,653,570,676,398,676
16,680,58,680,58,705,16,705
110,681,218,681,218,705,110,705
71,683,111,683,111,705,71,705
16,711,45,711,45,738,16,738
56,715,86,715,86,738,56,738
96,715,204,715,204,738,96,738
