428,158,449,158,449,173,428,173
449,160,468,160,468,173,449,173
396,161,416,161,416,174,396,174
416,161,429,161,429,174,416,174
376,162,396,162,396,174,376,174
456,176,477,176,477,189,456,189
477,176,494,176,494,190,477,190
405,177,426,177,426,192,405,192
425,177,445,177,445,190,425,190
446,178,454,178,454,190,446,190
362,178,374,178,374,193,362,193
374,177,406,179,405,193,374,191
349,180,362,180,362,193,349,193
454,193,478,193,478,206,454,206
376,194,397,194,397,209,376,209
396,194,416,194,416,208,396,208
418,196,425,196,425,208,418,208
426,194,456,194,456,208,426,208
244,196,330,196,330,218,244,218
362,196,376,196,376,209,362,209
396,212,463,209,464,223,397,226
380,213,397,213,397,225,380,225
372,242,394,242,394,256,372,256
398,242,428,242,428,254,398,254
325,244,349,244,349,257,325,257
352,244,369,244,369,256,352,256
458,256,513,256,513,269,458,269
445,258,460,258,460,269,445,269
272,260,341,260,341,274,272,274
340,260,368,260,368,273,340,273
372,260,388,260,388,272,372,272
386,260,408,260,408,272,386,272
240,262,269,262,269,276,240,276
431,273,521,270,521,284,432,287
273,277,294,277,294,290,273,290
240,278,269,278,269,290,240,290
486,302,517,302,517,317,486,317
473,305,488,305,488,317,473,317
378,308,402,305,403,319,380,322
426,306,440,306,440,318,426,318
360,308,376,308,376,320,360,320
240,309,262,309,262,322,240,322
266,309,296,309,296,322,266,322
338,322,376,322,376,337,338,337
380,322,416,322,416,337,380,337
420,322,449,322,449,336,420,336
285,325,308,323,310,337,286,339
240,325,256,325,256,337,240,337
261,325,282,325,282,338,261,338
313,325,336,325,336,337,313,337
480,336,496,336,496,349,480,349
501,336,524,336,524,348,501,348
386,338,409,338,409,352,386,352
366,340,382,340,382,353,366,353
240,341,328,341,328,354,240,354
502,368,525,368,525,381,502,381
481,369,497,369,497,382,481,382
240,372,270,372,270,386,240,386
274,372,304,372,304,386,274,386
308,372,337,372,337,386,308,386
354,372,384,372,384,385,354,385
342,376,350,376,350,385,342,385
321,388,350,388,350,402,321,402
240,388,271,390,270,404,239,402
274,389,304,389,304,402,274,402
309,390,316,390,316,402,309,402
502,401,526,401,526,414,502,414
482,402,498,402,498,414,482,414
241,405,270,405,270,420,241,420
274,405,310,405,310,420,274,420
314,405,337,405,337,418,314,418
502,417,526,417,526,430,502,430
482,418,498,418,498,432,482,432
246,422,277,422,277,436,246,436
280,424,304,424,304,436,280,436
240,437,270,437,270,452,240,452
274,437,297,437,297,452,274,452
301,440,324,440,324,452,301,452
401,452,432,452,432,466,401,466
436,452,470,452,470,465,436,465
374,453,398,453,398,469,374,469
328,454,344,454,344,468,328,468
348,454,370,454,370,468,348,468
294,456,324,456,324,469,294,469
415,485,527,483,528,497,416,499
260,488,284,488,284,502,260,502
288,488,324,488,324,501,288,501
328,487,359,489,358,503,327,501
241,489,256,489,256,502,241,502
374,502,405,502,405,517,374,517
241,505,262,505,262,520,241,520
268,505,302,505,302,518,268,518
314,505,370,505,370,518,314,518
405,506,409,506,409,514,405,514
304,508,310,508,310,518,304,518
409,518,473,518,473,533,409,533
470,518,527,518,527,532,470,532
294,521,332,521,332,536,294,536
240,522,256,522,256,536,240,536
260,522,290,522,290,536,260,536
444,569,474,569,474,585,444,585
376,570,400,570,400,585,376,585
288,572,310,572,310,586,288,586
313,572,343,571,344,585,314,587
349,572,372,572,372,585,349,585
404,572,441,572,441,585,404,585
438,588,469,588,469,601,438,601
473,588,504,588,504,601,473,601
508,588,530,588,530,601,508,601
321,589,350,589,350,602,321,602
356,589,372,589,372,602,356,602
377,589,420,589,420,602,377,602
424,589,440,589,440,601,424,601
268,590,317,590,317,604,268,604
240,592,262,592,262,604,240,604
349,621,388,621,388,636,349,636
438,621,462,621,462,636,438,636
322,622,345,622,345,637,322,637
392,622,406,622,406,636,392,636
410,622,436,622,436,636,410,636
466,622,490,622,490,636,466,636
274,624,297,624,297,638,274,638
301,624,318,624,318,637,301,637
301,640,380,640,380,654,301,654
383,640,441,640,441,653,383,653
454,640,498,640,498,653,454,653
502,640,526,640,526,653,502,653
448,642,456,642,456,653,448,653
238,642,268,642,268,656,238,656
266,642,296,642,296,656,266,656
