261,456,306,456,306,477,261,477
309,454,368,457,367,480,308,477
437,457,485,457,485,481,437,481
488,460,529,460,529,481,488,481
369,461,406,461,406,478,369,478
405,462,434,462,434,480,405,480
237,482,275,484,274,503,236,501
196,484,226,484,226,502,196,502
277,482,340,489,338,509,275,502
386,485,472,485,472,506,386,506
342,486,384,486,384,505,342,505
476,488,513,488,513,508,476,508
196,514,244,514,244,533,196,533
246,516,284,516,284,534,246,534
285,517,313,517,313,534,285,534
314,518,364,516,365,535,315,538
194,542,222,542,222,561,194,561
225,544,342,544,342,562,225,562
345,545,378,545,378,562,345,562
381,545,486,545,486,565,381,565
193,567,234,569,233,588,192,586
276,570,301,570,301,589,276,589
301,570,326,570,326,588,301,588
328,570,352,570,352,588,328,588
364,572,458,572,458,590,364,590
234,573,274,573,274,592,234,592
189,597,224,597,224,616,189,616
227,595,271,601,268,621,224,615
356,600,376,600,376,617,356,617
402,601,433,601,433,618,402,618
462,602,488,602,488,620,462,620
498,602,557,602,557,621,498,621
560,604,588,604,588,622,560,622
180,629,218,629,218,646,180,646
225,629,264,629,264,645,225,645
268,629,300,629,300,646,268,646
398,632,424,632,424,649,398,649
424,632,458,632,458,649,424,649
477,633,489,633,489,649,477,649
521,634,592,634,592,653,521,653
176,652,224,656,222,679,174,675
225,656,275,658,274,679,224,677
514,662,541,662,541,682,514,682
542,664,590,664,590,684,542,684
224,686,269,686,269,705,224,705
174,688,224,688,224,706,174,706
272,688,306,688,306,706,272,706
308,687,356,691,354,710,306,706
565,694,590,694,590,713,565,713
174,715,223,721,220,743,171,738
221,720,248,720,248,740,221,740
248,720,297,720,297,740,248,740
300,720,341,720,341,740,300,740
514,724,540,724,540,744,514,744
541,725,590,725,590,745,541,745
276,752,330,752,330,780,276,780
373,754,417,754,417,780,373,780
229,756,273,756,273,780,229,780
421,754,511,757,510,783,420,781
333,757,370,757,370,780,333,780
