251,285,520,274,522,319,253,329
637,339,753,335,755,368,638,373
537,341,631,341,631,378,537,378
487,348,510,348,510,377,487,377
419,348,478,348,478,380,419,380
353,350,412,350,412,382,353,382
220,352,277,352,277,385,220,385
284,352,323,352,323,384,284,384
158,353,215,353,215,387,158,387
510,389,583,389,583,423,510,423
429,393,503,390,504,423,430,426
332,394,423,394,423,426,332,426
527,460,639,457,641,502,528,505
249,468,374,464,376,508,251,513
381,471,519,469,519,505,382,507
675,540,713,540,713,569,675,569
596,543,671,539,673,567,598,571
469,542,508,542,508,574,469,574
512,542,567,542,567,572,512,572
307,549,382,549,382,576,307,576
206,551,259,551,259,576,206,576
530,583,576,583,576,611,530,611
583,583,642,583,642,613,583,613
693,583,773,583,773,611,693,611
386,588,460,585,461,613,387,616
202,588,245,588,245,620,202,620
314,588,357,588,357,615,314,615
352,588,391,588,391,615,352,615
530,622,576,622,576,652,530,652
693,622,771,622,771,650,693,650
224,629,304,622,307,654,226,660
314,627,350,627,350,654,314,654
357,627,375,627,375,652,357,652
583,629,620,629,620,652,583,652
190,633,216,633,216,650,190,650
161,677,188,677,188,695,161,695
699,677,773,677,773,706,699,706
295,679,339,679,339,706,295,706
590,679,629,679,629,706,590,706
346,681,396,681,396,706,346,706
501,681,530,681,530,706,501,706
565,681,594,681,594,704,565,704
193,715,234,715,234,739,193,739
239,709,312,719,308,749,235,739
161,716,176,716,176,734,161,734
562,722,592,722,592,745,562,745
592,722,638,722,638,745,592,745
695,722,725,722,725,747,695,747
727,722,773,722,773,745,727,745
512,725,521,725,521,743,512,743
241,750,282,750,282,775,241,775
285,745,358,754,354,784,282,774
216,754,234,754,234,771,216,771
357,754,428,754,428,780,357,780
512,773,522,773,522,793,512,793
567,771,585,771,585,793,567,793
586,771,633,771,633,795,586,795
709,771,725,771,725,795,709,795
729,771,775,771,775,796,729,796
188,774,264,779,262,806,187,802
291,814,325,814,325,841,291,841
238,816,288,816,288,841,238,841
329,816,368,816,368,843,329,843
512,819,522,819,522,844,512,844
211,819,227,819,227,839,211,839
569,819,634,819,634,844,569,844
711,821,729,821,729,844,711,844
731,821,779,821,779,846,731,846
179,855,222,855,222,883,179,883
225,855,282,855,282,883,225,883
145,859,160,859,160,880,145,880
512,860,522,860,522,883,512,883
565,860,595,860,595,885,565,885
597,860,645,860,645,885,597,885
702,862,732,862,732,887,702,887
736,862,782,862,782,887,736,887
286,899,346,899,346,928,286,928
231,901,282,901,282,928,231,928
512,903,522,903,522,924,512,924
570,903,588,903,588,926,570,926
590,903,638,903,638,930,590,930
717,903,787,907,785,941,715,937
129,948,225,948,225,981,129,981
233,948,302,948,302,983,233,983
688,953,725,953,725,983,688,983
731,953,784,953,784,983,731,983
129,996,179,996,179,1020,129,1020
181,996,238,996,238,1020,181,1020
238,996,293,996,293,1022,238,1022
490,996,535,996,535,1015,490,1015
727,1001,738,1001,738,1019,727,1019
743,999,784,999,784,1022,743,1022
133,1056,204,1056,204,1084,133,1084
325,1056,409,1056,409,1086,325,1086
213,1060,318,1060,318,1086,213,1086
666,1060,709,1060,709,1084,666,1084
716,1060,779,1060,779,1084,716,1084
416,1067,426,1067,426,1084,416,1084
156,1090,204,1090,204,1111,156,1111
736,1090,775,1090,775,1109,736,1109
209,1092,254,1092,254,1113,209,1113
256,1092,309,1092,309,1111,256,1111
706,1092,732,1092,732,1109,706,1109
161,1132,208,1132,208,1152,161,1152
690,1132,727,1132,727,1150,690,1150
731,1132,768,1132,768,1149,731,1149
213,1134,275,1134,275,1152,213,1152
279,1134,327,1134,327,1152,279,1152
695,1152,722,1152,722,1168,695,1168
725,1152,763,1152,763,1168,725,1168
165,1154,211,1154,211,1172,165,1172
215,1156,245,1156,245,1172,215,1172
247,1156,282,1156,282,1173,247,1173
563,1190,640,1187,640,1199,563,1202
307,1189,384,1189,384,1200,307,1200
441,1189,458,1189,458,1200,441,1200
514,1189,560,1189,560,1202,514,1202
387,1191,435,1191,435,1202,387,1202
464,1191,506,1191,506,1200,464,1200
