398,221,494,221,494,246,398,246
222,224,387,222,388,247,222,249
356,265,401,265,401,286,356,286
409,265,456,265,456,285,409,285
462,265,525,265,525,284,462,284
245,266,286,266,286,288,245,288
294,266,348,266,348,286,294,286
184,265,241,269,239,291,182,287
9,305,49,305,49,326,9,326
164,358,247,356,248,398,165,400
353,357,433,357,433,397,353,397
442,358,554,355,555,395,442,397
256,361,344,361,344,398,256,398
622,410,661,410,661,438,622,438
525,413,618,411,618,439,525,440
442,416,489,412,493,443,446,448
266,416,329,416,329,441,266,441
379,414,440,418,439,444,377,441
661,417,680,417,680,438,661,438
194,417,232,417,232,442,194,442
17,418,69,418,69,444,17,444
76,417,150,423,148,450,74,444
612,458,653,458,653,488,612,488
459,458,548,461,547,492,457,489
554,460,608,460,608,488,554,488
232,461,286,461,286,489,232,489
293,461,361,461,361,488,293,488
367,458,455,463,454,492,365,487
3,464,225,461,225,489,4,491
605,504,652,504,652,537,605,537
648,504,704,504,704,533,648,533
409,505,505,505,505,537,409,537
246,508,302,508,302,530,246,530
172,510,185,510,185,529,172,529
0,565,67,572,64,604,-2,597
66,570,112,570,112,598,66,598
217,577,233,577,233,600,217,600
0,606,71,613,68,647,-2,639
610,609,656,609,656,641,610,641
652,609,706,609,706,636,652,636
72,611,143,616,140,645,70,639
160,652,212,652,212,680,160,680
1,653,62,653,62,678,1,678
68,654,154,654,154,680,68,680
342,657,405,655,405,683,342,685
608,657,653,657,653,686,608,686
649,657,704,657,704,682,649,682
42,712,78,712,78,737,42,737
135,714,398,713,398,739,136,741
404,712,479,715,478,745,403,743
81,714,132,714,132,738,81,738
485,714,661,714,661,740,485,740
658,714,689,714,689,738,658,738
270,757,320,757,320,778,270,778
322,760,396,751,399,778,325,787
402,756,457,756,457,778,402,778
117,784,158,784,158,804,117,804
164,785,218,785,218,804,164,804
262,786,293,786,293,805,262,805
299,785,349,789,347,808,297,804
408,786,438,786,438,808,408,808
497,786,577,786,577,807,497,807
354,788,402,788,402,809,354,809
224,789,254,789,254,804,224,804
444,789,492,789,492,810,444,810
584,790,592,790,592,804,584,804
