322,198,394,198,394,210,322,210
398,198,441,198,441,210,398,210
356,216,378,216,378,225,356,225
382,216,402,216,402,225,382,225
405,216,425,216,425,225,405,225
428,216,454,216,454,225,428,225
308,217,332,217,332,226,308,226
334,217,353,217,353,226,334,226
230,233,252,233,252,242,230,242
302,253,338,253,338,272,302,272
381,253,416,253,416,272,381,272
418,253,465,253,465,270,418,270
341,254,378,254,378,272,341,272
452,274,490,274,490,286,452,286
492,274,516,274,516,286,492,286
241,275,266,277,265,290,240,287
265,274,299,278,298,291,264,287
316,276,333,276,333,288,316,288
345,276,372,276,372,288,345,288
392,276,418,276,418,288,392,288
420,276,440,276,440,289,420,289
237,293,329,293,329,306,237,306
382,293,437,293,437,306,382,306
441,294,457,294,457,305,441,305
457,292,484,294,483,307,456,305
489,293,506,293,506,305,489,305
332,294,356,294,356,306,332,306
356,294,381,294,381,306,356,306
421,310,445,310,445,324,421,324
484,310,501,310,501,322,484,322
501,310,525,310,525,322,501,322
338,313,361,313,361,322,338,322
404,312,421,312,421,324,404,324
270,332,330,332,330,345,270,345
421,332,450,332,450,346,421,346
452,332,470,332,470,345,452,345
236,333,273,333,273,345,236,345
332,333,361,333,361,345,332,345
362,333,398,333,398,345,362,345
400,333,420,333,420,346,400,346
502,349,526,349,526,362,502,362
337,350,361,350,361,362,337,362
406,350,422,350,422,364,406,364
422,350,445,350,445,364,422,364
486,350,502,350,502,364,486,364
473,372,497,372,497,385,473,385
498,372,517,372,517,385,498,385
236,373,286,373,286,386,236,386
285,373,329,373,329,386,285,386
332,373,362,373,362,386,332,386
362,373,389,373,389,386,362,386
390,373,413,373,413,386,390,386
414,376,449,376,449,386,414,386
449,374,473,374,473,386,449,386
486,390,502,390,502,404,486,404
502,390,526,390,526,404,502,404
338,392,362,392,362,404,338,404
406,392,422,392,422,405,406,405
422,392,445,392,445,404,422,404
342,413,377,413,377,428,342,428
237,414,331,414,331,427,237,427
333,416,340,416,340,426,333,426
378,413,408,415,407,428,378,426
437,413,467,415,466,428,436,426
467,416,494,414,495,426,468,428
497,414,514,414,514,426,497,426
410,416,436,416,436,428,410,428
485,432,526,432,526,445,485,445
344,433,361,436,359,446,342,443
405,433,425,433,425,446,405,446
422,433,446,433,446,445,422,445
365,454,404,454,404,468,365,468
404,454,436,454,436,469,404,469
437,454,454,454,454,468,437,468
237,456,332,456,332,469,237,469
333,456,364,456,364,468,333,468
422,473,446,473,446,486,422,486
486,473,526,473,526,486,486,486
340,476,364,476,364,485,340,485
406,474,425,474,425,486,406,486
309,477,316,477,316,485,309,485
237,496,332,496,332,509,237,509
357,496,381,496,381,509,357,509
414,496,438,496,438,509,414,509
440,496,458,496,458,508,440,508
333,497,356,497,356,509,333,509
384,498,413,498,413,509,384,509
486,513,504,513,504,526,486,526
502,513,526,513,526,526,502,526
340,514,364,514,364,526,340,526
413,514,425,514,425,528,413,528
424,514,446,514,446,526,424,526
310,517,318,517,318,526,310,526
425,536,461,536,461,549,425,549
462,536,481,536,481,548,462,548
237,537,289,537,289,552,237,552
288,537,325,537,325,550,288,550
326,536,352,538,351,551,325,549
354,538,369,538,369,549,354,549
370,540,424,540,424,549,370,549
408,554,424,554,424,568,408,568
424,554,448,554,448,568,424,568
486,554,502,554,502,568,486,568
504,554,526,554,526,568,504,568
340,556,364,556,364,566,340,566
492,576,508,576,508,589,492,589
510,576,528,576,528,589,510,589
334,577,362,577,362,590,334,590
405,577,432,577,432,590,405,590
462,577,492,577,492,589,462,589
238,578,333,578,333,592,238,592
365,578,381,578,381,590,365,590
382,578,405,578,405,590,382,590
433,578,462,578,462,589,433,589
505,594,528,594,528,608,505,608
408,596,424,596,424,609,408,609
425,596,448,596,448,609,425,609
488,596,504,596,504,609,488,609
341,597,365,597,365,608,341,608
465,617,502,617,502,632,465,632
504,617,521,617,521,630,504,630
238,620,333,618,333,632,238,634
334,618,358,618,358,632,334,632
360,618,382,618,382,632,360,632
428,617,465,619,465,633,427,631
384,620,422,620,422,632,384,632
416,637,426,637,426,650,416,650
426,637,450,637,450,650,426,650
292,638,308,638,308,653,292,653
237,640,258,640,258,652,237,652
261,640,292,640,292,654,261,654
489,656,506,656,506,670,489,670
506,656,530,656,530,669,506,669
416,657,428,657,428,670,416,670
425,657,449,657,449,670,425,670
260,658,288,658,288,672,260,672
342,660,357,660,357,669,342,669
358,660,366,660,366,669,358,669
237,660,258,660,258,672,237,672
428,677,460,679,459,695,427,693
461,678,497,678,497,692,461,692
500,678,517,678,517,692,500,692
238,682,334,679,334,694,238,697
334,681,360,681,360,694,334,694
360,681,384,681,384,693,360,693
384,681,424,681,424,693,384,693
492,698,532,698,532,712,492,712
341,700,366,700,366,712,341,712
416,700,450,700,450,713,416,713
476,721,494,721,494,734,476,734
334,722,360,722,360,737,334,737
416,722,474,722,474,736,416,736
238,723,333,723,333,738,238,738
361,724,384,724,384,736,361,736
385,725,412,725,412,736,385,736
418,742,430,742,430,756,418,756
428,742,453,742,453,756,428,756
237,744,258,744,258,757,237,757
261,743,292,745,291,759,260,757
292,744,310,744,310,758,292,758
493,761,509,761,509,774,493,774
509,761,533,761,533,774,509,774
428,762,452,762,452,776,428,776
238,764,260,764,260,777,238,777
261,764,289,764,289,777,261,777
342,764,366,764,366,776,342,776
417,764,429,764,429,776,417,776
478,784,497,784,497,798,478,798
240,785,312,785,312,800,240,800
446,785,477,785,477,800,446,800
310,786,334,786,334,800,310,800
336,786,360,786,360,800,336,800
393,786,417,786,417,800,393,800
418,786,445,786,445,798,418,798
362,788,392,788,392,800,362,800
240,804,261,804,261,817,240,817
420,804,453,804,453,818,420,818
262,804,293,806,291,822,261,819
293,806,312,806,312,820,293,820
240,822,261,822,261,837,240,837
429,824,453,824,453,838,429,838
493,824,510,824,510,838,493,838
510,824,536,824,536,840,510,840
261,825,289,825,289,838,261,838
342,825,368,825,368,837,342,837
418,825,429,825,429,837,418,837
236,841,269,846,267,861,234,857
266,845,286,845,286,858,266,858
322,848,338,848,338,860,322,860
236,860,268,862,267,877,235,875
513,861,537,861,537,874,513,874
489,862,512,862,512,874,489,874
269,863,300,865,299,877,268,875
237,884,270,886,269,901,236,899
269,886,292,886,292,900,269,900
489,886,512,886,512,900,489,900
513,886,537,886,537,900,513,900
237,904,265,904,265,916,237,916
266,904,305,904,305,916,266,916
306,904,329,904,329,916,306,916
489,905,512,905,512,917,489,917
513,905,536,905,536,917,513,917
380,906,408,906,408,918,380,918
502,928,520,928,520,938,502,938
517,926,532,926,532,938,517,938
294,929,407,927,408,940,294,942
409,928,442,928,442,941,409,941
443,927,501,927,501,939,443,939
252,929,269,929,269,941,252,941
270,929,293,929,293,941,270,941
409,944,433,944,433,954,409,954
352,946,374,946,374,956,352,956
376,946,408,946,408,956,376,956
450,955,485,953,485,961,450,962
427,957,446,955,447,961,428,963
389,957,409,957,409,965,389,965
412,957,426,957,426,964,412,964
348,958,361,958,361,965,348,965
364,958,386,958,386,965,364,965
304,960,329,960,329,966,304,966
330,960,345,960,345,964,330,964
