384,209,410,209,410,228,384,228
232,210,261,210,261,229,232,229
353,210,384,210,384,229,353,229
261,212,292,212,292,230,261,230
290,212,354,212,354,230,290,230
386,234,413,234,413,253,386,253
230,236,249,236,249,254,230,254
357,236,386,236,386,254,357,254
249,237,313,237,313,256,249,256
312,236,358,240,357,259,310,255
53,246,185,248,185,283,52,281
245,261,268,261,268,281,245,281
297,260,329,263,327,283,295,280
368,261,400,261,400,280,368,280
268,262,298,262,298,281,268,281
327,261,370,265,369,284,325,280
345,285,384,285,384,305,345,305
261,286,345,286,345,306,261,306
50,328,93,328,93,349,50,349
102,328,204,331,203,352,102,348
436,329,466,329,466,348,436,348
318,330,357,330,357,349,318,349
413,330,437,330,437,348,413,348
93,333,101,333,101,346,93,346
365,332,416,332,416,352,365,352
240,354,282,354,282,374,240,374
192,356,233,356,233,373,192,373
289,356,330,356,330,372,289,372
49,376,102,376,102,398,49,398
339,380,467,376,468,394,340,398
101,378,133,378,133,396,101,396
50,401,84,401,84,420,50,420
92,404,122,404,122,421,92,421
121,404,202,404,202,421,121,421
49,425,73,425,73,445,49,445
81,428,105,428,105,445,81,445
110,428,193,428,193,444,110,444
