291,173,310,173,310,185,291,185
311,176,342,178,341,189,310,187
368,176,400,176,400,186,368,186
341,178,366,178,366,188,341,188
400,180,423,180,423,190,400,190
315,227,342,230,341,242,313,239
368,230,401,230,401,241,368,241
343,231,366,231,366,241,343,241
293,336,368,336,368,346,293,346
375,348,393,348,393,358,375,358
272,365,303,362,303,370,273,372
248,365,273,365,273,371,248,371
290,378,313,378,313,388,290,388
315,378,326,378,326,386,315,386
376,390,393,390,393,400,376,400
258,393,286,393,286,401,258,401
376,405,391,405,391,411,376,411
258,406,276,406,276,415,258,415
285,418,311,418,311,428,285,428
255,420,280,420,280,428,255,428
357,433,389,431,390,440,358,442
388,431,406,431,406,440,388,440
296,433,323,433,323,443,296,443
323,433,355,433,355,441,323,441
258,435,281,435,281,443,258,443
378,445,396,445,396,455,378,455
258,446,281,446,281,456,258,456
365,446,378,446,378,455,365,455
241,448,256,448,256,455,241,455
423,456,455,456,455,466,423,466
371,458,396,458,396,468,371,468
243,461,256,461,256,468,243,468
258,461,271,461,271,468,258,468
243,473,286,473,286,483,243,483
321,486,335,486,335,496,321,496
243,488,260,488,260,498,243,498
260,488,296,488,296,495,260,495
306,488,321,488,321,496,306,496
368,500,380,500,380,510,368,510
380,500,398,500,398,508,380,508
260,501,283,501,283,511,260,511
241,503,258,503,258,511,241,511
426,511,456,511,456,521,426,521
380,513,396,513,396,523,380,523
243,516,258,516,258,526,243,526
258,516,270,516,270,523,258,523
244,529,313,526,313,538,245,541
326,541,348,541,348,551,326,551
348,543,366,543,366,551,348,551
268,545,305,545,305,553,268,553
305,545,325,545,325,553,305,553
380,555,400,555,400,565,380,565
370,556,383,556,383,565,370,565
260,558,283,558,283,568,260,568
243,560,256,560,256,566,243,566
430,568,460,568,460,578,430,578
383,570,400,570,400,578,383,578
243,573,251,573,251,583,243,583
258,573,270,573,270,580,258,580
244,588,314,585,315,595,245,598
379,599,419,597,420,608,380,610
326,600,350,600,350,610,326,610
350,600,373,600,373,610,350,610
305,601,325,601,325,610,305,610
245,603,263,603,263,613,245,613
263,603,273,603,273,611,263,611
430,611,443,611,443,621,430,621
443,611,461,611,461,621,443,621
370,613,381,613,381,623,370,623
383,613,401,613,401,623,383,623
243,631,314,629,315,640,243,642
313,645,328,645,328,655,313,655
328,645,363,645,363,655,328,655
266,646,286,646,286,656,266,656
288,646,313,646,313,656,288,656
243,648,265,648,265,656,243,656
373,658,386,658,386,666,373,666
385,658,405,658,405,666,385,666
241,661,258,661,258,671,241,671
258,661,283,661,283,671,258,671
435,671,466,671,466,681,435,681
373,673,385,673,385,683,373,683
385,673,405,673,405,683,385,683
241,676,258,676,258,686,241,686
258,676,276,676,276,686,258,686
243,695,263,695,263,710,243,710
263,698,276,698,276,708,263,708
306,698,320,698,320,706,306,706
433,706,451,706,451,718,433,718
451,706,470,706,470,716,451,716
240,709,265,713,263,725,238,722
305,711,325,711,325,721,305,721
326,711,350,711,350,720,326,720
265,713,288,713,288,723,265,723
286,713,303,713,303,721,286,721
455,726,471,726,471,738,455,738
433,728,453,728,453,738,433,738
281,731,298,731,298,743,281,743
321,731,345,731,345,741,321,741
240,733,263,733,263,745,240,745
263,733,281,733,281,743,263,743
298,733,320,733,320,743,298,743
435,745,455,745,455,756,435,756
455,745,475,745,475,756,455,756
350,748,371,748,371,760,350,760
261,750,293,750,293,760,261,760
293,750,308,750,308,760,293,760
240,751,261,751,261,760,240,760
436,763,455,763,455,773,436,773
455,763,475,763,475,773,455,773
291,766,313,766,313,776,291,776
243,768,276,768,276,776,243,776
276,768,290,768,290,776,276,776
286,787,358,785,358,796,286,798
260,788,276,788,276,798,260,798
241,805,296,805,296,818,241,818
313,805,335,805,335,816,313,816
335,805,368,805,368,816,335,816
295,806,310,806,310,816,295,816
240,826,265,826,265,838,240,838
265,828,288,828,288,838,265,838
451,843,480,843,480,853,451,853
236,845,265,845,265,856,236,856
265,845,286,845,286,856,265,856
288,845,310,845,310,855,288,855
266,863,290,863,290,875,266,875
290,863,313,863,313,873,290,873
240,865,266,865,266,876,240,876
435,880,463,880,463,895,435,895
264,884,374,880,375,894,265,898
410,883,423,883,423,896,410,896
421,883,436,883,436,895,421,895
465,883,481,883,481,893,465,893
228,885,243,885,243,896,228,896
243,883,261,883,261,898,243,898
376,883,405,883,405,898,376,898
346,900,428,903,428,915,346,913
296,905,316,905,316,915,296,915
316,905,345,905,345,915,316,915
356,955,458,955,458,973,356,973
270,956,356,956,356,975,270,975
