464,82,489,82,489,98,464,98
430,84,465,84,465,101,430,101
410,85,433,85,433,101,410,101
388,86,413,86,413,102,388,102
364,88,386,88,386,102,364,102
476,102,509,102,509,118,476,118
441,106,448,106,448,120,441,120
450,105,476,105,476,120,450,120
412,106,438,106,438,121,412,121
380,108,412,108,412,124,380,124
360,109,380,109,380,125,360,125
345,110,360,110,360,126,345,126
465,125,489,125,489,140,465,140
408,126,429,126,429,142,408,142
430,126,465,128,465,143,430,141
365,129,381,129,381,145,365,145
382,129,408,129,408,144,382,144
217,132,320,132,320,157,217,157
443,146,475,144,476,159,444,161
397,148,446,146,447,163,398,166
378,150,398,150,398,164,378,164
407,184,442,182,443,196,408,199
377,185,404,185,404,198,377,198
346,186,372,186,372,200,346,200
314,188,341,188,341,201,314,201
496,197,544,197,544,212,496,212
454,198,474,198,474,216,454,216
478,200,497,200,497,213,478,213
473,204,478,204,478,213,473,213
386,205,410,205,410,218,386,218
284,208,365,204,365,220,285,223
370,206,386,206,386,218,370,218
253,210,285,210,285,222,253,222
216,212,248,212,248,226,216,226
478,219,543,216,544,231,478,234
441,221,470,221,470,234,441,234
248,228,278,228,278,242,248,242
216,230,249,230,249,244,216,244
496,255,546,252,547,269,497,271
442,260,458,260,458,273,442,273
384,264,411,260,414,275,387,279
356,262,382,262,382,277,356,277
248,265,281,267,281,281,247,279
217,268,241,268,241,281,217,281
472,276,530,276,530,292,472,292
408,281,435,277,438,292,411,297
460,280,464,280,464,290,460,290
441,280,460,280,460,293,441,293
309,281,344,281,344,297,309,297
386,281,404,281,404,296,386,296
347,283,382,281,383,295,348,297
248,286,287,284,288,299,249,300
294,285,305,285,305,298,294,298
217,286,248,286,248,300,217,300
521,294,548,294,548,308,521,308
508,298,516,298,516,308,508,308
388,300,413,300,413,314,388,314
217,304,319,302,320,317,217,319
374,304,382,304,382,314,374,314
404,318,437,318,437,333,404,333
341,320,381,320,381,336,341,336
380,320,398,320,398,334,380,334
310,321,336,321,336,336,310,336
249,322,273,322,273,337,249,337
288,324,304,324,304,336,288,336
218,325,244,325,244,338,218,338
522,333,548,333,548,348,522,348
506,334,517,334,517,348,506,348
388,338,414,338,414,352,388,352
373,340,384,340,384,353,373,353
282,341,321,341,321,354,282,354
218,342,250,342,250,357,218,357
249,342,281,342,281,356,249,356
460,356,492,356,492,370,460,370
389,356,423,358,422,373,388,371
428,357,453,357,453,370,428,370
342,358,368,358,368,373,342,373
312,360,337,360,337,374,312,374
220,362,268,362,268,376,220,376
273,362,298,362,298,374,273,374
305,364,313,364,313,374,305,374
524,373,549,373,549,386,524,386
500,374,517,374,517,386,500,386
390,377,414,377,414,392,390,392
368,378,384,378,384,392,368,392
218,380,322,378,322,394,218,396
469,393,493,393,493,408,469,408
421,394,460,394,460,409,421,409
390,397,416,397,416,410,390,410
282,398,314,398,314,413,282,413
320,399,353,397,353,411,321,413
358,398,385,398,385,412,358,412
220,400,276,400,276,414,220,414
524,412,550,412,550,425,524,425
508,413,518,413,518,425,508,425
390,416,416,416,416,429,390,429
374,417,385,417,385,430,374,430
220,418,314,418,314,433,220,433
384,434,416,434,416,450,384,450
282,436,309,436,309,452,282,452
314,436,338,436,338,450,314,450
344,435,378,437,377,452,343,450
221,438,237,438,237,453,221,453
236,438,277,438,277,453,236,453
525,450,552,450,552,464,525,464
501,452,518,452,518,465,501,465
390,454,417,454,417,468,390,468
221,457,323,455,324,471,221,473
368,456,385,456,385,469,368,469
453,471,518,471,518,485,453,485
298,473,332,473,332,489,298,489
337,473,370,473,370,489,337,489
416,473,448,473,448,488,416,488
377,474,409,474,409,489,377,489
230,477,264,477,264,492,230,492
268,477,294,477,294,490,268,490
224,480,232,480,232,490,224,490
526,489,552,489,552,504,526,504
502,490,521,490,521,504,502,504
369,493,386,493,386,506,369,506
392,493,417,493,417,506,392,506
222,495,323,493,324,509,222,511
502,529,521,529,521,542,502,542
528,529,553,529,553,542,528,542
301,530,334,530,334,546,301,546
262,532,296,532,296,548,262,548
354,532,388,532,388,545,354,545
222,533,258,533,258,550,222,550
340,533,356,533,356,546,340,546
301,550,320,550,320,568,301,568
325,550,358,550,358,566,325,566
224,552,258,552,258,569,224,569
262,552,295,551,296,566,262,568
505,568,522,568,522,582,505,582
529,568,554,568,554,582,529,582
309,569,334,569,334,585,309,585
262,570,304,570,304,586,262,586
224,572,257,572,257,588,224,588
505,588,522,588,522,601,505,601
529,588,556,588,556,601,529,601
232,592,265,592,265,606,232,606
269,592,296,592,296,606,269,606
262,609,288,609,288,625,262,625
549,610,556,610,556,621,549,621
224,610,258,610,258,628,224,628
293,610,320,610,320,625,293,625
324,628,342,628,342,644,324,644
378,628,405,628,405,645,378,645
410,628,445,628,445,642,410,642
450,628,492,628,492,642,450,642
348,629,374,629,374,644,348,644
285,630,318,630,318,646,285,646
246,669,273,669,273,686,246,686
324,668,360,670,359,688,323,686
277,670,320,670,320,686,277,686
224,672,241,672,241,685,224,685
388,688,430,688,430,705,388,705
224,690,240,690,240,705,224,705
238,690,257,690,257,705,238,705
262,690,302,690,302,706,262,706
317,690,381,690,381,705,317,705
304,693,312,693,312,705,304,705
309,709,328,709,328,725,309,725
421,709,561,709,561,724,421,724
285,710,310,710,310,725,285,725
222,712,241,712,241,725,222,725
246,712,281,712,281,725,246,725
278,769,305,769,305,788,278,788
382,769,410,769,410,788,382,788
310,770,344,770,344,786,310,786
349,772,376,772,376,786,349,786
414,771,457,773,457,788,414,786
462,772,498,772,498,788,462,788
317,792,352,792,352,806,317,806
358,792,376,792,376,806,358,806
383,793,433,791,433,806,384,808
438,792,490,792,490,806,438,806
224,793,249,793,249,806,224,806
255,793,313,793,313,806,255,806
496,793,530,793,530,806,496,806
537,793,564,793,564,808,537,808
264,830,292,830,292,848,264,848
294,832,316,832,316,848,294,848
320,832,346,832,346,849,320,849
352,832,396,832,396,848,352,848
401,832,418,832,418,846,401,846
457,832,485,832,485,849,457,849
424,833,453,833,453,850,424,850
489,833,516,833,516,848,489,848
224,852,249,852,249,865,224,865
296,851,386,853,386,868,295,866
257,853,289,853,289,866,257,866
391,853,458,853,458,867,391,867
465,853,524,853,524,868,465,868
530,853,557,853,557,866,530,866
