384,166,414,166,414,186,384,186
414,168,445,168,445,188,414,188
445,169,468,169,468,189,445,189
466,170,485,170,485,189,466,189
485,170,514,170,514,190,485,190
514,172,537,172,537,192,514,192
537,172,567,174,566,195,536,193
592,178,600,178,600,194,592,194
565,178,592,178,592,196,565,196
394,193,413,193,413,213,394,213
413,196,440,196,440,214,413,214
440,196,477,196,477,216,440,216
504,200,512,200,512,216,504,216
516,198,528,198,528,216,516,216
477,200,502,200,502,217,477,217
532,200,561,200,561,220,532,220
562,202,590,202,590,221,562,221
221,202,352,205,351,240,220,237
405,220,425,220,425,240,405,240
428,221,457,221,457,242,428,242
458,224,485,224,485,244,458,244
490,226,498,226,498,242,490,242
504,224,547,229,545,250,501,244
546,227,578,229,576,248,545,246
428,248,452,248,452,268,428,268
452,247,552,252,551,274,451,269
344,290,377,290,377,309,344,309
384,293,406,293,406,312,384,312
413,293,446,293,446,313,413,313
452,296,496,296,496,316,452,316
214,309,256,309,256,330,214,330
264,311,306,312,305,332,263,330
304,311,406,316,405,338,303,333
413,320,442,320,442,338,413,338
441,321,462,321,462,338,441,338
520,323,622,327,621,347,519,342
213,333,256,333,256,354,213,354
254,336,294,336,294,354,254,354
500,347,632,352,631,371,499,366
212,382,244,382,244,402,212,402
251,381,296,387,293,408,248,402
389,393,412,393,412,410,389,410
417,394,450,392,451,411,418,414
488,397,508,397,508,416,488,416
577,398,620,398,620,418,577,418
558,400,577,400,577,417,558,417
210,408,234,408,234,426,210,426
241,409,281,409,281,429,241,429
289,409,320,409,320,430,289,430
328,413,362,416,361,434,327,431
389,412,431,417,428,440,386,434
437,417,469,417,469,437,437,437
478,424,485,424,485,437,478,437
496,422,537,422,537,442,496,442
209,430,341,438,339,458,208,449
397,442,420,442,420,460,397,460
426,442,457,442,457,461,426,461
564,449,588,449,588,466,564,466
586,450,626,450,626,466,586,466
209,457,241,457,241,476,209,476
248,457,269,457,269,478,248,478
278,461,301,461,301,478,278,478
308,462,349,462,349,482,308,482
208,480,339,485,338,505,207,499
394,490,424,490,424,508,394,508
422,492,456,492,456,509,422,509
562,498,586,498,586,516,562,516
592,500,625,500,625,517,592,517
205,528,248,528,248,549,205,549
256,530,297,530,297,552,256,552
305,532,346,532,346,553,305,553
374,536,414,536,414,557,374,557
354,537,372,537,372,553,354,553
552,548,585,548,585,565,552,565
592,549,624,549,624,566,592,566
204,552,246,552,246,574,204,574
254,554,296,554,296,577,254,577
302,557,314,557,314,576,302,576
324,558,365,558,365,580,324,580
600,574,612,574,612,589,600,589
202,578,245,578,245,600,202,600
252,580,305,580,305,601,252,601
313,582,344,582,344,602,313,602
550,596,590,598,589,615,549,612
589,598,622,598,622,616,589,616
212,604,254,604,254,624,212,624
261,606,294,606,294,626,261,626
548,621,581,621,581,638,548,638
588,624,621,624,621,641,588,641
200,628,242,628,242,649,200,649
250,629,281,629,281,650,250,650
289,633,322,633,322,652,289,652
557,648,586,648,586,664,557,664
586,648,621,648,621,666,586,666
278,656,320,656,320,677,278,677
328,657,349,657,349,677,328,677
357,659,390,661,389,680,356,678
396,661,429,661,429,682,396,682
436,664,478,664,478,684,436,684
486,665,538,668,537,688,485,686
264,730,296,730,296,752,264,752
304,732,346,732,346,753,304,753
353,736,386,736,386,756,353,756
393,736,426,736,426,757,393,757
433,738,488,744,486,763,431,758
492,742,536,742,536,764,492,764
192,757,224,757,224,776,192,776
232,756,305,759,305,779,231,776
312,760,353,760,353,778,312,778
361,762,385,762,385,781,361,781
393,763,455,765,454,784,392,782
461,766,482,766,482,785,461,785
482,766,526,768,525,787,481,785
532,772,574,772,574,789,532,789
581,772,615,774,614,794,580,791
240,808,273,808,273,828,240,828
280,808,304,808,304,829,280,829
310,809,342,809,342,829,310,829
350,812,404,812,404,832,350,832
412,813,432,813,432,833,412,833
480,816,513,816,513,836,480,836
440,817,473,817,473,836,440,836
520,820,553,820,553,838,520,838
186,833,220,833,220,852,186,852
218,834,228,834,228,849,218,849
229,833,269,833,269,852,229,852
278,834,392,837,391,856,278,853
400,840,441,840,441,858,400,858
440,841,478,841,478,858,440,858
489,841,563,845,562,864,488,861
568,848,601,848,601,865,568,865
