385,104,412,104,412,121,385,121
410,104,438,104,438,122,410,122
437,104,460,104,460,122,437,122
458,104,486,104,486,122,458,122
485,105,510,105,510,122,485,122
384,125,405,125,405,144,384,144
366,126,384,126,384,144,366,144
405,126,432,126,432,145,405,145
432,126,457,126,457,145,432,145
460,129,466,129,466,142,460,142
470,128,498,128,498,145,470,145
498,128,529,128,529,149,498,149
210,137,325,137,325,168,210,168
378,148,396,148,396,165,378,165
397,149,425,149,425,165,397,165
425,149,449,149,449,168,425,168
450,150,489,150,489,170,450,170
489,150,516,150,516,168,489,168
392,172,414,172,414,189,392,189
414,171,501,173,501,191,414,189
321,210,350,210,350,228,321,228
354,212,376,212,376,228,354,228
381,212,410,212,410,229,381,229
416,212,453,212,453,229,416,229
208,229,245,229,245,248,208,248
250,230,288,230,288,248,250,248
286,232,376,232,376,249,286,249
382,234,400,234,400,249,382,249
400,234,424,234,424,249,400,249
492,234,565,234,565,250,492,250
474,236,493,236,493,249,474,249
208,250,245,250,245,269,208,269
244,252,277,252,277,268,244,268
458,256,501,256,501,270,458,270
501,256,573,256,573,272,501,272
208,293,236,293,236,310,208,310
243,292,283,297,280,316,240,310
528,296,566,296,566,314,528,314
364,297,384,297,384,314,364,314
389,297,417,297,417,316,389,316
449,298,468,298,468,313,449,313
510,298,528,298,528,313,510,313
242,314,262,314,262,333,242,333
208,316,236,316,236,332,208,332
269,316,305,316,305,334,269,334
312,318,340,318,340,333,312,333
346,318,368,318,368,336,346,336
372,320,408,320,408,337,372,337
406,320,426,320,426,336,406,336
448,320,493,320,493,336,448,336
501,320,521,320,521,336,501,336
432,321,442,321,442,334,432,334
206,335,323,340,322,358,206,353
518,340,540,340,540,356,518,356
545,340,573,340,573,356,545,356
373,341,397,341,397,356,373,356
398,341,426,341,426,357,398,357
251,356,298,360,297,379,249,375
206,358,244,358,244,377,206,377
302,361,324,361,324,377,302,377
329,361,365,361,365,378,329,378
362,362,382,362,382,377,362,377
422,362,452,362,452,380,422,380
457,362,477,362,477,377,457,377
390,365,398,365,398,377,390,377
405,364,424,364,424,378,405,378
206,379,323,382,322,400,206,397
372,384,392,384,392,398,372,398
396,384,424,384,424,398,396,398
518,384,572,384,572,398,518,398
206,402,228,402,228,418,206,418
233,400,281,404,279,422,232,418
286,401,317,405,314,424,283,419
320,405,357,405,357,422,320,422
206,422,321,425,321,443,206,440
372,426,392,426,392,441,372,441
397,426,424,426,424,441,397,441
517,426,538,426,538,441,517,441
544,426,573,426,573,441,544,441
205,442,233,442,233,461,205,461
241,445,278,445,278,464,241,464
312,446,364,448,363,463,311,461
397,446,452,446,452,465,397,465
285,448,304,448,304,461,285,461
372,448,392,448,392,464,372,464
473,448,492,448,492,464,473,464
492,448,520,448,520,464,492,464
526,448,548,448,548,464,526,464
458,450,468,450,468,462,458,462
205,466,252,466,252,484,205,484
250,468,321,468,321,482,250,482
372,469,398,469,398,482,372,482
397,469,424,469,424,482,397,482
518,469,544,469,544,484,518,484
544,469,572,469,572,484,544,484
206,506,245,506,245,526,206,526
250,508,289,508,289,526,250,526
294,508,332,508,332,526,294,526
354,509,392,509,392,526,354,526
337,512,349,512,349,525,337,525
518,512,540,512,540,528,518,528
544,512,574,512,574,528,544,528
206,529,245,529,245,548,206,548
250,529,289,529,289,548,250,548
312,529,349,529,349,548,312,548
293,530,304,530,304,546,293,546
205,550,244,550,244,570,205,570
250,550,298,550,298,569,250,569
304,550,330,550,330,569,304,569
518,554,538,554,538,569,518,569
544,554,573,554,573,569,544,569
214,574,262,574,262,592,214,592
518,576,538,576,538,590,518,590
537,576,573,576,573,590,537,590
250,593,278,593,278,613,250,613
205,594,244,594,244,613,205,613
284,596,314,596,314,613,284,613
565,601,573,601,573,612,565,612
275,617,313,615,314,634,276,636
318,616,338,616,338,634,318,634
378,616,409,616,409,636,378,636
414,616,452,616,452,634,414,634
344,617,373,617,373,633,344,633
457,617,502,617,502,636,457,636
230,660,260,660,260,680,230,680
265,660,313,660,313,678,265,678
318,659,356,661,355,680,317,678
431,662,573,662,573,678,431,678
205,664,225,664,225,680,205,680
378,681,425,681,425,700,378,700
238,682,296,682,296,701,238,701
301,682,372,682,372,700,301,700
204,684,233,684,233,702,204,702
554,686,565,686,565,700,554,700
301,704,322,704,322,722,301,722
204,705,224,705,224,725,204,725
274,705,302,705,302,722,274,722
422,705,496,705,496,722,422,722
230,706,269,706,269,724,230,724
494,706,576,706,576,724,494,724
265,769,294,769,294,789,265,789
380,769,409,769,409,788,380,788
301,770,338,770,338,789,301,789
344,772,374,772,374,789,344,789
416,771,462,774,461,789,415,787
466,772,506,772,506,790,466,790
460,793,498,793,498,810,460,810
239,795,303,793,304,811,240,813
308,794,345,794,345,809,308,809
353,794,374,794,374,812,353,812
381,794,436,794,436,810,381,810
440,796,460,796,460,809,440,809
502,796,540,796,540,810,502,810
548,794,578,798,575,815,545,811
204,797,232,797,232,813,204,813
345,836,393,836,393,854,345,854
398,836,418,836,418,854,398,854
460,836,489,836,489,854,460,854
248,837,277,837,277,856,248,856
282,837,304,837,304,856,282,856
310,837,338,837,338,856,310,856
424,838,454,838,454,856,424,856
494,838,525,838,525,856,494,856
282,860,382,860,382,877,282,877
388,860,425,860,425,876,388,876
426,861,433,861,433,874,426,874
433,860,453,860,453,876,433,876
468,860,538,860,538,876,468,876
202,862,240,862,240,880,202,880
240,862,266,862,266,877,240,877
453,864,458,864,458,873,453,873
538,862,568,862,568,876,538,876
268,865,273,865,273,874,268,874
