170,126,210,126,210,144,170,144
212,126,242,126,242,144,212,144
66,141,90,141,90,160,66,160
250,144,290,144,290,162,250,162
105,145,138,145,138,160,105,160
141,145,173,145,173,161,141,161
233,146,246,146,246,160,233,160
293,145,334,149,332,164,292,160
176,149,184,149,184,161,176,161
184,148,205,148,205,164,184,164
209,148,220,148,220,161,209,161
126,162,165,162,165,178,126,178
102,164,124,164,124,178,102,178
168,164,202,164,202,180,168,180
215,163,270,166,269,181,214,178
272,164,312,164,312,181,272,181
134,182,158,182,158,197,134,197
168,182,210,182,210,200,168,200
210,182,242,182,242,200,210,200
245,184,276,184,276,198,245,198
134,210,166,210,166,225,134,225
204,212,234,212,234,225,204,225
236,212,276,212,276,226,236,226
169,213,201,213,201,225,169,225
114,228,142,228,142,240,114,240
141,229,177,229,177,241,141,241
288,229,324,229,324,244,288,244
178,230,208,230,208,241,178,241
216,230,241,230,241,242,216,242
248,230,286,230,286,242,248,242
166,246,184,246,184,258,166,258
190,246,221,246,221,258,190,258
229,248,246,248,246,260,229,260
254,249,269,249,269,258,254,258
62,268,101,268,101,280,62,280
101,267,134,270,133,283,100,280
62,285,90,285,90,297,62,297
62,302,84,302,84,314,62,314
85,304,104,304,104,314,85,314
61,339,91,341,90,353,60,351
90,342,112,342,112,356,90,356
319,343,344,341,345,354,320,356
228,344,242,344,242,354,228,354
280,344,320,344,320,356,280,356
61,360,89,360,89,373,61,373
92,360,127,362,126,375,91,373
129,361,160,361,160,374,129,374
161,361,197,361,197,374,161,374
60,380,77,380,77,392,60,392
78,380,102,380,102,393,78,393
306,382,324,382,324,397,306,397
324,382,349,382,349,400,324,400
60,401,82,401,82,413,60,413
85,402,125,402,125,414,85,414
60,420,76,420,76,433,60,433
77,420,101,420,101,433,77,433
308,422,325,422,325,436,308,436
325,422,352,422,352,441,325,441
84,440,114,440,114,456,84,456
58,441,81,441,81,454,58,454
116,442,142,442,142,454,116,454
144,442,174,442,174,454,144,454
58,461,74,461,74,474,58,474
76,461,100,461,100,474,76,474
310,464,353,464,353,482,310,482
57,481,74,481,74,497,57,497
76,480,114,484,112,500,74,497
114,484,160,484,160,497,114,497
161,485,188,485,188,497,161,497
56,504,74,504,74,518,56,518
74,504,100,504,100,518,74,518
312,505,328,505,328,520,312,520
329,505,354,505,354,522,329,522
90,525,120,525,120,540,90,540
56,526,88,526,88,540,56,540
122,526,152,526,152,540,122,540
154,526,180,528,179,541,153,539
74,548,98,548,98,561,74,561
313,548,332,548,332,564,313,564
332,548,357,548,357,566,332,566
54,549,73,549,73,562,54,562
144,570,177,570,177,585,144,585
54,572,77,572,77,585,54,585
81,572,109,572,109,585,81,585
112,572,141,572,141,585,112,585
72,593,97,593,97,608,72,608
316,593,333,593,333,606,316,606
333,593,360,593,360,610,333,610
54,594,72,594,72,608,54,608
188,633,214,633,214,648,188,648
309,633,334,633,334,646,309,646
336,633,360,633,360,646,336,646
149,633,187,636,186,651,148,648
216,633,255,637,254,650,215,646
180,656,216,656,216,672,180,672
217,657,256,657,256,670,217,670
337,680,361,680,361,694,337,694
217,681,252,681,252,697,217,697
310,681,336,681,336,694,310,694
180,681,215,684,214,699,178,696
312,704,336,704,336,718,312,718
338,704,362,704,362,718,338,718
154,705,182,705,182,720,154,720
185,706,224,706,224,720,185,720
225,706,253,706,253,720,225,720
192,730,221,730,221,745,192,745
221,732,253,732,253,744,221,744
246,753,280,753,280,769,246,769
171,758,210,753,212,770,173,775
212,754,246,756,245,772,211,770
50,758,77,758,77,772,50,772
76,758,109,758,109,772,76,772
109,758,136,758,136,772,109,772
136,760,172,760,172,770,136,770
238,792,266,792,266,810,238,810
265,792,286,792,286,805,265,805
137,793,170,793,170,808,137,808
192,793,209,793,209,806,192,806
210,793,237,793,237,808,210,808
172,796,190,796,190,806,172,806
211,815,267,813,268,829,212,830
269,814,292,814,292,828,269,828
132,815,190,815,190,830,132,830
192,816,209,816,209,832,192,832
