341,331,378,331,378,350,341,350
378,331,406,331,406,348,378,348
265,333,291,333,291,351,265,351
291,333,320,333,320,351,291,351
320,333,343,333,343,353,320,353
363,355,391,355,391,373,363,373
391,355,428,355,428,371,391,371
261,356,283,356,283,375,261,375
283,356,320,356,320,375,283,375
320,356,350,356,350,373,320,373
351,358,360,358,360,373,351,373
243,358,261,358,261,375,243,375
95,375,215,375,215,405,95,405
380,378,408,378,408,395,380,395
266,380,285,380,285,398,266,398
286,380,315,380,315,398,286,398
315,380,340,380,340,398,315,398
341,380,380,380,380,398,341,398
303,401,393,401,393,421,303,421
281,403,306,403,306,423,281,423
210,445,240,445,240,463,210,463
245,445,275,445,275,461,245,461
280,445,311,445,311,461,280,461
315,445,355,445,355,461,315,461
421,463,469,461,470,478,421,480
368,463,390,463,390,481,368,481
395,465,423,465,423,481,395,481
175,466,221,466,221,485,175,485
390,468,395,468,395,480,390,480
138,468,175,468,175,485,138,485
221,470,230,470,230,483,221,483
228,468,266,468,266,483,228,483
273,468,293,468,293,483,273,483
291,468,318,468,318,483,291,483
93,470,131,470,131,486,93,486
422,485,469,482,470,500,423,502
396,485,425,485,425,501,396,501
353,486,398,486,398,503,353,503
131,490,166,490,166,506,131,506
93,491,131,491,131,508,93,508
435,525,471,525,471,545,435,545
416,531,428,531,428,545,416,545
256,531,286,531,286,548,256,548
291,531,320,531,320,550,291,550
353,531,371,531,371,546,353,546
130,532,170,534,169,552,129,549
95,535,125,535,125,551,95,551
416,550,455,550,455,568,416,568
345,551,411,551,411,568,345,568
176,553,213,553,213,571,176,571
256,552,296,554,294,572,255,569
300,553,336,553,336,570,300,570
220,555,250,555,250,571,220,571
95,556,135,556,135,573,95,573
140,556,170,556,170,573,140,573
443,571,473,571,473,588,443,588
293,575,321,575,321,591,293,591
133,576,178,576,178,595,133,595
178,576,215,576,215,593,178,593
276,578,285,578,285,591,276,591
95,578,135,578,135,595,95,595
381,593,418,593,418,613,381,613
418,593,455,593,455,610,418,610
233,596,278,596,278,615,233,615
285,596,330,596,330,615,285,615
336,596,376,596,376,613,336,613
96,600,153,600,153,618,96,618
160,600,188,600,188,616,160,616
195,600,215,600,215,616,195,616
221,600,235,600,235,616,221,616
445,615,475,615,475,631,445,631
420,616,440,616,440,633,420,633
293,618,323,618,323,635,293,635
268,620,288,620,288,636,268,636
96,621,188,621,188,640,96,640
186,621,216,621,216,638,186,638
446,660,476,660,476,676,446,676
188,661,226,661,226,681,188,681
418,661,440,661,440,676,418,676
143,663,181,663,181,683,143,683
250,663,288,663,288,680,250,680
98,665,136,665,136,683,98,683
233,665,251,665,251,681,233,681
215,683,255,683,255,703,215,703
468,685,476,685,476,696,468,696
188,685,210,685,210,705,188,705
98,686,138,686,138,706,98,706
143,686,181,686,181,705,143,705
448,703,478,703,478,721,448,721
421,705,441,705,441,721,421,721
196,708,226,705,228,724,198,727
98,708,136,708,136,728,98,728
142,709,193,706,193,726,143,728
413,726,443,726,443,743,413,743
448,726,478,726,478,743,448,743
108,731,146,731,146,750,108,750
151,733,181,733,181,750,151,750
423,750,445,750,445,766,423,766
450,750,480,750,480,765,450,765
143,751,173,751,173,771,143,771
98,753,138,753,138,773,98,773
180,755,210,755,210,771,180,771
215,773,235,773,235,793,215,793
278,773,310,773,310,793,278,793
315,773,353,773,353,790,315,790
360,773,406,773,406,790,360,790
241,775,273,775,273,791,241,791
171,776,208,776,208,793,171,793
280,840,311,840,311,860,280,860
163,841,191,841,191,861,163,861
198,841,236,841,236,861,198,861
243,841,273,841,273,860,243,860
316,841,365,843,364,860,316,858
370,841,410,841,410,860,370,860
341,864,401,861,402,879,341,882
406,863,446,863,446,880,406,880
453,863,481,863,481,880,453,880
281,865,338,865,338,881,281,881
206,866,228,866,228,883,206,883
226,866,246,866,246,883,226,883
253,866,275,866,275,883,253,883
136,868,201,868,201,886,136,886
100,870,128,870,128,886,100,886
363,908,395,908,395,926,363,926
245,910,295,910,295,928,245,928
300,910,320,910,320,926,300,926
326,910,358,910,358,926,326,926
400,910,430,910,430,926,400,926
181,911,205,911,205,931,181,931
210,911,238,911,238,930,210,930
145,913,175,913,175,931,145,931
336,931,365,931,365,950,336,950
373,931,428,931,428,948,373,948
428,933,438,933,438,948,428,948
181,936,284,932,285,951,181,955
290,933,330,933,330,950,290,950
330,935,336,935,336,946,330,946
445,933,476,933,476,948,445,948
98,938,128,938,128,955,98,955
130,940,136,940,136,953,130,953
136,938,166,938,166,955,136,955
166,941,171,941,171,951,166,951
