353,92,380,92,380,109,353,109
379,92,407,94,406,112,377,110
406,94,462,94,462,113,406,113
462,96,489,96,489,114,462,114
489,96,513,96,513,114,489,114
350,116,368,116,368,133,350,133
368,115,424,118,423,136,367,133
423,117,464,122,462,139,421,134
464,120,489,120,489,136,464,136
489,120,513,120,513,136,489,136
194,122,310,127,309,158,193,153
362,140,380,140,380,156,362,156
381,140,409,140,409,158,381,158
409,141,434,141,434,160,409,160
435,141,474,145,472,164,432,160
473,142,500,142,500,161,473,161
374,162,451,164,450,183,374,181
449,165,484,165,484,184,449,184
302,200,332,200,332,218,302,218
337,202,357,202,357,220,337,220
362,202,392,202,392,221,362,221
396,205,434,205,434,222,396,222
189,216,226,216,226,234,189,234
232,218,268,218,268,236,232,236
268,218,357,224,355,243,266,237
361,226,405,226,405,242,361,242
454,229,544,229,544,245,454,245
188,237,225,237,225,256,188,256
230,240,257,240,257,254,230,254
225,242,232,242,232,254,225,254
438,249,482,249,482,266,438,266
480,250,553,250,553,268,480,268
186,280,214,280,214,298,186,298
221,279,261,285,259,304,219,298
341,289,361,289,361,305,341,305
365,292,395,289,397,307,367,310
428,293,445,293,445,308,428,308
488,293,542,293,542,310,488,310
185,302,229,302,229,318,185,318
229,305,250,305,250,321,229,321
256,306,293,306,293,325,256,325
297,309,326,309,326,326,297,326
332,308,380,313,378,331,330,326
382,312,402,312,402,330,382,330
409,313,436,313,436,330,409,330
442,316,477,316,477,330,442,330
486,316,530,316,530,332,486,332
184,321,299,330,298,348,183,339
349,334,368,334,368,348,349,348
374,334,402,334,402,350,374,350
444,340,452,340,452,352,444,352
494,338,520,338,520,353,494,353
520,338,549,338,549,354,520,354
184,345,205,345,205,362,184,362
210,346,256,350,255,365,209,361
484,358,520,360,519,376,483,374
518,360,548,360,548,377,518,377
182,366,221,366,221,384,182,384
226,372,246,372,246,388,226,388
253,372,297,372,297,388,253,388
305,372,333,372,333,390,305,390
338,376,376,376,376,393,338,393
381,375,418,378,417,396,380,393
181,386,299,393,298,411,180,404
348,398,365,398,365,412,348,412
370,398,400,398,400,414,370,414
440,402,449,402,449,416,440,416
490,402,512,402,512,418,490,418
516,404,545,404,545,418,516,418
181,428,220,430,219,449,180,447
225,432,262,432,262,452,225,452
268,434,306,434,306,453,268,453
312,438,328,438,328,453,312,453
329,438,365,438,365,456,329,456
489,446,514,446,514,461,489,461
514,446,544,446,544,461,514,461
181,449,219,451,218,471,180,469
225,453,262,453,262,473,225,473
268,457,277,457,277,472,268,472
285,456,322,456,322,474,285,474
522,469,533,469,533,481,522,481
180,472,218,472,218,492,180,492
224,473,271,475,270,495,223,493
276,477,304,477,304,496,276,496
486,488,513,488,513,504,486,504
513,489,542,489,542,505,513,505
188,494,226,494,226,513,188,513
232,498,260,498,260,516,232,516
486,509,508,509,508,525,486,525
512,510,541,510,541,526,512,526
178,514,217,514,217,534,178,534
222,517,250,517,250,536,222,536
256,520,285,520,285,537,256,537
530,536,538,536,538,546,530,546
246,540,282,540,282,558,246,558
289,540,308,540,308,558,289,558
314,543,343,545,342,562,313,559
348,544,377,544,377,562,348,562
381,545,418,545,418,564,381,564
424,549,469,549,469,568,424,568
176,580,196,580,196,597,176,597
201,580,229,580,229,598,201,598
234,581,282,583,281,601,233,599
287,582,325,585,323,604,285,601
397,590,511,596,510,611,396,605
509,597,536,597,536,612,509,612
174,601,202,601,202,618,174,618
208,601,264,604,263,623,207,620
268,604,339,606,338,624,267,622
344,605,390,609,389,628,342,625
173,622,210,622,210,641,173,641
216,622,254,624,253,643,214,641
258,625,288,625,288,645,258,645
293,628,338,628,338,646,293,646
344,630,381,630,381,648,344,648
518,642,528,642,528,656,518,656
172,642,192,642,192,661,172,661
197,645,234,645,234,662,197,662
240,646,286,646,286,665,240,665
385,651,537,661,535,680,384,670
228,710,256,710,256,729,228,729
262,712,298,712,298,732,262,732
305,716,334,716,334,734,305,734
340,716,369,716,369,736,340,736
374,719,422,722,421,740,373,737
426,722,464,722,464,742,426,742
166,732,194,732,194,749,166,749
201,732,264,735,263,753,200,750
269,737,289,737,289,754,269,754
288,737,305,737,305,754,288,754
312,738,333,738,333,756,312,756
340,739,394,742,393,760,339,757
398,744,418,744,418,761,398,761
417,743,455,745,454,763,416,761
460,746,498,750,497,766,458,762
504,749,535,753,532,772,501,767
206,777,236,777,236,796,206,796
241,778,262,778,262,797,241,797
268,780,296,780,296,798,268,798
302,781,349,781,349,801,302,801
354,784,374,784,374,802,354,802
380,788,410,788,410,805,380,805
414,788,445,788,445,806,414,806
450,792,480,792,480,809,450,809
161,798,189,798,189,813,161,813
189,800,197,800,197,813,189,813
197,797,226,800,225,818,196,815
238,800,339,805,338,823,238,818
225,805,230,805,230,814,225,814
344,806,390,809,389,827,343,823
388,809,414,809,414,825,388,825
422,810,487,814,486,831,421,827
492,816,522,818,521,833,491,831
