207,101,362,101,362,123,207,123
373,103,461,104,461,125,373,123
334,140,377,140,377,160,334,160
229,142,270,140,271,161,230,163
276,141,326,141,326,161,276,161
384,141,428,141,428,160,384,160
433,141,490,141,490,160,433,160
172,141,227,143,226,164,171,162
13,184,49,184,49,204,13,204
161,229,237,229,237,266,161,266
336,229,409,229,409,265,336,265
416,230,516,227,517,264,417,267
246,232,326,232,326,266,246,266
576,277,609,277,609,302,576,302
490,280,573,280,573,304,490,304
189,281,224,281,224,305,189,305
256,281,313,281,313,305,256,305
360,281,414,281,414,305,360,305
420,281,461,281,461,310,420,310
79,282,149,288,147,313,77,307
609,285,628,285,628,304,609,304
22,285,73,285,73,308,22,308
465,321,502,321,502,346,465,346
11,325,221,322,221,348,12,351
397,322,461,322,461,350,397,350
225,324,290,324,290,348,225,348
360,324,392,324,392,348,360,348
297,329,356,329,356,352,297,352
601,358,649,358,649,382,601,382
565,361,606,361,606,385,565,385
387,363,474,361,475,389,388,391
240,365,292,365,292,385,240,385
597,405,638,403,639,427,599,430
530,403,597,408,595,435,527,430
408,408,458,408,458,434,408,434
462,408,525,408,525,433,462,433
343,409,405,412,403,439,341,435
7,415,221,411,221,438,8,441
225,412,292,412,292,437,225,437
297,412,337,412,337,441,297,441
570,446,658,442,659,471,571,474
430,449,480,449,480,474,430,474
392,452,434,452,434,477,392,477
241,454,293,454,293,474,241,474
172,458,181,458,181,473,172,473
0,509,64,515,62,546,-2,541
65,513,109,513,109,540,65,540
210,517,228,517,228,537,210,537
620,538,670,538,670,564,620,564
582,540,625,540,625,569,582,569
0,550,65,554,63,586,-1,582
69,553,139,556,138,584,68,581
621,584,670,584,670,610,621,610
565,586,625,586,625,614,565,614
324,592,384,592,384,617,324,617
63,593,150,592,150,619,64,621
-1,595,58,593,59,621,0,624
156,596,205,596,205,618,156,618
617,633,668,629,670,655,619,659
566,633,622,633,622,661,566,661
50,642,89,642,89,670,50,670
129,642,201,642,201,669,129,669
92,644,125,644,125,670,92,670
0,645,48,645,48,673,0,673
468,692,662,687,663,713,469,718
131,701,387,693,388,721,132,729
392,694,464,694,464,725,392,725
37,700,74,700,74,730,37,730
78,701,128,701,128,728,78,728
392,740,445,740,445,766,392,766
316,742,386,742,386,773,316,773
261,745,310,745,310,769,261,769
483,772,561,768,562,791,484,794
566,772,574,772,574,785,566,785
397,774,426,774,426,797,397,797
432,774,480,774,480,797,432,797
342,777,392,777,392,802,342,802
253,780,284,780,284,802,253,802
290,780,338,780,338,801,290,801
153,782,208,782,208,806,153,806
105,784,148,784,148,808,105,808
214,785,248,785,248,804,214,804
