149,197,194,197,194,220,149,220
199,198,260,202,259,224,197,221
329,201,384,203,383,228,328,226
385,206,428,203,430,225,386,228
260,205,329,208,329,227,259,225
81,225,113,225,113,244,81,244
122,225,161,225,161,245,122,245
164,225,230,234,227,254,162,246
232,230,276,230,276,252,232,252
280,231,368,233,367,254,279,252
372,234,411,232,412,253,373,255
80,255,130,258,129,278,79,275
132,260,170,260,170,280,132,280
172,260,203,263,202,282,170,279
205,264,256,264,256,284,205,284
78,285,106,285,106,304,78,304
110,285,223,290,222,312,109,306
237,292,272,292,272,312,237,312
273,293,384,295,383,315,273,313
78,312,118,312,118,332,78,332
121,316,189,316,189,337,121,337
190,317,220,317,220,337,190,337
217,318,240,318,240,337,217,337
256,318,355,321,354,341,255,338
74,342,110,342,110,361,74,361
113,339,160,349,156,370,108,360
246,349,270,349,270,366,246,366
296,350,328,350,328,369,296,369
357,352,384,352,384,370,357,370
394,352,456,352,456,370,394,370
458,352,493,352,493,372,458,372
82,370,132,376,130,398,79,392
64,374,81,374,81,390,64,390
132,376,173,376,173,396,132,396
176,377,221,377,221,397,176,397
264,384,270,384,270,396,264,396
304,382,316,382,316,398,304,398
318,382,353,382,353,401,318,401
429,384,442,384,442,401,429,401
444,384,490,384,490,402,444,402
373,385,385,385,385,400,373,400
62,402,89,402,89,421,62,421
93,404,136,404,136,422,93,422
138,405,174,405,174,425,138,425
176,406,201,406,201,425,176,425
290,409,313,409,313,429,290,429
317,410,353,410,353,429,317,429
373,413,384,413,384,428,373,428
416,413,438,413,438,430,416,430
444,413,490,413,490,432,444,432
60,425,110,431,107,454,57,448
111,429,159,435,156,457,108,451
260,438,272,438,272,454,260,454
409,441,436,441,436,460,409,460
438,442,488,442,488,461,438,461
58,460,109,462,109,482,58,480
109,462,156,462,156,482,109,482
158,464,194,464,194,484,158,484
197,464,250,469,248,489,195,484
461,473,488,473,488,492,461,492
56,487,107,493,104,517,54,511
106,494,133,494,133,514,106,514
134,497,185,497,185,516,134,516
189,498,236,498,236,517,189,517
408,504,434,504,434,522,408,522
437,504,488,504,488,524,437,524
164,529,220,529,220,557,164,557
114,532,160,532,160,556,114,556
265,533,309,533,309,558,265,558
313,532,405,534,405,562,312,559
222,534,262,534,262,558,222,558
