342,264,378,264,378,284,342,284
296,266,340,266,340,286,296,286
143,269,182,267,183,287,144,289
185,269,237,269,237,288,185,288
236,270,270,270,270,285,236,285
268,270,296,270,296,288,268,288
289,289,329,289,329,308,289,308
332,289,365,289,365,308,332,308
214,292,252,292,252,310,214,310
253,292,288,292,288,309,253,309
124,293,156,293,156,312,124,312
157,293,211,294,210,312,156,310
89,294,116,294,116,313,89,313
89,320,130,320,130,337,89,337
132,321,164,321,164,337,132,337
165,320,191,322,190,337,164,335
191,322,231,320,232,335,192,338
250,342,343,340,344,358,250,360
218,342,248,342,248,358,218,358
89,344,113,344,113,362,89,362
114,343,209,343,209,361,114,361
181,365,205,365,205,382,181,382
205,365,225,365,225,380,205,380
237,365,320,365,320,382,237,382
89,366,124,366,124,384,89,384
124,369,178,365,179,381,125,386
405,386,433,386,433,401,405,401
324,388,346,388,346,405,324,405
348,388,404,388,404,402,348,402
230,389,249,389,249,404,230,404
270,389,297,389,297,402,270,402
88,392,116,392,116,405,88,405
117,392,154,392,154,408,117,408
374,413,394,413,394,428,374,428
396,413,433,413,433,428,396,428
269,414,290,414,290,429,269,429
290,414,320,414,320,429,290,429
337,414,348,414,348,429,337,429
101,416,124,416,124,433,101,433
173,416,205,416,205,433,173,433
245,417,254,417,254,430,245,430
78,417,101,417,101,433,78,433
205,417,217,417,217,430,205,430
124,420,172,420,172,434,124,434
369,437,392,437,392,453,369,453
392,437,434,437,434,454,392,454
76,436,118,440,117,460,74,456
118,439,158,441,157,457,118,455
244,440,254,440,254,454,244,454
413,462,436,462,436,478,413,478
191,463,235,467,234,483,189,479
118,465,157,465,157,481,118,481
160,465,189,465,189,481,160,481
77,466,118,466,118,484,77,484
393,488,437,488,437,505,393,505
370,489,393,489,393,506,370,506
77,490,121,493,119,512,76,509
186,492,225,492,225,508,186,508
118,493,140,493,140,509,118,509
141,493,182,493,182,508,141,508
292,519,369,517,369,539,293,541
168,520,214,520,214,542,168,542
252,520,289,520,289,541,252,541
217,524,249,524,249,541,217,541
128,525,165,525,165,544,128,544
