366,159,417,156,417,172,366,175
272,162,362,159,363,177,273,180
400,182,434,182,434,194,400,194
345,184,370,184,370,198,345,198
372,184,398,184,398,196,372,196
286,186,310,186,310,201,286,201
313,186,342,186,342,200,313,200
265,188,285,188,285,202,265,202
257,190,266,190,266,201,257,201
161,212,188,212,188,224,161,224
392,234,448,231,449,253,393,256
348,236,389,236,389,257,348,257
252,237,294,237,294,261,252,261
297,241,343,237,345,258,299,261
480,258,510,256,511,271,481,273
433,260,480,260,480,274,433,274
394,262,417,262,417,280,394,280
361,265,392,265,392,278,361,278
305,266,336,266,336,281,305,281
269,268,289,268,289,282,269,282
178,270,206,270,206,285,178,285
209,269,248,272,247,287,208,284
460,282,478,282,478,297,460,297
413,285,456,285,456,298,413,298
377,289,410,285,411,300,378,303
341,287,377,289,377,304,340,302
198,292,278,290,278,305,198,307
309,292,340,292,340,304,309,304
173,293,200,293,200,308,173,308
280,293,306,293,306,305,280,305
399,308,426,306,427,321,400,323
388,309,398,309,398,322,388,322
200,312,237,314,237,329,199,327
238,313,257,313,257,328,238,328
173,314,198,314,198,329,173,329
497,324,525,324,525,337,497,337
476,325,496,325,496,340,476,340
386,331,426,327,427,343,388,346
302,334,322,334,322,345,302,345
173,336,198,336,198,350,173,350
200,336,233,336,233,349,200,349
466,350,486,350,486,365,466,365
454,354,464,354,464,366,454,366
410,354,449,354,449,369,410,369
382,356,409,356,409,370,382,370
354,357,381,357,381,372,354,372
172,362,279,358,280,374,173,378
282,360,313,360,313,374,282,374
316,360,353,360,353,374,316,374
404,376,430,376,430,392,404,392
392,378,406,378,406,393,392,393
201,381,239,383,238,400,200,398
240,382,262,382,262,398,240,398
173,384,200,384,200,400,173,400
502,393,530,393,530,408,502,408
481,396,504,396,504,410,481,410
404,398,430,398,430,414,404,414
392,401,405,401,405,416,392,416
300,404,329,404,329,416,300,416
253,405,272,405,272,417,253,417
173,406,198,406,198,421,173,421
201,406,234,406,234,421,201,421
413,424,434,424,434,438,413,438
367,427,410,425,411,440,368,443
285,430,323,428,324,443,286,446
325,429,365,429,365,444,325,444
200,433,282,429,283,445,201,449
174,434,202,434,202,449,174,449
408,446,434,446,434,461,408,461
396,449,406,449,406,462,396,462
242,454,265,454,265,470,242,470
174,456,201,456,201,473,174,473
202,455,240,456,239,472,202,470
484,468,534,464,535,480,485,484
396,470,434,470,434,486,396,486
302,476,332,476,332,488,302,488
254,477,273,477,273,490,254,490
202,478,236,478,236,494,202,494
174,480,201,480,201,497,174,497
440,494,476,494,476,510,440,510
478,494,500,494,500,508,478,508
400,498,437,498,437,513,400,513
352,498,399,500,398,516,351,514
334,501,349,501,349,516,334,516
288,502,334,502,334,518,288,518
174,507,286,503,287,521,174,525
413,520,441,520,441,537,413,537
400,521,414,521,414,537,400,537
204,528,243,530,242,547,203,545
244,529,265,529,265,546,244,546
173,532,202,529,203,546,175,548
514,538,544,538,544,556,514,556
492,540,516,540,516,556,492,556
413,544,441,544,441,561,413,561
398,546,414,546,414,561,398,561
306,549,336,549,336,562,306,562
256,552,276,552,276,565,256,565
204,553,237,553,237,569,204,569
174,554,201,554,201,572,174,572
417,572,438,572,438,589,417,589
364,573,407,575,406,591,363,589
298,577,345,575,345,591,299,593
346,576,362,576,362,592,346,592
175,584,298,577,299,595,176,602
496,592,521,592,521,609,496,609
518,592,549,592,549,608,518,608
416,596,445,596,445,613,416,613
394,597,417,597,417,613,394,613
306,601,337,601,337,614,306,614
282,638,302,638,302,653,282,653
210,640,236,640,236,657,210,657
169,640,211,642,210,661,168,659
525,648,556,645,558,663,526,666
494,649,529,649,529,665,494,665
168,664,210,664,210,684,168,684
210,663,251,664,250,683,210,681
496,683,559,680,560,700,497,702
209,697,241,697,241,716,209,716
166,697,210,699,209,720,165,718
498,710,562,707,563,726,498,729
357,717,394,717,394,734,357,734
257,719,289,717,290,737,258,739
204,723,257,720,258,739,205,741
166,724,204,724,204,742,166,742
265,764,371,759,372,778,266,784
253,766,265,766,265,782,253,782
200,768,234,768,234,786,200,786
173,769,198,769,198,788,173,788
268,793,290,793,290,810,268,810
234,794,268,794,268,813,234,813
201,796,232,796,232,814,201,814
173,798,200,798,200,818,173,818
549,806,568,806,568,822,549,822
172,826,217,826,217,845,172,845
218,828,261,826,261,840,218,842
542,836,572,836,572,853,542,853
528,837,542,837,542,854,528,854
258,852,298,852,298,870,258,870
218,854,257,854,257,872,218,872
172,856,217,856,217,874,172,874
261,881,301,881,301,898,261,898
221,884,260,884,260,901,221,901
174,884,220,886,219,905,173,903
520,894,575,889,577,909,521,914
228,905,291,907,290,929,227,927
289,908,324,905,326,923,291,926
325,906,360,906,360,925,325,925
174,910,205,910,205,929,174,929
205,912,226,912,226,928,205,928
453,936,574,928,575,946,454,954
247,946,405,938,406,957,248,966
406,940,453,940,453,958,406,958
190,946,213,946,213,966,190,966
214,948,246,948,246,965,214,965
408,964,440,964,440,980,408,980
360,968,405,968,405,984,360,984
326,970,357,970,357,984,326,984
463,980,511,979,512,993,464,994
432,982,461,982,461,997,432,997
409,984,429,984,429,997,409,997
377,985,408,985,408,1000,377,1000
344,988,374,988,374,1000,344,1000
321,989,341,989,341,1001,321,1001
262,992,296,992,296,1002,262,1002
298,990,318,990,318,1001,298,1001
233,993,258,993,258,1002,233,1002
