344,254,419,250,420,274,345,278
206,256,338,253,339,278,206,282
394,290,444,290,444,310,394,310
353,292,390,292,390,312,353,312
313,293,349,293,349,314,313,314
228,297,262,295,263,315,229,317
266,296,309,296,309,314,266,314
181,297,227,299,226,320,180,318
46,334,81,334,81,353,46,353
381,369,464,369,464,401,381,401
316,372,376,372,376,405,316,405
177,377,240,377,240,412,177,412
244,380,309,376,311,406,245,410
514,404,557,404,557,426,514,426
441,410,510,407,511,428,443,431
380,419,415,409,421,431,387,441
336,417,381,417,381,437,336,437
254,420,300,420,300,440,254,440
201,424,229,424,229,442,201,442
115,425,170,428,168,450,113,446
69,428,110,428,110,448,69,448
506,440,537,440,537,461,506,461
486,442,498,442,498,461,486,461
437,446,482,443,483,464,438,466
348,448,398,446,399,469,349,471
402,448,434,448,434,468,402,468
266,452,346,452,346,476,266,476
63,462,226,455,227,476,64,483
230,458,265,458,265,476,230,476
534,472,576,472,576,493,534,493
502,474,538,474,538,496,502,496
390,480,430,480,430,501,390,501
360,481,393,481,393,504,360,504
240,488,282,488,282,505,240,505
378,520,408,520,408,540,378,540
313,525,372,518,374,540,316,548
261,526,312,526,312,546,261,546
97,531,215,527,216,549,98,553
217,528,257,528,257,550,217,550
60,533,98,533,98,554,60,554
538,544,581,544,581,568,538,568
508,548,544,548,544,570,508,570
393,550,434,550,434,574,393,574
362,554,397,554,397,577,362,577
242,558,285,558,285,577,242,577
186,562,198,562,198,578,186,578
50,609,107,611,106,637,50,635
108,612,137,612,137,633,108,633
221,612,233,612,233,629,221,629
548,622,592,622,592,646,548,646
505,626,553,626,553,650,505,650
51,640,106,644,104,671,49,667
108,644,163,646,162,668,107,666
552,662,596,662,596,686,552,686
506,666,557,666,557,689,506,689
308,670,357,670,357,694,308,694
172,674,214,672,215,695,173,698
49,676,98,676,98,701,49,701
100,678,170,676,171,698,101,700
553,702,597,702,597,728,553,728
520,704,557,704,557,730,520,730
150,717,209,717,209,741,150,741
89,720,118,720,118,742,89,742
50,720,85,720,85,744,50,744
120,721,148,721,148,741,120,741
428,757,594,752,595,778,429,783
148,768,361,759,362,785,149,794
364,760,426,760,426,789,364,789
74,768,104,768,104,793,74,793
106,769,146,769,146,793,106,793
365,801,410,801,410,828,365,828
300,804,361,804,361,833,300,833
254,806,297,806,297,830,254,830
444,833,514,829,515,854,445,857
399,836,442,834,443,859,400,861
369,837,397,837,397,860,369,860
324,837,366,837,366,864,324,864
248,840,274,840,274,861,248,861
278,840,321,840,321,861,278,861
165,841,210,841,210,864,165,864
126,842,161,842,161,864,126,864
216,845,244,845,244,862,216,862
