198,145,260,145,260,168,198,168
261,146,285,146,285,170,261,170
305,195,330,195,330,210,305,210
330,196,366,196,366,210,330,210
168,196,186,196,186,211,168,211
130,198,148,198,148,213,130,213
150,198,168,198,168,213,150,213
286,213,301,213,301,230,286,230
311,213,335,213,335,228,311,228
336,213,368,213,368,228,336,228
150,215,168,215,168,231,150,231
170,215,190,215,190,230,170,230
190,215,205,215,205,230,190,230
261,215,288,215,288,230,261,230
130,216,150,216,150,231,130,231
318,230,336,230,336,245,318,245
336,230,370,230,370,246,336,246
293,231,318,231,318,248,293,248
273,233,293,233,293,248,273,248
330,248,371,248,371,261,330,261
132,253,174,251,175,267,133,269
178,251,191,251,191,265,178,265
296,266,373,263,373,279,296,282
133,270,176,270,176,286,133,286
178,270,193,270,193,285,178,285
333,283,375,283,375,298,333,298
203,286,231,286,231,301,203,301
165,288,183,288,183,305,165,305
183,288,203,288,203,303,183,303
135,290,163,290,163,306,135,306
350,320,378,320,378,335,350,335
335,321,353,321,353,336,335,336
189,325,244,323,245,339,190,342
265,323,288,323,288,340,265,340
135,328,165,328,165,343,135,343
306,350,349,347,350,367,306,369
218,350,250,350,250,368,218,368
168,351,211,351,211,370,168,370
256,351,271,351,271,366,256,366
270,351,301,351,301,366,270,366
350,395,385,395,385,411,350,411
270,398,285,398,285,413,270,413
286,400,295,400,295,415,286,415
295,398,318,398,318,415,295,415
220,400,255,400,255,416,220,416
155,403,173,403,173,420,155,420
141,406,153,406,153,421,141,421
228,426,266,426,266,443,228,443
266,426,301,426,301,443,266,443
280,445,303,445,303,461,280,461
228,446,241,446,241,465,228,465
243,446,256,446,256,465,243,465
258,446,278,446,278,463,258,463
368,461,390,461,390,478,368,478
335,463,370,463,370,480,335,480
173,470,198,470,198,488,173,488
142,473,172,470,174,488,143,490
366,481,391,481,391,498,366,498
175,490,198,490,198,508,175,508
143,491,163,491,163,510,143,510
166,495,173,495,173,506,166,506
371,500,393,500,393,516,371,516
336,501,373,501,373,518,336,518
143,513,169,510,171,528,145,530
370,520,395,520,395,536,370,536
146,531,165,531,165,550,146,550
370,540,396,540,396,555,370,555
146,550,171,550,171,568,146,568
173,550,196,550,196,566,173,566
376,558,398,558,398,576,376,576
342,561,376,558,377,576,343,579
148,570,176,570,176,586,148,586
313,581,333,581,333,598,313,598
288,583,311,583,311,600,288,600
241,585,261,585,261,601,241,601
263,585,286,585,286,600,263,600
215,586,240,586,240,603,215,603
241,605,266,605,266,623,241,623
150,606,171,606,171,626,150,626
380,618,403,618,403,636,380,636
346,620,383,620,383,636,346,636
181,628,206,628,206,645,181,645
150,630,180,630,180,646,150,646
380,638,405,638,405,655,380,655
180,650,206,647,208,664,182,667
150,650,171,650,171,670,150,670
173,651,181,651,181,666,173,666
349,661,386,658,387,676,350,679
386,660,406,660,406,676,386,676
150,671,176,671,176,688,150,688
383,680,408,680,408,696,383,696
151,691,171,691,171,710,151,710
385,700,411,700,411,718,385,718
178,710,205,710,205,730,178,730
151,713,178,713,178,731,151,731
355,721,391,721,391,740,355,740
393,721,413,721,413,738,393,738
153,733,183,733,183,753,153,753
245,751,276,751,276,770,245,770
155,756,178,756,178,773,155,773
396,763,416,763,416,781,396,781
358,765,395,765,395,783,358,783
236,775,245,775,245,790,236,790
186,775,213,775,213,793,186,793
155,776,185,776,185,795,155,795
391,785,418,785,418,803,391,803
188,796,213,796,213,815,188,815
155,798,178,798,178,820,155,820
180,800,185,800,185,815,180,815
400,806,420,806,420,825,400,825
361,808,400,808,400,828,361,828
156,821,183,821,183,840,156,840
396,828,421,828,421,846,396,846
158,845,178,845,178,863,158,863
396,850,423,850,423,868,396,868
186,861,213,861,213,885,186,885
158,865,186,865,186,886,158,886
401,873,425,873,425,891,401,891
366,875,405,875,405,895,366,895
160,886,190,886,190,906,160,906
320,921,358,921,358,941,320,941
293,923,321,923,321,945,293,945
266,925,291,925,291,945,266,945
228,928,265,928,265,946,228,946
290,958,316,958,316,976,290,976
318,958,338,958,338,975,318,975
256,960,290,960,290,981,256,981
