390,125,413,125,413,140,390,140
414,126,440,126,440,144,414,144
440,128,456,128,456,145,440,145
465,128,489,128,489,146,465,146
456,130,464,130,464,144,456,144
489,129,517,129,517,146,489,146
517,129,542,129,542,148,517,148
541,133,550,133,550,146,541,146
413,148,430,148,430,165,413,165
430,150,438,150,438,164,430,164
440,149,464,149,464,166,440,166
464,150,492,150,492,168,464,168
490,150,516,150,516,169,490,169
516,154,524,154,524,168,516,168
248,154,355,158,354,187,246,182
390,170,397,170,397,182,390,182
400,169,425,169,425,185,400,185
426,170,452,172,451,187,425,185
454,170,469,170,469,186,454,186
473,173,497,173,497,188,473,188
498,173,521,173,521,190,498,190
522,174,549,174,549,192,522,192
416,190,487,194,486,212,415,209
486,194,518,194,518,212,486,212
348,226,374,226,374,242,348,242
380,229,400,229,400,245,380,245
404,229,432,229,432,246,404,246
436,229,473,232,471,249,434,247
241,240,276,243,275,259,240,256
281,243,315,244,314,260,280,258
316,244,398,250,397,266,315,260
404,250,428,250,428,265,404,265
428,252,445,252,445,266,428,266
490,254,509,254,509,268,490,268
508,254,576,256,575,273,507,271
241,261,276,261,276,280,241,280
274,264,306,264,306,278,274,278
474,274,514,274,514,289,474,289
514,274,583,276,582,293,514,291
238,301,266,301,266,318,238,318
271,301,309,306,307,323,269,319
384,310,404,310,404,326,384,326
408,312,434,312,434,329,408,329
465,314,481,314,481,329,465,329
537,316,573,316,573,333,537,333
521,317,537,317,537,330,521,330
238,322,258,322,258,338,238,338
264,324,297,324,297,341,264,341
304,328,321,328,321,341,304,341
321,329,328,329,328,341,321,341
334,328,361,328,361,344,334,344
366,328,403,331,402,348,365,345
237,341,344,347,343,363,236,357
390,352,414,352,414,365,390,365
414,352,441,352,441,368,414,368
526,357,545,357,545,370,526,370
550,357,578,357,578,372,550,372
237,362,253,362,253,377,237,377
252,364,278,364,278,378,252,378
285,365,321,365,321,382,285,382
325,368,368,368,368,384,325,384
373,370,398,370,398,385,373,385
405,372,424,372,424,389,405,389
429,372,479,375,478,391,428,387
485,376,528,376,528,392,485,392
236,381,343,387,342,403,235,397
389,392,412,392,412,405,389,405
413,393,437,393,437,406,413,406
477,397,485,397,485,409,477,409
525,397,544,397,544,410,525,410
549,397,576,397,576,412,549,412
234,401,262,404,261,419,233,417
267,401,304,407,302,425,264,419
308,406,333,406,333,421,308,421
340,409,358,409,358,424,340,424
362,409,380,409,380,425,362,425
386,408,415,410,414,428,385,426
418,413,452,413,452,428,418,428
451,412,492,414,491,430,450,427
500,416,525,416,525,430,500,430
233,421,340,427,339,443,232,437
393,432,405,432,405,445,393,445
409,432,436,432,436,446,409,446
530,437,542,437,542,452,530,452
546,437,574,437,574,452,546,452
233,441,268,444,267,459,232,457
274,445,300,445,300,460,274,460
306,445,341,448,339,466,305,463
345,449,378,449,378,464,345,464
386,452,410,452,410,465,386,465
417,452,436,452,436,466,417,466
440,453,474,453,474,468,440,468
481,454,532,456,531,471,480,469
232,462,252,462,252,478,232,478
257,464,308,466,307,481,256,479
314,470,322,470,322,481,314,481
328,469,340,469,340,482,328,482
345,469,370,469,370,484,345,484
377,470,394,470,394,484,377,484
230,482,337,487,337,503,230,498
384,492,408,492,408,505,384,505
406,492,433,492,433,506,406,506
520,497,571,498,570,513,519,511
230,504,249,504,249,517,230,517
510,517,538,517,538,532,510,532
542,518,570,518,570,533,542,533
229,541,264,541,264,560,229,560
269,542,305,542,305,561,269,561
309,545,344,545,344,561,309,561
350,548,365,548,365,562,350,562
366,548,401,548,401,565,366,565
510,557,537,557,537,572,510,572
542,558,569,558,569,573,542,573
228,561,264,561,264,580,228,580
268,564,304,564,304,581,268,581
309,566,317,566,317,581,309,581
324,565,360,565,360,584,324,584
500,577,533,577,533,590,500,590
533,578,560,578,560,593,533,593
226,581,262,581,262,600,226,600
266,584,310,584,310,600,266,600
316,585,342,585,342,602,316,602
509,597,536,597,536,612,509,612
540,598,568,598,568,613,540,613
233,604,268,604,268,618,233,618
273,605,300,605,300,620,273,620
508,617,534,617,534,632,508,632
540,618,568,618,568,634,540,634
232,624,276,624,276,641,232,641
524,640,540,640,540,653,524,653
538,638,565,638,565,654,538,654
222,642,258,642,258,661,222,661
264,644,290,644,290,662,264,662
296,648,322,648,322,662,296,662
557,662,565,662,565,674,557,674
286,666,321,666,321,684,286,684
326,668,345,668,345,685,326,685
350,670,377,670,377,685,350,685
382,670,412,670,412,689,382,689
416,673,450,673,450,689,416,689
456,676,497,676,497,692,456,692
244,705,270,705,270,724,244,724
220,706,237,706,237,721,220,721
274,708,320,708,320,725,274,725
325,706,361,712,358,729,322,723
529,722,564,722,564,737,529,737
218,726,245,726,245,744,218,744
250,726,293,726,293,745,250,745
294,732,302,732,302,744,294,744
306,729,373,731,373,747,306,744
380,731,425,734,423,752,378,749
217,745,236,745,236,764,217,764
546,746,554,746,554,757,546,757
241,749,276,749,276,764,241,764
281,749,326,749,326,766,281,766
420,754,563,764,562,780,419,770
272,809,298,809,298,828,272,828
304,810,337,810,337,828,304,828
377,813,405,813,405,832,377,832
344,814,372,814,372,830,344,830
410,816,454,821,452,836,409,832
458,821,496,821,496,840,458,840
213,829,238,829,238,844,213,844
246,828,306,831,305,849,245,846
310,834,344,834,344,848,310,848
352,836,369,836,369,850,352,850
377,836,428,838,427,853,376,852
449,840,485,840,485,856,449,856
433,841,450,841,450,854,433,854
490,844,526,844,526,858,490,858
532,845,560,845,560,862,532,862
252,870,280,870,280,889,252,889
284,873,305,873,305,890,284,890
309,874,337,874,337,892,309,892
341,876,386,876,386,893,341,893
390,878,410,878,410,896,390,896
414,881,442,881,442,896,414,896
448,881,476,881,476,897,448,897
481,884,508,884,508,898,481,898
209,890,236,890,236,904,209,904
236,893,244,893,244,904,236,904
244,892,276,892,276,906,244,906
282,892,376,897,375,913,282,908
381,900,416,900,416,914,381,914
417,902,424,902,424,914,417,914
422,901,448,901,448,916,422,916
454,901,515,904,514,920,454,917
521,906,548,908,547,921,520,919
