373,200,407,200,407,218,373,218
417,200,449,200,449,218,417,218
563,200,608,200,608,220,563,220
451,202,474,202,474,220,451,220
476,202,512,202,512,220,476,220
514,202,562,202,562,224,514,224
375,225,407,225,407,243,375,243
419,227,453,227,453,245,419,245
453,227,478,227,478,247,453,247
480,229,514,229,514,247,480,247
515,229,560,229,560,250,515,250
562,229,579,229,579,249,562,249
581,229,606,229,606,247,581,247
295,252,341,252,341,272,295,272
341,254,384,254,384,272,341,272
385,256,426,256,426,273,385,273
627,259,665,259,665,277,627,277
579,263,626,263,626,277,579,277
313,297,489,303,488,322,312,317
574,305,599,305,599,323,574,323
610,305,654,305,654,323,610,323
281,325,327,325,327,346,281,346
389,329,414,329,414,346,389,346
412,330,441,330,441,348,412,348
439,330,482,330,482,350,439,350
483,332,506,332,506,350,483,350
508,332,551,332,551,352,508,352
279,349,321,353,319,371,277,367
321,355,362,355,362,375,321,375
385,355,448,355,448,378,385,378
451,357,483,357,483,377,451,377
485,359,508,359,508,377,485,377
279,377,335,382,334,402,277,397
336,380,366,380,366,400,336,400
385,384,439,384,439,401,385,401
439,384,482,389,479,408,437,403
482,387,530,387,530,405,482,405
279,428,304,428,304,446,279,446
307,430,329,430,329,448,307,448
330,432,369,432,369,449,330,449
371,433,398,433,398,451,371,451
400,433,426,433,426,451,400,451
428,435,455,435,455,453,428,453
457,437,489,437,489,455,457,455
592,441,690,441,690,458,592,458
325,460,357,460,357,478,325,478
359,462,389,462,389,480,359,480
626,471,658,471,658,489,626,489
659,471,691,471,691,489,659,489
279,492,323,492,323,512,279,512
325,496,366,496,366,514,325,514
368,498,407,498,407,515,368,515
409,499,433,499,433,517,409,517
435,499,474,499,474,519,435,519
478,501,506,501,506,521,478,521
510,505,522,505,522,521,510,521
588,505,690,505,690,524,588,524
323,524,355,524,355,544,323,544
357,524,387,524,387,544,357,544
622,535,656,535,656,553,622,553
658,535,688,535,688,553,658,553
277,555,333,559,332,577,276,573
334,558,373,558,373,581,334,581
375,562,421,562,421,579,375,579
586,569,686,569,686,588,586,588
342,620,385,628,381,647,338,639
410,626,442,626,442,647,410,647
384,627,409,627,409,647,384,647
615,634,652,634,652,652,615,652
652,634,688,634,688,652,652,652
369,652,414,652,414,672,369,672
414,654,441,654,441,674,414,674
327,677,369,677,369,695,327,695
373,679,439,679,439,697,373,697
382,701,438,704,437,723,381,720
355,704,384,704,384,720,355,720
336,707,357,707,357,718,336,718
327,736,355,736,355,755,327,755
359,736,405,736,405,755,359,755
407,738,437,738,437,757,407,757
441,739,480,739,480,757,441,757
483,739,528,739,528,757,483,757
530,739,569,739,569,759,530,759
570,741,622,741,622,759,570,759
389,862,564,866,563,886,389,881
385,919,410,919,410,939,385,939
412,919,448,919,448,939,412,939
277,921,334,921,334,937,277,937
462,921,499,921,499,940,462,940
530,921,563,921,563,940,530,940
501,923,528,923,528,940,501,940
578,924,665,924,665,944,578,944
666,928,679,928,679,944,666,944
437,945,504,948,503,968,437,965
288,949,316,949,316,964,288,964
337,948,366,948,366,965,337,965
370,947,439,949,439,967,369,965
318,949,336,949,336,965,318,965
517,951,551,951,551,969,517,969
551,953,583,953,583,971,551,971
284,971,323,971,323,988,284,988
325,972,350,972,350,988,325,988
378,972,437,972,437,992,378,992
437,972,469,972,469,990,437,990
514,972,547,972,547,994,514,994
352,974,375,974,375,988,352,988
474,974,514,974,514,994,474,994
288,996,323,996,323,1013,288,1013
341,997,362,997,362,1013,341,1013
364,995,405,1001,403,1018,362,1013
403,997,449,999,447,1017,402,1015
490,997,526,997,526,1015,490,1015
327,1001,337,1001,337,1015,327,1015
448,999,489,999,489,1017,448,1017
528,999,596,1002,595,1019,527,1016
357,1035,466,1035,466,1051,357,1051
469,1034,585,1037,585,1055,469,1052
270,1061,297,1061,297,1079,270,1079
298,1062,340,1066,339,1085,297,1082
346,1067,357,1067,357,1081,346,1081
398,1065,419,1065,419,1083,398,1083
419,1065,453,1065,453,1083,419,1083
357,1067,398,1067,398,1086,357,1086
453,1067,478,1067,478,1083,453,1083
281,1081,317,1088,313,1106,278,1099
316,1087,370,1089,369,1107,315,1104
373,1090,407,1090,407,1106,373,1106
412,1087,462,1092,460,1110,411,1105
526,1090,560,1090,560,1108,526,1108
462,1092,505,1092,505,1108,462,1108
506,1093,526,1093,526,1108,506,1108
280,1105,325,1114,321,1132,276,1123
323,1113,353,1113,353,1129,323,1129
355,1115,447,1110,448,1131,356,1135
530,1115,553,1115,553,1132,530,1132
453,1116,494,1116,494,1132,453,1132
496,1116,526,1116,526,1134,496,1134
555,1118,596,1120,595,1138,553,1136
279,1129,307,1129,307,1149,279,1149
309,1132,336,1132,336,1150,309,1150
337,1138,368,1138,368,1152,337,1152
367,1137,413,1135,414,1154,368,1156
412,1140,440,1137,442,1155,415,1159
442,1140,473,1140,473,1156,442,1156
474,1140,508,1140,508,1156,474,1156
510,1140,551,1140,551,1159,510,1159
553,1139,595,1143,593,1162,551,1158
272,1163,302,1163,302,1181,272,1181
304,1166,345,1166,345,1182,304,1182
350,1168,382,1168,382,1184,350,1184
382,1172,423,1172,423,1189,382,1189
277,1186,302,1186,302,1202,277,1202
302,1188,327,1188,327,1205,302,1205
330,1192,361,1194,360,1208,329,1205
362,1191,405,1191,405,1209,362,1209
438,1194,485,1192,486,1211,439,1213
409,1197,439,1197,439,1211,409,1211
512,1195,538,1195,538,1213,512,1213
485,1197,510,1197,510,1213,485,1213
540,1197,572,1197,572,1214,540,1214
572,1197,604,1197,604,1214,572,1214
606,1198,649,1198,649,1216,606,1216
274,1204,332,1212,330,1232,271,1223
330,1213,362,1213,362,1230,330,1230
363,1212,412,1218,410,1237,361,1231
412,1216,439,1216,439,1232,412,1232
439,1216,517,1216,517,1236,439,1236
519,1220,558,1220,558,1237,519,1237
560,1220,597,1220,597,1237,560,1237
275,1250,300,1250,300,1268,275,1268
346,1256,431,1261,430,1276,345,1270
434,1259,532,1262,531,1281,433,1278
346,1282,448,1285,448,1304,346,1301
