512,346,549,344,549,362,513,364
382,350,410,348,411,365,384,367
497,349,514,349,514,362,497,362
441,350,457,350,457,364,441,364
216,352,242,352,242,366,216,366
248,350,285,353,283,370,246,366
360,352,380,352,380,366,360,366
216,370,234,370,234,385,216,385
241,372,282,372,282,388,241,388
289,371,316,373,315,388,288,386
321,371,355,373,354,388,320,386
524,386,556,386,556,401,524,401
505,388,525,388,525,401,505,401
216,389,322,392,322,407,215,405
369,390,393,390,393,405,369,405
393,390,418,390,418,404,393,404
465,406,517,406,517,424,465,424
440,408,465,408,465,422,440,422
522,409,532,409,532,421,522,421
216,410,233,410,233,425,216,425
241,410,274,410,274,425,241,425
282,410,316,410,316,425,282,425
321,410,354,410,354,425,321,425
385,410,434,410,434,424,385,424
361,412,378,412,378,425,361,425
214,430,232,430,232,445,214,445
232,430,258,430,258,444,232,444
265,430,284,430,284,445,265,445
532,445,557,445,557,460,532,460
506,446,525,446,525,461,506,461
214,448,322,450,322,466,214,464
369,449,388,449,388,464,369,464
393,449,420,449,420,464,393,464
532,485,560,485,560,500,532,500
216,486,253,486,253,505,216,505
257,486,293,486,293,505,257,505
501,486,526,486,526,501,501,501
298,488,334,488,334,505,298,505
354,488,389,488,389,504,354,504
338,489,356,489,356,504,338,504
216,506,253,506,253,525,216,525
257,508,293,508,293,526,257,526
298,509,308,509,308,524,298,524
314,508,350,508,350,525,314,525
542,509,552,509,552,520,542,520
533,525,561,525,561,541,533,541
502,526,529,526,529,542,502,542
216,528,252,528,252,546,216,546
256,528,302,526,303,545,257,547
306,528,333,528,333,545,306,545
533,545,562,545,562,562,533,562
502,546,528,546,528,561,502,561
224,548,261,548,261,566,224,566
265,549,290,549,290,565,265,565
536,566,562,566,562,581,536,581
214,568,252,568,252,586,214,586
256,569,283,567,285,585,257,587
521,569,529,569,529,581,521,581
289,569,318,569,318,586,289,586
412,586,446,586,446,602,412,602
453,586,496,586,496,604,453,604
322,588,341,588,341,605,322,605
378,588,408,588,408,606,378,606
281,589,317,589,317,606,281,606
346,589,373,589,373,604,346,604
429,629,562,627,562,643,429,644
238,629,266,629,266,648,238,648
272,629,317,629,317,648,272,648
321,628,359,630,358,648,320,646
214,632,234,632,234,649,214,649
380,648,422,648,422,666,380,666
246,650,292,650,292,669,246,669
549,652,557,652,557,664,549,664
213,652,242,652,242,670,213,670
289,652,306,652,306,666,289,666
305,652,372,652,372,666,305,666
421,670,568,670,568,688,421,688
213,672,233,672,233,692,213,692
280,672,325,672,325,689,280,689
238,674,276,674,276,690,238,690
381,733,409,733,409,752,381,752
272,734,300,734,300,753,272,753
305,734,341,734,341,753,305,753
346,734,376,734,376,753,346,753
464,734,502,734,502,753,464,753
414,735,459,737,458,752,414,750
457,756,494,756,494,773,457,773
246,757,308,757,308,776,246,776
312,757,348,757,348,773,312,773
356,757,376,757,376,773,356,773
381,757,433,757,433,773,381,773
440,757,457,757,457,772,440,772
500,757,536,757,536,772,500,772
541,757,570,757,570,774,541,774
213,760,240,760,240,777,213,777
398,798,418,798,418,817,398,817
458,798,488,798,488,817,458,817
254,800,284,800,284,818,254,818
288,800,309,800,309,817,288,817
348,800,394,800,394,817,348,817
424,800,453,800,453,817,424,817
492,800,521,800,521,817,492,817
314,801,341,801,341,816,314,816
390,821,434,821,434,838,390,838
432,821,458,821,458,837,432,837
466,821,529,821,529,837,466,837
210,822,248,822,248,841,210,841
246,822,280,822,280,838,246,838
288,822,385,822,385,840,288,840
534,822,562,822,562,836,534,836
