115,198,242,207,240,241,112,233
252,209,380,202,382,232,253,239
422,264,440,264,440,276,422,276
389,266,424,266,424,280,389,280
302,274,391,265,392,281,304,289
98,271,139,274,138,291,97,287
140,276,184,276,184,292,140,292
184,276,240,276,240,292,184,292
268,278,302,278,302,290,268,290
369,296,405,296,405,313,369,313
345,298,369,298,369,316,345,316
308,302,344,302,344,320,308,320
284,304,308,304,308,321,284,321
117,306,145,306,145,324,117,324
146,306,176,306,176,328,146,328
268,306,284,306,284,325,268,325
177,307,224,308,223,326,176,325
225,308,265,308,265,324,225,324
315,343,380,337,382,363,317,369
233,354,314,349,315,371,235,376
121,350,172,350,172,377,121,377
176,356,230,356,230,376,176,376
388,386,397,386,397,400,388,400
365,386,386,386,386,402,365,402
324,389,364,389,364,408,324,408
294,394,322,394,322,408,294,408
225,399,284,395,285,410,226,414
165,401,209,401,209,416,165,416
94,404,102,404,102,418,94,418
104,402,130,402,130,418,104,418
132,402,165,402,165,417,132,417
328,410,356,410,356,430,328,430
366,410,385,410,385,424,366,424
297,418,329,418,329,433,297,433
233,422,252,422,252,437,233,437
176,424,212,424,212,441,176,441
213,424,232,424,232,440,213,440
157,425,177,425,177,442,157,442
134,426,158,426,158,442,134,442
397,446,442,442,443,458,399,463
338,453,361,453,361,468,338,468
325,456,338,456,338,469,325,469
276,460,290,460,290,473,276,473
164,465,190,465,190,480,164,480
193,465,222,465,222,478,193,478
416,474,445,474,445,490,416,490
397,477,417,477,417,494,397,494
240,482,265,482,265,498,240,498
336,482,364,482,364,498,336,498
221,484,238,484,238,498,221,498
196,485,220,485,220,500,196,500
318,485,337,485,337,501,318,501
137,490,168,485,171,503,140,508
168,488,194,488,194,502,168,502
118,490,138,490,138,505,118,505
120,506,154,506,154,525,120,525
410,511,443,508,445,526,412,528
389,513,410,513,410,529,389,529
110,533,156,533,156,550,110,550
402,560,447,556,449,577,404,580
372,561,400,561,400,581,372,581
229,573,280,570,282,591,231,594
161,577,227,573,228,594,163,597
284,576,289,576,289,586,284,586
113,578,160,578,160,600,113,600
416,609,448,609,448,626,416,626
390,610,413,610,413,628,390,628
291,614,378,611,379,631,292,634
426,634,452,634,452,649,426,649
406,636,425,636,425,650,406,650
297,641,333,641,333,656,297,656
333,641,354,641,354,654,333,654
318,659,358,658,359,673,318,674
298,661,317,661,317,674,298,674
189,745,218,745,218,761,189,761
220,746,261,746,261,761,220,761
261,746,305,746,305,764,261,764
305,746,366,746,366,762,305,762
140,771,188,772,187,788,139,786
188,773,234,773,234,788,188,788
236,774,260,774,260,789,236,789
260,774,292,774,292,790,260,790
337,776,369,776,369,793,337,793
293,777,314,777,314,790,293,790
316,777,336,777,336,792,316,792
369,777,402,777,402,798,369,798
404,777,429,777,429,796,404,796
232,792,264,794,263,814,230,811
262,793,320,793,320,812,262,812
