252,133,382,136,382,157,251,154
390,137,465,134,465,155,390,158
223,165,269,171,267,192,220,186
270,169,305,169,305,188,270,188
308,169,352,171,351,190,307,187
357,170,394,172,393,191,356,189
397,172,434,172,434,190,397,190
438,171,489,174,487,192,437,189
82,198,120,198,120,217,82,217
213,241,278,241,278,276,213,276
357,241,418,241,418,274,357,274
423,243,507,241,508,273,424,275
284,245,350,245,350,274,284,274
554,276,600,276,600,308,554,308
485,284,555,284,555,306,485,306
424,289,460,285,463,309,427,313
236,286,265,286,265,309,236,309
293,288,340,288,340,309,293,309
377,288,422,288,422,308,377,308
104,289,144,289,144,309,104,309
149,286,206,292,204,315,147,309
93,321,262,322,262,344,93,342
443,318,498,322,497,346,441,342
501,321,532,321,532,341,501,341
321,321,352,321,352,344,321,344
388,322,440,322,440,342,388,342
266,324,317,324,317,342,266,342
354,324,384,324,384,342,354,342
541,349,615,343,617,374,543,379
398,356,434,356,434,378,398,378
430,356,482,356,482,376,430,376
278,357,321,357,321,373,278,373
86,389,249,391,249,413,86,411
253,394,297,394,297,414,253,414
300,394,322,394,322,414,300,414
326,394,389,394,389,414,326,414
396,394,425,394,425,414,396,414
82,424,121,424,121,444,82,444
127,421,184,427,182,449,125,443
185,425,220,425,220,448,185,448
416,428,474,428,474,450,416,450
80,458,118,458,118,478,80,478
124,458,173,458,173,478,124,478
580,460,621,460,621,481,580,481
276,461,321,461,321,478,276,478
548,461,584,461,584,485,548,485
414,462,436,462,436,485,414,485
433,462,473,462,473,482,433,482
76,496,260,496,260,520,76,520
262,500,305,500,305,521,262,521
416,500,457,500,457,525,416,525
310,501,354,501,354,521,310,521
358,501,412,501,412,521,358,521
461,501,501,501,501,522,461,522
504,501,569,501,569,522,504,522
574,500,606,500,606,521,574,521
214,533,226,533,226,549,214,549
276,534,321,534,321,552,276,552
416,534,438,534,438,557,416,557
436,534,477,534,477,556,436,556
584,534,626,534,626,556,584,556
553,536,588,536,588,558,553,558
66,572,257,572,257,596,66,596
262,574,306,574,306,596,262,596
310,573,349,573,349,597,310,597
353,574,464,577,463,599,352,595
468,569,533,579,529,602,465,592
533,574,565,574,565,597,533,597
392,610,482,610,482,636,392,636
273,612,320,612,320,629,273,629
544,612,594,612,594,637,544,637
590,610,633,610,633,633,590,633
291,654,339,652,340,677,292,679
380,654,397,654,397,677,380,677
405,653,436,653,436,677,405,677
438,653,474,653,474,677,438,677
478,653,510,653,510,677,478,677
57,654,133,654,133,680,57,680
132,654,240,654,240,680,132,680
244,657,288,657,288,678,244,678
345,660,374,660,374,681,345,681
597,690,641,690,641,714,597,714
406,692,485,692,485,720,406,720
565,693,601,693,601,717,565,717
272,694,318,694,318,714,272,714
47,744,112,749,110,779,44,774
113,749,153,749,153,774,113,774
602,777,648,777,648,801,602,801
557,778,608,778,608,805,557,805
46,780,113,787,110,817,43,810
115,785,178,788,176,815,113,812
602,828,646,828,646,850,602,850
557,829,606,829,606,853,557,853
47,833,113,839,111,867,44,862
113,837,160,837,160,862,113,862
554,868,606,868,606,894,554,894
601,866,648,866,648,892,601,892
48,872,104,872,104,897,48,897
190,873,236,873,236,897,190,897
108,873,186,873,186,897,108,897
340,873,394,873,394,897,340,897
565,910,605,910,605,938,565,938
601,910,648,910,648,936,601,936
93,916,128,916,128,941,93,941
38,917,90,917,90,941,38,941
130,918,160,918,160,941,130,941
165,918,230,918,230,942,165,942
398,964,464,964,464,994,398,994
466,963,613,963,613,990,466,990
163,970,394,964,395,990,164,996
78,966,112,966,112,992,78,992
617,966,644,966,644,990,617,990
116,969,160,969,160,993,116,993
281,1009,384,1009,384,1022,281,1022
398,1009,445,1009,445,1022,398,1022
