441,410,489,410,489,430,441,430
401,414,441,414,441,433,401,433
351,419,399,417,400,433,352,435
314,420,349,420,349,434,314,434
557,424,585,424,585,441,557,441
533,426,554,426,554,442,533,442
512,430,533,430,533,446,512,446
476,436,506,436,506,449,476,449
450,438,474,438,474,452,450,452
405,441,449,441,449,456,405,456
350,444,376,444,376,458,350,458
378,444,405,444,405,457,378,457
225,445,258,445,258,460,225,460
260,445,286,445,286,460,260,460
289,444,328,448,326,462,288,458
329,445,349,445,349,458,329,458
404,466,491,458,492,473,405,481
315,469,395,465,396,481,316,484
438,518,489,518,489,537,438,537
404,520,438,520,438,540,404,540
364,525,401,523,401,538,365,540
326,525,364,525,364,542,326,542
557,545,594,545,594,562,557,562
515,548,554,546,555,562,516,564
473,550,513,550,513,568,473,568
250,562,326,557,327,575,252,580
226,564,250,564,250,578,226,578
566,612,598,612,598,632,566,632
513,616,565,616,565,633,513,633
408,618,432,618,432,638,408,638
373,620,407,624,406,638,372,634
229,632,253,632,253,648,229,648
363,651,407,647,409,666,365,670
317,654,363,656,362,675,316,673
261,657,314,657,314,677,261,677
230,661,257,661,257,680,230,680
381,680,430,675,432,695,383,700
542,677,602,677,602,697,542,697
232,692,254,692,254,712,232,712
406,709,448,709,448,730,406,730
344,713,402,709,403,729,345,732
265,720,342,716,343,737,266,740
232,725,263,723,265,742,233,744
403,740,438,737,439,756,404,758
381,741,404,741,404,758,381,758
546,742,569,742,569,761,546,761
569,744,605,744,605,764,569,764
349,772,420,772,420,794,349,794
320,777,345,777,345,796,320,796
269,784,316,784,316,802,269,802
236,788,266,788,266,808,236,808
412,801,446,801,446,820,412,820
389,802,412,802,412,822,389,822
539,807,574,809,572,830,537,827
572,812,608,812,608,833,572,833
322,844,367,846,366,865,321,863
283,849,319,843,322,864,287,870
540,844,611,854,608,875,537,866
237,857,285,857,285,877,237,877
398,885,451,882,452,900,398,903
453,884,486,884,486,902,453,902
366,890,398,885,401,904,369,909
486,888,516,888,516,906,486,906
516,889,545,892,543,911,514,908
306,893,342,889,344,905,308,910
345,892,366,892,366,904,345,904
