301,282,379,276,380,291,302,297
285,284,304,284,304,297,285,297
352,294,372,294,372,308,352,308
370,294,396,294,396,306,370,306
344,297,350,297,350,308,344,308
322,297,344,297,344,310,322,310
284,300,300,300,300,313,284,313
298,300,324,300,324,312,298,312
273,301,285,301,285,314,273,314
364,310,384,310,384,322,364,322
338,312,365,312,365,325,338,325
320,313,338,313,338,326,320,326
302,314,322,314,322,328,302,328
289,316,301,316,301,329,289,329
176,318,256,318,256,340,176,340
313,329,374,324,375,338,314,343
300,330,316,330,316,342,300,342
323,356,351,353,352,367,324,369
301,357,322,357,322,370,301,370
278,358,300,358,300,372,278,372
254,361,276,361,276,374,254,374
359,367,427,362,428,376,360,381
298,373,329,373,329,385,298,385
232,378,294,373,295,387,233,392
349,383,429,376,430,389,351,396
209,378,234,378,234,392,209,392
180,381,206,381,206,393,180,393
181,394,208,394,208,408,181,408
206,394,230,394,230,406,206,406
393,408,432,403,434,417,395,422
311,416,333,411,336,425,314,430
356,414,368,414,368,424,356,424
290,416,312,416,312,429,290,429
208,424,236,424,236,436,208,436
185,425,205,425,205,437,185,437
332,428,353,428,353,441,332,441
297,431,329,429,330,442,298,444
274,432,294,432,294,445,274,445
238,434,272,434,272,448,238,448
416,434,436,434,436,448,416,448
208,438,235,436,236,449,209,451
405,438,413,438,413,448,405,448
185,438,208,438,208,450,185,450
317,444,337,444,337,456,317,456
306,448,313,448,313,457,306,457
187,454,266,449,267,462,188,467
420,462,440,462,440,476,420,476
409,466,417,466,417,477,409,477
290,474,317,474,317,488,290,488
248,478,275,476,276,490,249,492
281,480,288,480,288,488,281,488
219,480,246,478,247,493,220,495
190,481,217,481,217,496,190,496
268,491,295,489,296,503,269,505
422,492,444,492,444,504,422,504
250,493,265,493,265,506,250,506
222,494,248,494,248,508,222,508
413,496,420,496,420,505,413,505
192,497,218,497,218,510,192,510
258,506,278,506,278,520,258,520
424,506,445,506,445,518,424,518
221,510,255,507,256,521,223,524
414,510,422,510,422,520,414,520
194,512,220,512,220,525,194,525
230,525,250,525,250,537,230,537
201,526,228,526,228,540,201,540
226,538,246,538,246,553,226,553
249,538,270,538,270,552,249,552
368,542,401,538,402,551,369,555
197,541,222,541,222,554,197,554
339,544,366,542,367,556,340,558
316,546,337,546,337,561,316,561
291,550,313,548,314,561,292,563
274,550,289,550,289,564,274,564
244,553,271,551,272,565,245,567
380,584,408,584,408,598,380,598
345,588,378,588,378,601,345,601
321,590,342,590,342,604,321,604
297,593,318,593,318,606,297,606
268,594,294,594,294,609,268,609
434,596,456,596,456,608,434,608
244,597,264,597,264,612,244,612
405,599,431,596,433,609,406,611
363,602,403,598,404,611,364,615
323,607,361,604,362,616,324,619
305,609,320,609,320,621,305,621
273,612,300,609,302,621,274,625
227,616,271,612,272,626,228,629
204,618,224,618,224,630,204,630
402,628,424,628,424,641,402,641
380,629,401,629,401,642,380,642
356,632,377,632,377,645,356,645
338,634,353,634,353,646,338,646
301,637,335,633,337,648,302,652
278,640,298,640,298,654,278,654
434,640,456,640,456,653,434,653
260,642,276,642,276,656,260,656
386,646,431,641,433,654,388,659
236,645,257,645,257,657,236,657
358,648,384,648,384,660,358,660
333,650,360,650,360,662,333,662
260,658,330,651,331,665,261,672
225,662,258,660,259,673,226,675
208,664,228,664,228,677,208,677
