441,376,490,376,490,393,441,393
312,377,346,377,346,392,312,392
399,378,439,376,440,393,400,395
350,378,398,378,398,393,350,393
220,391,256,396,254,411,218,406
256,397,282,397,282,412,256,412
536,398,556,398,556,413,536,413
558,398,585,398,585,412,558,412
285,398,324,403,322,418,283,414
513,400,533,400,533,413,513,413
325,402,345,402,345,417,325,417
346,402,373,402,373,417,346,417
449,402,474,402,474,416,449,416
477,404,485,404,485,416,477,416
485,402,510,402,510,414,485,414
376,404,401,404,401,418,376,418
404,403,448,405,447,420,403,419
310,425,392,426,391,442,310,440
401,426,490,424,490,439,401,441
318,482,356,482,356,501,318,501
396,482,432,482,432,501,396,501
433,482,484,482,484,501,433,501
357,485,394,485,394,501,357,501
213,513,236,513,236,528,213,528
238,513,314,513,314,530,238,530
518,514,589,514,589,530,518,530
468,517,509,517,509,533,468,533
513,518,520,518,520,530,513,530
209,580,234,580,234,597,209,597
560,580,592,580,592,600,560,600
394,581,420,581,420,602,394,602
358,582,393,582,393,597,358,597
505,582,557,582,557,600,505,600
209,612,237,612,237,630,209,630
240,608,298,614,296,635,238,630
298,611,346,614,345,635,297,631
348,612,362,612,362,629,348,629
361,610,397,615,395,635,359,631
364,642,414,640,415,661,365,663
544,644,594,644,594,664,544,664
348,673,393,673,393,693,348,693
297,673,345,677,343,698,296,694
208,676,233,676,233,694,208,694
239,672,296,678,294,699,237,694
365,705,377,705,377,724,365,724
380,705,414,705,414,725,380,725
545,708,562,708,562,726,545,726
561,708,597,708,597,728,561,728
203,742,267,739,268,761,204,763
328,740,364,740,364,758,328,758
366,740,401,740,401,758,366,758
435,738,471,742,468,765,432,761
272,741,324,741,324,760,272,760
402,742,431,743,430,758,401,757
364,772,376,772,376,789,364,789
378,772,414,772,414,790,378,790
548,776,600,776,600,796,548,796
252,810,288,807,290,830,255,834
292,808,340,813,338,834,290,830
201,811,253,814,251,837,200,834
536,814,600,814,600,836,536,836
370,858,424,860,423,879,370,877
337,861,370,859,371,878,338,880
274,861,313,861,313,878,274,878
426,861,462,861,462,882,426,882
313,862,336,862,336,876,313,876
462,864,496,864,496,884,462,884
496,864,528,864,528,882,496,882
