517,126,574,126,574,152,517,152
446,134,497,127,500,151,449,157
378,134,443,132,444,154,378,157
277,139,328,136,330,158,279,161
333,138,374,138,374,158,333,158
237,143,272,140,274,159,239,162
176,146,235,142,236,162,177,165
349,164,399,160,401,182,351,186
509,194,546,188,550,208,513,215
550,190,589,190,589,209,550,209
454,193,509,193,509,210,454,210
406,196,437,196,437,216,406,216
362,197,401,196,401,211,362,213
291,199,359,197,360,218,292,220
242,201,277,201,277,218,242,218
202,204,238,204,238,220,202,220
166,205,197,205,197,222,166,222
349,218,408,220,407,242,348,241
412,220,454,220,454,237,412,237
300,222,332,222,332,241,300,241
359,246,465,243,465,261,360,264
290,248,358,248,358,265,290,265
441,273,505,270,505,294,442,297
359,280,438,277,439,297,360,301
252,280,302,278,303,301,253,303
304,282,357,280,357,299,305,301
398,313,428,313,428,334,398,334
331,317,394,315,395,334,332,336
339,351,443,349,444,367,340,370
310,352,338,352,338,369,310,369
212,385,232,385,232,400,212,400
170,387,203,385,204,399,170,401
148,388,169,388,169,401,148,401
304,414,324,414,324,429,304,429
358,414,397,414,397,428,358,428
397,414,425,414,425,428,397,428
199,417,279,415,280,430,200,431
280,416,304,416,304,430,280,430
324,416,348,416,348,429,324,429
149,418,193,418,193,434,149,434
298,448,338,448,338,464,298,464
180,449,224,449,224,466,180,466
232,449,257,449,257,462,232,462
258,449,296,449,296,464,258,464
148,450,178,450,178,465,148,465
485,478,504,478,504,494,485,494
554,486,577,486,577,504,554,504
410,490,438,490,438,508,410,508
344,493,364,493,364,510,344,510
255,495,293,493,293,510,256,512
220,496,253,496,253,513,220,513
481,501,510,501,510,518,481,518
578,536,612,536,612,553,578,553
554,537,578,537,578,554,554,554
436,540,469,540,469,557,436,557
412,541,434,541,434,558,412,558
366,542,377,542,377,558,366,558
273,548,306,548,306,564,273,564
188,549,222,549,222,568,188,568
224,549,269,548,269,563,225,565
273,581,305,581,305,600,273,600
557,581,580,581,580,600,557,600
581,581,614,581,614,600,581,600
225,582,268,582,268,598,225,598
188,584,222,584,222,600,188,600
437,584,474,584,474,602,437,602
413,585,437,585,437,604,413,604
160,593,172,593,172,609,160,609
186,610,231,602,234,623,190,631
561,628,584,628,584,646,561,646
585,628,618,628,618,646,585,646
416,630,438,630,438,649,416,649
438,630,472,630,472,649,438,649
190,640,228,640,228,658,190,658
229,640,268,640,268,656,229,656
233,673,277,673,277,692,233,692
190,674,230,674,230,693,190,693
564,674,588,674,588,693,564,693
588,674,621,674,621,693,588,693
417,677,440,677,440,696,417,696
440,677,474,677,474,694,440,694
190,694,252,699,250,722,188,717
253,697,289,697,289,714,253,714
273,725,309,725,309,742,273,742
189,728,225,728,225,746,189,746
226,728,269,728,269,744,226,744
565,729,589,729,589,746,565,746
590,729,624,729,624,746,590,746
442,730,477,730,477,749,442,749
418,732,441,732,441,749,418,749
162,740,172,740,172,756,162,756
190,753,228,753,228,769,190,769
512,788,633,788,633,822,512,822
298,796,356,796,356,822,298,822
222,799,293,796,293,822,222,824
157,798,217,798,217,826,157,826
556,832,590,832,590,850,556,850
592,832,636,832,636,850,592,850
160,840,197,840,197,858,160,858
198,841,232,841,232,857,198,857
556,864,586,864,586,882,556,882
586,864,636,864,636,885,586,885
161,869,194,869,194,889,161,889
197,869,225,869,225,892,197,892
228,869,285,869,285,889,228,889
458,921,492,921,492,938,458,938
304,924,349,924,349,942,304,942
352,923,411,926,410,946,350,942
413,924,453,924,453,940,413,940
480,977,513,977,513,996,480,996
517,977,565,977,565,996,517,996
422,980,476,973,478,995,424,1002
257,980,334,980,334,998,257,998
348,980,385,980,385,997,348,997
388,980,420,980,420,996,388,996
