196,267,295,270,294,299,195,297
298,270,370,270,370,298,298,298
201,310,233,310,233,329,201,329
246,312,282,312,282,330,246,330
322,312,372,312,372,330,322,330
286,313,321,313,321,330,286,330
93,341,118,341,118,361,93,361
122,343,173,345,173,364,122,362
175,344,217,347,215,366,173,363
448,345,477,345,477,365,448,365
220,348,274,348,274,370,220,370
322,348,366,348,366,370,322,370
425,348,444,348,444,368,425,368
285,348,321,352,319,372,283,368
369,349,421,349,421,368,369,368
84,378,130,378,130,400,84,400
138,381,173,381,173,401,138,401
176,382,276,382,276,402,176,402
457,382,489,382,489,401,457,401
409,384,453,384,453,401,409,401
332,385,366,385,366,401,332,401
369,388,405,388,405,401,369,401
84,410,122,412,121,431,83,429
124,414,164,414,164,430,124,430
168,414,272,416,271,434,167,432
269,416,311,418,310,435,268,433
409,417,448,417,448,433,409,433
453,417,485,417,485,434,453,434
124,446,233,448,233,474,123,471
256,446,340,449,339,475,255,473
361,449,448,449,448,474,361,474
84,492,134,495,133,515,82,511
225,498,261,490,266,513,230,520
177,494,225,494,225,513,177,513
285,494,314,494,314,514,285,514
438,494,486,494,486,514,438,514
318,495,386,500,385,520,317,515
80,525,136,525,136,546,80,546
141,526,186,526,186,546,141,546
190,526,245,526,245,549,190,549
262,526,294,531,290,552,258,547
209,554,253,554,253,578,209,578
177,557,213,557,213,581,177,581
405,557,441,557,441,582,405,582
438,557,484,557,484,580,438,580
313,596,376,596,376,620,313,620
221,596,306,596,306,620,221,620
384,598,428,598,428,625,384,625
425,597,481,597,481,621,425,621
228,640,293,639,293,655,229,657
296,641,309,641,309,656,296,656
314,641,345,641,345,656,314,656
380,641,401,641,401,656,380,656
346,642,378,642,378,658,346,658
166,644,228,644,228,657,166,657
