437,190,547,190,547,224,437,224
300,192,371,192,371,224,300,224
378,193,427,190,429,222,380,225
549,190,646,192,645,226,549,223
451,229,478,229,478,250,451,250
316,231,352,231,352,250,316,250
359,231,396,231,396,250,359,250
414,231,441,231,441,250,414,250
542,231,583,231,583,250,542,250
586,231,620,231,620,250,586,250
202,233,240,233,240,252,202,252
250,233,277,233,277,252,250,252
281,233,313,233,313,252,281,252
492,233,538,233,538,252,492,252
540,252,570,252,570,275,540,275
574,252,604,252,604,273,574,273
348,254,401,254,401,273,348,273
417,254,473,254,473,272,417,272
474,254,489,254,489,272,474,272
490,254,524,254,524,272,490,272
202,256,240,256,240,275,202,275
252,256,279,256,279,275,252,275
282,256,329,256,329,277,282,277
330,259,345,259,345,277,330,277
505,275,542,275,542,298,505,298
377,277,401,277,401,297,377,297
200,279,240,279,240,298,200,298
252,279,288,279,288,298,252,298
320,279,359,279,359,298,320,298
430,279,458,279,458,297,430,297
473,279,489,279,489,297,473,297
492,281,503,281,503,297,492,297
289,281,316,281,316,297,289,297
400,281,426,281,426,300,400,300
405,300,439,300,439,320,405,320
446,300,490,300,490,325,446,325
538,300,572,300,572,323,538,323
199,302,238,302,238,321,199,321
250,302,286,302,286,321,250,321
290,299,347,306,344,326,288,320
348,302,387,302,387,321,348,321
505,302,533,302,533,321,505,321
200,325,275,325,275,345,200,345
279,325,304,325,304,345,279,345
307,325,334,325,334,345,307,345
337,325,391,325,391,345,337,345
398,325,423,325,423,345,398,345
430,325,460,325,460,345,430,345
464,325,490,325,490,346,464,346
515,325,567,325,567,346,515,346
490,327,512,327,512,345,490,345
291,352,362,352,362,385,291,385
576,352,663,352,663,385,576,385
369,355,448,355,448,384,369,384
451,353,489,353,489,384,451,384
487,353,569,353,569,385,487,385
414,394,512,394,512,432,414,432
519,403,544,403,544,432,519,432
574,403,629,403,629,432,574,432
666,409,691,409,691,435,666,435
202,410,247,410,247,435,202,435
288,410,380,410,380,435,288,435
551,414,563,414,563,425,551,425
414,441,460,441,460,471,414,471
204,446,275,446,275,474,204,474
289,446,410,446,410,469,289,469
200,483,243,483,243,506,200,506
249,483,302,483,302,506,249,506
314,483,375,483,375,508,314,508
499,483,544,483,544,508,499,508
613,485,674,485,674,506,613,506
546,489,581,489,581,506,546,506
201,515,266,519,264,543,199,540
316,517,398,517,398,542,316,542
393,517,473,517,473,542,393,542
266,521,309,521,309,546,266,546
298,558,348,558,348,586,298,586
355,558,416,558,416,588,355,588
551,563,574,563,574,585,551,585
197,606,250,606,250,627,197,627
254,606,286,606,286,631,254,631
538,610,586,610,586,627,538,627
193,643,234,643,234,666,193,666
231,643,254,643,254,665,231,665
259,643,302,643,302,665,259,665
540,647,586,647,586,668,540,668
193,681,254,681,254,704,193,704
540,683,586,683,586,704,540,704
693,683,734,683,734,704,693,704
305,684,323,684,323,704,305,704
257,686,302,686,302,704,257,704
234,720,282,720,282,743,234,743
192,722,231,722,231,741,192,741
286,720,326,724,325,744,285,741
704,722,766,722,766,743,704,743
540,723,588,723,588,747,540,747
261,754,293,754,293,782,261,782
193,759,229,759,229,780,193,780
691,759,770,759,770,784,691,784
234,761,259,761,259,782,234,782
538,761,588,761,588,784,538,784
249,795,288,795,288,825,249,825
190,798,238,798,238,819,190,819
289,798,321,798,321,821,289,821
540,800,588,800,588,823,540,823
679,800,723,800,723,825,679,825
723,800,768,800,768,823,723,823
540,837,588,837,588,862,540,862
257,839,297,839,297,859,257,859
693,839,755,839,755,862,693,862
190,885,275,885,275,912,190,912
279,885,345,885,345,914,279,914
638,891,668,891,668,917,638,917
665,891,702,891,702,919,665,919
707,892,773,892,773,919,707,919
254,964,340,967,339,995,253,992
188,967,247,967,247,994,188,994
346,967,414,967,414,996,346,996
640,974,704,974,704,1003,640,1003
707,976,773,976,773,1003,707,1003
206,1019,252,1019,252,1044,206,1044
256,1019,298,1019,298,1044,256,1044
300,1020,345,1020,345,1042,300,1042
690,1027,732,1029,730,1053,688,1050
732,1029,773,1029,773,1049,732,1049
274,1092,335,1094,334,1121,273,1118
336,1099,369,1099,369,1122,336,1122
423,1099,485,1099,485,1125,423,1125
487,1100,521,1100,521,1124,487,1124
579,1099,634,1099,634,1132,579,1132
636,1100,668,1100,668,1127,636,1127
371,1102,421,1102,421,1127,371,1127
526,1102,583,1102,583,1129,526,1129
233,1161,282,1161,282,1188,233,1188
195,1163,231,1163,231,1193,195,1193
284,1163,350,1163,350,1191,284,1191
485,1190,546,1181,550,1210,489,1219
618,1184,700,1184,700,1209,618,1209
551,1186,590,1186,590,1211,551,1211
471,1189,482,1189,482,1205,471,1205
592,1188,611,1188,611,1209,592,1209
745,1204,777,1204,777,1236,745,1236
727,1205,743,1205,743,1232,727,1232
