352,190,373,190,373,208,352,208
329,193,352,193,352,210,329,210
282,201,330,195,332,211,284,217
260,204,285,202,286,217,261,219
240,205,261,205,261,221,240,221
354,210,374,210,374,226,354,226
332,213,356,213,356,228,332,228
300,218,333,218,333,234,300,234
252,223,299,219,301,234,253,238
240,225,254,225,254,240,240,240
341,233,365,231,366,245,342,247
312,236,342,236,342,250,312,250
289,238,310,238,310,253,289,253
268,240,290,240,290,256,268,256
250,242,266,242,266,256,250,256
120,245,209,245,209,270,120,270
323,254,354,250,356,265,325,269
263,259,325,255,326,270,264,274
285,289,317,289,317,304,285,304
257,292,282,292,282,306,257,306
206,294,232,294,232,309,206,309
236,294,253,294,253,308,236,308
386,297,410,297,410,312,386,312
334,303,389,298,390,313,336,318
278,309,297,309,297,322,278,322
257,310,281,310,281,324,257,324
222,312,253,312,253,325,222,325
179,314,223,312,224,327,180,329
396,314,418,314,418,328,396,328
322,322,397,314,398,330,324,338
150,318,181,318,181,332,150,332
117,321,146,321,146,336,117,336
146,334,174,334,174,349,146,349
118,337,148,337,148,352,118,352
384,349,416,349,416,365,384,365
369,354,385,354,385,366,369,366
320,358,334,358,334,372,320,372
266,361,291,359,293,374,268,376
246,362,264,362,264,376,246,376
146,369,178,369,178,384,146,384
120,372,142,372,142,386,120,386
262,378,293,378,293,393,262,393
218,382,257,380,257,394,218,396
197,382,216,382,216,397,197,397
398,386,424,382,427,396,400,401
161,386,193,384,194,398,162,400
120,389,156,385,158,401,121,404
378,388,396,388,396,401,378,401
275,397,301,393,303,407,277,411
256,397,273,397,273,410,256,410
176,402,215,400,216,414,177,416
120,406,178,402,179,417,121,421
401,421,427,419,429,433,403,435
381,424,400,424,400,437,381,437
245,430,276,430,276,446,245,446
192,434,224,432,226,448,193,451
230,434,245,434,245,448,230,448
158,436,190,436,190,454,158,454
122,440,153,440,153,454,122,454
209,450,241,450,241,466,209,466
196,454,204,454,204,468,196,468
158,454,190,454,190,470,158,470
405,457,430,455,431,469,406,471
124,457,154,457,154,472,124,472
384,460,402,460,402,472,384,472
204,469,226,469,226,485,204,485
160,472,200,472,200,488,160,488
124,475,155,473,156,489,125,491
406,474,432,474,432,488,406,488
378,476,404,476,404,490,378,490
168,490,192,490,192,505,168,505
408,492,432,489,434,504,409,507
133,492,164,492,164,506,133,506
386,494,404,494,404,508,386,508
161,506,185,506,185,522,161,522
190,506,214,506,214,521,190,521
126,509,158,509,158,526,126,526
337,514,374,514,374,529,337,529
299,518,331,515,333,530,300,533
270,518,296,518,296,536,270,536
220,522,237,522,237,538,220,538
241,522,266,522,266,536,241,536
184,525,214,525,214,540,184,540
384,546,437,546,437,561,384,561
221,558,253,558,253,573,221,573
177,560,217,560,217,576,177,576
149,561,173,561,173,577,149,577
128,565,144,565,144,578,128,578
422,566,430,566,430,578,422,578
273,572,312,572,312,588,273,588
207,577,267,575,268,590,208,592
156,580,194,580,194,594,156,594
196,581,202,581,202,593,196,593
128,581,152,581,152,597,128,597
311,590,439,582,440,597,312,605
209,596,226,596,226,610,209,610
185,598,210,596,211,610,186,612
129,600,146,600,146,617,129,617
150,600,181,600,181,614,150,614
352,642,385,642,385,658,352,658
277,645,304,645,304,664,277,664
308,646,348,646,348,660,308,660
210,649,242,649,242,665,210,665
248,649,273,649,273,664,248,664
181,650,205,650,205,666,181,666
421,658,445,658,445,673,421,673
329,663,378,660,379,675,330,678
384,661,416,661,416,674,384,674
280,665,325,665,325,680,280,680
256,668,273,668,273,681,256,681
218,669,249,669,249,684,218,684
161,672,214,672,214,686,161,686
132,674,154,674,154,688,132,688
348,698,374,698,374,716,348,716
378,698,404,698,404,713,378,713
296,701,313,701,313,717,296,717
249,703,291,701,292,718,250,720
317,702,344,702,344,716,317,716
221,705,245,705,245,721,221,721
169,708,196,708,196,725,169,725
198,708,217,708,217,724,198,724
364,718,413,717,413,732,365,733
417,717,442,717,442,730,417,730
288,723,327,720,328,735,289,738
326,721,350,721,350,734,326,734
356,721,366,721,366,733,356,733
198,726,283,722,284,738,198,742
162,729,186,729,186,742,162,742
132,730,156,730,156,744,132,744
156,732,164,732,164,742,156,742
186,732,190,732,190,741,186,741
