260,105,384,108,383,132,259,129
389,108,460,110,459,134,388,132
236,144,278,148,276,169,234,164
280,146,312,146,312,166,280,166
316,148,354,148,354,168,316,168
359,147,394,149,393,169,357,167
397,150,432,150,432,169,397,169
434,150,481,150,481,169,434,169
106,178,141,178,141,197,106,197
230,224,289,224,289,254,230,254
358,225,414,225,414,253,358,253
421,225,496,225,496,253,421,253
293,227,353,227,353,253,293,253
306,265,350,262,351,283,308,287
401,265,420,265,420,285,401,285
354,268,400,268,400,286,354,286
542,293,581,293,581,312,542,312
128,294,165,294,165,313,128,313
169,292,222,297,220,317,167,311
301,294,345,294,345,313,301,313
378,293,420,296,419,313,378,311
421,297,454,293,456,313,424,317
477,294,540,294,540,313,477,313
252,296,277,296,277,313,252,313
117,324,274,324,274,342,117,342
277,324,328,325,327,345,276,343
368,325,441,325,441,344,368,344
329,326,366,326,366,346,329,346
445,326,462,326,462,344,445,344
466,326,494,326,494,344,466,344
557,354,597,352,598,371,558,373
236,354,248,354,248,368,236,368
294,354,321,354,321,370,294,370
518,354,562,354,562,374,518,374
389,356,432,356,432,376,389,376
428,356,465,356,465,373,428,373
113,385,274,388,274,409,113,406
278,389,326,389,326,408,278,408
330,389,361,389,361,410,330,410
362,389,405,389,405,409,362,409
413,390,445,390,445,409,413,409
445,390,460,390,460,408,445,408
462,390,493,390,493,409,462,409
562,418,601,418,601,437,562,437
534,420,565,420,565,440,534,440
288,421,325,421,325,434,288,434
402,421,433,421,433,441,402,441
429,421,466,421,466,440,429,440
112,456,274,456,274,476,112,476
277,456,305,456,305,478,277,478
306,457,357,457,357,476,306,476
358,457,370,457,370,473,358,473
374,457,414,457,414,478,374,478
417,457,446,457,446,476,417,476
566,485,606,485,606,505,566,505
430,486,469,486,469,506,430,506
524,486,569,486,569,508,524,508
288,488,328,488,328,505,288,505
389,488,429,488,429,506,389,506
276,524,316,524,316,545,276,545
460,524,520,524,520,544,460,544
524,524,553,524,553,542,524,542
109,525,274,525,274,546,109,546
346,525,374,525,374,545,346,545
376,525,414,525,414,544,376,544
418,525,457,525,457,546,418,546
318,526,344,526,344,545,318,545
417,556,473,556,473,577,417,577
106,558,142,558,142,578,106,578
147,556,201,560,199,582,145,578
202,558,234,558,234,581,202,581
573,588,612,588,612,609,573,609
414,589,473,589,473,610,414,610
542,589,576,589,576,610,542,610
287,592,329,590,330,607,288,609
105,592,142,592,142,613,105,613
146,592,193,592,193,613,146,613
95,633,152,639,150,665,92,659
153,640,182,640,182,661,153,661
538,665,585,665,585,688,538,688
580,664,622,664,622,689,580,689
93,666,151,672,148,698,90,692
152,670,206,674,205,696,151,693
585,710,625,710,625,732,585,732
542,712,588,712,588,734,542,734
92,713,150,719,147,745,90,739
150,717,190,717,190,740,150,740
586,746,628,746,628,769,586,769
216,749,257,749,257,770,216,770
544,749,590,749,590,772,544,772
93,750,141,750,141,772,93,772
142,749,213,749,213,772,142,772
348,749,397,749,397,772,348,772
204,808,366,808,366,832,204,832
98,810,133,810,133,833,98,833
136,812,181,812,181,833,136,833
136,847,198,847,198,870,136,870
202,846,261,846,261,873,202,873
98,848,132,848,132,874,98,874
604,878,630,878,630,898,604,898
96,888,153,888,153,909,96,909
158,892,214,892,214,909,158,909
590,917,632,917,632,937,590,937
572,918,593,918,593,941,572,941
96,925,153,925,153,946,96,946
157,925,206,925,206,948,157,948
210,925,264,925,264,946,210,946
158,962,209,962,209,986,158,986
212,964,265,964,265,985,212,985
96,964,158,968,156,991,94,987
592,992,634,992,634,1013,592,1013
561,993,590,993,590,1014,561,1014
252,1000,296,1000,296,1022,252,1022
299,999,345,1002,343,1024,297,1021
165,1000,250,1000,250,1022,165,1022
136,1002,164,1002,164,1022,136,1022
93,1002,133,1002,133,1022,93,1022
