377,311,414,303,418,323,382,331
340,314,381,314,381,337,340,337
283,330,337,322,340,337,286,346
373,333,406,329,408,347,376,352
240,332,286,332,286,350,240,350
199,337,236,333,238,351,201,356
337,337,374,337,374,358,337,358
302,348,335,344,337,359,304,363
268,352,302,348,303,365,269,368
218,358,266,356,267,371,218,373
186,360,217,360,217,378,186,378
154,365,178,365,178,381,154,381
254,378,289,378,289,396,254,396
308,395,394,379,398,397,311,413
230,384,253,384,253,397,230,397
199,386,228,384,229,399,200,401
159,389,198,386,199,403,160,406
282,398,309,398,309,413,282,413
186,410,273,400,276,418,188,428
307,416,375,403,378,420,310,432
460,410,486,410,486,425,460,425
164,412,185,412,185,429,164,429
411,420,459,412,461,427,413,434
302,420,310,420,310,430,302,430
273,421,292,421,292,434,273,434
230,426,271,421,273,437,232,442
199,433,231,429,233,444,201,449
165,433,199,431,201,448,167,451
334,434,360,431,362,446,336,449
452,436,490,429,494,444,455,452
444,438,454,438,454,452,444,452
300,441,318,441,318,456,300,456
402,449,410,449,410,460,402,460
357,455,385,450,388,465,359,470
453,457,495,451,498,470,456,476
198,454,233,454,233,469,198,469
169,457,197,457,197,473,169,473
348,457,358,457,358,470,348,470
445,462,454,462,454,477,445,477
480,477,501,477,501,494,480,494
189,480,212,480,212,497,189,497
212,480,230,480,230,493,212,493
166,482,188,482,188,500,166,500
463,506,505,497,509,516,467,525
208,501,244,501,244,517,208,517
169,504,208,504,208,524,169,524
453,509,465,509,465,524,453,524
276,516,314,514,315,529,277,531
249,520,276,520,276,534,249,534
211,526,247,521,249,536,213,542
172,531,212,526,214,543,174,547
277,540,312,540,312,556,277,556
375,553,448,538,452,559,379,574
235,550,274,543,276,558,238,565
217,550,236,550,236,568,217,568
337,561,374,551,380,572,343,582
178,554,217,554,217,574,178,574
310,562,340,562,340,584,310,584
262,571,307,563,311,586,266,595
227,582,263,575,266,594,231,601
