235,186,261,186,261,205,235,205
258,186,275,186,275,203,258,203
273,186,300,186,300,203,273,203
298,188,321,188,321,201,298,201
211,190,235,190,235,208,211,208
333,203,355,203,355,221,333,221
298,206,306,206,306,220,298,220
308,205,335,205,335,220,308,220
273,206,295,206,295,223,273,223
248,210,273,210,273,226,248,226
183,211,198,211,198,226,183,226
200,211,213,211,213,226,200,226
213,211,248,211,248,228,213,228
308,226,336,226,336,241,308,241
275,228,310,228,310,245,275,245
53,230,161,230,161,256,53,256
201,230,216,230,216,245,201,245
216,230,240,230,240,246,216,246
240,231,263,231,263,248,240,248
290,246,321,246,321,263,290,263
223,250,243,250,243,265,223,265
240,252,291,248,292,265,242,270
216,283,245,283,245,300,216,300
248,285,281,285,281,300,248,300
160,286,188,286,188,303,160,303
193,286,213,286,213,301,193,301
350,295,383,295,383,311,350,311
317,300,351,296,353,312,318,316
220,301,261,301,261,318,220,318
305,305,320,305,320,316,305,316
178,306,213,306,213,321,178,321
130,308,173,308,173,323,130,323
96,310,125,310,125,325,96,325
56,311,91,311,91,326,56,326
326,317,392,308,394,326,328,334
290,320,330,320,330,335,290,335
98,328,125,328,125,345,98,345
58,330,93,330,93,345,58,345
356,348,391,348,391,366,356,366
229,360,257,355,260,372,232,378
288,356,303,356,303,371,288,371
343,358,353,358,353,370,343,370
208,361,228,361,228,376,208,376
93,366,130,366,130,383,93,383
61,368,88,368,88,386,61,386
320,373,346,373,346,390,320,390
351,373,370,373,370,388,351,388
232,377,284,374,285,392,233,395
303,376,315,376,315,390,303,390
176,381,203,381,203,398,176,398
210,381,226,381,226,396,210,396
126,383,171,383,171,400,126,400
376,386,405,386,405,403,376,403
63,388,90,388,90,405,63,405
95,388,125,388,125,403,95,403
353,391,371,391,371,406,353,406
243,396,270,396,270,413,243,413
220,400,238,400,238,415,220,415
105,406,173,401,174,418,106,423
62,409,99,405,101,423,63,426
100,410,108,410,108,421,100,421
363,410,383,410,383,425,363,425
331,411,358,411,358,426,331,426
318,415,328,415,328,428,318,428
270,415,296,415,296,431,270,431
303,416,310,416,310,426,303,426
245,416,271,416,271,433,245,433
220,420,240,420,240,435,220,435
171,421,198,421,198,436,171,436
140,425,168,425,168,440,140,440
381,426,410,426,410,441,381,441
66,428,95,428,95,445,66,445
98,428,126,428,126,443,98,443
358,430,378,430,378,443,358,443
246,436,273,436,273,453,246,453
223,438,241,438,241,455,223,455
115,445,176,440,177,457,117,462
101,448,110,448,110,461,101,461
66,448,101,448,101,465,66,465
111,450,120,450,120,461,111,461
303,451,356,446,357,463,305,468
363,450,371,450,371,461,363,461
273,453,300,453,300,470,273,470
233,456,268,456,268,473,233,473
208,460,235,460,235,475,208,475
176,461,203,461,203,476,176,476
102,466,153,462,154,479,103,483
151,463,170,463,170,478,151,478
70,468,96,468,96,483,70,483
387,483,416,480,417,496,388,499
365,483,385,483,385,500,365,500
120,485,140,485,140,500,120,500
86,486,115,486,115,503,86,503
70,488,88,488,88,505,70,505
250,495,279,492,280,508,252,510
228,495,248,495,248,511,228,511
121,503,181,500,182,516,121,519
385,501,416,501,416,518,385,518
70,507,124,503,125,520,71,524
361,506,385,506,385,520,361,520
345,523,395,523,395,540,345,540
73,526,93,526,93,543,73,543
320,526,346,526,346,543,320,543
296,530,315,530,315,545,296,545
265,531,293,531,293,546,265,546
214,536,256,533,257,549,215,552
181,538,210,538,210,555,181,555
123,540,160,540,160,558,123,558
165,540,178,540,178,555,165,555
395,541,423,541,423,556,395,556
75,545,103,545,103,561,75,561
108,546,126,546,126,560,108,560
371,546,390,546,390,558,371,558
258,551,285,551,285,568,258,568
233,555,253,555,253,570,233,570
75,566,186,557,187,575,76,583
275,570,308,570,308,586,275,586
217,575,269,572,270,589,218,592
153,580,180,580,180,596,153,596
185,580,213,580,213,595,185,595
400,581,426,581,426,596,400,596
110,583,146,583,146,600,110,600
375,583,395,583,395,600,375,600
78,585,105,585,105,603,78,603
261,591,288,591,288,608,261,608
236,595,256,595,256,610,236,610
77,606,189,597,191,615,78,624
403,620,431,620,431,636,403,636
370,623,398,623,398,640,370,640
223,634,261,632,262,649,225,652
165,637,201,635,202,654,166,657
210,640,226,640,226,653,210,653
123,641,161,638,162,658,125,660
396,641,423,641,423,656,396,656
81,645,118,645,118,663,81,663
366,646,391,646,391,658,366,658
185,656,221,656,221,675,185,675
168,661,178,661,178,676,168,676
406,660,435,660,435,676,406,676
125,662,163,660,164,678,126,680
375,663,401,663,401,678,375,678
83,665,121,665,121,683,83,683
180,678,205,678,205,695,180,695
408,680,436,680,436,696,408,696
125,683,173,679,174,697,126,700
376,681,405,681,405,698,376,698
83,686,122,683,124,702,85,705
411,700,438,700,438,716,411,716
138,703,165,703,165,720,138,720
396,705,405,705,405,718,396,718
96,705,133,705,133,723,96,723
411,721,441,719,442,736,413,739
380,723,408,723,408,740,380,740
95,728,143,725,144,742,97,745
165,741,193,741,193,758,165,758
135,743,160,743,160,761,135,761
89,748,127,744,130,763,91,767
333,746,375,746,375,763,333,763
290,751,328,749,329,766,291,769
258,755,286,755,286,773,258,773
200,758,220,758,220,776,200,776
225,758,253,758,253,775,225,775
157,764,194,760,196,778,159,781
311,793,421,782,423,799,313,810
420,783,446,783,446,800,420,800
203,801,240,801,240,818,203,818
153,803,198,803,198,821,153,821
120,806,148,806,148,825,120,825
95,813,113,813,113,830,95,830
261,816,306,812,308,831,263,835
188,824,256,819,257,835,190,841
129,826,174,824,175,843,130,845
306,835,451,822,452,840,308,853
175,828,183,828,183,840,175,840
96,831,123,831,123,848,96,848
163,846,211,841,212,860,165,864
120,851,159,849,160,865,121,867
95,851,115,851,115,870,95,870
353,893,391,893,391,913,353,913
304,900,349,897,350,914,305,917
271,900,300,900,300,918,271,918
236,903,266,903,266,921,236,921
193,907,230,902,233,921,195,926
161,906,188,906,188,926,161,926
433,910,460,910,460,926,433,926
389,915,426,912,427,928,390,931
340,919,384,914,386,931,341,935
333,923,343,923,343,936,333,936
275,923,326,923,326,940,275,940
203,928,233,925,234,943,205,945
233,928,240,928,240,941,233,941
248,926,268,926,268,941,248,941
135,933,199,930,200,947,136,950
101,936,130,936,130,953,101,953
386,958,416,958,416,976,386,976
353,960,381,960,381,978,353,978
318,963,348,963,348,981,318,981
240,967,289,965,290,984,241,987
293,966,313,966,313,983,293,983
208,970,236,970,236,988,208,988
181,973,203,973,203,991,181,991
146,975,176,975,176,995,146,995
431,976,460,976,460,993,431,993
361,984,426,977,428,995,363,1002
321,986,356,986,356,1003,321,1003
286,988,321,988,321,1005,286,1005
180,995,279,989,281,1008,181,1014
138,1000,168,1000,168,1016,138,1016
131,1003,140,1003,140,1018,131,1018
103,1003,131,1003,131,1020,103,1020
