576,294,705,289,707,341,578,346
437,295,562,295,562,346,437,346
715,361,754,361,754,378,715,378
633,364,673,361,675,380,635,383
677,362,713,362,713,378,677,378
579,366,613,366,613,384,579,384
615,366,631,366,631,382,615,382
409,368,449,368,449,385,409,385
451,368,501,368,501,385,451,385
508,368,544,368,544,384,508,384
546,368,570,368,570,384,546,384
197,377,263,377,263,410,197,410
268,380,343,380,343,412,268,412
618,387,652,387,652,405,618,405
537,388,589,391,588,409,536,407
592,389,617,389,617,405,592,405
508,391,533,391,533,407,508,407
197,417,241,421,239,436,196,431
243,421,295,423,295,436,243,433
297,422,347,425,346,437,296,435
571,451,648,448,649,480,572,482
334,455,393,455,393,482,334,482
398,457,464,457,464,482,398,482
469,457,567,457,567,482,469,482
275,494,426,494,426,528,275,528
181,499,215,499,215,524,181,524
654,499,691,499,691,524,654,524
218,501,265,501,265,524,218,524
540,503,585,503,585,526,540,526
590,503,650,503,650,530,590,530
485,505,528,505,528,528,485,528
183,540,249,540,249,570,183,570
332,544,364,544,364,567,332,567
368,546,400,546,400,569,368,569
396,546,457,546,457,569,396,569
179,581,220,581,220,606,179,606
224,583,272,583,272,606,224,606
307,585,339,585,339,608,307,608
485,585,524,585,524,608,485,608
604,585,643,585,643,608,604,608
640,585,668,585,668,608,640,608
343,586,373,586,373,608,343,608
526,590,558,590,558,608,526,608
293,624,341,624,341,652,293,652
697,624,786,624,786,654,697,654
345,627,401,624,402,652,347,655
602,626,643,626,643,652,602,652
501,627,531,627,531,654,501,654
576,627,597,627,597,654,576,654
215,666,257,666,257,691,215,691
265,666,291,666,291,691,265,691
297,668,343,668,343,693,297,693
348,668,393,668,393,693,348,693
398,668,444,668,444,697,398,697
731,668,780,668,780,693,731,693
567,670,597,670,597,693,567,693
606,670,654,670,654,693,606,693
691,670,723,670,723,693,691,693
268,704,327,704,327,732,268,732
334,704,394,704,394,732,334,732
399,700,467,708,463,739,396,732
597,707,647,707,647,734,597,734
707,707,725,707,725,731,707,731
731,707,780,707,780,732,731,732
574,709,590,709,590,731,574,731
213,743,256,743,256,770,213,770
179,745,193,745,193,764,179,764
263,742,350,748,348,778,261,771
353,745,400,745,400,771,353,771
403,743,441,743,441,777,403,777
567,748,597,748,597,773,567,773
604,748,654,748,654,773,604,773
691,748,723,748,723,773,691,773
731,748,780,748,780,773,731,773
266,782,325,782,325,811,266,811
332,784,393,784,393,811,332,811
398,780,466,788,463,818,394,810
240,787,257,787,257,805,240,805
597,787,647,787,647,812,597,812
707,787,723,787,723,811,707,811
731,787,782,787,782,814,731,814
176,823,192,823,192,844,176,844
210,822,257,825,255,850,208,848
261,823,297,823,297,850,261,850
304,823,359,823,359,850,304,850
362,825,409,825,409,851,362,851
412,823,453,823,453,855,412,855
567,827,599,827,599,851,567,851
604,828,654,828,654,853,604,853
693,828,725,828,725,853,693,853
732,828,782,828,782,853,732,853
265,863,367,868,366,895,264,890
372,861,443,868,440,896,369,889
574,867,592,867,592,891,574,891
597,867,647,867,647,892,597,892
709,869,725,869,725,892,709,892
732,869,782,869,782,894,732,894
165,903,261,903,261,932,165,932
268,905,343,905,343,932,268,932
666,910,716,910,716,937,666,937
725,909,780,912,778,940,724,937
215,948,273,948,273,974,215,974
442,948,508,948,508,972,442,972
160,949,211,949,211,974,160,974
277,949,336,949,336,974,277,974
700,956,732,956,732,981,700,981
736,958,782,958,782,981,736,981
160,1015,227,1015,227,1044,160,1044
341,1013,422,1016,421,1048,340,1045
234,1017,334,1017,334,1045,234,1045
640,1019,700,1019,700,1047,640,1047
707,1020,771,1020,771,1049,707,1049
428,1028,439,1028,439,1044,428,1044
181,1067,234,1067,234,1092,181,1092
289,1067,341,1067,341,1092,289,1092
238,1068,284,1068,284,1092,238,1092
688,1076,732,1076,732,1102,688,1102
734,1077,784,1077,784,1104,734,1104
256,1143,314,1143,314,1168,256,1168
414,1145,496,1145,496,1172,414,1172
355,1147,410,1147,410,1175,355,1175
499,1147,533,1147,533,1173,499,1173
316,1149,350,1149,350,1168,316,1168
535,1149,588,1149,588,1175,535,1175
590,1150,643,1150,643,1181,590,1181
643,1152,691,1152,691,1179,643,1179
343,1177,462,1177,462,1202,343,1202
464,1178,603,1181,602,1207,463,1204
147,1269,227,1269,227,1294,147,1294
227,1271,307,1271,307,1296,227,1296
