279,57,321,52,324,76,282,81
220,59,275,56,277,79,221,83
335,80,391,76,392,100,337,105
400,76,460,81,457,105,398,99
314,85,333,85,333,105,314,105
76,86,106,86,106,113,76,113
226,86,273,86,273,112,226,112
277,88,294,88,294,105,277,105
180,89,224,89,224,110,180,110
110,90,125,90,125,110,110,110
130,90,174,90,174,112,130,112
370,106,423,104,424,126,370,128
286,108,364,110,363,132,286,130
157,109,213,109,213,136,157,136
218,112,265,112,265,134,218,134
122,116,154,116,154,141,122,141
329,134,374,134,374,157,329,157
277,137,323,135,324,158,278,160
215,140,277,138,277,161,216,163
170,142,206,142,206,164,170,164
316,176,374,176,374,197,316,197
269,178,313,178,313,200,269,200
170,182,214,182,214,202,170,202
218,184,265,182,265,201,218,203
378,201,416,201,416,221,378,221
364,202,377,202,377,218,364,218
316,205,350,205,350,222,316,222
260,206,302,206,302,224,260,224
205,208,258,208,258,225,205,225
169,209,206,209,206,225,169,225
342,230,365,230,365,246,342,246
306,232,329,232,329,248,306,248
216,233,240,233,240,250,216,250
250,233,294,233,294,249,250,249
184,234,204,234,204,249,184,249
121,265,167,269,166,287,119,283
66,268,120,268,120,284,66,284
65,293,105,293,105,310,65,310
96,320,123,317,125,335,97,338
64,320,93,320,93,337,64,337
440,370,478,370,478,398,440,398
382,374,438,374,438,393,382,393
61,374,104,374,104,401,61,401
304,376,326,376,326,393,304,393
105,377,133,377,133,396,105,396
122,405,169,403,169,422,122,424
172,405,210,405,210,422,172,422
214,405,260,405,260,424,214,424
62,406,90,406,90,428,62,428
93,406,117,406,117,424,93,424
420,433,444,433,444,453,420,453
445,433,480,433,480,457,445,457
61,436,85,436,85,457,61,457
88,436,120,436,120,456,88,456
159,463,189,469,185,489,155,483
60,466,92,466,92,484,60,484
95,467,153,465,153,483,96,485
190,466,214,466,214,484,190,484
422,496,484,496,484,520,422,520
57,496,118,496,118,522,57,522
256,549,293,549,293,569,256,569
203,549,254,552,253,572,201,569
297,549,351,554,350,573,296,569
425,550,454,550,454,570,425,570
452,550,486,550,486,568,452,568
244,581,296,581,296,601,244,601
298,581,352,581,352,601,298,601
477,585,486,585,486,597,477,597
245,614,294,618,293,639,243,635
297,614,352,618,351,639,296,636
456,616,490,616,490,634,456,634
429,617,458,617,458,637,429,637
209,649,249,649,249,669,209,669
429,650,454,650,454,669,429,669
457,650,492,650,492,669,457,669
252,652,308,652,308,669,252,669
310,652,348,652,348,668,310,668
262,684,301,684,301,705,262,705
305,685,349,687,349,705,304,703
252,717,298,717,298,740,252,740
202,716,251,721,248,745,199,739
48,721,92,721,92,740,48,740
94,721,144,721,144,740,94,740
144,724,198,717,201,739,147,746
171,769,217,773,215,793,169,789
312,769,350,769,350,794,312,794
248,772,272,772,272,790,248,790
274,772,310,772,310,792,274,792
352,772,382,772,382,792,352,792
218,774,244,774,244,790,218,790
276,802,354,802,354,822,276,822
357,802,388,802,388,821,357,821
162,804,245,804,245,822,162,822
248,804,272,804,272,825,248,825
