336,112,378,112,378,126,336,126
289,113,337,113,337,128,289,128
246,114,268,114,268,129,246,129
268,114,292,114,292,129,268,129
336,131,379,128,380,142,337,145
305,132,330,132,330,146,305,146
260,133,306,133,306,146,260,146
245,134,258,134,258,148,245,148
118,149,214,149,214,173,118,173
272,150,296,150,296,165,272,165
293,150,314,150,314,165,293,165
318,152,326,152,326,164,318,164
256,153,270,153,270,165,256,165
329,166,358,166,358,181,329,181
266,169,329,167,329,182,266,184
258,201,284,201,284,214,258,214
286,201,320,201,320,214,286,214
209,202,233,202,233,216,209,216
237,202,256,202,256,216,237,216
337,216,413,216,413,230,337,230
181,220,254,220,254,234,181,234
260,220,281,220,281,232,260,232
281,220,297,220,297,232,281,232
116,221,146,221,146,234,116,234
150,221,181,221,181,233,150,233
358,233,419,231,420,246,358,248
324,234,361,234,361,248,324,248
116,237,146,237,146,252,116,252
146,237,174,237,174,250,146,250
368,265,414,265,414,280,368,280
265,269,290,267,291,282,266,284
245,269,262,269,262,282,245,282
116,270,138,270,138,284,116,284
144,270,176,270,176,285,144,285
318,270,333,270,333,281,318,281
137,285,160,285,160,301,137,301
114,286,130,286,130,301,114,301
188,286,205,286,205,300,188,300
224,286,255,288,254,301,223,299
260,286,292,286,292,300,260,300
165,288,182,288,182,302,165,302
397,300,422,300,422,314,397,314
369,301,393,301,393,314,369,314
122,304,212,304,212,318,122,318
253,304,269,304,269,317,253,317
274,304,298,304,298,317,274,317
334,305,341,305,341,314,334,314
117,308,124,308,124,317,117,317
346,318,372,318,372,333,346,333
377,318,408,318,408,332,377,332
266,321,342,318,342,333,266,335
188,321,212,321,212,334,188,334
216,321,262,321,262,336,216,336
114,322,181,322,181,337,114,337
398,334,424,334,424,348,398,348
377,336,393,336,393,349,377,349
274,337,300,337,300,352,274,352
145,338,212,338,212,353,145,353
253,338,269,338,269,352,253,352
114,340,145,340,145,353,114,353
180,354,198,354,198,372,180,372
318,354,342,354,342,368,318,368
114,356,138,356,138,370,114,370
232,356,248,356,248,369,232,369
253,356,277,356,277,369,253,369
282,356,313,356,313,369,282,369
144,357,174,357,174,370,144,370
202,357,225,357,225,369,202,369
400,369,424,369,424,382,400,382
385,370,396,370,396,384,385,384
276,373,300,373,300,386,276,386
336,374,342,374,342,385,336,385
114,374,160,374,160,389,114,389
158,374,212,374,212,388,158,388
349,388,373,388,373,402,349,402
274,388,308,390,307,405,274,403
312,389,342,389,342,402,312,402
180,390,197,390,197,405,180,405
253,390,270,390,270,404,253,404
114,392,138,392,138,406,114,406
202,392,225,392,225,405,202,405
232,392,249,392,249,405,232,405
142,393,174,393,174,405,142,405
400,405,425,405,425,418,400,418
276,408,300,408,300,421,276,421
113,409,160,409,160,424,113,424
158,409,212,409,212,424,158,424
401,440,426,440,426,454,401,454
373,441,397,441,397,454,373,454
188,442,220,442,220,458,188,458
239,443,271,441,272,457,240,459
114,444,146,444,146,458,114,458
152,444,184,444,184,460,152,460
225,445,240,445,240,458,225,458
114,461,146,461,146,478,114,478
150,461,182,461,182,477,150,477
189,462,197,462,197,477,189,477
202,461,234,461,234,476,202,476
398,476,428,476,428,490,398,490
373,477,397,477,397,490,373,490
196,478,220,478,220,494,196,494
114,480,146,480,146,497,114,497
150,480,190,480,190,494,150,494
374,494,398,494,398,509,374,509
404,494,428,494,428,509,404,509
121,498,153,498,153,513,121,513
157,498,182,498,182,513,157,513
404,512,429,512,429,526,404,526
381,513,400,513,400,528,381,528
120,517,160,517,160,532,120,532
150,533,174,533,174,549,150,549
113,534,146,534,146,552,113,552
180,534,205,534,205,549,180,549
261,550,286,550,286,568,261,568
291,552,323,550,324,565,292,567
330,550,368,550,368,565,330,565
172,553,205,551,206,569,173,571
209,552,228,552,228,568,209,568
232,553,257,553,257,566,232,566
408,588,430,588,430,601,408,601
133,590,159,588,161,606,134,608
209,588,243,590,242,605,208,603
308,589,362,589,362,602,308,602
386,590,408,590,408,601,386,601
164,590,204,590,204,605,164,605
113,592,129,592,129,606,113,606
262,606,302,606,302,624,262,624
141,609,182,609,182,625,141,625
194,609,256,609,256,624,194,624
112,610,136,610,136,625,112,625
182,612,189,612,189,622,182,622
301,625,433,625,433,640,301,640
172,626,213,626,213,644,172,644
112,628,130,628,130,645,112,645
134,629,166,629,166,644,134,644
164,682,189,682,189,701,164,701
262,682,290,682,290,700,262,700
340,682,373,682,373,700,340,700
194,684,228,684,228,701,194,701
232,684,257,684,257,698,232,698
293,683,335,685,334,700,292,698
316,702,334,702,334,717,316,717
333,702,368,702,368,718,333,718
410,702,436,702,436,720,410,720
201,704,233,704,233,718,201,718
240,704,257,704,257,718,240,718
264,704,312,704,312,718,264,718
370,704,405,704,405,717,370,717
110,705,134,705,134,720,110,720
141,705,196,705,196,720,141,720
202,741,229,741,229,760,202,760
233,741,276,741,276,758,233,758
280,741,298,741,298,758,280,758
333,741,361,741,361,758,333,758
148,742,174,742,174,760,148,760
178,742,198,742,198,760,178,760
302,742,330,742,330,758,302,758
365,742,392,742,392,757,365,757
272,761,334,761,334,777,272,777
341,761,400,761,400,776,341,776
177,763,266,761,266,777,177,778
404,762,430,762,430,776,404,776
108,764,133,764,133,778,108,778
132,764,172,764,172,778,132,778
