353,160,384,160,384,178,353,178
384,160,416,160,416,180,384,180
416,160,441,160,441,180,416,180
442,160,473,160,473,180,442,180
473,160,501,160,501,180,473,180
330,182,350,182,350,205,330,205
350,185,377,185,377,205,350,205
377,186,408,186,408,205,377,205
409,186,437,186,437,206,409,206
441,188,450,188,450,205,441,205
454,186,488,186,488,206,454,206
489,185,526,189,524,210,487,206
146,198,281,198,281,233,146,233
344,212,364,212,364,230,344,230
368,212,400,212,400,232,368,232
400,213,428,213,428,233,400,233
431,212,477,216,475,238,429,234
476,213,508,213,508,233,476,233
360,240,386,240,386,258,360,258
386,240,449,240,449,260,386,260
446,240,489,240,489,260,446,260
274,285,308,285,308,304,274,304
316,286,340,286,340,305,316,305
348,286,380,286,380,305,348,305
388,286,432,286,432,306,388,306
140,306,182,306,182,328,140,328
192,308,233,308,233,328,192,328
234,308,339,311,338,332,234,328
458,313,566,310,567,330,458,332
348,313,397,313,397,329,348,329
138,330,182,330,182,353,138,353
190,334,222,334,222,352,190,352
184,337,190,337,190,350,184,350
489,337,577,336,577,355,489,357
438,338,490,338,490,357,438,357
137,381,169,381,169,402,137,402
179,380,224,384,222,406,177,402
521,386,568,386,568,408,521,408
324,388,346,388,346,406,324,406
352,391,387,386,389,406,355,410
426,390,449,390,449,408,426,408
501,390,521,390,521,406,501,406
136,407,201,410,201,429,135,426
209,409,232,409,232,429,209,429
240,410,273,410,273,430,240,430
281,410,325,410,325,432,281,432
334,413,364,413,364,433,334,433
374,414,417,414,417,433,374,433
133,432,273,436,273,456,132,451
333,438,356,438,356,457,333,457
354,440,397,440,397,457,354,457
510,440,534,440,534,458,510,458
541,440,577,440,577,458,541,458
133,481,177,481,177,504,133,504
186,484,230,484,230,505,186,505
237,485,282,485,282,506,237,506
310,486,354,486,354,508,310,508
290,489,309,489,309,505,290,505
510,492,536,492,536,510,510,510
533,492,578,492,578,510,533,510
130,506,176,506,176,530,130,530
185,509,229,509,229,530,185,530
236,510,248,510,248,530,236,530
257,510,302,510,302,532,257,532
553,520,565,520,565,536,553,536
130,533,174,533,174,556,130,556
182,536,240,536,240,557,182,557
246,537,278,537,278,557,246,557
510,545,578,545,578,564,510,564
140,561,185,561,185,582,140,582
193,564,214,564,214,584,193,584
214,565,225,565,225,581,214,581
510,572,534,572,534,590,510,590
533,570,579,572,578,592,532,590
128,586,172,586,172,609,128,609
181,586,213,586,213,609,181,609
222,592,257,592,257,610,222,610
566,602,577,602,577,616,566,616
210,616,254,616,254,637,210,637
261,614,285,614,285,637,261,637
337,618,372,618,372,641,337,641
294,620,329,620,329,638,294,638
380,620,424,620,424,641,380,641
433,622,488,622,488,644,433,644
196,694,228,694,228,717,196,717
237,696,282,696,282,720,237,720
290,698,325,698,325,721,290,721
332,697,370,699,369,723,331,721
377,703,435,706,434,728,376,724
441,704,489,704,489,729,441,729
121,724,153,724,153,742,121,742
164,723,239,726,238,746,163,744
246,728,290,728,290,746,246,746
301,729,325,729,325,749,301,749
334,728,401,731,401,752,333,750
432,733,478,733,478,754,432,754
409,734,432,734,432,753,409,753
486,738,534,738,534,757,486,757
544,738,581,743,579,763,542,759
170,777,205,777,205,800,170,800
212,778,237,778,237,801,212,801
245,781,280,781,280,802,245,802
288,781,345,783,345,806,287,805
353,784,377,784,377,808,353,808
429,788,468,788,468,812,429,812
386,790,422,790,422,812,386,812
476,794,513,794,513,814,476,814
116,805,149,805,149,825,116,825
148,804,202,809,200,829,146,824
210,808,334,814,333,835,209,829
341,814,431,818,430,839,340,836
441,818,524,823,523,845,440,840
532,826,569,826,569,846,532,846
