579,323,677,323,677,357,579,357
497,325,575,325,575,359,497,359
399,327,495,325,496,358,400,361
322,333,392,330,393,360,323,363
726,373,764,373,764,399,726,399
769,373,808,373,808,399,769,399
814,373,863,373,863,398,814,398
598,375,646,375,646,401,598,401
652,373,722,376,721,403,651,401
504,375,593,375,593,410,504,410
348,382,388,379,390,406,350,410
394,380,446,380,446,407,394,407
449,380,502,380,502,408,449,408
145,383,211,383,211,410,145,410
215,383,266,383,266,410,215,410
272,380,348,389,345,416,269,408
502,426,678,420,679,448,503,454
323,430,483,427,483,455,323,458
566,535,666,533,667,568,567,571
494,536,561,536,561,572,494,572
335,538,410,538,410,572,335,572
412,543,488,539,490,570,414,574
721,600,878,600,878,630,721,630
127,600,174,600,174,634,127,634
636,603,717,607,715,640,634,636
177,604,325,604,325,634,177,634
819,725,881,725,881,764,819,764
119,732,163,732,163,764,119,764
490,732,538,732,538,769,490,769
710,732,814,732,814,764,710,764
419,735,486,735,486,764,419,764
504,789,590,789,590,828,504,828
241,790,311,790,311,830,241,830
318,790,417,790,417,837,318,837
112,788,238,798,235,836,110,827
598,792,662,792,662,833,598,833
423,794,499,794,499,828,423,828
772,853,888,849,889,890,773,893
423,853,467,853,467,890,423,890
462,853,538,853,538,890,462,890
335,920,387,920,387,957,335,957
104,922,179,922,179,957,104,957
186,922,250,922,250,957,186,957
259,922,328,922,328,957,259,957
830,982,897,982,897,1020,830,1020
470,984,540,984,540,1021,470,1021
776,984,835,984,835,1025,776,1025
415,986,465,986,465,1023,415,1023
463,1013,474,1013,474,1027,463,1027
779,1064,900,1060,902,1103,780,1107
102,1062,203,1070,199,1114,98,1105
204,1064,273,1064,273,1103,204,1103
281,1062,373,1075,368,1115,275,1102
248,1181,321,1181,321,1215,248,1215
378,1186,440,1183,442,1218,380,1222
444,1183,550,1183,550,1217,444,1217
700,1183,760,1183,760,1222,700,1222
559,1185,629,1185,629,1224,559,1224
632,1185,696,1185,696,1224,632,1224
328,1192,371,1192,371,1212,328,1212
