510,270,570,270,570,295,510,295
434,275,489,270,491,296,437,300
363,273,431,273,431,300,363,300
312,280,358,277,359,300,313,303
254,281,309,279,310,301,255,304
213,283,251,280,253,302,215,306
149,286,211,283,212,305,150,309
332,306,384,304,385,329,333,332
499,340,540,335,543,359,502,364
543,336,585,336,585,358,543,358
441,338,500,338,500,361,441,361
344,344,386,342,387,361,345,363
392,341,425,347,422,366,388,360
271,346,341,344,342,366,271,368
218,348,255,348,255,366,218,366
175,350,215,350,215,368,175,368
138,351,170,351,170,368,138,368
396,368,440,368,440,386,396,386
331,368,393,370,393,392,331,389
280,371,315,371,315,391,280,391
376,395,451,392,452,412,376,414
343,395,378,395,378,415,343,415
270,398,340,398,340,416,270,416
428,425,493,425,493,451,428,451
342,433,424,430,425,453,343,455
230,434,281,431,282,456,231,458
284,435,338,432,339,454,285,457
321,469,428,465,428,485,321,488
290,471,318,471,318,488,290,488
188,506,210,506,210,521,188,521
210,506,240,506,240,521,210,521
125,508,146,508,146,523,125,523
148,508,181,508,181,523,148,523
340,533,378,533,378,550,340,550
380,532,409,535,408,550,378,548
257,536,303,534,304,551,258,553
303,535,330,535,330,550,303,550
176,536,260,536,260,553,176,553
126,540,171,540,171,558,126,558
276,568,318,568,318,586,276,586
208,570,236,570,236,585,208,585
125,571,155,571,155,588,125,588
156,571,203,571,203,590,156,590
238,573,276,573,276,586,238,586
470,601,488,601,488,618,470,618
541,610,563,610,563,628,541,628
393,615,420,615,420,631,393,631
323,616,343,616,343,633,323,633
196,618,230,618,230,636,196,636
235,623,273,623,273,635,235,635
465,623,495,623,495,641,465,641
165,668,200,668,200,685,165,685
201,668,246,668,246,685,201,685
541,668,565,668,565,686,541,686
566,668,598,668,598,685,566,685
395,671,416,671,416,690,395,690
420,671,453,671,453,688,420,688
346,673,360,673,360,690,346,690
165,691,230,691,230,710,165,710
207,719,254,717,255,736,208,738
256,718,286,718,286,736,256,736
166,721,206,721,206,740,166,740
545,721,568,721,568,738,545,738
568,721,601,721,601,738,568,738
406,723,460,723,460,741,406,741
350,726,360,726,360,743,350,743
165,745,201,745,201,761,165,761
571,766,605,766,605,785,571,785
546,768,570,768,570,786,546,786
398,770,421,770,421,788,398,788
423,770,456,770,456,788,423,788
165,775,229,780,228,800,163,796
231,777,293,779,293,798,231,796
548,806,570,806,570,825,548,825
571,806,605,806,605,825,571,825
423,810,456,810,456,828,423,828
410,811,423,811,423,830,410,830
164,817,229,814,230,837,165,841
229,818,272,813,275,834,231,839
508,850,550,850,550,880,508,880
545,848,611,848,611,883,545,883
199,862,272,859,273,883,200,886
278,860,335,860,335,881,278,881
131,860,196,860,196,893,131,893
546,891,570,891,570,911,546,911
571,891,615,891,615,911,571,911
135,901,173,901,173,920,135,920
175,903,208,903,208,920,175,920
591,933,618,933,618,960,591,960
204,941,264,939,265,962,205,964
136,941,171,941,171,966,136,966
173,941,203,941,203,966,173,966
280,996,330,996,330,1020,280,1020
440,996,473,996,473,1015,440,1015
330,997,388,1000,388,1020,329,1018
391,1000,435,1000,435,1016,391,1016
500,1055,548,1055,548,1075,500,1075
430,1056,458,1056,458,1075,430,1075
461,1056,496,1056,496,1075,461,1075
231,1060,309,1058,310,1077,231,1079
326,1058,365,1058,365,1080,326,1080
403,1058,431,1058,431,1078,403,1078
366,1060,401,1060,401,1076,366,1076
