172,345,225,349,223,375,171,371
231,352,261,352,261,375,231,375
268,353,305,353,305,378,268,378
306,352,371,362,367,389,302,380
168,375,197,375,197,400,168,400
204,378,243,378,243,403,204,403
243,378,317,386,314,413,240,405
325,387,339,387,339,409,325,409
348,389,377,389,377,414,348,414
385,391,448,391,448,419,385,419
457,398,496,398,496,425,457,425
505,399,592,407,590,435,503,427
167,403,208,403,208,430,167,430
215,407,266,407,266,435,215,435
274,411,329,414,328,441,272,439
347,417,400,421,398,447,345,443
407,425,423,425,423,446,407,446
442,426,483,426,483,453,442,453
491,427,544,433,541,460,488,454
178,432,291,443,289,470,175,459
320,446,362,446,362,473,320,473
368,449,423,449,423,476,368,476
428,455,482,455,482,480,428,480
164,459,217,464,214,491,161,486
226,466,265,471,262,496,222,490
272,469,337,474,335,501,270,496
343,478,394,478,394,505,343,505
402,480,456,488,452,513,398,505
462,485,501,485,501,510,462,510
160,488,272,499,270,527,158,516
508,490,547,490,547,514,508,514
558,490,595,490,595,515,558,515
281,501,320,501,320,526,281,526
319,503,383,512,379,537,315,527
390,508,440,516,437,540,386,533
448,513,523,516,522,542,447,539
160,518,342,533,340,560,158,545
533,521,544,521,544,540,533,540
555,518,632,522,631,549,553,545
444,541,570,547,568,574,443,568
576,551,606,551,606,576,576,576
613,553,642,553,642,578,613,578
606,558,611,558,611,572,606,572
188,583,240,583,240,608,188,608
247,583,325,591,323,616,245,608
330,591,395,594,394,620,329,617
547,606,590,606,590,633,547,633
597,609,639,612,638,637,596,634
149,632,337,645,335,673,147,659
459,654,554,664,551,693,456,682
146,660,259,668,257,696,144,688
555,665,632,671,630,697,553,691
456,686,533,692,531,718,454,712
553,694,629,699,627,727,551,721
535,709,546,709,546,720,535,720
132,718,229,726,227,753,130,746
450,745,528,751,526,778,448,773
548,754,624,760,622,786,546,780
530,768,540,768,540,780,530,780
123,779,321,793,319,821,121,807
446,806,522,811,520,839,444,833
118,808,268,821,266,849,115,837
542,814,618,820,616,846,541,840
466,838,520,842,518,869,464,865
541,843,616,849,614,876,539,871
110,875,174,875,174,901,110,901
184,878,225,878,225,905,184,905
234,887,263,887,263,908,234,908
272,887,313,887,313,914,272,914
323,889,362,889,362,916,323,916
374,891,442,900,438,926,371,916
110,900,176,906,173,934,108,928
448,900,503,904,501,929,446,925
181,908,234,908,234,935,181,935
245,914,286,914,286,939,245,939
297,915,412,924,410,951,295,942
130,933,223,937,222,963,128,959
106,935,120,935,120,951,106,951
233,940,287,943,286,968,231,965
320,945,374,948,373,973,319,971
382,951,410,951,410,974,382,974
