866,13,899,16,897,29,865,27
912,16,935,16,935,26,912,26
512,45,638,54,636,80,511,72
409,49,508,49,508,76,409,76
110,80,145,80,145,101,110,101
151,80,215,80,215,103,151,103
213,81,252,81,252,101,213,101
112,100,192,103,191,112,111,109
873,102,919,98,920,115,875,118
834,103,876,103,876,120,834,120
726,111,796,108,797,125,727,128
647,115,677,115,677,128,647,128
679,119,714,114,716,127,681,132
907,145,933,145,933,161,907,161
880,151,905,151,905,163,880,163
94,151,124,151,124,167,94,167
855,151,878,151,878,165,855,165
124,152,167,152,167,168,124,168
174,156,227,156,227,170,174,170
257,154,293,154,293,168,257,168
295,154,348,154,348,172,295,172
350,154,375,154,375,168,350,168
378,156,419,156,419,170,378,170
421,154,458,159,456,175,419,170
622,157,672,160,672,173,622,171
674,160,711,160,711,172,674,172
893,174,937,171,938,188,894,191
94,173,135,178,132,197,92,191
259,177,325,177,325,193,259,193
136,181,151,181,151,193,136,193
156,180,235,183,234,197,156,195
739,181,755,181,755,197,739,197
757,183,803,183,803,197,757,197
624,184,659,184,659,197,624,197
661,184,739,184,739,199,661,199
903,200,937,200,937,216,903,216
734,209,757,209,757,224,734,224
627,211,666,211,666,224,627,224
669,208,735,212,734,228,668,224
96,231,122,231,122,245,96,245
122,231,147,231,147,245,122,245
153,229,222,232,222,249,152,247
668,234,732,234,732,250,668,250
626,234,649,234,649,249,626,249
650,236,666,236,666,249,650,249
734,236,779,236,779,249,734,249
901,256,940,253,941,270,902,273
835,257,894,255,895,272,836,275
727,259,757,259,757,277,727,277
631,263,672,263,672,275,631,275
674,261,727,261,727,279,674,279
836,285,897,282,898,299,837,302
631,288,674,288,674,304,631,304
674,288,739,288,739,305,674,305
741,289,761,289,761,304,741,304
96,293,133,293,133,309,96,309
135,293,174,293,174,309,135,309
177,297,211,297,211,309,177,309
898,318,928,318,928,336,898,336
850,320,898,320,898,337,850,337
613,321,633,321,633,341,613,341
752,323,777,323,777,343,752,343
241,325,273,325,273,343,241,343
275,324,316,326,314,345,274,343
316,325,346,325,346,341,316,341
369,325,405,325,405,343,369,343
517,325,551,325,551,341,517,341
553,327,569,327,569,341,553,341
569,325,599,325,599,341,569,341
635,325,680,327,679,345,634,343
718,325,750,325,750,341,718,341
99,327,142,327,142,346,99,346
348,327,368,327,368,341,348,341
409,332,428,332,428,345,409,345
859,343,928,343,928,357,859,357
535,345,581,345,581,361,535,361
709,345,750,345,750,361,709,361
753,347,796,345,797,359,754,361
293,346,396,346,396,364,293,364
611,348,684,348,684,362,611,362
94,348,144,348,144,364,94,364
926,359,956,359,956,375,926,375
908,361,928,361,928,375,908,375
771,366,818,366,818,380,771,380
524,368,563,368,563,384,524,384
79,370,145,368,146,385,80,388
160,369,184,369,184,385,160,385
195,369,218,369,218,384,195,384
221,367,259,372,257,388,219,384
298,369,345,369,345,385,298,385
348,370,414,372,414,386,348,384
416,369,457,369,457,385,416,385
261,373,297,373,297,387,261,387
460,372,509,375,508,389,460,386
512,373,521,373,521,385,512,385
903,378,930,378,930,394,903,394
932,378,958,378,958,394,932,394
892,382,899,382,899,393,892,393
793,384,819,384,819,398,793,398
754,385,763,385,763,398,754,398
764,384,791,384,791,398,764,398
525,387,563,384,564,401,526,405
313,387,369,387,369,403,313,403
79,390,143,387,144,405,80,407
160,389,186,389,186,405,160,405
197,389,231,389,231,405,197,405
256,391,273,391,273,405,256,405
274,388,312,390,311,407,273,405
373,389,407,389,407,405,373,405
410,391,487,391,487,405,410,405
234,394,252,394,252,405,234,405
905,398,932,398,932,414,905,414
933,398,960,398,960,414,933,414
766,401,793,401,793,417,766,417
793,401,821,401,821,417,793,417
526,405,571,408,570,425,525,423
302,409,334,409,334,426,302,426
337,410,385,410,385,425,337,425
485,409,524,409,524,425,485,425
78,410,144,410,144,426,78,426
160,410,186,410,186,425,160,425
197,410,231,410,231,426,197,426
254,409,301,411,300,429,253,426
389,411,439,414,439,429,388,426
448,412,483,412,483,425,448,425
236,414,252,414,252,426,236,426
934,418,961,415,963,432,935,434
908,417,935,417,935,433,908,433
768,421,795,421,795,437,768,437
796,421,823,421,823,437,796,437
526,425,571,427,570,446,525,444
77,431,143,428,144,446,78,448
160,430,186,430,186,446,160,446
197,430,233,430,233,446,197,446
254,428,301,431,300,448,253,446
302,430,336,430,336,448,302,448
337,432,385,432,385,444,337,444
389,429,445,432,444,449,388,446
448,432,483,432,483,446,448,446
487,430,515,430,515,444,487,444
236,433,254,433,254,446,236,446
898,437,937,437,937,453,898,453
937,437,964,437,964,451,937,451
755,441,796,441,796,458,755,458
796,441,823,441,823,457,796,457
527,448,568,445,569,462,528,465
276,448,314,451,312,468,274,465
314,449,371,449,371,466,314,466
375,449,409,449,409,466,375,466
414,451,491,453,490,468,414,465
78,451,144,451,144,469,78,469
160,451,186,451,186,467,160,467
197,451,233,451,233,467,197,467
256,453,273,453,273,466,256,466
236,455,254,455,254,466,236,466
939,455,965,455,965,471,939,471
899,457,939,457,939,473,899,473
798,460,827,460,827,476,798,476
757,462,798,462,798,478,757,478
528,466,569,466,569,483,528,483
276,467,315,472,312,490,274,485
160,471,186,471,186,487,160,487
197,471,233,471,233,487,197,487
256,471,273,471,273,487,256,487
314,471,373,471,373,487,314,487
375,471,410,471,410,485,375,485
414,473,490,473,490,487,414,487
78,473,144,473,144,489,78,489
236,474,254,474,254,487,236,487
914,476,940,476,940,492,914,492
940,476,969,476,969,492,940,492
800,480,828,480,828,496,800,496
771,482,800,482,800,498,771,498
489,489,528,489,528,505,489,505
530,487,575,490,574,507,529,504
256,489,303,491,302,510,255,508
304,490,337,490,337,510,304,510
339,492,389,492,389,506,339,506
391,488,447,494,445,512,389,506
449,490,487,490,487,506,449,506
77,493,143,491,144,508,78,511
160,492,186,492,186,508,160,508
197,492,233,492,233,508,197,508
236,496,254,496,254,508,236,508
916,496,942,496,942,512,916,512
942,496,971,496,971,512,942,512
802,499,828,499,828,515,802,515
773,501,802,501,802,517,773,517
490,510,519,510,519,526,490,526
530,510,574,510,574,528,530,528
197,512,233,512,233,530,197,530
256,510,303,513,302,532,255,530
304,512,337,512,337,530,304,530
341,514,389,514,389,528,341,528
393,513,448,515,447,531,392,528
449,512,487,512,487,526,449,526
78,514,144,514,144,531,78,531
160,514,184,514,184,530,160,530
236,517,254,517,254,528,236,528
924,515,944,515,944,533,924,533
946,515,972,515,972,531,946,531
782,521,802,521,802,537,782,537
803,521,830,521,830,537,803,537
531,530,572,530,572,546,531,546
349,532,421,530,421,547,350,549
197,533,220,533,220,549,197,549
222,531,261,535,259,554,220,549
302,533,350,533,350,551,302,551
76,535,144,535,144,553,76,553
158,535,184,535,184,549,158,549
261,535,300,535,300,551,261,551
945,537,974,534,976,551,946,554
919,537,946,537,946,553,919,553
777,540,805,540,805,558,777,558
805,540,832,540,832,556,805,556
533,547,572,547,572,565,533,565
197,553,220,553,220,570,197,570
222,551,260,554,259,573,221,570
352,553,421,553,421,569,352,569
304,554,350,554,350,572,304,572
76,556,144,556,144,574,76,574
158,556,186,556,186,572,158,572
261,556,302,556,302,572,261,572
921,556,948,556,948,572,921,572
949,556,976,556,976,572,949,572
779,562,805,562,805,578,779,578
807,562,834,562,834,578,807,578
532,571,573,567,575,584,533,588
197,574,220,574,220,592,197,592
222,573,262,575,261,594,221,592
304,573,351,575,350,594,303,592
352,574,421,574,421,590,352,590
160,576,186,576,186,594,160,594
949,576,976,576,976,592,949,592
76,578,144,578,144,595,76,595
265,579,302,579,302,594,265,594
921,578,949,578,949,594,921,594
779,581,807,581,807,599,779,599
807,581,835,581,835,597,807,597
755,586,777,586,777,599,755,599
535,588,574,588,574,606,535,606
329,595,373,595,373,610,329,610
231,595,270,595,270,613,231,613
273,595,325,595,325,611,273,611
197,597,227,597,227,613,197,613
76,599,144,599,144,617,76,617
154,599,192,599,192,615,154,615
528,618,563,618,563,634,528,634
416,620,437,620,437,638,416,638
464,620,528,620,528,636,464,636
439,622,460,622,460,638,439,638
919,629,986,627,987,643,919,646
416,643,449,643,449,661,416,661
526,645,586,645,586,658,526,658
451,644,490,647,488,664,450,661
489,645,524,645,524,661,489,661
935,652,964,652,964,668,935,668
962,652,988,652,988,668,962,668
617,666,672,666,672,683,617,683
530,666,562,666,562,684,530,684
562,666,615,666,615,683,562,683
446,670,471,670,471,686,446,686
473,670,508,670,508,688,473,688
512,672,530,672,530,684,512,684
419,674,444,674,444,686,419,686
966,677,995,675,997,691,968,694
919,677,969,677,969,693,919,693
526,691,595,691,595,707,526,707
420,691,460,696,458,716,417,710
458,693,487,693,487,711,458,711
489,691,526,695,524,714,487,710
933,704,1001,701,1001,720,933,722
457,718,494,718,494,738,457,738
544,718,585,718,585,736,544,736
586,718,618,718,618,734,586,734
620,720,627,720,627,732,620,732
496,720,542,720,542,738,496,738
421,723,455,723,455,739,421,739
738,739,771,739,771,755,738,755
641,743,736,741,736,760,642,763
586,747,641,744,642,763,587,765
457,747,494,747,494,766,457,766
546,747,586,747,586,764,546,764
498,748,544,748,544,764,498,764
421,752,455,752,455,770,421,770
930,759,978,759,978,777,930,777
980,759,1006,759,1006,775,980,775
670,770,707,770,707,787,670,787
622,773,666,773,666,789,622,789
569,775,620,775,620,793,569,793
462,777,492,777,492,796,462,796
535,777,567,777,567,793,535,793
492,779,535,779,535,795,492,795
421,779,461,782,460,800,420,798
964,789,1012,789,1012,807,964,807
672,802,707,802,707,819,672,819
625,805,670,802,671,820,626,822
570,807,622,805,623,822,571,824
462,809,492,809,492,828,462,828
493,811,535,808,536,825,494,828
537,809,569,809,569,825,537,825
421,811,463,814,462,833,420,830
318,818,348,818,348,835,318,835
293,819,314,819,314,837,293,837
241,823,282,823,282,839,241,839
152,826,238,823,238,842,153,845
123,831,151,824,156,843,127,850
103,828,126,828,126,846,103,846
717,839,753,836,755,857,718,859
681,840,719,842,718,863,680,860
636,844,679,844,679,864,636,864
595,846,634,846,634,862,595,862
503,850,528,850,528,867,503,867
565,850,594,850,594,864,565,864
466,851,503,851,503,869,466,869
531,853,565,853,565,866,531,866
435,853,466,853,466,871,435,871
391,855,433,855,433,873,391,873
323,861,380,857,381,874,324,878
302,862,320,862,320,876,302,876
231,864,300,864,300,882,231,882
126,866,158,866,158,885,126,885
160,864,198,867,197,888,158,885
199,866,231,866,231,883,199,883
104,867,128,867,128,889,104,889
752,883,786,883,786,901,752,901
709,885,751,887,750,905,708,903
641,889,707,887,708,904,642,906
594,891,640,891,640,910,594,910
531,892,594,892,594,910,531,910
445,898,499,895,500,913,446,916
503,898,531,898,531,912,503,912
391,901,444,901,444,917,391,917
873,932,935,927,936,947,875,952
788,937,842,933,844,954,790,959
844,933,875,933,875,951,844,951
928,951,962,951,962,969,928,969
964,951,1010,951,1010,967,964,967
910,953,926,953,926,971,910,971
864,955,908,955,908,976,864,976
812,958,835,958,835,978,812,978
837,958,864,958,864,976,837,976
764,960,793,960,793,983,764,983
793,960,812,960,812,978,793,978
304,962,369,962,369,981,304,981
260,962,303,966,302,986,258,982
713,964,739,964,739,983,713,983
741,964,763,964,763,981,741,981
202,965,257,965,257,985,202,985
394,983,448,981,448,999,395,1001
357,983,393,983,393,1001,357,1001
850,980,956,980,956,1045,850,1045
337,985,353,985,353,1003,337,1003
286,987,334,987,334,1010,286,1010
256,988,284,988,284,1006,256,1006
177,990,206,990,206,1013,177,1013
231,990,254,990,254,1010,231,1010
208,992,229,992,229,1010,208,1010
124,994,152,994,152,1015,124,1015
152,994,176,994,176,1012,152,1012
885,1058,916,1058,916,1074,885,1074
857,1060,883,1060,883,1076,857,1076
834,1061,857,1061,857,1077,834,1077
