381,134,412,134,412,149,381,149
270,136,292,136,292,149,270,149
292,136,314,136,314,150,292,150
313,137,328,137,328,150,313,150
328,138,336,138,336,150,328,150
337,137,358,137,358,152,337,152
357,137,382,137,382,150,357,150
147,145,246,160,242,185,143,171
292,153,314,153,314,168,292,168
360,153,382,153,382,168,360,168
316,154,336,154,336,168,316,168
336,154,361,154,361,168,336,168
384,156,390,156,390,166,384,166
281,169,305,169,305,185,281,185
389,170,413,168,414,182,390,184
345,170,369,170,369,185,345,185
368,170,390,170,390,185,368,185
305,172,328,172,328,185,305,185
329,172,344,172,344,184,329,184
297,189,358,189,358,202,297,202
358,189,388,189,388,202,358,202
237,217,262,217,262,230,237,230
266,218,284,218,284,232,266,232
289,220,313,220,313,233,289,233
317,220,349,220,349,233,317,233
141,219,175,225,172,239,139,233
177,225,210,228,209,243,176,240
210,229,254,232,253,249,209,245
252,234,284,234,284,248,252,248
382,236,442,234,443,248,382,250
290,237,326,237,326,249,290,249
368,237,384,237,384,249,368,249
141,237,174,241,172,256,139,253
173,244,201,244,201,258,173,258
390,252,451,250,452,264,390,266
354,253,393,253,393,266,354,266
140,273,164,273,164,288,140,288
170,274,205,280,203,295,167,290
400,284,448,284,448,298,400,298
297,285,321,285,321,300,297,300
274,286,293,286,293,298,274,298
349,288,364,288,364,300,349,300
140,290,157,290,157,305,140,305
169,293,212,298,210,314,167,309
216,298,240,298,240,313,216,313
240,304,245,304,245,312,240,312
252,302,284,302,284,316,252,316
289,301,328,304,327,319,288,317
378,302,425,302,425,316,378,316
334,304,350,304,350,316,334,316
356,304,373,304,373,317,356,317
140,309,157,309,157,322,140,322
161,310,212,316,210,331,160,325
217,320,225,320,225,330,217,330
230,318,241,318,241,330,230,330
245,318,270,318,270,332,245,332
274,320,293,320,293,333,274,333
138,326,240,335,239,351,137,342
426,336,456,336,456,349,426,349
284,337,300,337,300,350,284,350
305,337,329,337,329,350,305,350
410,337,428,337,428,350,410,350
138,345,160,345,160,360,138,360
157,349,186,349,186,364,157,364
192,350,225,350,225,366,192,366
230,353,248,353,248,368,230,368
253,354,285,354,285,368,253,368
292,354,322,354,322,369,292,369
328,354,361,354,361,369,328,369
366,357,374,357,374,368,366,368
381,356,405,356,405,369,381,369
137,363,240,371,239,386,136,378
433,372,459,370,460,383,434,385
410,372,428,372,428,385,410,385
284,373,301,373,301,385,284,385
306,373,330,373,330,386,306,386
138,381,187,386,186,401,137,397
192,386,217,386,217,401,192,401
224,389,262,389,262,404,224,404
269,389,285,389,285,404,269,404
321,389,346,389,346,405,321,405
292,390,316,390,316,404,292,404
352,390,390,390,390,404,352,404
137,400,240,407,239,422,136,416
436,406,461,406,461,421,436,421
414,408,430,408,430,421,414,421
306,409,332,409,332,422,306,422
137,437,172,437,172,456,137,456
177,440,212,440,212,457,177,457
216,441,249,441,249,457,216,457
270,442,304,442,304,460,270,460
256,445,265,445,265,457,256,457
408,444,462,444,462,457,408,457
137,455,172,457,171,476,136,474
177,458,210,458,210,474,177,474
216,461,225,461,225,474,216,474
232,460,266,460,266,477,232,477
136,477,172,477,172,494,136,494
176,478,218,478,218,493,176,493
224,478,250,478,250,496,224,496
410,480,436,480,436,494,410,494
440,480,465,480,465,494,440,494
142,496,178,496,178,512,142,512
184,498,209,498,209,513,184,513
441,498,466,498,466,513,441,513
410,500,437,500,437,513,410,513
134,514,170,514,170,533,134,533
176,516,202,516,202,533,176,533
206,518,233,518,233,533,206,533
418,518,437,518,437,532,418,532
442,518,468,518,468,532,442,532
200,537,233,537,233,554,200,554
238,537,258,537,258,554,238,554
293,537,321,537,321,556,293,556
325,537,360,537,360,554,325,554
262,538,288,538,288,553,262,553
364,538,405,538,405,553,364,553
157,574,185,574,185,593,157,593
189,576,234,576,234,593,189,593
134,577,152,577,152,592,134,592
238,576,274,578,273,593,237,591
424,577,469,577,469,590,424,590
294,596,337,596,337,613,294,613
133,597,160,597,160,612,133,612
165,597,208,597,208,614,165,614
222,597,287,597,287,612,222,612
209,600,217,600,217,612,209,612
132,616,152,616,152,634,132,634
336,616,472,616,472,632,336,632
157,617,192,617,192,633,157,633
197,617,241,617,241,632,197,632
189,677,217,677,217,696,189,696
222,677,258,677,258,696,222,696
296,677,325,677,325,694,296,694
378,677,414,677,414,696,378,696
264,678,292,678,292,696,264,696
329,677,373,679,373,695,328,693
352,699,405,697,405,713,353,714
410,698,446,698,446,713,410,713
452,698,480,698,480,716,452,716
298,700,348,700,348,714,298,714
164,701,224,701,224,717,164,717
229,701,249,701,249,716,229,716
248,701,265,701,265,714,248,714
272,701,290,701,290,714,272,714
130,702,156,702,156,717,130,717
372,740,401,740,401,758,372,758
265,741,310,741,310,760,265,760
405,741,433,741,433,757,405,757
230,744,259,741,261,759,232,762
314,742,334,742,334,758,314,758
338,742,368,742,368,760,338,760
172,744,201,744,201,762,172,762
205,744,226,744,226,761,205,761
381,762,441,762,441,777,381,777
306,764,373,764,373,780,306,780
448,764,476,764,476,777,448,777
205,765,301,765,301,782,205,782
126,768,156,768,156,785,126,785
156,769,162,769,162,782,156,782
164,768,197,768,197,782,164,782
