560,128,604,128,604,147,560,147
521,131,562,131,562,156,521,156
501,135,522,135,522,158,501,158
474,138,501,138,501,161,474,161
441,144,474,144,474,168,441,168
581,152,642,152,642,177,581,177
430,177,448,177,448,199,430,199
448,177,476,177,476,197,448,197
410,181,430,181,430,202,410,202
565,184,594,184,594,208,565,208
542,188,565,188,565,211,542,211
515,193,540,193,540,216,515,216
476,197,517,197,517,222,476,222
460,204,471,204,471,220,460,220
480,226,588,210,592,237,484,253
586,216,595,216,595,233,586,233
233,222,373,222,373,257,233,257
455,229,485,229,485,254,455,254
495,276,545,269,548,291,498,298
455,281,490,281,490,302,455,302
598,290,696,278,699,302,601,313
412,286,449,286,449,311,412,311
565,289,592,289,592,313,565,313
368,293,405,293,405,316,368,316
594,297,599,297,599,309,594,309
444,313,500,304,504,325,447,334
637,312,698,307,700,328,638,333
600,318,641,312,644,335,603,341
391,316,437,316,437,337,391,337
323,320,391,320,391,341,323,341
544,321,588,321,588,343,544,343
586,323,595,323,595,337,586,337
595,323,604,323,604,337,595,337
278,324,325,322,326,343,279,345
224,325,270,325,270,345,224,345
222,348,270,348,270,369,222,369
270,350,313,350,313,369,270,369
652,362,706,362,706,387,652,387
629,369,654,369,654,387,629,387
547,378,569,378,569,396,547,396
464,389,505,382,509,407,469,415
423,391,462,391,462,414,423,414
220,400,256,400,256,419,220,419
266,400,313,400,313,419,266,419
515,407,562,407,562,425,515,425
467,418,503,413,506,433,470,438
412,416,460,416,460,441,412,441
366,417,405,417,405,442,366,442
320,419,359,419,359,444,320,444
218,423,254,423,254,442,218,442
265,422,313,424,312,445,264,442
666,423,706,423,706,444,666,444
631,425,659,425,659,446,631,446
469,442,506,442,506,462,469,462
435,444,460,444,460,462,435,462
216,448,266,448,266,471,216,471
263,448,368,448,368,467,263,467
517,464,565,464,565,487,517,487
398,467,461,469,460,489,397,487
469,467,506,467,506,487,469,487
364,469,391,469,391,487,364,487
332,473,353,473,353,490,332,490
263,474,330,474,330,494,263,494
218,476,254,476,254,499,218,499
633,483,661,483,661,505,633,505
668,483,706,483,706,505,668,505
469,494,506,494,506,514,469,514
446,496,462,496,462,514,446,514
215,504,367,496,369,519,217,527
550,519,609,513,612,535,552,542
398,521,426,521,426,544,398,544
434,519,498,522,497,546,433,544
505,521,542,521,542,542,505,542
366,524,389,524,389,546,366,546
295,526,355,526,355,549,295,549
355,528,361,528,361,542,355,542
216,530,252,530,252,554,216,554
263,530,286,530,286,549,263,549
668,542,704,542,704,563,668,563
649,546,659,546,659,562,649,562
469,549,508,549,508,572,469,572
446,551,460,551,460,570,446,570
219,559,366,551,367,575,220,583
613,572,670,572,670,595,613,595
492,573,557,576,556,601,492,599
565,574,602,574,602,599,565,599
423,578,448,578,448,597,423,597
460,578,483,578,483,599,460,599
398,579,423,579,423,599,398,599
343,581,389,581,389,601,343,601
265,587,298,584,300,604,267,607
307,585,334,585,334,604,307,604
225,586,259,586,259,610,225,610
634,602,661,602,661,622,634,622
668,602,706,602,706,620,668,620
446,606,462,606,462,626,446,626
469,606,508,606,508,626,469,626
289,613,367,609,368,631,290,635
224,615,293,615,293,636,224,636
672,659,707,659,707,677,672,677
412,661,464,661,464,686,412,686
627,661,659,661,659,679,627,679
330,663,380,663,380,688,330,688
275,665,323,665,323,690,275,690
222,666,268,666,268,691,222,691
389,666,412,666,412,686,389,686
695,690,706,690,706,706,695,706
368,691,417,691,417,716,368,716
277,693,325,693,325,718,277,718
332,693,359,693,359,718,332,718
222,695,270,695,270,720,222,720
670,715,707,715,707,738,670,738
626,718,659,718,659,739,626,739
345,722,382,722,382,747,345,747
222,723,268,723,268,748,222,748
273,723,337,723,337,747,273,747
670,743,706,743,706,764,670,764
626,747,663,747,663,768,626,768
229,752,277,752,277,777,229,777
284,754,321,754,321,775,284,775
670,773,707,773,707,795,670,795
649,777,670,777,670,795,649,795
227,784,289,784,289,807,227,807
275,809,313,809,313,835,275,835
216,811,266,811,266,835,216,835
320,812,359,812,359,834,320,834
557,837,618,835,619,858,558,861
497,839,549,837,550,862,498,865
311,839,361,839,361,864,311,864
368,839,394,839,394,862,368,862
451,839,490,839,490,866,451,866
403,840,442,843,440,863,402,860
523,900,698,890,700,910,524,920
252,896,291,896,291,921,252,921
298,896,361,896,361,921,298,921
368,896,420,899,419,925,367,922
220,901,245,901,245,921,220,921
278,922,339,927,337,954,275,949
464,924,526,924,526,949,464,949
216,926,270,926,270,951,216,951
357,928,451,928,451,949,357,949
334,930,357,930,357,949,334,949
572,949,617,949,617,969,572,969
615,949,643,949,643,969,615,969
642,953,690,953,690,969,642,969
218,955,245,955,245,980,218,980
512,955,572,955,572,974,512,974
254,956,304,956,304,978,254,978
311,956,348,956,348,980,311,980
345,956,371,956,371,978,345,978
348,1038,400,1038,400,1065,348,1065
407,1038,446,1038,446,1063,407,1063
455,1038,496,1038,496,1063,455,1063
572,1038,624,1038,624,1063,572,1063
302,1040,339,1040,339,1067,302,1067
503,1040,565,1040,565,1063,503,1063
456,1070,529,1068,530,1092,457,1094
537,1068,563,1068,563,1090,537,1090
562,1068,613,1068,613,1092,562,1092
619,1071,670,1068,671,1088,620,1091
679,1068,718,1068,718,1092,679,1092
419,1070,448,1070,448,1093,419,1093
357,1074,408,1069,410,1091,359,1096
266,1074,352,1074,352,1099,266,1099
220,1076,257,1076,257,1099,220,1099
480,1125,508,1125,508,1152,480,1152
563,1125,602,1125,602,1152,563,1152
409,1127,474,1127,474,1152,409,1152
361,1131,401,1128,403,1152,363,1155
515,1129,556,1129,556,1152,515,1152
611,1129,650,1129,650,1152,611,1152
325,1131,353,1131,353,1154,325,1154
279,1132,318,1132,318,1156,279,1156
468,1159,565,1156,566,1181,469,1184
574,1157,670,1157,670,1179,574,1179
324,1161,460,1158,461,1182,325,1186
670,1159,709,1159,709,1179,670,1179
266,1163,304,1163,304,1184,266,1184
216,1165,257,1165,257,1188,216,1188
256,1166,266,1166,266,1184,256,1184
305,1168,313,1168,313,1181,305,1181
