372,285,396,285,396,302,372,302
394,285,417,285,417,302,394,302
329,288,353,288,353,305,329,305
353,288,373,288,373,304,353,304
306,289,330,289,330,305,306,305
382,305,406,305,406,321,382,321
406,303,434,307,432,323,404,319
348,306,372,306,372,324,348,324
373,308,380,308,380,321,373,321
292,308,306,308,306,325,292,325
306,308,326,308,326,325,306,325
325,308,350,308,350,324,325,324
398,325,422,325,422,340,398,340
366,326,398,326,398,342,366,342
158,328,258,328,258,354,158,354
320,328,344,328,344,342,320,342
344,328,365,328,365,344,344,344
302,329,317,329,317,344,302,344
380,345,412,345,412,361,380,361
336,346,381,346,381,361,336,361
316,348,334,348,334,362,316,362
396,379,459,376,460,392,397,394
458,377,476,377,476,390,458,390
361,380,392,380,392,394,361,394
189,385,273,385,273,401,189,401
158,388,190,388,190,402,158,402
301,400,333,400,333,416,301,416
338,401,370,399,371,413,338,415
264,402,296,402,296,417,264,417
414,415,477,413,477,427,414,429
377,416,416,416,416,430,377,430
160,422,190,422,190,438,160,438
190,424,220,424,220,437,190,437
190,441,273,441,273,456,190,456
160,442,184,442,184,457,160,457
242,458,268,458,268,473,242,473
160,460,178,460,178,477,160,477
204,460,238,459,239,473,205,475
182,461,200,461,200,474,182,474
