461,235,493,235,493,258,461,258
493,238,503,238,503,256,493,256
388,240,398,240,398,258,388,258
400,238,431,238,431,260,400,260
428,238,461,238,461,256,428,256
338,240,370,240,370,261,338,261
368,240,388,240,388,260,368,260
308,241,338,241,338,261,308,261
371,265,401,265,401,286,371,286
400,265,433,265,433,283,400,283
433,265,476,265,476,286,433,286
340,266,371,266,371,288,340,288
413,290,446,290,446,311,413,311
445,290,475,290,475,310,445,310
475,290,506,290,506,310,475,310
140,291,270,291,270,326,140,326
323,291,358,291,358,315,323,315
391,291,411,291,411,311,391,311
356,293,388,293,388,311,356,311
431,316,471,316,471,338,431,338
345,318,430,318,430,338,345,338
335,365,370,365,370,385,335,385
373,365,416,365,416,383,373,383
265,366,298,366,298,385,265,385
305,366,330,366,330,385,305,385
463,386,545,386,545,405,463,405
443,388,465,388,465,405,443,405
366,390,386,390,386,406,366,406
225,391,278,391,278,411,225,411
286,391,328,391,328,410,286,410
335,391,366,391,366,408,335,408
186,393,228,393,228,411,186,411
278,395,286,395,286,410,278,410
138,396,180,396,180,415,138,415
424,412,554,409,555,429,425,431
180,418,218,418,218,436,180,436
138,420,180,420,180,438,138,438
485,458,549,455,550,476,487,479
344,464,380,458,384,480,347,487
416,461,438,461,438,478,416,478
318,463,341,463,341,481,318,481
140,466,171,466,171,486,140,486
178,466,221,466,221,486,178,486
388,485,448,485,448,506,388,506
458,485,490,485,490,505,458,505
298,488,378,488,378,506,298,506
220,490,253,490,253,508,220,508
260,490,291,490,291,506,260,506
140,491,171,491,171,510,140,510
170,491,193,491,193,510,170,510
191,491,213,491,213,510,191,510
496,508,521,508,521,526,496,526
528,508,560,508,560,526,528,526
358,511,391,511,391,530,358,530
328,513,353,513,353,531,328,531
141,515,221,515,221,535,141,535
221,515,271,515,271,533,221,533
530,556,563,556,563,575,530,575
500,558,523,558,523,575,500,575
240,561,283,559,284,579,241,582
311,560,355,560,355,581,311,581
143,561,186,561,186,585,143,585
193,561,236,561,236,583,193,583
293,565,313,565,313,580,293,580
261,585,306,585,306,606,261,606
143,586,186,586,186,610,143,610
191,586,236,586,236,608,191,608
243,588,253,588,253,605,243,605
523,605,565,605,565,623,523,623
501,606,525,606,525,623,501,623
253,608,285,608,285,631,253,631
190,611,246,608,247,631,191,633
141,611,186,611,186,633,141,633
531,630,565,630,565,648,531,648
501,631,525,631,525,648,501,648
151,636,195,636,195,658,151,658
201,636,233,636,233,655,201,655
191,660,225,660,225,681,191,681
141,661,185,661,185,683,141,683
231,661,265,661,265,680,231,680
380,681,424,679,425,699,382,702
433,680,486,680,486,701,433,701
341,681,376,681,376,706,341,706
271,683,295,683,295,705,271,705
221,685,265,685,265,708,221,708
300,686,335,686,335,703,300,703
343,756,380,756,380,780,343,780
445,756,490,756,490,780,445,780
213,758,245,758,245,783,213,783
251,758,296,758,296,781,251,781
385,757,438,760,438,778,384,776
303,760,338,760,338,781,303,781
436,781,481,781,481,803,436,803
538,781,571,781,571,803,538,803
486,783,530,783,530,801,486,801
346,785,408,785,408,803,346,803
415,785,438,785,438,801,415,801
182,787,254,785,255,806,183,808
262,787,304,785,305,804,263,807
313,786,336,786,336,805,313,805
143,790,173,790,173,808,143,808
438,833,473,833,473,855,438,855
478,833,513,833,513,853,478,853
306,835,361,835,361,858,306,858
366,835,390,835,390,855,366,855
396,835,431,835,431,855,396,855
265,836,298,836,298,858,265,858
193,838,228,838,228,860,193,860
233,838,260,838,260,860,233,860
447,860,523,857,523,876,448,879
356,860,440,860,440,880,356,880
530,860,563,860,563,876,530,876
233,864,349,862,350,881,233,883
183,865,225,865,225,883,183,883
141,866,173,866,173,885,141,885
175,868,183,868,183,883,175,883
