455,242,605,238,605,281,456,284
268,243,441,243,441,286,268,286
168,244,252,246,251,287,167,285
538,292,584,292,584,320,538,320
358,293,405,299,402,325,355,319
500,293,533,293,533,317,500,317
430,297,468,297,468,322,430,322
474,297,502,297,502,320,474,320
409,298,432,298,432,320,409,320
308,296,355,303,352,327,305,320
193,300,238,300,238,322,193,322
246,301,301,301,301,322,246,322
308,332,346,332,346,357,308,357
408,332,476,332,476,360,408,360
430,365,675,359,676,384,430,390
393,364,425,364,425,389,393,389
101,369,150,369,150,390,101,390
329,369,358,369,358,389,329,389
360,369,386,369,386,388,360,388
273,370,328,370,328,390,273,390
153,372,241,368,243,391,154,396
241,372,269,372,269,392,241,392
664,390,680,390,680,410,664,410
225,426,289,426,289,450,225,450
153,426,221,426,221,456,153,456
98,428,146,428,146,452,98,452
373,458,405,458,405,482,373,482
412,458,500,460,499,487,411,486
98,458,172,460,171,487,98,485
179,457,248,464,245,491,176,484
329,461,369,461,369,484,329,484
249,460,324,464,323,488,248,485
336,497,430,487,433,518,340,529
298,496,336,496,336,521,298,521
254,498,297,498,297,521,254,521
98,500,166,500,166,521,98,521
171,499,251,502,250,525,169,522
644,536,693,536,693,562,644,562
624,538,642,538,642,560,624,560
474,538,512,538,512,562,474,562
453,541,478,541,478,562,453,562
372,542,398,542,398,564,372,564
196,542,240,542,240,566,196,566
246,544,293,544,293,566,246,566
108,548,134,548,134,566,108,566
654,578,700,578,700,601,654,601
622,580,653,580,653,601,622,601
449,581,478,581,478,604,449,604
480,581,524,581,524,604,480,604
226,583,291,581,292,610,226,612
381,584,394,584,394,604,381,604
186,585,225,585,225,609,186,609
145,588,185,588,185,610,145,610
113,589,125,589,125,608,113,608
625,612,654,612,654,634,625,634
656,612,701,612,701,634,656,634
481,613,525,613,525,637,481,637
450,614,480,614,480,637,450,637
181,616,222,616,222,642,181,642
142,617,180,617,180,642,142,642
225,616,307,619,306,646,224,643
384,620,393,620,393,636,384,636
110,622,126,622,126,642,110,642
616,653,650,653,650,677,616,677
652,653,702,653,702,677,652,677
216,659,278,657,279,683,217,685
134,660,217,659,217,685,134,686
629,694,660,694,660,720,629,720
662,694,708,694,708,718,662,718
218,705,265,696,270,725,224,734
160,701,218,701,218,728,160,728
137,709,152,709,152,726,137,726
657,736,708,736,708,760,657,760
622,737,657,737,657,761,622,761
220,742,298,742,298,769,220,769
132,744,215,742,216,769,133,770
624,766,658,766,658,792,624,792
660,766,710,766,710,790,660,790
276,773,330,773,330,798,276,798
133,774,190,774,190,801,133,801
193,774,271,774,271,799,193,799
333,781,340,781,340,796,333,796
697,800,710,800,710,816,697,816
188,801,243,803,242,829,187,827
132,804,184,804,184,829,132,829
669,829,716,829,716,853,669,853
637,830,666,830,666,854,637,854
262,837,313,837,313,862,262,862
157,838,209,838,209,862,157,862
213,838,260,838,260,862,213,862
136,844,150,844,150,861,136,861
