266,238,416,238,416,264,266,264
424,238,509,238,509,264,424,264
235,277,286,285,283,309,232,301
288,280,328,280,328,304,288,304
333,282,381,282,381,304,333,304
388,280,430,282,429,307,386,305
480,282,537,282,537,302,480,302
433,284,477,284,477,304,433,304
76,321,118,321,118,341,76,341
226,371,298,371,298,407,226,407
465,372,560,372,560,406,465,406
389,373,457,373,457,408,389,408
306,377,381,377,381,408,306,408
620,418,669,418,669,440,620,440
537,420,616,420,616,442,537,442
464,423,505,418,508,446,467,450
97,423,144,425,143,447,96,445
252,422,286,422,286,445,252,445
316,422,369,422,369,445,316,445
412,423,464,425,463,445,411,443
150,424,216,429,214,451,149,446
620,458,656,456,658,478,621,481
551,456,617,459,615,484,549,481
439,463,547,461,548,482,440,485
285,461,344,461,344,485,285,485
348,464,434,461,435,486,349,489
86,462,281,462,281,486,86,486
645,493,692,493,692,517,645,517
609,496,649,496,649,521,609,521
439,500,521,497,521,522,440,524
300,501,349,501,349,521,300,521
578,541,617,539,619,562,580,565
512,537,577,543,575,570,510,564
423,545,507,543,508,566,424,568
172,545,266,545,266,569,172,569
270,545,314,545,314,570,270,570
316,545,364,545,364,573,316,573
78,546,171,546,171,570,78,570
366,550,420,550,420,568,366,568
653,578,702,578,702,602,653,602
617,581,658,581,658,606,617,606
478,581,526,581,526,605,478,605
442,584,482,584,482,609,442,609
298,585,346,585,346,605,298,605
66,637,134,643,131,673,63,667
134,642,176,642,176,668,134,668
270,648,285,648,285,666,270,666
627,673,715,670,716,700,628,704
64,676,132,681,130,713,62,707
134,679,201,683,199,711,132,707
670,717,718,717,718,744,670,744
632,718,674,718,674,748,632,748
124,721,208,721,208,748,124,748
382,722,442,720,443,748,382,750
61,722,120,722,120,748,61,748
213,722,262,722,262,746,213,746
520,782,714,777,715,806,521,811
180,787,439,783,440,813,181,817
442,784,516,784,516,818,442,818
88,785,126,785,126,816,88,816
128,788,177,788,177,816,128,816
442,833,498,833,498,865,442,865
360,841,435,830,440,863,366,874
308,837,358,837,358,865,308,865
537,872,620,868,621,897,538,900
625,874,633,874,633,892,625,892
446,874,480,874,480,902,446,902
484,874,534,874,534,905,484,905
393,876,444,876,444,909,393,909
146,876,191,878,190,906,145,903
193,878,251,876,252,903,194,905
336,877,386,877,386,904,336,904
297,878,330,878,330,904,297,904
257,882,292,882,292,904,257,904
