406,116,438,116,438,138,406,138
435,116,463,116,463,135,435,135
360,120,390,120,390,138,360,138
388,120,406,120,406,138,388,138
330,121,358,121,358,140,330,140
478,135,506,139,504,159,476,156
448,138,478,138,478,158,448,158
435,143,445,143,445,158,435,158
403,143,431,143,431,160,403,160
373,145,403,145,403,163,373,163
330,146,373,146,373,165,330,165
293,148,311,148,311,168,293,168
311,148,330,148,330,166,311,166
448,163,480,163,480,181,448,181
406,166,448,166,448,185,406,185
395,170,403,170,403,185,395,185
331,170,363,170,363,190,331,190
363,170,390,170,390,188,363,188
136,173,265,173,265,205,136,205
315,173,331,173,331,190,315,190
420,190,462,186,464,206,422,209
364,194,424,190,425,209,365,213
341,195,365,195,365,213,341,213
370,235,411,235,411,253,370,253
331,238,365,238,365,256,331,256
263,240,296,240,296,258,263,258
301,240,325,240,325,256,301,256
497,252,539,249,541,267,498,270
458,253,500,253,500,271,458,271
438,256,460,256,460,273,438,273
361,260,383,260,383,276,361,276
333,261,355,261,355,278,333,278
245,263,285,263,285,281,245,281
285,263,326,263,326,280,285,280
355,265,363,265,363,276,355,276
225,265,246,265,246,281,225,281
218,268,226,268,226,283,218,283
136,268,178,268,178,286,136,286
183,268,218,268,218,283,183,283
520,273,551,273,551,290,520,290
468,276,521,272,523,291,470,295
423,278,471,278,471,296,423,296
186,290,218,290,218,306,186,306
136,291,178,291,178,310,136,310
485,320,546,317,547,337,486,340
344,330,380,324,384,347,347,353
416,326,436,326,436,343,416,343
318,331,341,331,341,348,318,348
178,336,223,336,223,355,178,355
140,338,171,338,171,356,140,356
398,348,430,348,430,370,398,370
438,348,480,348,480,366,438,366
331,355,343,355,343,370,331,370
348,355,391,351,392,368,350,372
290,355,323,355,323,373,290,373
140,358,171,358,171,380,140,380
178,360,212,357,214,377,180,381
221,358,243,358,243,375,221,375
250,358,283,358,283,375,250,375
528,365,560,365,560,383,528,383
500,368,521,368,521,385,500,385
361,375,393,375,393,393,361,393
331,378,355,378,355,395,331,395
233,381,275,381,275,400,233,400
140,386,203,382,204,401,141,404
201,383,235,383,235,401,201,401
501,390,545,390,545,411,501,411
450,395,494,392,495,410,451,412
421,396,445,396,445,413,421,413
333,398,375,398,375,418,333,418
381,398,415,398,415,415,381,415
291,401,326,401,326,420,291,420
243,403,286,403,286,423,243,423
203,405,236,405,236,426,203,426
141,408,176,408,176,428,141,428
181,408,196,408,196,425,181,425
531,413,565,413,565,431,531,431
503,415,526,415,526,433,503,433
363,421,396,421,396,440,363,440
335,425,358,425,358,441,335,441
142,433,276,426,277,446,143,453
308,450,348,450,348,468,308,468
536,460,570,460,570,478,536,478
508,463,530,463,530,480,508,480
366,470,400,470,400,488,366,488
338,471,360,471,360,490,338,490
145,481,279,475,280,495,146,501
340,493,370,493,370,515,340,515
298,498,331,498,331,516,298,516
258,500,290,500,290,518,258,518
207,502,251,500,252,519,208,522
148,505,200,505,200,525,148,525
541,508,573,508,573,526,541,526
510,510,533,510,533,528,510,528
371,518,403,518,403,536,371,536
341,521,361,521,361,538,341,538
147,530,282,523,284,542,148,549
546,556,578,556,578,575,546,575
506,558,546,558,546,576,506,576
325,568,368,568,368,588,325,588
253,570,298,570,298,593,253,593
306,573,318,573,318,590,306,590
203,573,248,573,248,596,203,596
151,576,196,576,196,600,151,600
560,585,571,585,571,598,560,598
274,596,319,593,321,616,275,619
255,598,266,598,266,618,255,618
203,598,250,598,250,621,203,621
151,601,196,601,196,625,151,625
550,606,583,606,583,625,550,625
511,608,545,608,545,626,511,626
268,620,300,620,300,643,268,643
203,626,259,622,261,643,205,647
153,626,198,626,198,650,153,650
553,631,585,631,585,650,553,650
511,633,546,633,546,651,511,651
165,651,210,651,210,675,165,675
216,651,248,651,248,670,216,670
553,657,587,654,589,673,555,675
536,660,548,660,548,675,536,675
165,678,221,678,221,700,165,700
558,680,591,680,591,698,558,698
526,683,551,683,551,701,526,701
207,701,242,698,244,721,208,724
250,700,283,700,283,720,250,720
156,703,201,703,201,726,156,726
456,710,510,710,510,730,456,730
404,715,450,710,453,733,407,738
365,716,400,716,400,740,365,740
291,721,316,721,316,743,291,743
323,721,356,721,356,740,323,740
239,727,284,722,286,744,242,749
563,758,596,755,598,774,565,777
430,766,566,758,567,776,431,785
295,773,341,773,341,795,295,795
230,778,288,774,289,797,231,800
190,778,225,778,225,801,190,801
580,785,591,785,591,801,580,801
160,785,183,785,183,805,160,805
370,793,423,793,423,815,370,815
274,802,361,796,362,816,275,822
200,805,256,802,257,826,201,829
255,805,278,805,278,823,255,823
160,808,195,808,195,831,160,831
423,818,606,806,607,829,425,841
243,831,301,826,302,847,245,852
160,835,185,835,185,858,160,858
191,835,238,835,238,856,191,856
483,893,530,893,530,918,483,918
376,900,415,900,415,925,376,925
420,900,476,900,476,920,420,920
335,903,371,903,371,928,335,928
280,908,327,904,329,928,282,932
240,908,273,908,273,933,240,933
581,916,615,916,615,938,581,938
527,921,572,918,574,937,528,940
474,923,521,920,522,941,475,943
380,931,446,925,448,948,382,953
453,926,476,926,476,945,453,945
348,933,373,933,373,953,348,953
291,937,336,933,338,953,293,957
209,941,286,938,287,961,210,964
166,945,201,945,201,966,166,966
523,973,558,973,558,995,523,995
480,975,516,975,516,998,480,998
436,978,473,978,473,1001,436,1001
406,981,430,981,430,1003,406,1003
340,986,399,983,400,1005,341,1009
298,988,333,988,333,1011,298,1011
265,991,291,991,291,1015,265,1015
223,993,258,993,258,1016,223,1016
490,1003,568,997,569,1018,492,1024
576,998,611,998,611,1016,576,1016
450,1006,481,1006,481,1026,450,1026
395,1011,451,1007,453,1029,397,1033
265,1021,389,1011,391,1034,266,1044
203,1026,213,1026,213,1045,203,1045
213,1025,248,1025,248,1045,213,1045
168,1026,205,1026,205,1050,168,1050
248,1028,256,1028,256,1041,248,1041
180,1165,261,1165,261,1196,180,1196
265,1166,370,1166,370,1193,265,1193
126,1171,176,1171,176,1198,126,1198
175,1200,250,1200,250,1221,175,1221
253,1200,300,1200,300,1220,253,1220
