250,101,366,120,362,145,246,126
370,123,435,133,432,154,367,144
224,136,268,148,262,169,218,157
265,145,299,149,296,168,263,165
300,151,338,153,337,172,298,170
89,153,129,158,126,179,86,173
341,156,375,159,372,179,339,175
376,160,409,164,407,182,374,178
410,164,453,169,451,188,408,183
214,218,272,218,272,252,214,252
276,226,335,231,332,258,274,253
338,233,389,233,389,261,338,261
393,236,463,240,462,267,392,263
112,249,153,254,151,274,110,269
155,252,210,263,206,283,151,273
236,262,262,262,262,282,236,282
285,266,324,266,324,286,285,286
356,272,394,274,393,291,355,289
394,277,424,273,427,292,398,297
445,276,500,278,499,295,444,292
502,280,536,280,536,296,502,296
105,282,259,293,258,314,104,303
261,295,307,298,306,318,260,314
309,300,336,300,336,318,309,318
337,302,361,302,361,321,337,321
365,304,408,304,408,320,365,320
410,304,456,304,456,326,410,326
457,305,484,305,484,324,457,324
272,326,309,328,309,343,271,341
373,332,402,332,402,352,373,352
400,333,434,333,434,350,400,350
492,334,520,334,520,354,492,354
516,336,549,336,549,353,516,353
105,351,166,353,165,374,104,372
165,354,202,356,201,376,164,374
200,356,260,358,259,379,199,376
263,357,309,361,307,382,261,378
310,366,349,366,349,381,310,381
389,366,442,366,442,384,389,384
445,366,472,366,472,384,445,384
352,368,388,368,388,384,352,384
272,390,308,390,308,405,272,405
518,393,552,393,552,409,518,409
374,394,404,394,404,413,374,413
401,394,436,394,436,412,401,412
493,394,521,394,521,410,493,410
106,417,261,422,261,443,106,438
288,425,325,423,326,443,289,446
264,425,288,425,288,442,264,442
326,426,350,426,350,446,326,446
397,430,426,423,431,443,402,450
430,426,464,426,464,446,430,446
466,426,494,426,494,444,466,444
352,429,395,427,396,443,353,445
497,453,556,453,556,473,497,473
274,454,309,454,309,468,274,468
388,454,437,454,437,476,388,476
104,486,142,486,142,505,104,505
142,486,252,486,252,506,142,506
254,486,342,486,342,506,254,506
341,488,394,488,394,506,341,506
400,488,425,488,425,506,400,506
522,514,558,514,558,533,522,533
377,516,438,516,438,536,377,536
497,516,525,516,525,533,497,533
274,517,312,517,312,532,274,532
97,557,151,559,150,583,96,581
153,558,185,558,185,580,153,580
529,578,566,578,566,597,529,597
504,580,533,580,533,598,504,598
97,586,153,589,151,614,96,610
153,588,205,590,205,611,152,609
530,609,568,609,568,629,530,629
493,610,534,610,534,632,493,632
332,614,373,614,373,633,332,633
147,619,211,616,212,635,148,639
214,617,250,617,250,634,214,634
97,618,144,618,144,640,97,640
494,644,567,642,568,663,494,665
194,653,246,653,246,673,194,673
134,654,162,654,162,676,134,676
165,656,190,656,190,674,165,674
87,658,132,656,133,677,88,679
430,684,542,684,542,705,430,705
545,684,566,684,566,702,545,702
191,697,375,687,376,708,192,718
378,688,428,688,428,710,378,710
120,697,149,697,149,721,120,721
152,699,190,697,191,718,153,720
377,721,414,721,414,742,377,742
324,724,376,724,376,748,324,748
285,728,321,728,321,746,285,746
440,746,498,744,499,765,441,767
405,748,440,748,440,769,405,769
380,749,404,749,404,769,380,769
344,752,378,752,378,774,344,774
277,754,301,754,301,774,277,774
304,754,341,754,341,773,304,773
204,758,245,758,245,780,204,780
249,760,274,760,274,777,249,777
168,761,201,761,201,781,168,781
