368,245,434,257,430,279,364,267
438,254,472,259,469,278,434,273
467,263,489,263,489,281,467,281
307,266,339,266,339,288,307,288
339,273,362,273,362,293,339,293
370,272,415,277,413,297,367,292
421,279,444,279,444,298,421,298
451,281,482,281,482,302,451,302
487,285,549,290,547,309,486,305
297,291,321,291,321,311,297,311
359,295,414,302,412,322,357,315
329,298,352,298,352,314,329,314
421,302,524,311,522,332,419,323
212,307,261,317,257,338,207,327
268,316,279,316,279,332,268,332
521,314,560,314,560,334,521,334
288,314,336,318,334,342,286,338
281,325,289,325,289,337,281,337
362,323,396,323,396,345,362,345
401,327,435,327,435,352,401,352
434,329,478,336,474,357,430,349
222,335,259,338,257,358,220,355
482,334,536,340,534,358,480,353
266,337,304,345,299,366,261,358
541,338,592,346,589,366,538,358
309,343,357,347,355,367,308,363
595,348,617,348,617,364,595,364
362,352,387,352,387,369,362,369
393,350,439,358,436,377,390,368
464,359,496,359,496,378,464,378
446,362,457,362,457,375,446,375
503,360,554,363,553,384,502,382
211,362,238,362,238,382,211,382
277,366,314,366,314,387,277,387
560,364,611,369,609,388,558,384
245,368,270,368,270,385,245,385
323,371,346,371,346,391,323,391
397,375,442,383,438,405,393,396
352,378,387,378,387,398,352,398
446,382,480,382,480,401,446,401
485,385,517,385,517,405,485,405
542,389,563,389,563,407,542,407
526,393,537,393,537,405,526,405
571,390,621,393,620,412,570,409
300,395,335,398,334,418,298,415
343,397,380,400,378,422,341,419
385,403,409,403,409,423,385,423
416,404,451,407,449,427,414,424
457,410,489,410,489,428,457,428
496,410,528,410,528,432,496,432
535,411,577,419,574,439,532,431
268,421,284,421,284,441,268,441
300,422,339,425,337,445,299,442
345,424,383,433,378,453,340,445
417,432,442,432,442,451,417,451
450,432,503,441,499,463,446,454
508,439,531,439,531,460,508,460
535,439,560,439,560,458,535,458
565,441,594,441,594,460,565,460
291,449,360,453,358,474,290,471
368,453,570,466,568,491,367,477
567,471,588,471,588,487,567,487
281,475,373,481,371,504,279,498
380,487,416,487,416,505,380,505
423,487,455,487,455,506,423,506
453,490,506,490,506,512,453,512
512,494,542,494,542,514,512,514
540,496,572,496,572,512,540,512
578,498,599,498,599,514,578,514
282,535,396,535,396,560,282,560
417,540,499,540,499,563,417,563
517,542,594,546,593,567,516,563
215,560,243,560,243,585,215,585
250,563,289,563,289,588,250,588
295,563,334,563,334,586,295,586
341,567,387,567,387,586,341,586
394,567,430,567,430,586,394,586
437,569,471,569,471,588,437,588
478,569,521,569,521,590,478,590
526,569,580,576,577,596,524,590
585,574,622,574,622,595,585,595
215,619,279,624,277,649,213,644
286,620,313,620,313,643,286,643
375,622,432,622,432,649,375,649
439,622,544,622,544,645,439,645
558,622,638,622,638,645,558,645
345,649,391,649,391,672,345,672
588,649,638,649,638,668,588,668
216,650,270,650,270,674,216,674
275,650,336,650,336,672,275,672
400,650,456,654,455,676,398,672
464,650,517,654,515,676,462,671
522,650,544,650,544,670,522,670
551,650,583,650,583,672,551,672
594,702,624,702,624,725,594,725
633,704,643,704,643,722,633,722
524,704,586,704,586,723,524,723
391,706,428,706,428,729,391,729
435,706,517,706,517,727,435,727
216,709,384,705,384,731,217,735
585,729,620,729,620,754,585,754
624,729,647,729,647,750,624,750
556,731,588,731,588,754,556,754
435,732,471,732,471,757,435,757
467,732,499,732,499,754,467,754
401,736,435,736,435,759,401,759
218,739,295,739,295,764,218,764
627,782,652,782,652,807,627,807
590,784,631,784,631,807,590,807
560,786,592,786,592,811,560,811
439,793,490,793,490,814,439,814
373,795,432,795,432,818,373,818
314,798,364,798,364,819,314,819
221,802,274,807,271,833,218,828
281,805,305,805,305,823,281,823
439,822,497,825,495,849,438,846
373,826,432,828,432,850,372,848
281,831,333,834,332,859,280,857
339,832,366,832,366,851,339,851
432,883,485,883,485,905,432,905
363,888,424,884,426,909,364,913
305,892,357,892,357,917,305,917
638,896,663,896,663,921,638,921
220,899,298,899,298,924,220,924
569,903,634,897,637,925,571,931
281,926,321,926,321,951,281,951
579,934,663,920,667,947,583,960
224,932,275,932,275,956,224,956
432,945,479,940,482,965,434,970
375,950,426,946,428,971,377,975
320,956,369,956,369,980,320,980
272,964,313,964,313,990,272,990
521,966,589,961,591,988,523,993
224,965,263,965,263,990,224,990
469,971,517,971,517,997,469,997
410,980,462,972,466,998,414,1006
343,984,407,979,409,1006,345,1011
297,988,337,988,337,1015,297,1015
220,996,288,987,293,1018,225,1028
249,1028,277,1028,277,1052,249,1052
286,1028,311,1028,311,1047,286,1047
288,1058,336,1058,336,1079,288,1079
250,1061,279,1061,279,1084,250,1084
357,1087,419,1080,422,1105,360,1112
311,1088,352,1088,352,1109,311,1109
252,1093,305,1093,305,1120,252,1120
519,1093,563,1093,563,1115,519,1115
476,1099,514,1099,514,1124,476,1124
408,1109,469,1107,470,1131,409,1133
350,1116,401,1116,401,1141,350,1141
314,1124,341,1124,341,1143,314,1143
252,1127,307,1127,307,1154,252,1154
638,1172,672,1166,674,1184,640,1190
601,1175,634,1175,634,1195,601,1195
569,1181,592,1181,592,1200,569,1200
500,1192,562,1182,566,1206,504,1217
458,1198,498,1198,498,1223,458,1223
598,1206,635,1200,639,1225,602,1231
425,1205,451,1205,451,1227,425,1227
376,1217,417,1210,420,1230,379,1236
557,1219,596,1212,600,1237,561,1243
306,1223,371,1219,373,1244,308,1249
515,1221,554,1221,554,1245,515,1245
412,1243,504,1218,512,1247,420,1272
243,1232,298,1232,298,1259,243,1259
391,1243,419,1243,419,1268,391,1268
343,1246,382,1246,382,1275,343,1275
634,1261,690,1252,694,1278,638,1287
281,1261,336,1261,336,1287,281,1287
550,1280,609,1267,615,1294,555,1306
485,1290,546,1280,551,1308,489,1318
316,1327,480,1291,486,1319,323,1356
270,1333,311,1333,311,1362,270,1362
231,1344,263,1344,263,1364,231,1364
