413,31,485,36,483,64,411,59
487,37,521,37,521,60,487,60
519,42,544,42,544,64,519,64
350,62,380,62,380,85,350,85
413,63,460,66,458,89,411,85
380,67,407,67,407,92,380,92
466,67,494,67,494,90,466,90
499,69,533,69,533,94,499,94
540,68,609,71,608,97,539,94
337,92,364,92,364,113,337,113
405,94,458,98,456,120,403,116
371,97,396,97,396,115,371,115
467,96,617,101,616,127,467,122
253,115,303,123,299,149,248,141
307,120,329,120,329,145,307,145
327,120,376,122,375,148,326,145
403,126,437,126,437,147,403,147
444,126,480,126,480,154,444,154
477,126,525,132,522,157,474,152
528,129,586,131,585,156,527,153
591,130,646,138,643,161,588,154
650,140,675,140,675,156,650,156
263,149,300,149,300,172,263,172
307,152,345,152,345,179,307,179
350,152,398,152,398,177,350,177
435,156,480,156,480,177,435,177
403,160,428,160,428,176,403,176
508,160,544,160,544,181,508,181
549,160,572,160,572,183,549,183
569,160,604,160,604,184,569,184
612,160,664,163,663,186,610,183
254,177,281,177,281,200,254,200
318,181,353,181,353,202,318,202
286,183,311,183,311,200,286,200
361,183,385,183,385,202,361,202
436,185,482,189,479,212,433,208
485,186,522,186,522,209,485,209
393,188,426,188,426,208,393,208
528,188,562,188,562,209,528,209
588,190,613,190,613,211,588,211
618,192,672,192,672,211,618,211
570,195,581,195,581,209,570,209
341,211,377,211,377,234,341,234
382,213,419,213,419,236,382,236
425,215,449,215,449,234,425,234
455,215,490,215,490,238,455,238
498,216,530,216,530,238,498,238
538,216,572,216,572,238,538,238
579,215,623,223,620,245,575,237
309,240,323,240,323,259,309,259
339,240,377,240,377,263,339,263
382,240,417,245,414,267,379,262
425,243,439,243,439,263,425,263
487,242,542,251,538,273,484,264
455,245,478,245,478,265,455,265
547,247,570,247,570,270,547,270
576,247,601,247,601,266,576,266
608,247,642,247,642,270,608,270
330,268,399,270,398,294,330,291
404,267,609,276,608,301,403,292
608,279,629,279,629,295,608,295
320,297,375,297,375,318,320,318
373,297,405,297,405,318,373,318
455,300,548,305,546,328,454,323
414,304,457,304,457,320,414,320
546,305,578,305,578,325,546,325
576,305,610,305,610,323,576,323
617,305,640,305,640,323,617,323
322,351,429,354,428,379,321,376
448,355,530,355,530,378,448,378
549,357,627,357,627,380,549,380
259,380,284,380,284,403,259,403
289,382,325,382,325,405,289,405
332,382,368,382,368,405,332,405
373,384,417,384,417,403,373,403
425,384,458,384,458,403,425,403
505,384,549,384,549,407,505,407
466,385,499,385,499,403,466,403
555,384,609,390,607,411,553,406
613,389,656,389,656,409,613,409
261,436,316,442,314,463,259,456
325,437,348,437,348,460,325,460
405,439,458,439,458,464,405,464
467,439,521,439,521,460,467,460
515,439,569,439,569,460,515,460
585,439,645,439,645,458,585,458
643,439,666,439,666,460,643,460
261,463,309,467,307,487,260,483
313,466,366,466,366,485,313,485
375,466,419,466,419,485,375,485
426,466,458,466,458,485,426,485
466,466,506,466,506,485,466,485
544,466,567,466,567,489,544,489
572,466,604,466,604,485,572,485
611,466,665,466,665,489,611,489
514,467,538,467,538,492,514,492
265,519,391,519,391,540,265,540
387,519,410,519,410,540,387,540
416,519,458,519,458,538,416,538
466,519,489,519,489,538,466,538
494,519,537,519,537,538,494,538
542,519,576,519,576,538,542,538
581,519,606,519,606,544,581,544
265,544,332,544,332,567,265,567
457,544,496,544,496,565,457,565
496,544,519,544,519,565,496,565
585,546,594,546,594,563,585,563
601,544,636,544,636,565,601,565
638,544,661,544,661,563,638,563
428,546,458,546,458,567,428,567
337,572,391,569,392,590,338,593
407,570,432,570,432,592,407,592
457,595,518,599,517,619,455,615
522,594,557,600,553,620,519,614
562,595,604,595,604,620,562,620
266,597,362,597,362,620,266,620
359,597,412,597,412,618,359,618
417,597,451,597,451,615,417,615
457,620,490,620,490,642,457,642
494,620,517,620,517,642,494,642
570,620,594,620,594,640,570,640
599,620,634,620,634,642,599,642
636,620,659,620,659,640,636,640
268,624,302,624,302,645,268,645
298,624,332,624,332,643,298,643
592,631,599,631,599,642,592,642
543,644,577,649,573,670,539,664
269,651,414,645,415,669,270,674
417,647,449,647,449,665,417,665
457,646,507,649,506,669,456,666
514,647,537,647,537,665,514,665
457,670,496,670,496,690,457,690
494,670,515,670,515,690,494,690
599,670,633,670,633,691,599,691
636,670,659,670,659,690,636,690
428,672,449,672,449,690,428,690
570,672,601,672,601,693,570,693
270,674,334,674,334,695,270,695
449,681,455,681,455,691,449,691
417,695,460,695,460,715,417,715
466,695,519,695,519,716,466,716
269,700,412,694,413,716,270,722
608,697,649,697,649,715,608,715
522,699,544,699,544,716,522,716
551,700,574,700,574,718,551,718
579,700,601,700,601,716,579,716
457,720,494,720,494,741,457,741
437,722,457,722,457,743,437,743
494,722,515,722,515,739,494,739
579,722,599,722,599,743,579,743
599,722,638,722,638,741,599,741
636,722,659,722,659,741,636,741
299,725,334,723,335,743,301,746
272,725,302,725,302,745,272,745
542,747,581,747,581,766,542,766
579,747,604,747,604,768,579,768
293,750,325,750,325,770,293,770
332,750,373,750,373,770,332,770
352,795,393,795,393,814,352,814
400,795,449,795,449,814,400,814
457,796,505,798,505,816,456,814
571,796,639,798,638,823,570,820
274,797,317,800,316,820,272,817
638,798,661,798,661,819,638,819
323,800,345,800,345,814,323,814
323,821,365,823,364,843,322,841
398,820,449,825,447,845,396,840
453,820,504,825,502,846,451,841
369,825,391,825,391,839,369,839
341,871,380,871,380,891,341,891
387,873,437,873,437,892,387,892
444,873,492,873,492,892,444,892
337,899,348,899,348,916,337,916
318,899,339,899,339,917,318,917
567,901,592,901,592,924,567,924
597,903,633,903,633,924,597,924
638,905,661,905,661,926,638,926
345,923,386,926,385,945,343,942
391,924,432,924,432,946,391,946
307,926,337,926,337,942,307,942
449,926,480,926,480,946,449,946
597,930,633,930,633,953,597,953
578,932,599,932,599,955,578,955
629,932,659,932,659,953,629,953
339,949,380,949,380,969,339,969
300,951,332,951,332,971,300,971
387,951,432,951,432,974,387,974
437,953,476,953,476,974,437,974
574,958,597,958,597,981,574,981
595,958,633,958,633,981,595,981
636,960,661,960,661,980,636,980
279,972,309,972,309,992,279,992
316,974,352,974,352,996,316,996
353,976,410,976,410,999,353,999
414,980,460,980,460,1003,414,1003
466,981,510,981,510,1003,466,1003
515,983,579,983,579,1008,515,1008
272,999,295,999,295,1019,272,1019
302,1004,323,1004,323,1020,302,1020
389,1003,497,1009,495,1034,388,1027
270,1026,291,1026,291,1047,270,1047
299,1027,339,1030,337,1051,297,1047
349,1029,412,1035,410,1062,346,1055
418,1033,474,1036,472,1060,416,1057
470,1035,506,1039,504,1062,468,1059
512,1040,546,1040,546,1063,512,1063
551,1042,610,1042,610,1065,551,1065
265,1052,307,1055,305,1076,264,1074
313,1056,345,1056,345,1077,313,1077
352,1060,406,1065,404,1086,350,1082
562,1070,597,1070,597,1093,562,1093
261,1080,303,1082,302,1105,260,1102
340,1084,387,1093,383,1117,336,1108
309,1088,332,1088,332,1106,309,1106
392,1086,449,1098,444,1120,387,1108
453,1093,490,1095,488,1117,452,1114
496,1096,542,1100,540,1121,494,1117
236,1170,279,1170,279,1193,236,1193
287,1171,345,1181,340,1206,283,1196
346,1182,384,1182,384,1200,346,1200
424,1181,464,1191,458,1216,418,1206
391,1186,416,1186,416,1204,391,1204
466,1185,529,1190,527,1215,464,1210
535,1193,562,1193,562,1216,535,1216
567,1195,604,1195,604,1220,567,1220
612,1199,648,1202,647,1220,610,1218
259,1201,307,1210,303,1236,254,1227
311,1207,346,1207,346,1232,311,1232
352,1208,387,1211,385,1235,350,1232
385,1214,466,1214,466,1241,385,1241
473,1220,514,1220,514,1245,473,1245
565,1225,601,1225,601,1252,565,1252
519,1226,559,1229,557,1254,517,1251
209,1266,234,1266,234,1291,209,1291
238,1269,273,1269,273,1294,238,1294
281,1269,431,1280,429,1309,279,1297
436,1282,501,1287,499,1314,434,1309
505,1289,567,1289,567,1317,505,1317
597,1296,659,1296,659,1325,597,1325
