316,200,354,206,351,224,313,217
229,202,264,213,259,229,224,217
444,204,496,204,496,222,444,222
402,208,443,204,445,223,404,227
354,206,403,209,402,225,353,223
262,212,290,220,286,235,258,228
291,219,330,230,325,246,286,234
564,225,592,225,592,242,564,242
518,228,540,228,540,244,518,244
538,228,561,228,561,241,538,241
329,230,349,230,349,245,329,245
480,230,514,230,514,245,480,245
452,232,477,232,477,245,452,245
349,233,376,233,376,248,349,248
380,233,406,236,405,251,378,249
406,234,452,234,452,249,406,249
313,252,395,258,394,274,312,267
403,259,493,254,494,269,404,274
320,312,356,312,356,330,320,330
432,313,485,312,485,331,433,333
397,314,433,314,433,333,397,333
358,317,394,317,394,332,358,332
218,326,241,326,241,345,218,345
241,330,315,341,312,359,239,348
510,347,589,345,589,361,510,362
466,349,504,349,504,365,466,365
214,394,236,394,236,412,214,412
556,409,588,409,588,430,556,430
357,412,417,412,417,432,357,432
501,413,553,413,553,430,501,430
212,426,238,426,238,446,212,446
240,427,313,439,310,458,237,447
315,436,351,440,348,459,312,455
352,437,397,445,393,465,349,457
396,442,428,442,428,462,396,462
429,442,474,442,474,461,429,461
357,470,380,470,380,489,357,489
381,470,413,470,413,489,381,489
525,474,550,474,550,493,525,493
552,474,588,474,588,493,552,493
208,490,234,490,234,510,208,510
236,494,285,494,285,513,236,513
288,496,377,499,377,519,287,516
380,500,424,505,422,526,378,521
209,524,216,524,216,537,209,537
354,528,383,531,381,551,351,547
378,530,412,530,412,549,378,549
524,536,586,536,586,556,524,556
205,556,234,556,234,574,205,574
240,555,288,561,286,579,238,574
333,557,361,557,361,578,333,578
286,560,330,560,330,581,286,581
365,561,389,561,389,580,365,580
390,562,418,562,418,581,390,581
421,565,444,565,444,586,421,586
352,592,376,592,376,609,352,609
376,592,409,592,409,610,376,610
524,600,552,600,552,620,524,620
549,600,585,600,585,620,549,620
200,621,233,621,233,641,200,641
236,620,284,622,283,641,235,639
354,624,386,624,386,645,354,645
285,625,317,625,317,640,285,640
320,625,353,625,353,644,320,644
389,625,413,625,413,646,389,646
350,654,373,654,373,672,350,672
373,654,408,654,408,673,373,673
522,664,548,664,548,682,522,682
548,665,585,665,585,685,548,685
288,682,317,682,317,705,288,705
195,684,242,683,243,706,196,708
245,685,285,685,285,705,245,705
318,685,364,685,364,705,318,705
366,685,422,688,421,708,365,705
346,717,405,717,405,737,346,737
196,724,204,724,204,738,196,738
521,729,582,729,582,749,521,749
240,748,277,748,277,772,240,772
280,750,346,748,347,769,281,770
350,749,373,749,373,769,350,769
374,752,418,752,418,772,374,772
190,756,235,752,237,772,192,776
342,781,402,781,402,802,342,802
517,795,582,797,581,817,516,814
276,820,322,822,321,843,275,841
237,824,273,820,275,841,239,844
188,826,237,826,237,849,188,849
508,831,580,834,579,855,507,851
352,866,404,868,403,884,351,882
319,870,351,867,353,886,321,888
257,870,294,870,294,888,257,888
296,872,318,872,318,884,296,884
408,872,440,872,440,890,408,890
442,878,474,878,474,896,442,896
474,878,505,878,505,894,474,894
