313,65,336,65,336,81,313,81
343,66,395,66,395,83,343,83
395,68,405,68,405,83,395,83
413,66,448,66,448,85,413,85
453,68,506,68,506,86,453,86
303,81,325,81,325,98,303,98
363,82,405,84,404,102,362,99
333,85,356,85,356,100,333,100
423,84,525,87,524,107,422,103
263,100,295,100,295,116,263,116
300,99,336,102,334,119,298,116
341,103,355,103,355,118,341,118
355,105,363,105,363,118,355,118
411,103,425,103,425,120,411,120
361,105,395,105,395,123,361,123
435,108,445,108,445,121,435,121
465,108,475,108,475,123,465,123
481,108,495,108,495,125,481,125
513,110,566,110,566,128,513,128
380,113,405,113,405,140,380,140
248,116,271,116,271,135,248,135
421,116,458,116,458,143,421,143
273,120,281,120,281,135,273,135
290,117,334,122,332,141,288,136
340,123,373,123,373,138,340,138
461,125,486,125,486,145,461,145
491,125,528,125,528,146,491,146
532,127,574,130,573,150,530,147
248,135,281,138,279,155,247,153
318,138,361,138,361,158,318,158
362,137,504,145,503,166,360,158
501,148,525,148,525,166,501,166
531,151,555,151,555,168,531,168
226,152,271,156,269,174,225,171
278,155,321,158,319,178,277,174
388,158,498,170,494,211,384,199
450,165,486,165,486,186,450,186
490,166,516,166,516,186,490,186
521,168,556,168,556,190,521,190
561,170,595,170,595,190,561,190
296,176,330,176,330,198,296,198
331,180,340,180,340,195,331,195
225,192,259,195,257,215,223,213
268,198,278,198,278,215,268,215
278,201,286,201,286,215,278,215
296,200,328,200,328,216,296,216
326,201,398,201,398,220,326,220
389,201,554,209,552,251,387,243
561,213,583,213,583,230,561,230
253,216,299,219,297,238,252,235
298,221,306,221,306,236,298,236
306,220,328,220,328,238,306,238
346,225,381,225,381,240,346,240
488,231,521,231,521,248,488,248
530,233,551,233,551,250,530,250
308,250,338,250,338,268,308,268
395,250,461,250,461,273,395,273
338,251,380,251,380,270,338,270
431,258,543,258,543,311,431,311
190,265,215,265,215,285,190,285
221,268,255,268,255,288,221,288
263,268,295,268,295,288,263,288
303,273,346,273,346,291,303,291
355,273,388,273,388,293,355,293
396,275,430,275,430,296,396,296
548,286,590,286,590,305,548,305
190,297,231,300,229,320,188,317
251,301,275,301,275,321,251,321
335,304,389,308,387,331,333,327
395,308,418,308,418,328,395,328
414,310,511,308,512,333,415,334
538,315,598,315,598,335,538,335
190,320,231,320,231,341,190,341
241,323,293,323,293,343,241,343
303,321,349,329,346,351,300,344
485,331,536,331,536,355,485,355
545,336,600,336,600,356,545,356
188,361,231,361,231,383,188,383
231,362,337,367,336,390,230,386
343,370,366,370,366,390,343,390
373,370,408,370,408,391,373,391
413,373,446,373,446,393,413,393
453,374,487,376,486,395,452,393
496,376,508,376,508,395,496,395
504,383,537,357,586,421,552,446
183,383,230,383,230,410,183,410
225,383,253,383,253,411,225,411
353,391,386,391,386,423,353,423
381,391,423,391,423,421,381,421
421,393,451,393,451,423,421,423
501,395,536,395,536,428,501,428
573,396,606,396,606,433,573,433
181,410,226,410,226,433,181,433
226,410,337,418,336,442,225,434
341,420,376,420,376,441,341,441
383,420,461,425,459,449,381,443
466,426,500,426,500,446,466,446
508,430,531,430,531,450,508,450
540,429,586,432,584,455,538,452
181,430,251,436,249,459,180,453
280,441,290,441,290,458,280,458
351,443,383,443,383,465,351,465
383,443,420,443,420,466,383,466
423,446,450,446,450,468,423,468
495,450,533,450,533,473,495,473
538,451,581,451,581,471,538,471
581,453,603,453,603,473,581,473
201,456,225,456,225,475,201,475
225,461,236,461,236,476,225,476
245,461,288,461,288,480,245,480
443,468,475,468,475,490,443,490
475,470,540,470,540,491,475,491
178,473,334,480,332,520,176,512
340,484,374,487,373,507,338,504
376,486,530,486,530,523,376,523
525,495,570,495,570,530,525,530
366,503,378,503,378,518,366,518
578,501,601,501,601,516,578,516
555,511,596,511,596,528,555,528
596,515,620,515,620,530,596,530
263,516,278,516,278,536,263,536
286,518,323,518,323,540,286,540
341,520,366,520,366,541,341,541
183,533,345,540,344,564,182,558
353,542,409,548,407,567,351,561
416,545,451,545,451,568,416,568
460,544,547,549,546,574,458,569
552,549,597,551,596,572,550,570
183,558,256,558,256,581,183,581
363,566,386,566,386,586,363,586
395,566,431,566,431,588,395,588
436,568,463,568,463,590,436,590
521,571,546,571,546,593,521,593
551,573,586,573,586,595,551,595
591,575,615,575,615,593,591,593
183,581,230,581,230,603,183,603
228,583,255,583,255,605,228,605
251,582,343,584,343,608,251,606
351,587,407,591,406,610,350,606
446,589,533,591,533,614,446,611
540,590,586,593,584,617,539,614
415,593,438,593,438,611,415,611
183,602,255,605,254,629,182,626
361,610,388,610,388,631,361,631
393,610,430,610,430,633,393,633
435,611,461,611,461,633,435,633
520,615,545,615,545,636,520,636
550,615,585,615,585,636,550,636
590,616,615,616,615,638,590,638
181,648,233,653,231,676,179,671
271,651,320,651,320,675,271,675
328,653,385,653,385,675,328,675
238,655,263,655,263,671,238,671
393,654,447,657,446,677,392,674
488,658,508,658,508,678,488,678
508,658,550,658,550,680,508,680
548,658,585,658,585,680,548,680
590,660,613,660,613,681,590,681
238,673,286,677,284,699,236,695
328,676,385,679,384,700,327,697
391,675,439,679,437,702,389,698
293,678,316,678,316,695,293,695
558,680,583,680,583,701,558,701
176,705,250,708,249,732,175,729
260,708,306,708,306,731,260,731
315,710,373,710,373,731,315,731
380,711,433,711,433,731,380,731
176,730,226,730,226,753,176,753
235,731,270,731,270,751,235,751
568,735,581,735,581,755,568,755
590,736,613,736,613,756,590,756
175,751,223,751,223,775,175,775
220,752,272,755,271,778,219,776
280,753,329,756,328,778,279,776
335,755,358,755,358,775,335,775
358,755,403,755,403,776,358,776
486,756,541,756,541,778,486,778
548,756,583,756,583,778,548,778
590,758,613,758,613,778,590,778
198,776,225,776,225,800,198,800
233,776,270,776,270,800,233,800
390,783,425,783,425,800,390,800
278,800,326,800,326,823,278,823
335,800,373,800,373,823,335,823
196,801,223,801,223,823,196,823
390,801,415,801,415,823,390,823
231,805,270,805,270,826,231,826
266,823,315,823,315,848,266,848
517,825,586,822,587,847,518,849
170,825,208,825,208,848,170,848
323,825,371,825,371,846,323,846
390,825,425,825,425,846,390,846
591,825,615,825,615,846,591,846
218,828,256,828,256,850,218,850
510,846,545,846,545,870,510,870
550,846,586,846,586,868,550,868
591,846,616,846,616,870,591,870
265,848,315,848,315,871,265,871
323,848,370,848,370,871,323,871
381,848,425,848,425,870,381,870
168,850,208,850,208,873,168,873
216,853,256,853,256,875,216,875
478,885,605,885,605,900,478,900
191,886,228,886,228,910,191,910
238,886,278,886,278,911,238,911
286,888,413,888,413,905,286,905
500,906,546,906,546,930,500,930
435,908,471,908,471,931,435,931
261,912,348,909,348,934,261,937
378,910,393,910,393,930,378,930
401,910,428,910,428,931,401,931
178,911,216,911,216,935,178,935
215,913,228,913,228,933,215,933
178,936,216,936,216,961,178,961
225,936,255,936,255,961,225,961
261,936,311,936,311,961,261,961
530,938,603,938,603,973,530,973
400,943,484,941,485,972,401,974
486,943,526,943,526,971,486,971
163,991,283,991,283,1008,163,1008
551,1018,575,1018,575,1046,551,1046
468,1021,538,1021,538,1046,468,1046
413,1023,461,1023,461,1048,413,1048
353,1026,403,1026,403,1051,353,1051
163,1028,226,1028,226,1053,163,1053
235,1028,273,1028,273,1053,235,1053
281,1028,345,1028,345,1053,281,1053
329,1054,449,1050,450,1075,330,1079
615,1047,695,1052,693,1090,613,1085
558,1051,603,1051,603,1085,558,1085
185,1056,210,1056,210,1078,185,1078
221,1060,246,1060,246,1078,221,1078
489,1071,539,1069,540,1094,490,1097
445,1073,483,1073,483,1098,445,1098
400,1076,436,1076,436,1100,400,1100
365,1078,391,1078,391,1103,365,1103
185,1080,213,1080,213,1103,185,1103
281,1080,355,1080,355,1106,281,1106
221,1081,270,1081,270,1105,221,1105
535,1095,561,1095,561,1118,535,1118
565,1100,635,1100,635,1135,565,1135
642,1098,714,1103,712,1137,640,1132
185,1105,208,1105,208,1130,185,1130
245,1106,283,1106,283,1130,245,1130
208,1108,235,1108,235,1130,208,1130
291,1110,343,1110,343,1131,291,1131
456,1125,503,1125,503,1148,456,1148
411,1126,448,1126,448,1150,411,1150
185,1130,198,1130,198,1151,185,1151
340,1129,402,1131,401,1155,339,1153
198,1133,208,1133,208,1151,198,1151
280,1131,332,1133,331,1157,279,1154
208,1133,235,1133,235,1155,208,1155
243,1135,270,1135,270,1153,243,1153
425,1155,435,1155,435,1173,425,1173
185,1155,223,1155,223,1178,185,1178
185,1180,223,1180,223,1203,185,1203
231,1178,307,1182,306,1207,230,1203
183,1202,236,1204,234,1228,182,1226
243,1205,280,1205,280,1228,243,1228
291,1205,338,1205,338,1226,291,1226
183,1225,236,1230,234,1254,181,1249
423,1230,435,1230,435,1248,423,1248
280,1229,319,1231,318,1254,278,1251
243,1231,268,1231,268,1250,243,1250
673,1248,715,1248,715,1273,673,1273
