270,450,308,450,308,475,270,475
307,447,349,450,348,477,305,474
348,451,432,453,431,479,347,476
431,452,471,455,469,480,430,478
470,455,505,455,505,480,470,480
266,485,291,485,291,510,266,510
291,484,374,487,373,512,291,509
375,486,435,494,432,519,372,512
433,488,471,488,471,513,433,513
471,490,506,490,506,515,471,515
36,501,206,501,206,548,36,548
285,520,315,520,315,546,285,546
315,520,353,520,353,546,315,546
355,520,396,525,393,551,352,546
392,522,448,527,446,554,389,549
446,523,486,523,486,548,446,548
304,554,414,554,414,581,304,581
415,556,463,556,463,581,415,581
31,608,86,608,86,635,31,635
85,608,228,613,228,638,84,634
378,616,428,616,428,640,378,640
438,618,570,618,570,643,438,643
211,645,265,645,265,668,211,668
273,645,328,645,328,670,273,670
338,648,391,648,391,671,338,671
30,671,96,671,96,700,30,700
93,675,135,675,135,698,93,698
401,681,465,681,465,705,401,705
463,682,568,684,568,707,462,704
30,705,70,705,70,730,30,730
81,708,121,708,121,730,81,730
120,708,223,708,223,731,120,731
28,735,56,735,56,761,28,761
68,740,96,740,96,761,68,761
106,739,172,742,171,764,105,761
170,740,211,740,211,763,170,763
