235,119,668,88,673,157,240,188
104,250,323,250,323,284,104,284
350,250,394,250,394,282,350,282
401,250,476,250,476,282,401,282
587,252,648,249,650,282,589,285
652,250,731,250,731,282,652,282
750,250,835,250,835,284,750,284
515,252,583,252,583,284,515,284
839,252,898,252,898,284,839,284
485,256,508,256,508,284,485,284
148,286,210,292,207,321,145,315
215,286,275,286,275,318,215,318
282,286,329,286,329,318,282,318
343,286,387,286,387,323,343,323
663,286,722,286,722,323,663,323
494,289,551,289,551,318,494,318
556,289,581,289,581,320,556,320
595,288,659,288,659,320,595,320
731,291,743,291,743,314,731,314
793,288,865,295,862,324,791,317
393,291,442,291,442,318,393,318
448,295,487,295,487,318,448,318
752,295,786,295,786,320,752,320
262,318,349,326,346,360,259,353
354,320,430,325,428,358,352,353
130,320,255,325,253,360,128,354
433,321,485,321,485,353,433,353
533,321,569,321,569,353,533,353
578,322,632,327,629,358,575,353
633,321,700,321,700,353,633,353
706,321,741,321,741,355,706,355
747,323,773,323,773,353,747,353
782,322,878,327,876,360,781,355
490,329,530,329,530,353,490,353
608,353,727,353,727,433,608,433
298,355,466,355,466,433,298,433
430,357,624,357,624,391,430,391
474,386,599,383,600,431,475,433
558,460,652,460,652,492,558,492
206,462,256,462,256,496,206,496
313,462,348,462,348,498,313,498
425,462,490,462,490,494,425,494
494,462,553,462,553,492,494,492
656,462,737,464,736,496,655,494
259,464,309,464,309,501,259,501
353,466,421,466,421,494,353,494
747,464,812,464,812,496,747,496
574,508,702,508,702,540,574,540
508,512,569,512,569,540,508,540
209,512,380,512,380,544,209,544
111,514,206,522,203,557,107,548
645,537,764,537,764,572,645,572
421,538,515,538,515,574,421,574
520,543,640,540,640,572,521,575
282,544,400,544,400,576,282,576
206,547,279,547,279,578,206,578
115,549,199,549,199,578,115,578
378,576,508,576,508,613,378,613
234,578,378,578,378,613,234,613
119,581,163,581,163,611,119,611
167,579,231,579,231,611,167,611
743,622,827,622,827,650,743,650
832,624,885,624,885,650,832,650
601,626,636,626,636,650,601,650
420,626,480,631,477,661,417,655
480,627,526,627,526,663,480,663
124,631,177,631,177,659,124,659
183,630,257,635,255,666,181,661
296,675,391,673,391,705,297,707
396,674,453,674,453,704,396,704
457,675,524,679,522,709,455,704
528,675,558,675,558,702,528,702
199,675,291,675,291,707,199,707
122,677,199,677,199,707,122,707
843,699,901,699,901,731,843,731
802,702,841,702,841,731,802,731
469,704,528,704,528,736,469,736
263,709,330,709,330,739,263,739
428,709,467,709,467,736,428,736
187,710,255,707,257,739,189,742
382,739,642,735,642,769,382,772
123,744,291,741,292,773,124,777
298,743,377,743,377,771,298,771
819,770,843,770,843,800,819,800
848,768,905,768,905,800,848,800
444,771,531,771,531,805,444,805
263,775,330,775,330,809,263,809
190,777,256,777,256,809,190,809
848,816,907,816,907,846,848,846
803,818,844,818,844,846,803,846
228,827,328,824,329,856,229,858
126,827,222,827,222,859,126,859
887,851,905,851,905,876,887,876
341,857,419,863,417,895,339,890
252,862,339,866,337,897,251,892
126,861,206,866,203,901,124,895
211,867,247,867,247,892,211,892
316,892,405,892,405,924,316,924
247,894,316,894,316,926,247,926
410,896,478,896,478,923,410,923
126,894,244,899,243,932,125,928
849,916,908,913,909,946,850,948
805,916,848,916,848,948,805,948
210,929,282,926,283,960,211,962
128,930,206,930,206,962,128,962
882,951,910,951,910,981,882,981
197,964,256,964,256,996,197,996
259,964,298,964,298,996,259,996
128,965,195,965,195,997,128,997
873,983,914,983,914,1017,873,1017
789,985,869,985,869,1017,789,1017
441,992,510,992,510,1026,441,1026
340,996,439,993,439,1028,341,1031
266,1001,336,1001,336,1031,266,1031
128,1001,190,1001,190,1033,128,1033
193,1004,261,1004,261,1038,193,1038
516,1040,613,1036,614,1071,517,1075
392,1044,511,1039,513,1074,393,1079
318,1045,387,1045,387,1079,318,1079
127,1050,248,1047,249,1082,128,1085
253,1049,312,1046,314,1079,254,1082
128,1086,176,1086,176,1116,128,1116
183,1092,229,1092,229,1116,183,1116
129,1120,174,1120,174,1152,129,1152
179,1122,238,1122,238,1150,179,1150
771,1141,880,1141,880,1175,771,1175
531,1144,762,1142,763,1177,531,1179
129,1154,478,1148,479,1189,130,1194
713,1230,766,1230,766,1262,713,1262
773,1231,888,1222,891,1262,776,1271
665,1230,706,1230,706,1262,665,1262
473,1232,514,1232,514,1264,473,1264
306,1232,373,1238,370,1273,303,1267
375,1234,467,1234,467,1266,375,1266
521,1236,588,1236,588,1262,521,1262
594,1236,659,1236,659,1264,594,1264
183,1237,254,1237,254,1266,183,1266
261,1241,302,1241,302,1266,261,1266
505,1267,579,1264,580,1298,507,1300
586,1266,642,1266,642,1300,586,1300
426,1268,501,1268,501,1301,426,1301
