461,245,488,245,488,268,461,268
489,249,497,249,497,264,489,264
430,249,461,249,461,268,430,268
376,250,393,250,393,269,376,269
394,252,401,252,401,266,394,266
405,250,430,250,430,269,405,269
321,252,349,252,349,270,321,270
348,252,377,252,377,270,348,270
434,273,461,273,461,292,434,292
462,274,470,274,470,289,462,289
349,274,377,274,377,293,349,293
378,274,404,274,404,293,378,293
404,274,434,274,434,292,404,292
470,294,500,294,500,313,470,313
166,294,285,294,285,325,166,325
444,296,469,296,469,314,444,314
396,297,413,297,413,316,396,316
416,297,444,297,444,316,416,316
324,300,332,300,332,316,324,316
336,298,365,298,365,317,336,317
364,298,393,298,393,317,364,317
432,320,466,320,466,338,432,338
354,321,432,321,432,340,354,340
344,362,374,362,374,381,344,381
380,362,418,362,418,380,380,380
281,364,312,364,312,381,281,381
317,364,338,364,338,381,317,381
459,382,535,379,536,397,460,400
441,385,461,385,461,398,441,398
245,386,338,386,338,405,245,405
344,386,365,386,365,401,344,401
364,386,389,386,389,401,364,401
164,388,204,388,204,406,164,406
209,388,246,388,246,404,209,404
468,404,545,400,546,418,469,421
426,405,472,405,472,422,426,422
164,408,202,408,202,428,164,428
202,409,237,409,237,425,202,425
480,446,539,442,540,462,481,466
352,452,383,448,386,467,355,471
418,450,437,450,437,466,418,466
200,451,242,453,241,472,199,470
328,452,349,452,349,468,328,468
164,453,193,453,193,472,164,472
400,472,440,472,440,489,400,489
356,472,393,474,393,492,355,490
162,474,182,474,182,493,162,493
218,474,248,474,248,492,218,492
256,473,304,475,303,493,255,491
310,474,330,474,330,489,310,489
190,476,212,476,212,494,190,494
518,490,549,490,549,508,518,508
490,492,513,492,513,509,490,509
337,496,358,496,358,513,337,513
364,496,394,496,394,512,364,512
163,498,285,495,285,514,164,517
518,513,550,513,550,530,518,530
482,514,520,514,520,530,482,530
162,521,185,521,185,538,162,538
521,558,553,558,553,576,521,576
494,560,516,560,516,576,494,576
256,561,296,561,296,581,256,581
321,561,360,561,360,580,321,580
162,562,202,562,202,584,162,584
209,562,249,562,249,582,209,582
302,564,320,564,320,578,302,578
513,581,545,581,545,598,513,598
476,582,513,582,513,598,476,598
273,584,314,584,314,604,273,604
162,585,202,585,202,606,162,606
209,585,249,585,249,605,209,605
254,585,266,585,266,602,254,602
496,605,518,605,518,622,496,622
522,605,556,605,556,622,522,622
265,606,294,606,294,626,265,626
161,609,202,609,202,629,161,629
208,609,258,609,258,628,208,628
524,628,556,628,556,646,524,646
496,629,525,629,525,645,496,645
170,633,212,633,212,653,170,653
217,633,248,633,248,652,217,652
526,652,557,652,557,670,526,670
508,653,526,653,526,669,508,669
208,654,238,654,238,676,208,676
160,656,201,655,202,675,161,677
245,657,277,657,277,676,245,676
384,676,425,674,426,694,385,696
348,676,378,676,378,698,348,698
432,676,480,676,480,696,432,696
281,677,302,677,302,697,281,697
235,680,274,678,275,699,236,701
309,680,341,680,341,697,309,697
348,748,381,748,381,769,348,769
442,748,484,748,484,769,442,769
262,749,304,749,304,770,262,770
310,749,342,749,342,769,310,769
225,750,256,750,256,770,225,770
386,750,437,750,437,769,386,769
434,772,475,771,476,790,434,792
348,774,409,773,409,792,349,793
414,773,436,773,436,792,414,792
530,772,563,774,562,794,529,791
482,774,524,774,524,792,482,792
198,776,266,776,266,794,198,794
272,776,312,776,312,794,272,794
320,776,342,776,342,793,320,793
160,777,189,777,189,796,160,796
369,820,390,820,390,840,369,840
436,820,468,820,468,841,436,841
312,821,364,821,364,841,312,841
206,822,238,822,238,842,206,842
245,822,268,822,268,842,245,842
274,822,305,822,305,842,274,842
397,822,430,822,430,841,397,841
474,822,506,822,506,841,474,841
243,848,353,846,353,865,244,867
359,846,437,846,437,865,359,865
445,846,525,846,525,865,445,865
159,849,198,847,199,867,160,868
198,848,237,848,237,866,198,866
522,848,556,848,556,865,522,865
