465,184,492,184,492,205,465,205
490,185,501,185,501,202,490,202
434,188,466,188,466,206,434,206
381,189,409,189,409,208,381,208
409,189,436,189,436,208,409,208
328,190,354,190,354,209,328,209
354,190,382,190,382,209,354,209
409,212,440,212,440,230,409,230
438,212,466,212,466,230,438,230
466,213,474,213,474,228,466,228
372,214,381,214,381,230,372,230
384,213,409,213,409,232,384,232
356,214,373,214,373,232,356,232
178,228,293,228,293,261,178,261
473,233,503,231,505,250,474,252
448,234,474,234,474,252,448,252
400,236,418,236,418,253,400,253
420,236,448,236,448,252,420,252
342,237,370,237,370,256,342,256
370,237,398,237,398,253,370,253
330,240,340,240,340,254,330,254
436,258,470,258,470,277,436,277
359,260,437,258,437,277,360,278
289,301,320,301,320,320,289,320
324,301,345,301,345,320,324,320
350,301,381,301,381,318,350,318
384,301,424,301,424,318,384,318
444,321,537,318,537,336,445,339
178,324,216,324,216,341,178,341
220,324,256,324,256,340,220,340
256,324,345,324,345,342,256,342
350,324,370,324,370,338,350,338
369,324,396,324,396,340,369,340
428,344,546,338,547,357,429,362
177,344,216,344,216,364,177,364
214,345,248,345,248,361,214,361
482,384,539,381,540,401,483,404
360,386,388,386,388,406,360,406
178,388,206,388,206,406,178,406
212,386,252,389,250,408,210,405
421,388,440,388,440,402,421,402
334,389,354,389,354,405,334,405
420,408,466,408,466,425,420,425
474,408,502,408,502,424,474,424
222,409,260,409,260,428,222,428
264,408,303,410,302,429,263,427
386,409,414,409,414,426,386,426
178,410,205,410,205,425,178,425
309,410,337,410,337,428,309,428
342,410,362,410,362,425,342,425
370,413,378,413,378,425,370,425
208,414,212,414,212,424,208,424
517,428,549,428,549,445,517,445
500,429,513,429,513,444,500,444
369,430,398,430,398,448,369,448
178,431,294,431,294,449,178,449
350,432,362,432,362,446,350,446
178,472,217,472,217,492,178,492
326,472,365,472,365,490,326,490
501,472,548,472,548,488,501,488
222,473,260,473,260,492,222,492
265,473,304,473,304,492,265,492
309,474,326,474,326,490,309,490
180,493,217,493,217,513,180,513
282,493,321,493,321,513,282,513
222,494,260,494,260,513,222,513
266,496,276,496,276,512,266,512
529,496,540,496,540,508,529,508
180,516,217,516,217,534,180,534
222,516,270,516,270,534,222,534
276,516,304,516,304,534,276,534
502,516,514,516,514,532,502,532
513,516,549,516,549,530,513,530
188,537,226,537,226,557,188,557
513,537,549,537,549,553,513,553
502,538,514,538,514,553,502,553
232,540,261,540,261,557,232,557
224,558,252,558,252,578,224,578
180,560,217,560,217,578,180,578
257,561,288,561,288,578,257,578
541,562,549,562,549,574,541,574
388,580,426,580,426,600,388,600
249,581,286,581,286,601,249,601
292,581,312,581,312,600,292,600
353,581,382,581,382,601,353,601
432,581,478,581,478,600,432,600
317,582,348,582,348,600,317,600
353,645,385,645,385,665,353,665
241,646,269,646,269,665,241,665
274,646,313,646,313,665,274,665
318,648,348,648,348,665,318,665
389,647,437,649,437,667,388,665
441,648,481,648,481,666,441,666
433,669,473,669,473,686,433,686
214,670,278,670,278,688,214,688
284,670,304,670,304,688,284,688
302,670,320,670,320,686,302,686
328,670,349,670,349,688,328,688
356,670,410,670,410,686,356,686
414,670,434,670,434,685,414,685
477,670,516,670,516,685,477,685
522,669,554,672,552,690,521,687
180,672,208,672,208,689,180,689
320,712,368,712,368,732,320,732
373,712,393,712,393,730,373,730
224,713,253,713,253,733,224,733
258,713,280,713,280,732,258,732
285,713,314,713,314,732,285,732
434,713,465,713,465,732,434,732
398,714,429,714,429,732,398,732
470,714,500,714,500,732,470,732
257,736,358,736,358,754,257,754
364,736,436,736,436,753,364,753
442,736,509,736,509,753,442,753
178,737,208,737,208,756,178,756
208,738,216,738,216,753,208,753
214,738,252,738,252,754,214,754
514,738,544,738,544,753,514,753
