225,224,385,224,385,248,225,248
394,225,484,225,484,248,394,248
247,265,290,263,291,286,248,288
354,264,400,264,400,289,354,289
406,265,450,265,450,286,406,286
456,265,516,265,516,286,456,286
189,265,245,269,243,292,187,288
296,266,349,266,349,286,296,286
16,306,60,306,60,326,16,326
176,359,256,357,257,398,177,400
357,358,432,358,432,397,357,397
440,360,542,358,543,395,441,397
266,364,348,364,348,398,266,398
605,409,638,409,638,436,605,436
517,412,601,412,601,437,517,437
444,413,485,413,485,444,444,444
277,414,334,414,334,440,277,440
382,414,438,414,438,438,382,438
640,416,657,416,657,436,640,436
206,416,244,416,244,441,206,441
93,416,166,421,164,449,91,443
36,418,88,418,88,444,36,444
350,457,385,457,385,482,350,482
390,457,429,457,429,482,390,482
23,462,223,458,224,486,24,489
280,464,346,462,347,487,281,489
228,466,275,464,276,487,229,489
592,494,633,494,633,524,592,524
630,494,680,494,680,520,630,520
412,497,454,497,454,528,412,528
450,497,500,497,500,524,450,524
260,502,312,502,312,524,260,524
189,505,200,505,200,522,189,522
497,546,534,546,534,573,497,573
410,548,446,548,446,574,410,574
449,548,490,548,490,573,449,573
382,550,401,550,401,574,382,574
281,552,337,550,338,577,282,579
20,556,223,551,224,579,21,584
228,553,278,553,278,578,228,578
342,554,376,554,376,580,342,580
634,586,685,586,685,613,634,613
596,588,638,588,638,616,596,616
413,590,504,590,504,620,413,620
262,596,313,596,313,617,262,617
11,656,85,660,83,694,9,690
85,660,129,660,129,688,85,688
232,664,248,664,248,685,232,685
642,684,694,684,694,712,642,712
589,686,648,686,648,716,589,716
11,697,86,703,83,738,8,732
86,701,159,703,158,733,86,731
644,732,696,732,696,758,644,758
592,734,649,734,649,762,592,762
172,741,224,741,224,769,172,769
342,741,405,741,405,769,342,769
77,745,166,742,167,770,78,773
10,746,73,746,73,774,10,774
491,800,688,791,690,821,492,829
412,802,489,802,489,837,412,837
140,811,409,802,410,834,141,843
42,812,82,812,82,844,42,844
86,813,137,813,137,841,86,841
412,852,469,852,469,882,412,882
329,862,404,849,410,882,334,895
276,858,328,858,328,888,276,888
507,887,591,882,593,910,508,915
592,885,604,885,604,906,592,906
454,890,505,890,505,920,454,920
417,892,449,892,449,920,417,920
361,894,414,894,414,928,361,928
304,898,356,898,356,925,304,925
264,900,298,900,298,925,264,925
157,903,216,901,218,928,158,931
108,904,153,904,153,930,108,930
223,908,258,905,259,926,224,928
