253,112,387,118,386,137,252,131
395,120,470,125,469,143,393,138
222,140,271,146,268,167,219,160
272,144,308,146,307,165,271,163
312,146,357,151,355,169,310,164
361,150,399,152,398,172,360,170
401,152,442,155,441,174,400,170
444,154,495,161,492,181,441,173
73,167,114,169,113,185,72,183
212,220,277,220,277,256,212,256
284,226,353,231,351,262,282,258
358,230,421,230,421,265,358,265
427,232,510,236,508,271,425,267
93,260,139,264,137,285,91,280
143,261,204,270,200,293,140,284
236,269,265,269,265,290,236,290
293,272,341,275,339,296,292,293
378,278,422,278,422,300,378,300
425,280,460,280,460,305,425,305
486,283,552,286,551,307,485,304
556,286,596,286,596,308,556,308
84,294,262,304,261,328,83,319
264,305,319,309,318,332,262,329
323,308,379,316,376,338,320,331
380,314,418,314,418,336,380,336
422,317,460,317,460,338,422,338
464,315,519,321,516,344,462,338
520,321,545,321,545,341,520,341
550,321,580,321,580,342,550,342
276,343,319,345,318,363,275,361
398,349,430,349,430,373,398,373
429,350,468,350,468,372,429,372
540,354,572,354,572,378,540,378
569,356,608,356,608,377,569,377
82,371,262,380,261,404,81,395
266,382,309,382,309,405,266,405
313,386,383,388,382,412,312,410
385,389,410,389,410,409,385,409
417,390,448,390,448,410,417,410
274,420,317,420,317,437,274,437
396,421,431,425,429,447,394,444
426,424,465,424,465,445,426,445
537,425,571,429,569,451,535,448
568,428,606,428,606,449,568,449
72,451,134,457,131,485,70,479
134,460,170,460,170,482,134,482
250,469,264,469,264,485,250,485
72,485,134,491,131,518,70,512
136,491,193,496,191,519,134,514
528,502,570,502,570,525,528,525
568,504,608,504,608,524,568,524
72,522,124,522,124,546,72,546
128,526,200,526,200,548,128,548
202,526,244,526,244,548,202,548
336,533,382,533,382,554,336,554
525,538,569,538,569,561,525,561
566,540,605,540,605,560,566,560
57,564,109,564,109,589,57,589
110,565,144,565,144,589,110,589
146,568,174,568,174,589,146,589
178,566,237,566,237,589,178,589
522,573,567,576,566,597,521,595
565,576,604,576,604,597,565,597
116,621,164,621,164,646,116,646
190,623,350,621,350,643,190,645
77,622,113,622,113,646,77,646
112,663,200,651,204,680,116,693
205,658,238,658,238,682,205,682
242,660,285,660,285,680,242,680
77,660,113,660,113,686,77,686
74,698,136,698,136,721,74,721
580,701,602,701,602,720,580,720
141,702,198,702,198,720,141,720
138,733,189,733,189,757,138,757
193,734,246,734,246,756,193,756
74,737,136,737,136,758,74,758
565,738,604,738,604,758,565,758
140,770,190,770,190,794,140,794
194,773,246,773,246,793,194,793
76,773,138,777,137,799,74,796
148,802,231,807,230,834,147,829
278,805,322,805,322,832,278,832
233,808,276,808,276,828,233,828
74,809,114,809,114,830,74,830
118,809,145,809,145,832,118,832
533,809,565,809,565,832,533,832
565,810,604,810,604,830,565,830
170,856,378,852,378,877,170,880
380,853,440,853,440,880,380,880
444,852,599,856,598,880,443,875
92,856,124,856,124,881,92,881
126,856,168,856,168,880,126,880
379,892,422,890,423,913,380,915
316,899,375,890,379,914,320,923
274,896,314,896,314,916,274,916
452,921,516,921,516,942,452,942
409,921,450,921,450,945,409,945
520,924,526,924,526,937,520,937
381,924,408,924,408,944,381,944
265,925,290,925,290,946,265,946
296,925,336,925,336,945,296,945
340,924,380,924,380,949,340,949
144,926,180,926,180,946,144,946
184,926,229,926,229,946,184,946
233,929,261,929,261,946,233,946
