283,138,311,138,311,156,283,156
311,138,341,138,341,158,311,158
340,138,368,138,368,158,340,158
428,138,468,138,468,161,428,161
370,140,396,140,396,158,370,158
396,140,428,140,428,158,396,158
311,163,330,163,330,181,311,181
341,163,368,163,368,181,341,181
400,163,438,163,438,183,400,183
331,166,341,166,341,181,331,181
370,165,400,165,400,181,370,181
123,178,246,178,246,210,123,210
296,185,330,185,330,208,296,208
326,186,358,186,358,206,326,206
380,186,410,186,410,206,380,206
360,188,378,188,378,205,360,205
410,188,436,188,436,206,410,206
438,188,468,188,468,210,438,210
316,213,395,213,395,230,316,230
396,213,433,213,433,231,396,231
240,253,271,253,271,271,240,271
276,255,300,255,300,271,276,271
305,255,336,255,336,271,305,271
341,255,383,255,383,273,341,273
118,275,158,275,158,293,118,293
203,275,260,275,260,295,203,295
163,276,205,276,205,293,163,293
258,276,298,276,298,295,258,295
306,278,355,278,355,296,306,296
405,278,483,278,483,296,405,296
481,278,501,278,501,295,481,295
118,298,158,298,158,316,118,316
158,298,195,298,195,315,158,315
388,300,436,300,436,316,388,316
433,300,511,300,511,318,433,318
118,341,148,341,148,360,118,360
155,342,197,344,196,362,154,359
311,345,344,342,346,361,313,364
445,343,503,343,503,361,445,361
286,345,308,345,308,361,286,361
380,345,398,345,398,361,380,361
118,365,140,365,140,381,118,381
146,365,176,365,176,383,146,383
181,363,242,366,241,385,181,383
118,388,241,388,241,405,118,405
295,388,316,388,316,405,295,405
323,388,355,388,355,405,323,405
453,388,476,388,476,406,453,406
481,388,513,388,513,406,481,406
153,408,204,410,203,430,152,428
238,410,298,410,298,428,238,428
303,410,326,410,326,428,303,428
331,410,393,410,393,428,331,428
116,411,148,411,148,428,116,428
210,411,231,411,231,428,210,428
416,411,466,411,466,430,416,430
473,411,495,411,495,428,473,428
400,415,410,415,410,428,400,428
116,433,156,433,156,451,116,451
165,433,240,433,240,451,165,451
296,433,316,433,316,450,296,450
323,433,355,433,355,451,323,451
456,433,515,433,515,451,456,451
156,436,165,436,165,450,156,450
153,453,204,455,203,475,152,473
331,455,393,455,393,475,331,475
116,456,146,456,146,473,116,473
238,456,296,456,296,473,238,473
303,456,326,456,326,473,303,473
416,456,438,456,438,475,416,475
436,456,466,456,466,475,436,475
473,456,496,456,496,475,473,475
210,458,230,458,230,473,210,473
400,460,411,460,411,473,400,473
115,478,163,478,163,496,115,496
171,478,211,478,211,496,171,496
165,481,173,481,173,496,165,496
210,480,240,480,240,496,210,496
296,480,325,480,325,496,296,496
323,480,355,480,355,496,323,496
456,480,485,480,485,498,456,498
483,480,515,480,515,498,483,498
115,500,156,502,154,522,114,519
163,501,191,501,191,520,163,520
230,501,288,501,288,520,230,520
323,501,385,501,385,523,323,523
407,503,458,501,459,520,408,522
200,503,220,503,220,520,200,520
296,503,316,503,316,520,296,520
465,503,488,503,488,520,465,520
391,506,401,506,401,520,391,520
113,525,155,525,155,543,113,543
163,525,240,525,240,543,163,543
456,525,515,525,515,543,456,543
155,528,163,528,163,541,155,541
296,526,325,526,325,543,296,543
323,526,355,526,355,543,323,543
113,545,155,547,154,567,112,564
161,548,190,548,190,565,161,565
200,548,220,548,220,565,200,565
228,548,288,548,288,565,228,565
296,548,316,548,316,566,296,566
323,548,383,548,383,566,323,566
426,548,458,548,458,566,426,566
465,548,488,548,488,566,465,566
408,550,428,550,428,568,408,568
391,553,403,553,403,566,391,566
161,570,240,570,240,588,161,588
113,571,161,571,161,588,113,588
296,571,316,571,316,588,296,588
323,571,355,571,355,588,323,588
458,571,480,571,480,588,458,588
485,571,516,571,516,588,485,588
113,615,155,615,155,638,113,638
161,615,203,615,203,636,161,636
208,615,250,615,250,635,208,635
276,616,316,616,316,635,276,635
256,618,276,618,276,635,256,635
450,618,481,618,481,635,450,635
486,618,518,618,518,635,486,635
225,639,269,637,270,658,226,660
111,640,155,640,155,661,111,661
160,640,203,640,203,661,160,661
208,641,220,641,220,660,208,660
498,645,508,645,508,658,498,658
110,663,153,663,153,686,110,686
218,663,250,663,250,685,218,685
158,665,210,665,210,683,158,683
450,665,488,665,488,683,450,683
488,665,520,665,520,683,488,683
120,688,163,688,163,710,120,710
168,690,200,690,200,708,168,708
450,690,481,690,481,706,450,706
488,690,520,690,520,706,488,706
470,713,483,713,483,731,470,731
488,713,520,713,520,731,488,731
118,715,170,715,170,731,118,731
106,736,151,736,151,758,106,758
158,736,190,736,190,758,158,758
195,738,228,738,228,756,195,756
233,760,258,760,258,781,233,781
303,760,336,760,336,783,303,783
341,760,385,760,385,780,341,780
186,761,228,761,228,783,186,783
391,761,441,761,441,780,391,780
263,763,296,763,296,780,263,780
133,808,168,808,168,831,133,831
173,810,228,810,228,831,173,831
233,808,276,811,274,832,232,829
105,811,126,811,126,830,105,830
481,813,491,813,491,828,481,828
365,815,375,815,375,828,365,828
490,813,521,813,521,828,490,828
301,833,355,833,355,856,301,856
103,835,138,835,138,856,103,856
143,834,197,836,196,858,142,856
195,836,215,836,215,855,195,855
213,836,293,836,293,855,213,855
503,840,511,840,511,853,503,853
103,860,126,860,126,883,103,883
183,860,238,860,238,881,183,881
351,858,501,860,501,880,351,878
133,861,175,863,174,882,132,880
501,861,523,861,523,880,501,880
171,935,205,935,205,958,171,958
211,935,256,935,256,958,211,958
301,935,338,935,338,958,301,958
401,935,446,935,446,960,401,960
261,936,296,936,296,958,261,958
343,938,395,938,395,958,343,958
392,962,434,960,435,979,393,982
141,963,214,963,214,983,141,983
243,963,263,963,263,981,243,981
271,963,295,963,295,981,271,981
303,963,365,963,365,981,303,981
373,963,393,963,393,981,373,981
441,963,485,963,485,981,441,981
491,963,525,963,525,983,491,983
221,965,243,965,243,983,221,983
101,966,133,966,133,985,101,985
220,1015,256,1012,258,1034,222,1037
263,1013,318,1013,318,1035,263,1035
323,1013,346,1013,346,1035,323,1035
393,1013,428,1013,428,1035,393,1035
433,1013,466,1013,466,1033,433,1033
150,1015,185,1015,185,1036,150,1036
191,1015,216,1015,216,1036,191,1036
353,1015,388,1015,388,1036,353,1036
403,1038,476,1038,476,1058,403,1058
189,1041,306,1039,307,1061,190,1064
312,1040,394,1038,395,1058,313,1060
483,1040,516,1040,516,1058,483,1058
96,1043,130,1043,130,1063,96,1063
130,1045,140,1045,140,1061,130,1061
140,1043,180,1043,180,1061,140,1061
53,1166,177,1171,176,1199,52,1193
181,1165,261,1165,261,1198,181,1198
265,1166,370,1166,370,1193,265,1193
53,1197,113,1202,111,1227,51,1222
115,1197,173,1202,171,1227,113,1223
175,1197,251,1202,249,1227,173,1223
255,1200,301,1200,301,1223,255,1223
