249,272,372,272,372,293,249,293
378,272,448,272,448,293,378,293
268,308,300,308,300,326,268,326
385,308,420,308,420,326,385,326
422,308,469,308,469,326,422,326
224,309,265,309,265,329,224,329
304,309,342,309,342,326,304,326
346,309,381,309,381,328,346,328
93,340,128,340,128,356,93,356
213,380,271,378,272,409,214,411
346,381,402,381,402,409,346,409
409,381,485,381,485,409,409,409
280,384,340,384,340,409,280,409
408,424,440,420,443,442,411,446
530,421,570,421,570,440,530,440
110,422,149,422,149,441,110,441
237,422,264,422,264,441,237,441
288,422,332,422,332,441,288,441
365,422,406,422,406,441,365,441
465,422,528,422,528,441,465,441
153,421,208,427,206,446,151,441
102,454,249,454,249,474,102,474
320,454,350,454,350,474,320,474
353,454,380,454,380,474,353,474
381,454,429,454,429,474,381,474
433,454,462,454,462,473,433,473
290,456,316,456,316,474,290,474
252,458,288,458,288,477,252,477
273,485,313,485,313,502,273,502
386,485,413,485,413,505,386,505
414,485,452,485,452,505,414,505
520,485,550,485,550,505,520,505
548,485,585,485,585,504,548,504
95,525,148,530,145,554,92,548
148,529,176,529,176,550,148,550
525,556,552,556,552,576,525,576
553,556,592,556,592,576,553,576
95,554,148,560,146,585,92,579
148,558,199,561,198,583,147,580
93,590,138,590,138,610,93,610
141,590,206,590,206,610,141,610
209,590,246,590,246,609,209,609
526,590,553,590,553,610,526,610
554,590,593,590,593,609,554,609
340,592,385,592,385,610,340,610
441,634,560,634,560,654,441,654
557,634,586,634,586,654,557,654
186,638,378,634,379,655,186,659
382,636,437,636,437,660,382,660
114,636,142,636,142,660,114,660
146,638,184,638,184,658,146,658
382,670,422,670,422,690,382,690
322,675,377,668,380,690,325,697
284,673,321,673,321,692,284,692
450,696,510,696,510,716,450,716
513,698,521,698,521,710,513,710
304,698,342,698,342,717,304,717
344,698,382,698,382,720,344,720
384,698,408,698,408,714,384,714
412,698,448,698,448,717,412,717
199,700,243,698,244,718,200,720
274,700,300,700,300,717,274,717
164,701,197,701,197,720,164,720
246,702,272,702,272,717,246,717
