340,194,368,194,368,212,340,212
368,194,396,194,396,213,368,213
396,194,418,194,418,214,396,214
418,194,446,194,446,214,418,214
445,196,470,196,470,216,445,216
321,217,338,217,338,237,321,237
338,217,361,217,361,237,338,237
362,218,389,218,389,238,362,238
389,220,414,220,414,238,389,238
417,221,426,221,426,237,417,237
429,221,458,221,458,240,429,240
459,219,492,226,488,245,455,239
158,230,279,232,278,262,158,261
333,242,352,242,352,261,333,261
353,244,382,244,382,262,353,262
381,244,408,244,408,262,381,262
409,245,448,245,448,266,409,266
448,245,476,245,476,264,448,264
348,268,372,268,372,286,348,286
370,267,460,269,459,289,370,287
273,308,304,308,304,326,273,326
309,309,330,309,330,328,309,328
336,310,366,310,366,328,336,328
370,310,410,310,410,329,370,329
154,326,193,326,193,346,154,346
200,328,238,328,238,346,200,346
237,328,329,331,329,351,236,347
334,334,380,334,380,349,334,349
432,336,524,336,524,353,432,353
154,348,193,348,193,369,154,369
193,350,229,350,229,368,193,368
415,357,531,357,531,374,415,374
154,394,184,394,184,413,154,413
190,393,231,396,230,415,189,412
342,400,372,397,374,417,344,419
317,400,338,400,338,416,317,416
485,400,525,400,525,418,485,418
405,401,422,401,422,417,405,417
468,402,486,402,486,417,468,417
154,416,174,416,174,434,154,434
182,417,192,417,192,433,182,433
198,416,221,416,221,434,198,434
226,418,248,418,248,436,226,436
281,420,338,420,338,438,281,438
254,421,274,421,274,434,254,434
378,422,408,422,408,440,378,440
344,425,353,425,353,438,344,438
360,424,380,424,380,438,360,438
413,424,434,424,434,440,413,440
153,439,274,441,274,459,153,457
334,443,379,445,378,460,334,458
484,446,530,446,530,461,484,461
153,462,176,462,176,478,153,478
474,468,530,468,530,482,474,482
153,503,194,504,193,524,152,522
200,504,238,504,238,524,200,524
244,505,284,505,284,524,244,524
308,508,345,508,345,525,308,525
290,509,308,509,308,524,290,524
484,512,502,512,502,526,484,526
501,512,532,512,532,529,501,529
153,525,193,525,193,545,153,545
200,526,238,526,238,546,200,546
245,529,254,529,254,545,245,545
262,528,301,528,301,546,262,546
467,532,494,536,493,549,465,546
492,534,524,534,524,550,492,550
152,548,192,548,192,568,152,568
198,549,248,549,248,568,198,568
253,549,281,549,281,569,253,569
482,556,502,556,502,572,482,572
501,556,532,556,532,573,501,573
161,570,201,570,201,590,161,590
206,573,236,573,236,590,206,590
474,577,496,577,496,594,474,594
501,578,532,578,532,596,501,596
152,593,190,593,190,612,152,612
196,594,226,592,227,611,197,613
233,596,264,596,264,613,233,613
474,601,501,601,501,616,474,616
501,601,532,601,532,618,501,618
224,617,261,617,261,636,224,636
268,617,288,617,288,636,268,636
294,618,325,618,325,636,294,636
330,618,360,618,360,638,330,638
366,618,405,618,405,637,366,637
410,620,457,620,457,638,410,638
213,684,241,684,241,702,213,702
248,684,286,684,286,704,248,704
329,684,361,686,359,705,328,703
293,686,322,686,322,704,293,704
365,687,413,689,413,708,364,706
418,689,458,689,458,709,418,709
148,708,177,708,177,725,148,725
185,708,224,708,224,725,185,725
221,708,250,708,250,726,221,726
256,709,294,709,294,726,256,726
301,709,322,709,322,726,301,726
329,709,386,709,386,728,329,728
390,712,412,712,412,729,390,729
409,712,449,712,449,729,409,729
454,714,494,714,494,732,454,732
501,717,532,717,532,736,501,736
192,752,222,752,222,772,192,772
228,753,250,753,250,772,228,772
256,753,285,753,285,772,256,772
292,754,341,754,341,773,292,773
346,754,366,754,366,773,346,773
373,757,404,757,404,776,373,776
409,757,440,757,440,776,409,776
446,760,477,760,477,777,446,777
183,775,219,778,218,794,181,791
144,777,174,777,174,794,144,794
174,778,182,778,182,792,174,792
226,776,330,778,330,796,226,794
337,780,384,780,384,797,337,797
381,780,409,780,409,796,381,796
417,780,492,784,491,800,416,797
490,786,521,786,521,801,490,801
