382,461,441,461,441,480,382,480
274,462,377,462,377,481,274,481
289,492,318,492,318,509,289,509
357,492,386,492,386,510,357,510
388,492,418,492,418,508,388,508
420,492,458,492,458,506,420,506
252,490,289,494,287,511,250,507
320,493,353,493,353,508,320,508
140,520,170,520,170,536,140,536
357,554,405,554,405,581,357,581
409,554,473,554,473,580,409,580
246,556,297,556,297,584,246,584
300,558,353,556,353,581,301,583
512,586,546,586,546,605,512,605
457,589,510,589,510,606,457,606
412,590,438,590,438,610,412,610
308,592,345,592,345,609,308,609
373,592,409,592,409,609,373,609
265,593,289,593,289,610,265,610
195,592,242,597,240,617,193,611
158,596,193,596,193,613,158,613
500,616,525,616,525,633,500,633
450,617,482,617,482,636,450,636
486,620,493,620,493,632,486,632
277,620,309,620,309,638,277,638
312,620,340,620,340,637,312,637
340,620,372,620,372,638,340,638
372,620,410,620,410,634,372,634
413,620,446,620,446,634,413,634
233,621,277,621,277,640,233,640
151,623,235,621,236,640,152,642
417,644,449,644,449,662,417,662
402,646,418,646,418,662,402,662
150,649,181,649,181,668,150,668
184,648,227,650,226,669,183,667
228,649,250,649,250,668,228,668
496,670,529,670,529,689,496,689
525,670,562,670,562,690,525,690
402,673,449,673,449,692,402,692
241,676,264,676,264,690,241,690
297,676,330,676,330,689,297,689
182,677,221,677,221,696,182,696
149,678,180,678,180,696,149,696
144,712,190,716,189,738,142,734
189,714,217,714,217,734,189,734
268,717,289,717,289,732,268,732
502,733,540,733,540,753,502,753
536,733,569,733,569,752,536,752
143,739,189,743,187,764,141,761
189,741,235,743,234,763,188,761
537,770,570,770,570,789,537,789
504,772,541,772,541,790,504,790
143,776,189,780,187,802,141,798
189,778,222,778,222,798,189,798
538,800,572,800,572,818,538,818
504,801,541,801,541,820,504,820
144,804,182,804,182,824,144,824
241,804,274,804,274,821,241,821
185,805,240,805,240,824,185,824
348,805,388,805,388,824,348,824
537,830,569,830,569,848,537,848
502,832,540,832,540,850,502,850
136,836,174,836,174,856,136,856
176,836,200,836,200,854,176,854
201,837,224,837,224,854,201,854
225,837,272,837,272,854,225,854
440,870,566,866,567,884,441,888
166,870,190,870,190,889,166,889
225,870,389,870,389,889,225,889
391,869,440,873,439,894,389,890
192,872,225,872,225,889,192,889
390,897,425,897,425,912,390,912
341,901,388,896,390,912,343,917
308,900,340,900,340,913,308,913
449,912,500,916,499,931,448,927
417,914,446,914,446,928,417,928
359,917,391,914,392,929,360,931
393,916,414,916,414,928,393,928
325,916,357,918,357,931,324,929
209,918,237,918,237,932,209,932
238,918,274,918,274,932,238,932
301,918,322,918,322,930,301,930
277,920,300,920,300,932,277,932
