154,64,249,64,249,158,154,158
553,135,608,135,608,154,553,154
480,136,546,136,546,158,480,158
603,157,672,154,673,176,604,180
563,160,597,160,597,179,563,179
477,163,524,161,525,181,478,184
531,161,556,161,556,179,531,179
418,164,472,167,471,187,417,184
532,187,684,179,685,203,533,211
469,190,524,190,524,209,469,209
407,192,432,192,432,213,407,213
439,193,462,193,462,209,439,209
594,211,652,207,653,228,596,232
660,207,715,209,714,229,659,227
723,208,747,208,747,224,723,224
510,213,546,213,546,236,510,236
544,212,589,215,588,235,543,232
471,215,505,215,505,234,471,234
396,216,442,216,442,240,396,240
324,217,369,222,367,243,321,237
375,218,398,218,398,240,375,240
618,234,675,232,676,256,619,258
683,233,736,233,736,252,683,252
576,236,611,236,611,259,576,259
419,241,464,241,464,263,419,263
503,241,547,241,547,259,503,259
334,243,368,243,368,265,334,265
376,242,413,247,410,268,372,262
558,245,569,245,569,257,558,257
471,245,496,245,496,261,471,261
693,256,750,256,750,277,693,277
659,259,684,259,684,281,659,281
597,263,633,263,633,282,597,282
554,265,590,265,590,284,554,284
642,266,654,266,654,281,642,281
503,266,548,268,547,290,502,287
428,268,453,268,453,288,428,288
323,270,348,270,348,289,323,289
385,270,421,270,421,289,385,289
460,272,494,272,494,291,460,291
355,273,378,273,378,289,355,289
652,287,698,289,697,309,651,307
610,289,645,289,645,309,610,309
526,291,560,291,560,313,526,313
569,291,601,291,601,311,569,311
409,295,442,295,442,316,409,316
451,295,487,295,487,314,451,314
494,295,517,295,517,313,494,313
249,298,293,298,293,343,249,343
181,313,245,313,245,332,181,332
684,313,718,313,718,332,684,332
650,314,677,314,677,334,650,334
622,316,647,316,647,339,622,339
524,318,551,318,551,341,524,341
556,317,612,320,611,342,555,339
492,320,515,320,515,339,492,339
377,321,393,321,393,341,377,341
407,321,444,321,444,341,407,341
450,320,485,323,483,344,448,341
472,345,688,339,688,363,473,370
686,343,709,343,709,359,686,359
398,346,464,346,464,368,398,368
697,368,722,368,722,384,697,384
654,369,699,369,699,387,654,387
528,370,624,373,623,395,527,391
622,371,656,371,656,391,622,391
389,373,474,373,474,394,389,394
483,375,526,375,526,391,483,391
627,419,713,419,713,442,627,442
200,425,273,422,274,440,201,442
521,423,606,423,606,446,521,446
389,426,499,424,500,447,389,450
200,442,275,438,276,456,201,460
581,448,629,448,629,471,581,471
636,447,694,450,693,471,635,469
700,448,747,448,747,469,700,469
496,451,531,451,531,471,496,471
540,451,574,451,574,471,540,471
400,453,435,453,435,473,400,473
442,453,489,453,489,473,442,473
325,455,350,455,350,476,325,476
355,455,393,455,393,478,355,478
671,500,762,497,763,521,672,524
541,504,654,501,655,524,542,527
476,506,533,506,533,530,476,530
391,508,416,508,416,531,391,531
325,509,381,513,380,534,324,531
704,526,764,526,764,549,704,549
629,530,654,530,654,553,629,553
659,530,695,530,695,549,659,549
542,531,590,531,590,554,542,554
595,531,622,531,622,556,595,556
499,533,535,533,535,554,499,554
444,535,492,535,492,556,444,556
380,537,435,537,435,558,380,558
325,538,371,538,371,558,325,558
230,553,291,550,292,570,231,573
663,581,722,581,722,604,663,604
576,585,601,585,601,608,576,608
610,585,666,585,666,610,610,610
542,586,567,586,567,606,542,606
326,592,481,588,482,612,327,616
489,588,535,588,535,608,489,608
688,611,765,605,767,629,690,635
679,613,690,613,690,631,679,631
533,613,579,613,579,638,533,638
578,613,604,613,604,636,578,636
512,617,537,617,537,640,512,640
326,620,396,617,397,642,327,645
720,636,770,636,770,659,720,659
633,640,681,640,681,663,633,663
533,642,626,642,626,665,533,665
688,642,713,642,713,659,688,659
326,648,483,642,484,667,327,673
489,643,528,643,528,666,489,666
745,665,770,665,770,688,745,688
668,666,693,666,693,691,668,691
691,666,739,666,739,693,691,693
525,671,604,667,605,691,526,696
503,672,530,672,530,695,503,695
327,675,396,675,396,700,327,700
209,681,265,681,265,700,209,700
656,695,693,695,693,720,656,720
700,697,729,697,729,722,700,722
611,699,649,699,649,718,611,718
328,704,485,699,486,725,329,730
490,702,515,702,515,722,490,722
524,702,549,702,549,722,524,722
558,702,604,702,604,723,558,723
669,725,773,720,774,748,671,754
535,729,582,725,584,748,537,752
581,727,608,727,608,750,581,750
505,731,540,731,540,755,505,755
327,732,398,732,398,757,327,757
482,759,508,759,508,782,482,782
405,761,464,761,464,784,405,784
671,814,775,810,776,838,672,842
540,818,595,818,595,839,540,839
473,819,533,819,533,843,473,843
417,821,466,821,466,844,417,844
331,822,379,827,376,851,328,846
384,825,409,825,409,844,384,844
539,847,597,852,595,873,537,868
473,849,532,852,531,873,472,871
384,850,433,855,431,877,382,872
441,853,464,853,464,871,441,871
464,907,524,907,524,930,464,930
531,907,586,907,586,928,531,928
409,910,457,910,457,933,409,933
329,910,403,915,401,939,327,935
707,930,748,930,748,955,707,955
752,930,780,930,780,955,752,955
675,932,709,932,709,956,675,956
385,940,421,940,421,962,385,962
330,942,378,942,378,965,330,965
709,960,750,960,750,985,709,985
755,960,780,960,780,983,755,983
688,962,713,962,713,987,688,987
476,965,524,965,524,990,476,990
544,965,579,965,579,988,544,988
421,968,470,970,469,993,420,990
330,972,368,972,368,994,330,994
375,974,412,974,412,997,375,997
688,990,750,990,750,1019,688,1019
755,990,782,990,782,1013,755,1013
533,994,579,994,579,1019,533,1019
476,996,524,996,524,1019,476,1019
421,999,469,999,469,1020,421,1020
332,1003,368,1003,368,1026,332,1026
375,1004,412,1004,412,1026,375,1026
624,1022,695,1022,695,1047,624,1047
511,1026,561,1023,562,1048,512,1050
569,1024,617,1024,617,1047,569,1047
444,1026,505,1026,505,1051,444,1051
400,1028,439,1028,439,1052,400,1052
331,1032,392,1029,394,1056,333,1059
488,1056,604,1052,605,1078,489,1082
353,1063,380,1063,380,1086,353,1086
389,1065,412,1065,412,1083,389,1083
645,1081,707,1081,707,1106,645,1106
602,1083,638,1083,638,1106,602,1106
522,1084,595,1084,595,1109,522,1109
446,1088,515,1088,515,1116,446,1116
389,1092,435,1092,435,1113,389,1113
355,1093,382,1093,382,1116,355,1116
659,1111,718,1111,718,1140,659,1140
412,1120,449,1120,449,1145,412,1145
355,1122,405,1122,405,1147,355,1147
457,1122,515,1122,515,1147,457,1147
615,1145,661,1145,661,1166,615,1166
503,1146,565,1151,563,1176,501,1171
570,1147,606,1147,606,1166,570,1166
448,1150,497,1152,496,1178,446,1175
355,1154,405,1154,405,1177,355,1177
412,1156,439,1156,439,1173,412,1173
697,1234,734,1234,734,1255,697,1255
594,1236,656,1236,656,1261,594,1261
663,1236,690,1236,690,1257,663,1257
549,1236,590,1240,588,1265,547,1262
741,1237,777,1237,777,1253,741,1253
517,1243,542,1243,542,1261,517,1261
403,1244,466,1247,465,1270,402,1268
471,1245,508,1245,508,1262,471,1262
346,1246,394,1246,394,1269,346,1269
697,1262,734,1262,734,1287,697,1287
606,1266,645,1266,645,1289,606,1289
515,1268,597,1268,597,1296,515,1296
652,1269,690,1269,690,1293,652,1293
437,1271,474,1271,474,1296,437,1296
483,1271,517,1271,517,1293,483,1293
380,1276,431,1279,430,1304,379,1301
734,1323,793,1323,793,1348,734,1348
574,1326,636,1326,636,1351,574,1351
643,1326,704,1326,704,1351,643,1351
415,1335,569,1328,570,1354,416,1361
369,1339,409,1339,409,1362,369,1362
336,1341,364,1341,364,1364,336,1364
