352,277,426,273,427,297,353,300
220,285,347,278,348,302,221,308
402,312,452,312,452,330,402,330
362,314,400,314,400,333,362,333
322,317,360,317,360,337,322,337
278,320,320,320,320,338,278,338
241,321,274,321,274,341,241,341
194,325,238,325,238,344,194,344
62,360,97,360,97,376,62,376
389,387,469,381,471,411,391,417
325,389,384,389,384,421,325,421
187,397,249,393,251,426,189,430
254,398,318,394,320,422,256,426
521,419,565,417,565,438,522,440
451,425,519,421,520,441,452,445
389,433,424,424,430,446,395,455
345,432,389,432,389,450,345,450
264,436,308,436,308,456,264,456
212,440,240,440,240,458,212,458
126,442,180,445,179,467,125,464
82,446,122,446,122,465,82,465
486,454,516,454,516,474,486,474
429,458,482,458,482,480,429,480
380,464,425,464,425,482,380,482
337,465,376,465,376,485,337,485
240,469,280,469,280,490,240,490
284,469,333,469,333,488,284,488
196,472,236,472,236,492,196,492
73,479,195,472,196,493,74,500
383,494,440,491,442,515,384,518
164,506,196,506,196,528,164,528
110,507,162,509,161,529,110,527
70,511,106,508,107,529,72,531
546,521,588,517,590,538,548,542
516,521,550,521,550,544,516,544
381,529,440,524,442,548,383,553
249,537,292,533,294,551,250,555
109,541,154,541,154,562,109,562
70,544,105,544,105,564,70,564
526,558,558,558,558,581,526,581
470,568,520,560,523,582,473,589
414,563,469,565,469,589,414,587
366,570,412,570,412,589,366,589
245,572,306,572,306,596,245,596
310,572,362,572,362,593,310,593
68,584,223,576,224,597,69,605
226,577,237,577,237,594,226,594
510,594,596,594,596,620,510,620
371,602,444,598,446,622,372,627
256,608,285,608,285,626,256,626
114,661,146,661,146,685,114,685
57,659,113,663,111,690,55,686
212,662,241,662,241,682,212,682
519,679,606,674,607,698,520,704
57,691,114,697,111,723,54,718
116,695,171,697,170,720,115,718
172,700,180,700,180,714,172,714
521,728,608,722,610,746,523,752
60,738,117,742,115,768,58,765
116,740,157,740,157,764,116,764
524,765,610,759,612,783,525,789
318,769,370,769,370,792,318,792
64,774,110,774,110,797,64,797
114,774,182,774,182,796,114,796
185,774,226,774,226,793,185,793
442,815,606,809,607,832,442,838
164,822,373,816,373,840,165,847
377,817,438,817,438,844,377,844
90,822,120,822,120,848,90,848
124,826,162,826,162,846,124,846
378,853,422,853,422,876,378,876
313,861,373,851,377,875,317,885
272,858,313,858,313,878,272,878
456,877,522,875,523,895,457,897
384,880,410,880,410,900,384,900
413,881,454,879,455,898,414,900
341,884,381,884,381,904,341,904
265,885,292,885,292,905,265,905
296,885,337,885,337,904,296,904
184,888,229,886,229,903,185,905
148,889,182,889,182,906,148,906
234,890,261,890,261,904,234,904
