256,96,375,102,374,125,255,118
381,104,448,106,447,128,380,126
231,126,274,137,269,156,226,145
272,132,306,134,305,153,271,151
308,136,348,136,348,153,308,153
352,137,385,137,385,157,352,157
388,138,423,142,421,160,386,157
424,142,468,142,468,158,424,158
97,144,132,144,132,162,97,162
222,201,280,201,280,232,222,232
286,206,346,208,345,235,286,233
352,208,405,208,405,237,352,237
410,212,485,212,485,240,410,240
117,229,157,234,155,254,115,250
161,233,217,243,213,263,157,253
244,242,270,242,270,262,244,262
294,245,337,245,337,264,294,264
370,246,411,251,409,269,368,264
411,253,442,249,444,269,413,273
465,252,526,252,526,270,465,270
528,252,566,252,566,270,528,270
108,261,171,266,170,286,106,282
170,267,257,273,255,292,169,286
260,273,297,273,297,293,260,293
301,277,337,277,337,294,301,294
340,277,379,279,378,295,339,293
388,279,479,282,478,301,387,298
481,281,509,281,509,300,481,300
105,291,142,293,141,312,104,310
147,292,199,300,196,321,144,313
200,300,230,300,230,320,200,320
402,310,456,310,456,330,402,330
104,323,141,325,139,344,103,342
144,325,192,330,190,349,142,345
217,329,240,329,240,345,217,345
281,334,320,334,320,349,281,349
545,337,583,335,584,354,546,356
508,338,550,338,550,358,508,358
402,340,454,340,454,360,402,360
104,359,256,366,255,387,103,380
260,364,300,368,298,388,258,385
302,369,338,369,338,389,302,389
343,368,381,375,378,395,339,388
530,372,558,372,558,390,530,390
381,373,410,373,410,393,381,393
414,373,445,373,445,394,414,394
445,375,493,372,494,391,446,394
497,373,528,373,528,392,497,392
230,400,238,400,238,410,230,410
281,398,321,400,321,415,280,413
550,401,588,401,588,421,550,421
521,402,553,402,553,422,521,422
392,404,422,404,422,424,392,424
420,404,456,404,456,422,420,422
101,428,167,430,166,451,100,449
165,430,256,433,255,454,164,451
260,432,307,434,306,455,259,453
310,436,334,436,334,456,310,456
337,437,401,437,401,460,337,460
404,435,456,439,454,460,402,457
457,438,485,438,485,457,457,457
281,466,321,466,321,484,281,484
525,466,557,466,557,488,525,488
554,466,590,466,590,485,554,485
422,468,458,468,458,486,422,486
392,469,425,469,425,489,392,489
90,499,148,505,146,532,87,526
149,508,182,508,182,529,149,529
246,513,273,513,273,530,246,530
562,534,601,534,601,554,562,554
88,531,147,537,144,563,86,558
521,536,566,536,566,557,521,557
150,537,204,542,202,564,147,559
564,577,604,577,604,598,564,598
524,578,562,578,562,598,524,598
86,577,146,583,143,609,83,603
146,582,186,582,186,604,146,604
566,612,606,612,606,632,566,632
85,612,136,612,136,636,85,636
213,613,253,613,253,634,213,634
525,613,570,613,570,634,525,634
140,614,209,614,209,636,140,636
341,614,388,614,388,636,341,636
199,671,357,666,357,689,200,694
130,673,177,673,177,696,130,696
90,673,126,673,126,697,90,697
189,704,250,708,248,735,188,731
153,709,186,709,186,734,153,734
90,710,125,710,125,738,90,738
126,710,150,710,150,733,126,733
585,737,612,737,612,757,585,757
85,750,146,750,146,774,85,774
152,754,210,751,211,770,153,774
576,774,616,774,616,796,576,796
83,786,146,784,147,814,84,816
205,785,258,785,258,809,205,809
150,788,202,788,202,813,150,813
206,825,261,825,261,849,206,849
152,828,204,828,204,854,152,854
82,832,149,834,149,860,82,858
549,849,621,849,621,874,549,874
290,856,336,856,336,884,290,884
245,860,288,857,290,882,247,886
159,863,245,861,245,891,160,893
128,870,157,870,157,897,128,897
82,872,125,872,125,897,82,897
460,905,617,897,618,923,461,931
397,908,457,908,457,937,397,937
182,917,393,901,396,933,184,948
101,925,134,925,134,953,101,953
136,927,180,923,182,949,138,953
397,949,442,949,442,974,397,974
329,958,391,946,396,974,334,985
288,954,329,954,329,978,288,978
473,978,538,973,539,996,474,1000
430,980,472,980,472,1005,430,1005
401,982,428,982,428,1005,401,1005
356,984,398,984,398,1012,356,1012
278,988,306,988,306,1012,278,1012
310,989,352,989,352,1010,310,1010
246,993,274,993,274,1012,246,1012
193,1002,239,990,245,1012,200,1025
154,1004,194,1004,194,1022,154,1022
