186,185,226,185,226,202,186,202
226,185,257,185,257,202,226,202
264,201,304,201,304,220,264,220
305,201,345,201,345,217,305,217
90,204,112,204,112,221,90,221
169,205,190,205,190,221,169,221
249,205,262,205,262,218,249,218
126,206,157,206,157,220,126,220
201,206,222,206,222,222,201,222
225,208,236,208,236,218,225,218
146,220,185,220,185,240,146,240
285,220,322,220,322,234,285,234
186,222,218,222,218,237,186,237
232,222,284,222,284,237,232,237
124,225,144,225,144,240,124,240
186,241,228,241,228,258,186,258
228,241,258,241,258,258,228,258
260,241,289,241,289,256,260,256
154,242,178,242,178,257,154,257
221,269,250,269,250,284,221,284
252,269,290,269,290,282,252,282
156,270,186,270,186,284,156,284
188,270,220,270,220,284,188,284
290,285,321,285,321,298,290,298
177,286,212,286,212,298,177,298
212,286,241,286,241,298,212,298
152,288,178,288,178,300,152,300
249,288,272,288,272,300,249,300
188,304,204,304,204,316,188,316
210,304,240,304,240,316,210,316
269,304,285,304,285,316,269,316
246,305,262,305,262,316,246,316
92,328,126,328,126,340,92,340
128,329,156,329,156,340,128,340
90,345,116,345,116,357,90,357
90,362,112,362,112,376,90,376
112,364,130,364,130,374,112,374
334,393,360,393,360,406,334,406
297,394,334,394,334,408,297,408
93,401,120,401,120,412,93,412
118,400,138,400,138,413,118,413
114,418,153,418,153,432,114,432
92,420,113,420,113,432,92,432
322,432,338,432,338,445,322,445
338,432,364,432,364,449,338,449
109,437,132,437,132,450,109,450
93,438,109,438,109,450,93,450
113,458,143,456,144,470,114,472
170,457,198,457,198,469,170,469
93,458,113,458,113,472,93,472
145,458,169,458,169,470,145,470
341,470,366,470,366,489,341,489
325,472,341,472,341,485,325,485
109,477,132,477,132,489,109,489
93,478,108,478,108,490,93,490
168,496,197,493,198,507,169,510
142,496,168,496,168,508,142,508
114,497,140,497,140,509,114,509
92,498,113,498,113,509,92,509
344,509,368,509,368,524,344,524
326,510,342,510,342,522,326,522
109,516,132,516,132,529,109,529
92,517,108,517,108,529,92,529
346,545,369,545,369,558,346,558
329,546,345,546,345,560,329,560
221,549,245,549,245,562,221,562
186,549,220,551,219,565,186,563
246,549,283,551,282,564,245,562
247,570,283,568,284,582,248,584
214,570,248,570,248,584,214,584
350,588,373,588,373,601,350,601
332,589,348,589,348,601,332,601
248,589,284,591,283,607,247,605
214,591,247,592,246,607,213,605
352,609,374,609,374,622,352,622
333,610,349,610,349,622,333,622
192,613,218,613,218,626,192,626
220,613,256,613,256,626,220,626
257,613,282,613,282,625,257,625
226,634,253,634,253,648,226,648
254,634,282,634,282,648,254,648
214,657,247,654,248,669,216,672
185,656,216,658,215,673,184,671
149,660,184,660,184,674,149,674
90,661,116,661,116,673,90,673
116,661,149,661,149,673,116,673
236,689,260,689,260,704,236,704
285,689,305,689,305,701,285,701
220,690,234,690,234,704,220,704
261,690,285,690,285,705,261,705
169,692,200,692,200,704,169,704
201,692,218,692,218,704,201,704
237,709,289,708,289,722,237,724
289,709,310,709,310,722,289,722
220,710,236,710,236,725,220,725
165,712,218,712,218,725,165,725
