470,216,496,216,496,233,470,233
496,217,504,217,504,230,496,230
444,218,472,218,472,236,444,236
412,221,418,221,418,234,412,234
421,220,444,220,444,234,421,234
394,221,410,221,410,236,394,236
370,222,394,222,394,237,370,237
346,224,369,224,369,238,346,238
448,238,473,238,473,256,448,256
473,240,481,240,481,253,473,253
420,240,449,240,449,257,420,257
397,241,420,241,420,256,397,256
370,242,386,242,386,257,370,257
386,244,394,244,394,256,386,256
481,257,508,257,508,274,481,274
457,258,478,258,478,274,457,274
432,260,458,260,458,277,432,277
413,261,429,261,429,276,413,276
360,262,385,262,385,278,360,278
385,262,410,262,410,277,385,277
349,265,357,265,357,278,349,278
211,268,315,262,316,289,212,295
446,280,480,280,480,297,446,297
376,283,445,280,446,298,377,301
400,320,436,320,436,334,400,334
369,321,396,321,396,337,369,337
313,324,340,324,340,340,313,340
345,324,365,324,365,340,345,340
472,337,539,333,540,349,473,353
457,338,474,338,474,353,457,353
386,341,412,341,412,356,386,356
369,342,388,342,388,357,369,357
248,347,363,342,364,358,249,363
212,350,244,350,244,365,212,365
481,356,549,352,550,368,482,372
442,358,483,356,484,371,442,373
212,368,245,368,245,385,212,385
245,368,276,368,276,382,245,382
492,394,543,390,544,407,493,411
437,398,454,398,454,413,437,413
378,403,405,398,408,414,380,418
357,402,374,402,374,416,357,416
245,405,280,405,280,422,245,422
213,408,240,408,240,425,213,425
509,414,537,414,537,432,509,432
478,416,504,416,504,430,478,430
504,417,509,417,509,428,504,428
445,418,472,418,472,433,445,433
333,420,360,420,360,438,333,438
365,420,384,420,384,438,365,438
421,420,445,420,445,434,421,434
390,422,414,422,414,434,390,434
309,424,328,424,328,438,309,438
277,425,304,425,304,440,277,440
212,428,271,425,272,440,213,443
526,433,553,433,553,448,526,448
502,436,528,436,528,449,502,449
456,440,462,440,462,450,456,450
389,440,416,440,416,454,389,454
366,441,390,441,390,456,366,456
214,447,321,442,321,459,214,464
376,461,409,461,409,476,376,476
296,462,322,462,322,481,296,481
326,462,369,462,369,478,326,478
256,463,291,465,290,483,255,481
215,467,250,465,251,482,216,484
528,474,556,474,556,489,528,489
504,476,522,476,522,490,504,490
392,480,417,480,417,494,392,494
368,482,386,482,386,496,368,496
215,487,322,482,323,498,216,502
457,496,531,494,532,511,457,513
368,500,425,498,425,514,369,516
425,498,441,498,441,513,425,513
448,498,458,498,458,512,448,512
313,502,362,502,362,518,313,518
280,505,307,503,308,518,281,520
216,508,275,504,276,520,217,523
530,514,557,514,557,529,530,529
506,516,525,516,525,529,506,529
393,520,420,520,420,534,393,534
370,521,388,521,388,534,370,534
218,527,322,523,323,538,218,542
356,540,394,540,394,556,356,556
404,540,436,540,436,554,404,554
322,541,348,541,348,558,322,558
220,545,246,545,246,564,220,564
290,545,316,545,316,560,290,560
250,546,286,546,286,561,250,561
509,554,533,554,533,569,509,569
533,554,560,554,560,568,533,568
372,560,390,560,390,574,372,574
396,560,421,560,421,573,396,573
268,564,326,564,326,581,268,581
218,567,269,564,269,579,218,582
536,594,562,594,562,609,536,609
502,596,536,596,536,610,502,610
357,598,393,598,393,617,357,617
301,601,336,601,336,618,301,618
261,602,297,602,297,621,261,621
341,602,357,602,357,616,341,616
221,604,257,604,257,622,221,622
546,617,554,617,554,629,546,629
317,620,353,620,353,638,317,638
302,622,312,622,312,638,302,638
262,622,297,622,297,641,262,641
221,624,257,624,257,642,221,642
537,634,565,634,565,650,537,650
505,636,533,636,533,650,505,650
309,642,337,640,338,658,311,660
220,645,257,643,258,662,221,664
261,644,305,644,305,660,261,660
506,656,534,656,534,673,506,673
538,656,566,656,566,672,538,672
230,665,266,665,266,684,230,684
270,665,297,665,297,682,270,682
505,678,535,676,537,693,507,695
540,677,568,677,568,693,540,693
262,684,290,684,290,702,262,702
221,686,258,684,259,703,222,705
294,685,321,685,321,701,294,701
458,698,502,698,502,716,458,716
417,700,452,700,452,716,417,716
385,701,413,701,413,721,385,721
328,702,346,702,346,721,328,721
352,704,380,704,380,721,352,721
288,705,322,705,322,724,288,724
469,761,506,761,506,780,469,780
386,762,416,762,416,781,386,781
420,763,465,765,465,780,419,778
312,766,349,764,350,783,313,785
354,765,382,765,382,782,354,782
281,766,308,766,308,785,281,785
462,782,500,782,500,800,462,800
546,782,573,782,573,798,546,798
504,784,540,784,540,797,504,797
388,786,439,785,440,800,389,802
445,785,464,785,464,800,445,800
362,786,381,786,381,802,362,802
321,788,356,788,356,804,321,804
256,790,315,788,316,805,257,806
224,793,249,793,249,808,224,808
465,825,493,825,493,842,465,842
498,825,526,825,526,842,498,842
406,826,426,826,426,844,406,844
432,826,460,826,460,844,432,844
356,828,402,826,403,844,357,847
322,830,351,828,353,846,324,848
265,830,294,830,294,849,265,849
298,830,320,830,320,848,298,848
473,846,534,846,534,861,473,861
541,846,568,846,568,861,541,861
398,849,466,846,467,862,398,865
298,852,394,849,395,867,298,870
257,854,292,854,292,869,257,869
224,856,252,856,252,873,224,873
252,857,258,857,258,869,252,869
