268,246,405,250,405,272,267,267
249,293,264,293,264,305,249,305
265,296,277,296,277,305,265,305
280,296,289,296,289,306,280,306
360,296,390,296,390,309,360,309
408,296,432,296,432,308,408,308
345,297,360,297,360,308,345,308
389,298,409,296,410,307,391,310
248,308,262,308,262,320,248,320
264,308,277,308,277,320,264,320
278,309,292,309,292,321,278,321
293,310,304,310,304,321,293,321
412,312,432,312,432,321,412,321
342,312,353,312,353,322,342,322
361,313,376,313,376,322,361,322
376,312,394,312,394,322,376,322
394,313,409,313,409,322,394,322
376,325,390,325,390,337,376,337
389,325,410,325,410,337,389,337
414,328,433,328,433,337,414,337
249,338,264,338,264,348,249,348
300,338,334,338,334,352,300,352
371,339,433,337,433,350,372,352
346,342,361,342,361,350,346,350
248,352,262,352,262,362,248,362
266,352,285,352,285,364,266,364
401,353,433,353,433,365,401,365
248,366,262,366,262,377,248,377
266,366,327,368,326,380,266,378
246,381,265,381,265,393,246,393
268,382,272,382,272,392,268,392
273,381,289,381,289,393,273,393
410,381,433,381,433,394,410,394
294,397,333,397,333,409,294,409
338,397,372,397,372,410,338,410
246,409,257,409,257,421,246,421
258,410,269,410,269,421,258,421
306,412,334,412,334,424,306,424
364,412,380,412,380,424,364,424
406,412,433,412,433,424,406,424
345,413,357,413,357,424,345,424
357,414,364,414,364,424,357,424
246,425,266,425,266,437,246,437
289,426,330,426,330,438,289,438
345,426,362,426,362,438,345,438
398,426,422,426,422,438,398,438
421,426,433,426,433,438,421,438
246,441,257,441,257,453,246,453
257,441,273,441,273,453,257,453
284,441,333,441,333,453,284,453
357,441,380,441,380,453,357,453
380,441,398,441,398,454,380,454
406,441,434,441,434,454,406,454
346,444,356,444,356,453,346,453
246,469,280,469,280,482,246,482
284,470,318,470,318,484,284,484
353,470,402,470,402,484,353,484
408,470,433,470,433,484,408,484
245,485,261,485,261,497,245,497
264,486,282,486,282,498,264,498
282,486,310,486,310,498,282,498
245,501,260,501,260,512,245,512
264,501,322,501,322,513,264,513
264,516,329,516,329,528,264,528
244,538,260,538,260,550,244,550
261,538,272,538,272,550,261,550
276,538,298,538,298,552,276,552
300,538,330,538,330,552,300,552
257,549,324,549,324,581,257,581
325,552,360,552,360,573,325,573
298,585,317,585,317,597,298,597
333,585,349,585,349,597,333,597
349,585,372,585,372,597,349,597
268,586,281,586,281,597,268,597
318,586,333,586,333,597,318,597
373,586,392,586,392,598,373,598
393,586,408,586,408,598,393,598
321,601,333,601,333,613,321,613
333,601,353,601,353,613,333,613
310,616,332,616,332,629,310,629
334,617,353,617,353,629,334,629
353,617,369,617,369,629,353,629
309,632,329,632,329,645,309,645
345,632,369,632,369,645,345,645
368,632,389,632,389,645,368,645
290,633,309,633,309,644,290,644
329,633,345,633,345,645,329,645
