298,130,444,136,443,156,297,150
278,180,290,180,290,189,278,189
292,178,304,178,304,190,292,190
382,184,397,184,397,192,382,192
396,182,429,182,429,194,396,194
274,193,290,193,290,205,274,205
290,193,306,193,306,205,290,205
308,194,322,194,322,205,308,205
325,197,336,197,336,205,325,205
377,196,389,196,389,208,377,208
397,197,413,197,413,208,397,208
433,200,449,200,449,210,433,210
450,201,470,201,470,210,450,210
397,213,412,213,412,224,397,224
413,213,428,213,428,225,413,225
429,213,452,213,452,225,429,225
332,225,368,225,368,237,332,237
417,230,456,230,456,240,417,240
274,238,289,238,289,250,274,250
294,238,318,238,318,252,294,252
441,244,473,244,473,256,441,256
274,254,289,254,289,266,274,266
293,256,322,256,322,268,293,268
322,256,337,256,337,268,322,268
338,256,362,256,362,268,338,268
272,270,293,270,293,284,272,284
294,272,301,272,301,282,294,282
301,270,318,270,318,284,301,284
324,286,366,286,366,300,324,300
373,288,408,288,408,301,373,301
285,302,298,302,298,314,285,314
340,304,366,304,366,316,340,316
378,304,390,304,390,316,378,316
400,305,417,305,417,317,400,317
272,318,292,318,292,332,272,332
318,318,329,318,329,330,318,330
329,320,341,320,341,330,329,330
341,320,362,320,362,332,341,332
378,320,396,320,396,332,378,332
437,322,449,322,449,334,437,334
448,322,460,322,460,334,448,334
460,322,473,322,473,334,460,334
284,334,306,334,306,348,284,348
312,334,366,334,366,348,312,348
272,336,284,336,284,346,272,346
390,336,416,336,416,349,390,349
416,337,432,337,432,350,416,350
444,337,473,337,473,350,444,350
273,366,306,366,306,380,273,380
312,366,348,366,348,380,312,380
386,368,440,368,440,382,386,382
445,369,472,369,472,382,445,382
329,384,344,384,344,397,329,397
269,383,329,383,329,417,269,417
345,385,361,385,361,397,345,397
294,433,309,433,309,445,294,445
328,433,348,433,348,445,328,445
348,433,364,433,364,446,348,446
364,433,381,433,381,446,364,446
381,433,405,433,405,446,381,446
406,433,426,433,426,446,406,446
426,434,442,434,442,446,426,446
364,449,384,449,384,462,364,462
352,450,364,450,364,462,352,462
338,465,362,465,362,478,338,478
364,465,384,465,384,478,364,478
385,465,401,465,401,478,385,478
358,481,376,481,376,494,358,494
376,481,401,481,401,494,376,494
317,482,338,482,338,494,317,494
338,482,358,482,358,494,338,494
401,482,421,482,421,493,401,493
286,595,442,597,442,619,286,618
262,653,278,653,278,666,262,666
278,653,296,653,296,666,278,666
296,653,309,653,309,666,296,666
373,653,392,653,392,666,373,666
390,653,425,653,425,666,390,666
446,653,472,653,472,668,446,668
426,654,446,654,446,668,426,668
278,670,293,670,293,684,278,684
313,670,325,670,325,684,313,684
408,670,429,670,429,685,408,685
261,672,277,672,277,684,261,684
296,672,312,672,312,684,296,684
370,672,381,672,381,684,370,684
392,672,408,672,408,684,392,684
429,672,446,672,446,685,429,685
448,672,473,672,473,685,448,685
382,674,390,674,390,685,382,685
425,688,450,688,450,702,425,702
390,689,406,689,406,701,390,701
408,689,424,689,424,702,408,702
452,689,473,689,473,702,452,702
373,705,393,705,393,720,373,720
320,706,360,706,360,720,320,720
402,706,472,706,472,720,402,720
260,708,276,708,276,720,260,720
280,724,306,724,306,738,280,738
438,724,472,724,472,737,438,737
260,725,276,725,276,738,260,738
258,742,276,742,276,756,258,756
280,742,310,742,310,756,280,756
312,742,326,742,326,756,312,756
329,742,354,742,354,756,329,756
288,760,306,760,306,773,288,773
257,761,278,761,278,774,257,774
281,762,288,762,288,774,281,774
312,777,358,777,358,792,312,792
365,777,402,777,402,793,365,793
328,796,358,796,358,810,328,810
372,796,384,796,384,810,372,810
394,796,412,796,412,810,394,810
442,796,473,796,473,810,442,810
386,798,393,798,393,810,386,810
256,798,268,798,268,812,256,812
269,798,282,798,282,812,269,812
305,814,353,814,353,829,305,829
372,814,392,814,392,828,372,828
434,814,446,814,446,829,434,829
446,814,472,814,472,829,446,829
254,817,280,817,280,830,254,830
299,834,357,833,357,847,300,849
385,833,410,833,410,848,385,848
412,833,433,833,433,848,412,848
442,833,473,833,473,848,442,848
372,834,384,834,384,846,372,846
254,836,268,836,268,850,254,850
268,836,285,836,285,849,268,849
380,869,437,869,437,885,380,885
298,870,337,870,337,886,298,886
442,870,473,870,473,886,442,886
254,872,294,872,294,890,254,890
317,890,334,890,334,904,317,904
334,890,352,890,352,904,334,904
290,892,313,892,313,905,290,905
232,894,280,894,280,934,232,934
284,902,394,902,394,929,284,929
270,938,313,938,313,966,270,966
225,941,267,945,265,966,223,962
424,945,441,945,441,960,424,960
373,948,399,945,401,959,375,961
402,946,422,946,422,960,402,960
338,948,354,948,354,961,338,961
356,948,373,948,373,961,356,961
356,965,377,965,377,981,356,981
342,968,354,968,354,981,342,981
378,984,394,984,394,998,378,998
328,985,354,985,354,1002,328,1002
354,985,377,985,377,998,354,998
