497,88,530,88,530,126,497,126
297,128,346,130,345,150,296,147
350,133,377,133,377,145,350,145
304,152,445,152,445,197,304,197
324,195,442,190,443,226,325,231
533,262,561,262,561,281,533,281
510,264,534,264,534,285,510,285
454,265,505,265,505,285,454,285
394,266,450,266,450,289,394,289
353,268,390,268,390,288,353,288
287,272,347,268,349,290,288,293
196,273,276,273,276,293,196,293
376,301,477,298,477,317,377,320
328,302,373,302,373,321,328,321
280,305,324,305,324,322,280,322
283,337,473,332,473,357,284,363
441,372,527,369,528,399,443,403
229,377,323,375,324,406,230,408
330,380,435,377,436,403,330,406
400,416,465,416,465,434,400,434
316,418,381,418,381,437,316,437
253,420,281,420,281,440,253,440
166,421,193,421,193,441,166,441
193,420,251,422,250,443,192,441
345,441,390,441,390,465,345,465
454,442,489,442,489,462,454,462
408,445,449,445,449,464,408,464
305,448,341,448,341,466,305,466
268,448,302,450,300,468,267,466
188,452,216,452,216,470,188,470
166,453,186,453,186,472,166,472
444,476,473,476,473,493,444,493
472,476,494,476,494,494,472,494
388,477,433,477,433,496,388,496
362,478,388,478,388,497,362,497
257,480,297,480,297,500,257,500
333,480,362,480,362,497,333,497
224,481,253,481,253,504,224,504
166,484,220,484,220,505,166,505
445,506,470,506,470,525,445,525
472,506,496,506,496,524,472,524
362,508,388,508,388,526,362,526
389,508,434,508,434,526,389,526
333,509,358,509,358,528,333,528
220,516,252,508,257,529,225,537
165,512,220,512,220,536,165,536
257,514,282,514,282,529,257,529
268,540,397,540,397,560,268,560
203,546,257,538,260,560,206,568
164,545,201,545,201,562,164,562
502,565,533,565,533,585,502,585
585,565,646,565,646,584,585,584
482,568,500,568,500,586,482,586
410,569,434,569,434,588,410,588
230,572,268,572,268,592,230,592
271,573,313,570,313,590,272,592
581,606,608,606,608,626,581,626
609,606,648,606,648,625,609,625
498,609,537,607,538,627,499,629
472,609,498,609,498,628,472,628
420,613,428,613,428,626,420,626
206,613,256,613,256,634,206,634
142,617,203,615,204,635,142,637
613,640,652,640,652,660,613,660
584,641,610,641,610,660,584,660
473,642,500,642,500,662,473,662
501,642,540,642,540,661,501,661
177,648,202,648,202,669,177,669
141,649,174,649,174,670,141,670
208,649,230,649,230,668,208,668
610,680,653,680,653,702,610,702
577,682,604,682,604,704,577,704
418,686,430,686,430,704,418,704
171,685,234,690,232,717,169,712
614,730,658,730,658,754,614,754
580,732,608,732,608,754,580,754
273,738,347,734,348,762,274,765
169,734,227,740,224,769,166,763
229,738,270,738,270,762,229,762
607,785,667,783,668,810,608,812
561,786,601,786,601,812,561,812
340,789,418,789,418,817,340,817
238,792,333,790,333,818,238,820
168,792,232,792,232,820,168,820
424,797,433,797,433,814,424,814
628,856,673,856,673,880,628,880
593,857,621,857,621,881,593,881
439,858,573,858,573,886,439,886
650,949,685,949,685,968,650,968
622,950,645,950,645,969,622,969
453,953,509,953,509,973,453,973
512,954,545,954,545,970,512,970
433,958,446,958,446,972,433,972
674,978,685,978,685,994,674,994
489,981,550,981,550,1001,489,1001
456,982,485,982,485,1001,456,1001
434,986,446,986,446,1000,434,1000
