448,213,474,213,474,229,448,229
474,213,496,213,496,231,474,231
496,213,512,213,512,231,496,231
510,215,540,215,540,234,510,234
549,220,574,220,574,236,549,236
274,229,392,244,388,275,270,260
419,233,437,233,437,250,419,250
437,233,453,233,453,250,437,250
451,236,474,236,474,254,451,254
474,236,503,236,503,256,474,256
505,235,544,239,541,259,503,254
542,240,551,240,551,254,542,254
553,237,584,240,583,258,551,255
583,238,601,238,601,256,583,256
460,259,469,259,469,273,460,273
473,257,503,257,503,277,473,277
503,257,521,257,521,275,503,275
522,259,540,259,540,275,522,275
540,259,562,259,562,275,540,275
453,277,476,277,476,295,453,295
474,279,562,279,562,298,474,298
378,311,409,311,409,329,378,329
414,313,444,313,444,330,414,330
449,316,478,316,478,332,449,332
263,317,303,321,301,339,261,335
483,318,522,318,522,334,483,334
307,322,435,334,433,353,306,341
439,336,485,336,485,352,439,352
533,336,562,336,562,355,533,355
559,339,629,335,630,354,560,358
261,337,301,340,300,358,260,354
298,343,334,343,334,361,298,361
559,359,629,355,630,374,560,378
517,359,562,359,562,375,517,375
257,380,286,380,286,398,257,398
294,380,336,388,333,407,291,399
419,393,448,393,448,410,419,410
453,396,482,396,482,414,453,414
515,400,531,400,531,414,515,414
256,401,284,401,284,417,256,417
293,405,321,405,321,421,293,421
329,407,359,407,359,425,329,425
364,410,394,410,394,428,364,428
400,413,439,417,437,435,398,431
444,417,480,417,480,433,444,433
487,417,515,417,515,435,487,435
521,419,551,419,551,435,521,435
556,419,613,419,613,437,556,437
256,423,273,423,273,439,256,439
272,423,304,423,304,441,272,441
309,426,330,426,330,442,309,442
252,440,374,451,373,469,251,458
423,458,444,458,444,473,423,473
449,458,480,458,480,474,449,474
250,462,281,462,281,482,250,482
574,462,595,462,595,478,574,478
599,462,629,462,629,480,599,480
288,467,318,467,318,483,288,483
323,469,345,469,345,487,323,487
343,470,373,473,371,491,341,488
379,473,417,477,416,496,377,492
421,477,470,479,469,498,420,496
475,477,523,481,522,500,474,497
528,480,558,480,558,498,528,498
563,482,610,482,610,499,563,499
249,481,373,494,371,514,247,500
421,501,449,501,449,517,421,517
448,501,478,501,478,517,448,517
247,501,279,506,277,524,245,519
570,505,594,505,594,521,570,521
599,505,627,505,627,522,599,522
286,507,316,512,314,529,284,524
322,512,371,517,369,534,320,529
377,519,396,519,396,535,377,535
394,519,414,519,414,537,394,537
420,519,468,522,467,541,418,538
473,520,522,524,520,543,471,538
526,522,556,522,556,540,526,540
246,522,370,538,367,558,243,542
563,526,608,526,608,542,563,542
421,546,441,546,441,558,421,558
439,544,476,544,476,560,439,560
570,546,590,546,590,563,570,563
244,545,286,549,284,568,242,564
597,547,627,547,627,565,597,565
289,553,321,553,321,572,289,572
327,556,368,556,368,576,327,576
373,560,403,560,403,578,373,578
409,563,448,563,448,581,409,581
453,563,492,563,492,583,453,583
499,565,537,565,537,583,499,583
560,566,600,568,599,587,559,585
242,567,367,580,365,599,240,586
416,585,437,585,437,601,416,601
442,586,473,586,473,602,442,602
240,590,263,590,263,608,240,608
569,590,590,590,590,606,569,606
595,590,626,590,626,608,595,608
569,613,590,613,590,627,569,627
595,611,624,611,624,629,595,629
238,611,280,615,279,634,236,630
286,618,316,618,316,636,286,636
321,620,364,620,364,640,321,640
368,626,400,626,400,642,368,642
405,626,444,626,444,643,405,643
449,629,489,629,489,645,449,645
496,629,533,629,533,647,496,647
558,633,597,633,597,652,558,652
236,633,278,637,277,655,235,651
277,640,286,640,286,654,277,654
284,638,363,644,362,662,283,656
412,649,433,649,433,665,412,665
439,649,469,649,469,665,439,665
565,654,586,654,586,672,565,672
234,656,257,656,257,674,234,674
594,656,624,656,624,672,594,672
567,677,592,677,592,691,567,691
594,677,622,677,622,693,594,693
233,679,273,679,273,699,233,699
281,682,314,685,312,703,279,700
320,685,369,688,368,706,319,703
366,690,387,690,387,707,366,707
393,691,431,693,430,712,391,709
437,691,476,691,476,711,437,711
482,693,566,696,565,714,481,711
574,697,604,697,604,715,574,715
229,701,358,708,357,728,228,721
410,715,432,715,432,732,410,732
435,716,467,716,467,732,435,732
512,720,521,720,521,734,512,734
563,718,586,718,586,736,563,736
592,720,622,720,622,736,592,736
227,747,268,747,268,768,227,768
275,750,318,750,318,770,275,770
323,752,364,752,364,773,323,773
373,759,389,759,389,773,373,773
391,757,430,757,430,777,391,777
554,764,586,764,586,780,554,780
592,764,622,764,622,782,592,782
226,768,267,771,266,792,224,789
273,773,314,773,314,793,273,793
321,775,345,775,345,796,321,796
350,777,391,777,391,796,350,796
554,787,586,787,586,805,554,805
590,787,622,787,622,805,590,805
222,795,265,795,265,814,222,814
270,796,323,796,323,818,270,818
330,800,361,800,361,819,330,819
553,809,585,809,585,825,553,825
592,812,622,812,622,827,592,827
231,819,272,819,272,839,231,839
279,823,311,823,311,841,279,841
553,832,585,832,585,850,553,850
590,834,620,834,620,851,590,851
218,843,259,843,259,864,218,864
268,844,298,844,298,864,268,864
305,848,337,848,337,866,305,866
570,857,592,857,592,875,570,875
590,857,622,857,622,876,590,876
295,869,336,869,336,889,295,889
341,871,364,871,364,889,341,889
369,875,403,875,403,891,369,891
409,875,441,875,441,894,409,894
448,876,489,876,489,894,448,894
494,878,544,878,544,896,494,896
240,916,273,916,273,939,240,939
211,917,233,917,233,935,211,935
279,917,330,917,330,939,279,939
338,919,382,923,380,943,336,939
467,930,506,930,506,942,467,942
522,930,610,930,610,948,522,948
206,939,250,939,250,960,206,960
268,941,310,944,309,966,267,963
257,946,268,946,268,962,257,962
309,948,320,948,320,964,309,964
325,944,407,948,407,967,324,963
414,946,458,946,458,969,414,969
204,965,229,965,229,988,204,988
234,969,277,969,277,987,234,987
284,969,337,969,337,988,284,988
451,974,503,974,503,994,451,994
501,976,531,976,531,996,501,996
530,978,590,978,590,997,530,997
588,980,618,980,618,999,588,999
268,1042,302,1042,302,1063,268,1063
309,1045,352,1045,352,1065,309,1065
398,1045,433,1045,433,1068,398,1068
359,1047,391,1047,391,1067,359,1067
439,1049,491,1053,490,1073,438,1069
496,1051,538,1051,538,1072,496,1072
195,1070,227,1070,227,1088,195,1088
238,1070,309,1070,309,1090,238,1090
316,1072,359,1072,359,1092,316,1092
368,1074,389,1074,389,1092,368,1092
398,1076,458,1076,458,1093,398,1093
487,1076,530,1076,530,1095,487,1095
466,1079,487,1079,487,1095,466,1095
535,1079,578,1079,578,1097,535,1097
585,1079,617,1079,617,1099,585,1099
240,1122,275,1122,275,1143,240,1143
281,1122,307,1122,307,1145,281,1145
353,1124,409,1124,409,1145,353,1145
414,1127,437,1127,437,1147,414,1147
313,1129,345,1129,345,1145,313,1145
442,1129,478,1129,478,1149,442,1149
485,1129,521,1129,521,1152,485,1152
524,1129,558,1129,558,1150,524,1150
183,1150,218,1150,218,1170,183,1170
218,1152,229,1152,229,1168,218,1168
229,1150,270,1150,270,1170,229,1170
279,1152,314,1152,314,1173,279,1173
311,1152,398,1152,398,1175,311,1175
401,1154,455,1154,455,1175,401,1175
453,1156,485,1156,485,1175,453,1175
493,1157,567,1155,567,1176,494,1178
574,1157,606,1157,606,1175,574,1175
