378,140,402,140,402,157,378,157
401,141,410,141,410,156,401,156
260,144,282,144,282,158,260,158
282,144,306,144,306,160,282,160
306,144,329,144,329,160,306,160
330,144,353,144,353,158,330,158
352,144,378,144,378,157,352,157
129,161,234,172,231,199,126,188
357,162,380,162,380,177,357,177
380,164,388,164,388,176,380,176
284,164,306,164,306,178,284,178
309,164,330,164,330,177,309,177
330,164,356,164,356,177,330,177
388,178,413,178,413,193,388,193
273,181,297,181,297,197,273,197
297,181,322,181,322,196,297,196
324,181,340,181,340,196,324,196
341,181,365,181,365,196,341,196
365,181,389,181,389,194,365,194
356,198,385,198,385,213,356,213
288,201,354,199,355,215,289,217
226,233,253,233,253,246,226,246
310,233,345,233,345,248,310,248
257,234,276,234,276,248,257,248
281,234,306,234,306,248,281,248
125,240,160,245,158,261,123,255
164,245,198,248,197,263,162,260
380,250,446,245,447,260,381,264
197,249,245,249,245,265,197,265
365,250,382,250,382,264,365,264
242,252,276,252,276,265,242,265
298,252,322,252,322,265,298,265
282,253,300,253,300,265,282,265
125,259,159,262,158,279,124,276
389,266,455,262,456,277,390,282
165,264,189,264,189,278,165,278
160,266,166,266,166,277,160,277
352,268,392,268,392,281,352,281
125,298,150,298,150,314,125,314
400,301,450,297,451,313,401,317
156,298,193,304,191,319,154,314
289,305,316,303,318,318,290,320
268,305,286,305,286,318,268,318
346,305,361,305,361,317,346,317
125,317,160,317,160,336,125,336
165,318,201,321,199,338,164,334
354,321,394,321,394,336,354,336
205,322,221,322,221,336,205,336
229,322,254,322,254,337,229,337
261,323,309,325,309,339,260,337
314,324,341,324,341,337,314,337
341,325,346,325,346,334,341,334
434,336,461,336,461,350,434,350
124,336,232,341,231,357,123,352
410,338,429,338,429,353,410,353
277,342,296,342,296,356,277,356
300,342,326,342,326,356,300,356
437,373,464,373,464,388,437,388
125,373,162,375,161,393,124,391
166,376,202,376,202,394,166,394
413,376,432,376,432,389,413,389
206,377,241,377,241,393,206,393
262,378,297,378,297,393,262,393
246,380,262,380,262,393,246,393
125,393,161,393,161,412,125,412
448,394,457,394,457,405,448,405
166,396,202,396,202,413,166,413
222,396,257,396,257,412,222,412
206,397,217,397,217,412,206,412
440,412,466,412,466,426,440,426
125,413,161,413,161,432,125,432
416,414,434,414,434,428,416,428
166,416,210,416,210,430,166,430
216,416,242,416,242,433,216,433
441,430,468,430,468,445,441,445
416,433,436,433,436,446,416,446
133,434,169,434,169,452,133,452
173,436,201,436,201,450,173,450
124,453,161,453,161,472,124,472
166,453,194,453,194,472,166,472
198,456,226,456,226,470,198,470
361,472,404,472,404,488,361,488
321,473,356,473,356,489,321,489
192,474,225,474,225,490,192,490
232,474,250,474,250,492,232,492
286,476,314,472,317,488,288,493
256,476,282,476,282,490,256,490
372,532,409,532,409,550,372,550
182,533,210,533,210,552,182,552
290,533,320,533,320,550,290,550
216,534,252,534,252,550,216,550
257,534,286,534,286,552,257,552
324,534,367,536,366,550,323,549
450,550,478,550,478,568,450,568
406,553,443,551,444,566,406,568
365,553,402,553,402,570,365,570
291,556,342,554,343,569,292,571
348,554,366,554,366,569,348,569
158,556,218,556,218,572,158,572
241,556,258,556,258,570,241,570
266,556,286,556,286,572,266,572
224,557,242,557,242,572,224,572
124,558,150,558,150,573,124,573
368,593,397,593,397,612,368,612
401,593,429,593,429,609,401,609
260,594,305,594,305,613,260,613
309,594,329,594,329,612,309,612
334,596,364,596,364,613,334,613
166,597,196,597,196,616,166,616
200,597,221,597,221,614,200,614
226,597,253,597,253,613,226,613
386,616,439,614,440,629,386,630
445,614,473,614,473,628,445,628
199,619,297,617,297,634,200,636
301,617,369,617,369,632,301,632
376,617,388,617,388,630,376,630
121,620,192,620,192,636,121,636
