440,196,468,196,468,216,440,216
468,196,493,196,493,214,468,214
361,197,389,197,389,216,361,216
389,197,417,197,417,216,389,216
417,197,440,197,440,216,417,216
481,218,515,223,512,243,478,239
342,221,361,221,361,241,342,241
384,221,412,221,412,241,384,241
440,222,449,222,449,240,440,240
452,221,481,221,481,241,452,241
360,222,384,222,384,241,360,241
410,222,437,222,437,241,410,241
184,241,301,241,301,274,184,274
405,246,429,246,429,266,405,266
431,245,472,249,470,270,429,266
469,246,498,246,498,265,469,265
356,248,373,248,373,266,356,266
376,248,405,248,405,266,376,266
393,270,482,270,482,290,393,290
370,273,393,273,393,290,370,290
298,316,328,316,328,333,298,333
333,316,354,316,354,333,333,333
360,316,389,316,389,333,360,333
394,316,433,316,433,333,394,333
454,337,548,337,548,354,454,354
264,338,318,338,318,357,264,357
185,340,222,340,222,357,185,357
228,340,264,340,264,354,228,354
316,340,353,340,353,356,316,356
360,340,380,340,380,356,360,356
378,340,405,340,405,354,378,354
438,360,554,360,554,377,438,377
185,361,222,361,222,380,185,380
222,361,256,361,256,377,222,377
490,402,548,402,548,421,490,421
186,404,214,404,214,422,186,422
221,402,261,406,259,425,219,421
366,405,397,403,398,422,368,424
342,405,364,405,364,421,342,421
429,405,448,405,448,420,429,420
186,425,216,425,216,442,186,442
221,424,268,426,267,445,220,443
272,428,328,424,330,443,273,447
497,425,528,425,528,442,497,442
534,425,556,425,556,442,534,442
334,426,369,426,369,442,334,442
376,426,397,426,397,441,376,441
402,426,458,426,458,444,402,444
481,426,498,426,498,442,481,442
462,428,474,428,474,441,462,441
524,446,554,446,554,464,524,464
186,448,301,448,301,465,186,465
342,448,372,448,372,465,342,465
376,448,404,448,404,464,376,464
489,448,520,448,520,464,489,464
490,469,518,469,518,484,490,484
525,469,554,469,554,485,525,485
188,470,208,470,208,484,188,484
188,509,226,509,226,529,188,529
231,510,270,508,271,527,232,529
282,509,313,509,313,528,282,528
336,510,373,510,373,528,336,528
318,512,329,512,329,526,318,526
489,512,518,512,518,528,489,528
518,513,553,513,553,528,518,528
189,530,226,530,226,549,189,549
232,530,269,530,269,549,232,549
292,530,330,530,330,549,292,549
274,532,285,532,285,548,274,548
516,533,546,533,546,550,516,550
481,534,510,534,510,549,481,549
189,552,226,552,226,572,189,572
284,552,312,552,312,570,284,570
232,553,280,553,280,570,232,570
489,556,553,556,553,572,489,572
198,574,236,574,236,593,198,593
241,576,269,576,269,593,241,593
489,577,518,577,518,592,489,592
518,577,553,577,553,593,518,593
189,594,226,594,226,613,189,613
233,594,261,594,261,613,233,613
266,597,296,597,296,613,266,613
301,616,320,616,320,633,301,633
360,616,389,616,389,636,360,636
394,616,432,616,432,634,394,634
258,617,294,617,294,636,258,636
326,617,353,617,353,632,326,632
437,618,482,618,482,636,437,636
214,658,244,658,244,677,214,677
249,660,296,660,296,677,249,677
300,660,337,660,337,677,300,677
190,661,209,661,209,677,190,677
412,661,490,661,490,676,412,676
525,666,553,666,553,680,525,680
360,677,406,681,405,700,358,697
190,681,217,681,217,698,190,698
222,681,269,681,269,700,222,700
282,681,352,681,352,696,282,696
269,684,278,684,278,697,269,697
189,701,209,701,209,720,189,720
256,702,303,700,304,718,257,720
214,702,252,702,252,718,214,718
402,702,476,704,475,722,402,720
473,705,555,709,554,725,472,721
250,764,277,764,277,782,250,782
284,765,320,765,320,784,284,784
360,765,390,765,390,782,360,782
326,766,356,766,356,782,326,782
394,767,440,769,439,785,394,783
446,769,484,769,484,788,446,788
225,786,285,786,285,802,225,802
190,788,217,788,217,802,190,802
292,788,326,788,326,802,292,802
334,788,354,788,354,804,334,804
362,788,414,788,414,804,362,804
432,790,438,790,438,804,432,804
438,788,477,791,475,809,437,806
420,790,430,790,430,804,420,804
481,794,518,794,518,809,481,809
525,797,554,797,554,816,525,816
233,828,262,828,262,845,233,845
266,828,288,828,288,845,266,845
293,829,321,829,321,846,293,846
326,829,373,829,373,845,326,845
378,830,398,830,398,846,378,846
404,832,433,832,433,848,404,848
438,832,468,832,468,849,438,849
472,836,501,836,501,850,472,850
190,849,217,849,217,865,190,865
217,850,225,850,225,864,217,864
225,850,258,850,258,865,225,865
266,850,362,850,362,866,266,866
369,852,405,852,405,866,369,866
404,852,438,852,438,868,404,868
446,853,511,857,510,873,445,869
516,859,545,861,543,876,515,874
