290,245,321,245,321,260,290,260
322,246,356,246,356,264,322,264
356,246,376,246,376,268,356,268
374,246,386,246,386,266,374,266
391,245,422,249,419,270,388,266
420,248,456,248,456,268,420,268
456,248,488,248,488,269,456,269
489,249,498,249,498,265,489,265
324,276,342,276,342,298,324,298
344,278,353,278,353,296,344,296
357,277,386,277,386,298,357,298
386,276,423,278,422,299,385,297
422,277,454,277,454,300,422,300
453,278,465,278,465,298,453,298
110,293,246,293,246,328,110,328
306,305,340,305,340,325,306,325
340,305,372,305,372,326,340,326
377,306,396,306,396,326,377,326
400,308,432,308,432,328,400,328
434,306,468,312,464,333,430,327
464,308,497,308,497,329,464,329
326,336,417,336,417,356,326,356
417,337,457,337,457,357,417,357
241,381,276,381,276,401,241,401
282,384,306,384,306,402,282,402
314,384,348,384,348,404,314,404
354,385,400,385,400,405,354,405
106,404,149,404,149,425,106,425
157,405,192,405,192,425,157,425
190,406,305,406,305,428,190,428
314,412,337,412,337,429,314,429
336,412,366,412,366,430,336,430
425,414,448,414,448,432,425,432
445,413,532,415,531,435,444,433
104,430,149,430,149,452,104,452
148,432,189,432,189,450,148,450
405,440,456,440,456,458,405,458
454,439,540,441,539,460,454,459
102,481,134,481,134,501,102,501
144,480,190,484,188,504,142,501
290,486,314,486,314,505,290,505
320,488,354,485,355,506,321,508
393,490,414,490,414,508,393,508
486,490,529,490,529,510,486,510
466,492,485,492,485,509,466,509
101,508,166,508,166,526,101,526
175,508,219,512,218,531,173,527
226,509,272,509,272,529,226,529
279,508,345,514,343,535,277,528
351,514,415,510,416,533,352,537
423,510,478,515,476,538,421,532
484,517,508,517,508,537,484,537
98,532,240,535,239,554,98,551
300,538,364,538,364,556,300,556
497,542,538,542,538,561,497,561
474,544,497,544,497,560,474,560
97,560,164,560,164,578,97,578
224,560,269,560,269,580,224,580
173,560,217,562,217,581,172,579
277,562,301,562,301,581,277,581
309,562,352,562,352,582,309,582
360,562,425,566,423,587,359,583
432,566,466,566,466,585,432,585
473,568,496,568,496,588,473,588
94,584,237,587,237,607,94,603
298,590,320,590,320,606,298,606
320,590,362,590,362,608,320,608
473,594,496,594,496,612,473,612
496,594,537,594,537,613,496,613
93,612,128,612,128,632,93,632
136,612,172,612,172,632,136,632
180,613,246,613,246,633,180,633
256,613,298,613,298,634,256,634
308,614,328,614,328,634,308,634
337,616,372,616,372,634,337,634
400,616,473,616,473,638,400,638
378,617,390,617,390,633,378,633
92,638,234,640,234,660,91,658
294,642,320,642,320,661,294,661
326,642,361,642,361,661,326,661
470,646,494,646,494,664,470,664
502,646,537,646,537,665,502,665
90,665,125,665,125,685,90,685
132,665,178,665,178,686,132,686
188,666,210,666,210,686,188,686
221,668,286,668,286,688,221,688
294,668,326,668,326,690,294,690
336,668,371,670,370,691,334,689
88,693,229,693,229,713,88,713
317,696,360,696,360,716,317,716
294,697,317,697,317,714,294,714
473,700,502,700,502,717,473,717
502,700,537,700,537,718,502,718
86,744,132,744,132,768,86,768
140,745,186,745,186,769,140,769
194,746,241,746,241,769,194,769
269,746,316,746,316,770,269,770
249,750,269,750,269,768,249,768
473,754,506,754,506,773,473,773
506,754,540,754,540,773,506,773
84,770,130,770,130,794,84,794
137,772,185,772,185,796,137,796
192,774,204,774,204,794,192,794
214,776,260,776,260,797,214,797
518,784,529,784,529,798,518,798
