483,49,535,49,535,74,483,74
405,51,464,51,464,110,405,110
482,76,537,76,537,104,482,104
444,118,506,116,507,135,444,137
506,117,542,117,542,135,506,135
395,122,446,120,447,138,396,141
435,142,490,142,490,161,435,161
476,156,533,156,533,215,476,215
522,158,569,158,569,177,522,177
433,161,473,161,473,179,433,179
375,165,430,165,430,183,375,183
530,176,578,176,578,195,530,195
441,176,481,179,479,198,440,195
391,181,437,181,437,200,391,200
368,184,378,184,378,200,368,200
538,192,576,192,576,211,538,211
583,192,602,192,602,211,583,211
347,194,402,196,401,220,346,218
470,185,501,211,452,269,421,243
407,197,453,197,453,216,407,216
482,211,505,211,505,231,482,231
510,211,549,211,549,249,510,249
398,213,442,213,442,233,398,233
473,229,514,229,514,249,473,249
387,233,416,233,416,252,387,252
562,265,627,265,627,286,562,286
636,266,645,266,645,284,636,284
287,270,405,268,405,289,288,291
560,284,574,284,574,304,560,304
286,288,307,288,307,307,286,307
313,289,352,289,352,307,313,307
280,343,400,341,400,365,281,367
560,343,592,343,592,366,560,366
594,345,627,345,627,368,594,368
633,346,643,346,643,364,633,364
423,348,435,348,435,362,423,362
279,362,300,362,300,382,279,382
307,362,345,362,345,382,307,382
560,366,570,366,570,384,560,384
274,416,395,419,394,444,273,440
455,423,466,423,466,439,455,439
417,423,432,423,432,439,417,439
554,425,590,425,590,448,554,448
592,425,624,425,624,448,592,448
631,428,640,428,640,446,631,446
272,437,293,437,293,457,272,457
299,437,349,439,348,459,298,457
556,446,569,446,569,464,556,464
266,496,391,496,391,521,266,521
412,503,428,503,428,521,412,521
449,503,482,503,482,522,449,522
553,506,586,506,586,530,553,530
581,506,620,506,620,528,581,528
627,512,638,512,638,528,627,528
265,515,286,515,286,535,265,535
293,515,336,515,336,538,293,538
553,526,563,526,563,546,553,546
263,554,297,554,297,579,263,579
300,558,343,558,343,581,300,581
348,558,368,558,368,579,348,579
458,563,496,563,496,588,458,588
494,565,528,565,528,588,494,588
578,569,617,569,617,592,578,592
615,569,647,569,647,592,615,592
261,596,388,600,387,625,260,622
409,608,425,608,425,624,409,624
547,610,586,610,586,633,547,633
585,610,617,610,617,633,585,633
624,613,634,613,634,631,624,631
261,617,304,617,304,642,261,642
307,618,339,618,339,643,307,643
549,631,560,631,560,649,549,649
261,678,386,681,385,706,260,703
407,688,423,688,423,706,407,706
446,690,457,690,457,704,446,704
546,690,578,690,578,713,546,713
581,691,613,691,613,713,581,713
620,695,629,695,629,711,620,711
261,699,304,699,304,722,261,722
307,699,357,699,357,723,307,723
546,711,558,711,558,729,546,729
263,755,384,758,384,783,262,780
407,764,421,764,421,780,407,780
542,766,578,766,578,787,542,787
576,766,608,766,608,787,576,787
615,770,624,770,624,786,615,786
263,775,295,775,295,798,263,798
298,777,348,777,348,800,298,800
542,784,554,784,554,803,542,803
254,829,379,834,378,858,253,853
540,841,574,841,574,864,540,864
576,843,610,843,610,866,576,866
615,846,624,846,624,864,615,864
250,851,284,851,284,873,250,873
288,851,341,851,341,875,288,875
540,862,553,862,553,882,540,882
291,913,352,915,352,941,291,939
357,917,401,917,401,940,357,940
549,924,572,924,572,948,549,948
569,926,608,926,608,948,569,948
615,932,624,932,624,951,615,951
238,955,284,959,282,984,236,980
287,958,332,962,330,988,284,984
425,965,435,965,435,985,425,985
519,967,540,967,540,992,519,992
538,969,610,969,610,994,538,994
233,1000,278,1003,276,1028,231,1025
419,1008,453,1008,453,1033,419,1033
517,1012,537,1012,537,1036,517,1036
537,1013,578,1013,578,1040,537,1040
574,1013,610,1013,610,1038,574,1038
250,1047,273,1047,273,1072,250,1072
279,1049,313,1049,313,1074,279,1074
407,1056,506,1056,506,1077,407,1077
249,1072,272,1072,272,1095,249,1095
277,1072,313,1072,313,1097,277,1097
318,1074,371,1074,371,1099,318,1099
407,1076,469,1076,469,1100,407,1100
227,1113,250,1113,250,1138,227,1138
256,1115,289,1115,289,1136,256,1136
284,1116,330,1116,330,1159,284,1159
336,1116,385,1116,385,1138,336,1138
229,1138,238,1138,238,1156,229,1156
257,1136,288,1136,288,1159,257,1159
316,1140,327,1140,327,1157,316,1157
334,1140,366,1140,366,1159,334,1159
414,1140,433,1140,433,1163,414,1163
434,1139,476,1141,474,1167,432,1164
473,1141,505,1141,505,1165,473,1165
558,1141,594,1141,594,1165,558,1165
597,1141,629,1141,629,1165,597,1165
220,1179,279,1179,279,1227,220,1227
343,1181,377,1181,377,1204,343,1204
421,1182,455,1182,455,1205,421,1205
594,1182,626,1182,626,1204,594,1204
460,1184,492,1184,492,1205,460,1205
508,1184,538,1184,538,1204,508,1204
273,1200,327,1200,327,1225,273,1225
332,1200,366,1200,366,1225,332,1225
362,1202,385,1202,385,1225,362,1225
508,1202,578,1202,578,1225,508,1225
594,1202,622,1202,622,1221,594,1221
441,1205,453,1205,453,1225,441,1225
480,1205,490,1205,490,1225,480,1225
222,1223,256,1223,256,1245,222,1245
311,1223,355,1223,355,1248,311,1248
389,1223,423,1223,423,1246,389,1246
261,1225,307,1225,307,1246,261,1246
428,1225,451,1225,451,1248,428,1248
361,1227,382,1227,382,1245,361,1245
405,1323,553,1320,553,1345,405,1348
277,1323,409,1323,409,1346,277,1346
