285,202,306,202,306,216,285,216
306,202,328,202,328,216,306,216
326,202,373,202,373,217,326,217
393,202,413,202,413,217,393,217
372,204,393,204,393,217,372,217
284,221,297,221,297,234,284,234
297,221,322,221,322,233,297,233
324,221,342,221,342,234,324,234
342,220,375,222,374,237,341,235
373,221,396,221,396,234,373,234
394,221,414,221,414,234,394,234
162,232,253,232,253,257,162,257
293,238,308,238,308,252,293,252
309,238,330,238,330,253,309,253
330,238,350,238,350,253,330,253
352,238,382,240,381,255,351,252
381,240,404,240,404,253,381,253
304,255,364,255,364,270,304,270
364,256,392,256,392,270,364,270
248,286,272,286,272,301,248,301
274,288,292,288,292,301,274,301
296,288,320,288,320,301,296,301
322,288,353,288,353,301,322,301
158,302,188,302,188,317,158,317
192,304,221,304,221,317,192,317
221,304,290,304,290,318,221,318
296,305,332,305,332,318,296,318
370,305,442,305,442,318,370,318
158,318,188,318,188,333,158,333
186,320,214,320,214,333,186,333
357,321,428,321,428,336,357,336
426,322,449,322,449,336,426,336
157,352,180,352,180,365,157,365
184,350,217,354,215,368,182,365
300,356,324,353,326,367,301,370
398,354,442,354,442,369,398,369
281,356,297,356,297,368,281,368
350,357,364,357,364,368,350,368
157,366,195,369,194,384,156,381
198,370,214,370,214,384,198,384
218,370,234,370,234,384,218,384
240,370,262,370,262,384,240,384
266,370,290,370,290,385,266,385
314,370,337,370,337,385,314,385
296,372,310,372,310,385,296,385
156,384,248,386,247,401,155,399
288,389,304,389,304,401,288,401
308,389,332,389,332,401,308,401
405,390,421,390,421,402,405,402
425,390,449,390,449,402,425,402
156,417,186,417,186,432,156,432
190,418,221,418,221,433,190,433
225,418,256,418,256,434,225,434
273,421,304,421,304,434,273,434
262,424,274,424,274,434,262,434
405,424,421,424,421,436,405,436
426,424,449,424,449,436,426,436
156,432,187,434,186,449,155,447
190,436,221,436,221,450,190,450
225,437,233,437,233,450,225,450
238,436,269,436,269,450,238,450
156,450,185,450,185,465,156,465
189,453,228,453,228,466,189,466
232,453,254,453,254,468,232,468
405,457,422,457,422,470,405,470
425,457,449,457,449,470,425,470
161,468,192,468,192,482,161,482
196,472,220,472,220,484,196,484
405,474,422,474,422,488,405,488
426,474,449,474,449,488,426,488
153,484,185,484,185,500,153,500
189,486,212,486,212,501,189,501
216,488,241,488,241,501,216,501
209,503,239,505,238,520,208,518
244,504,261,504,261,521,244,521
265,506,289,506,289,520,265,520
292,506,316,506,316,521,292,521
321,506,352,506,352,520,321,520
356,508,392,508,392,521,356,521
201,554,224,554,224,569,201,569
292,556,316,556,316,572,292,572
229,557,260,557,260,570,229,570
264,558,288,558,288,572,264,572
321,558,359,560,358,575,320,573
362,558,393,558,393,574,362,574
152,569,176,572,175,586,150,583
181,571,232,574,231,588,180,585
234,576,265,576,265,588,234,588
270,576,288,576,288,589,270,589
293,576,337,576,337,589,293,589
340,577,357,577,357,589,340,589
356,577,386,577,386,590,356,590
390,577,422,577,422,590,390,590
426,578,450,578,450,592,426,592
188,605,210,605,210,621,188,621
214,606,232,606,232,621,214,621
236,608,258,608,258,622,236,622
264,609,302,609,302,624,264,624
306,610,322,610,322,624,306,624
356,610,380,610,380,625,356,625
326,612,352,612,352,625,326,625
384,612,408,612,408,626,384,626
150,622,173,622,173,636,150,636
173,622,209,622,209,637,173,637
214,625,295,628,294,642,214,639
298,627,329,629,329,643,297,641
328,629,357,629,357,642,328,642
362,630,421,630,421,644,362,644
420,630,444,630,444,644,420,644
