591,153,637,158,634,182,588,177
535,156,554,156,554,177,535,177
554,156,592,156,592,181,554,181
510,158,537,158,537,181,510,181
478,161,508,161,508,181,478,181
645,183,668,183,668,206,645,206
549,183,592,189,590,210,547,205
595,186,606,186,606,204,595,204
608,182,647,187,645,209,606,204
512,188,547,188,547,211,512,211
483,190,514,190,514,215,483,215
467,192,485,192,485,213,467,213
272,209,413,215,412,249,270,243
572,213,595,213,595,236,572,236
594,213,620,213,620,234,594,234
510,215,549,215,549,241,510,241
547,215,570,215,570,238,547,238
496,220,506,220,506,240,496,240
516,243,623,238,625,264,517,269
490,247,519,247,519,270,490,270
530,293,576,293,576,314,530,314
490,297,526,297,526,320,490,320
407,298,442,298,442,320,407,320
448,300,483,300,483,320,448,320
616,318,711,314,712,335,617,339
594,318,617,318,617,339,594,339
272,320,318,320,318,345,272,345
323,320,390,323,389,345,322,343
389,323,431,325,430,347,388,344
479,325,533,322,534,342,480,345
430,327,473,327,473,346,430,346
679,341,711,341,711,361,679,361
624,343,659,343,659,364,624,364
658,343,679,343,679,362,658,362
272,346,318,346,318,371,272,371
574,346,626,346,626,366,574,366
316,350,357,350,357,368,316,368
670,391,716,391,716,414,670,414
649,396,670,396,670,414,649,414
272,398,309,398,309,421,272,421
317,397,365,403,362,426,314,421
462,400,498,400,498,423,462,423
500,404,535,398,539,419,503,425
576,400,595,400,595,417,576,417
565,421,599,421,599,446,565,446
273,426,329,426,329,448,273,448
337,426,362,426,362,451,337,451
492,426,528,426,528,449,492,449
535,426,558,426,558,444,535,444
369,428,412,428,412,448,369,448
421,428,485,428,485,448,421,448
681,444,715,444,715,464,681,464
649,446,674,446,674,466,649,466
273,453,414,453,414,473,273,473
503,453,537,453,537,473,503,473
473,455,498,455,498,473,473,473
545,477,650,472,651,493,546,497
275,478,311,478,311,499,275,499
318,478,341,478,341,498,318,498
348,476,406,479,405,503,347,501
514,478,537,478,537,498,514,498
412,480,464,480,464,499,412,499
474,480,508,480,508,498,474,498
650,496,716,496,716,515,650,515
275,502,416,505,416,526,275,523
505,503,538,503,538,522,505,522
474,505,498,505,498,522,474,522
684,519,718,519,718,538,684,538
650,522,677,522,677,540,650,540
277,528,302,528,302,546,277,546
643,546,688,546,688,565,643,565
569,547,613,547,613,569,569,569
277,550,322,552,321,573,276,570
515,551,562,551,562,570,515,570
466,553,508,553,508,574,466,574
330,554,364,554,364,574,330,574
371,554,417,554,417,574,371,574
425,554,458,554,458,576,425,576
677,569,722,569,722,588,677,588
654,570,679,570,679,590,654,590
275,577,418,580,417,600,275,597
506,578,540,578,540,595,506,595
476,579,498,579,498,597,476,597
685,596,721,593,723,613,687,616
654,597,681,597,681,615,654,615
277,604,302,604,302,624,277,624
601,622,638,622,638,645,601,645
645,622,700,622,700,642,645,642
539,622,596,625,595,649,538,647
476,627,531,627,531,649,476,649
277,629,313,629,313,652,277,652
321,631,355,631,355,652,321,652
385,631,416,631,416,650,385,650
425,631,448,631,448,649,425,649
446,631,469,631,469,649,446,649
362,633,385,633,385,650,362,650
690,647,725,647,725,666,690,666
656,649,683,649,683,668,656,668
508,654,542,654,542,672,508,672
275,658,417,656,418,676,275,678
478,656,503,656,503,674,478,674
691,699,729,699,729,718,691,718
650,700,684,700,684,720,650,720
458,702,505,702,505,727,458,727
385,704,432,704,432,729,385,729
279,706,325,706,325,731,279,731
332,706,378,706,378,731,332,731
437,707,458,707,458,725,437,725
693,725,731,725,731,745,693,745
650,727,688,727,688,747,650,747
416,731,464,731,464,754,416,754
277,732,325,732,325,757,277,757
332,732,378,732,378,757,332,757
384,732,410,732,410,755,384,755
695,752,732,752,732,775,695,775
652,754,688,754,688,773,652,773
396,759,431,756,433,780,398,783
277,759,325,759,325,784,277,784
330,761,389,761,389,780,330,780
652,780,690,780,690,800,652,800
695,780,731,780,731,800,695,800
286,787,334,787,334,809,286,809
343,787,377,787,377,807,343,807
275,812,325,812,325,837,275,837
330,812,368,812,368,835,330,835
373,814,410,814,410,834,373,834
534,836,581,833,582,855,535,857
588,834,643,834,643,855,588,855
417,837,442,837,442,860,417,860
492,837,530,837,530,860,492,860
363,841,410,838,411,862,364,865
448,839,483,839,483,859,448,859
670,889,727,889,727,908,670,908
727,892,734,892,734,905,727,905
416,891,466,894,465,918,415,915
560,892,604,892,604,910,560,910
307,894,345,894,345,919,307,919
350,894,410,894,410,917,350,917
275,899,300,899,300,921,275,921
505,917,562,917,562,940,505,940
385,923,494,920,495,941,386,945
327,923,387,923,387,948,327,948
272,924,321,924,321,949,272,949
549,946,739,943,740,966,549,969
272,951,298,951,298,978,272,978
361,953,387,953,387,972,361,972
387,955,396,955,396,972,387,972
394,953,419,953,419,972,394,972
305,955,353,955,353,974,305,974
608,1031,658,1031,658,1058,608,1058
496,1033,537,1033,537,1058,496,1058
542,1035,601,1035,601,1056,542,1056
350,1036,387,1036,387,1061,350,1061
393,1038,442,1035,443,1058,395,1060
451,1036,490,1036,490,1060,451,1060
711,1060,748,1060,748,1083,711,1083
599,1061,649,1061,649,1084,599,1084
654,1061,704,1061,704,1081,654,1081
499,1063,569,1063,569,1084,499,1084
576,1063,601,1063,601,1083,576,1083
430,1067,453,1067,453,1086,430,1086
462,1067,489,1067,489,1086,462,1086
316,1070,398,1068,398,1090,316,1092
405,1068,432,1068,432,1088,405,1088
270,1072,307,1072,307,1092,270,1092
602,1120,642,1120,642,1145,602,1145
647,1120,686,1120,686,1145,647,1145
453,1122,517,1122,517,1149,453,1149
522,1122,549,1122,549,1147,522,1147
407,1126,446,1123,448,1148,409,1151
554,1124,595,1124,595,1147,554,1147
327,1127,366,1127,366,1152,327,1152
373,1127,401,1127,401,1150,373,1150
613,1152,700,1150,701,1173,613,1176
706,1150,745,1150,745,1172,706,1172
510,1154,570,1154,570,1175,510,1175
569,1154,604,1154,604,1175,569,1175
371,1159,504,1155,505,1179,371,1183
268,1161,305,1161,305,1186,268,1186
305,1163,316,1163,316,1181,305,1181
316,1161,362,1161,362,1181,316,1181
