528,218,573,220,572,237,527,234
469,220,522,220,522,240,469,240
569,234,622,234,622,254,569,254
537,238,563,238,563,256,537,256
510,240,530,240,530,257,510,257
469,241,505,241,505,259,469,259
421,245,446,245,446,263,421,263
444,247,464,247,464,263,444,263
602,256,631,256,631,273,602,273
511,260,599,257,600,276,512,280
462,265,506,265,506,281,462,281
412,268,433,268,433,284,412,284
441,270,458,270,458,282,441,282
611,279,656,279,656,297,611,297
663,281,681,281,681,291,663,291
562,281,608,281,608,298,562,298
496,284,522,284,522,304,496,304
521,284,558,284,558,302,521,302
462,286,492,286,492,304,462,304
405,288,442,288,442,307,405,307
391,293,409,293,409,309,391,309
350,292,386,295,385,312,349,309
595,298,626,298,626,318,595,318
629,298,674,298,674,314,629,314
547,302,576,302,576,320,547,320
579,302,597,302,597,318,579,318
490,307,526,307,526,323,490,323
533,309,542,309,542,321,533,321
423,309,460,309,460,327,423,327
467,311,489,311,489,325,467,325
389,310,420,313,419,331,388,328
357,313,385,313,385,330,357,330
637,320,684,317,685,336,638,338
613,321,633,321,633,337,613,337
565,325,592,325,592,341,565,341
599,327,606,327,606,337,599,337
530,327,560,327,560,343,530,343
489,328,527,330,526,347,488,344
432,330,453,330,453,346,432,346
457,332,485,332,485,348,457,348
350,334,369,334,369,352,350,352
400,336,428,336,428,350,400,350
375,336,394,336,394,350,375,350
606,342,643,344,642,363,605,361
574,345,602,345,602,362,574,362
540,346,569,346,569,364,540,364
508,348,535,348,535,366,508,366
449,352,478,352,478,368,449,368
483,352,503,352,503,366,483,366
417,355,444,355,444,369,417,369
631,362,659,362,659,380,631,380
606,364,627,364,627,382,606,382
583,366,602,366,602,384,583,384
533,367,577,370,576,388,532,385
506,369,528,369,528,387,506,387
485,373,501,373,501,387,485,387
451,374,479,377,478,392,450,389
393,375,405,375,405,391,393,391
416,375,446,375,446,391,416,391
592,385,629,385,629,403,592,403
634,389,654,389,654,401,634,401
535,389,595,389,595,407,535,407
469,393,537,393,537,410,469,410
410,394,462,394,462,412,410,412
610,410,643,410,643,425,610,425
643,410,663,410,663,423,643,423
512,414,586,414,586,432,512,432
585,412,604,412,604,428,585,428
401,418,471,415,471,432,402,435
475,417,505,415,506,430,476,432
588,450,654,447,655,467,588,469
522,453,572,453,572,471,522,471
505,455,522,455,522,473,505,473
403,457,489,457,489,476,403,476
553,473,590,473,590,490,553,490
595,472,641,474,640,493,595,490
645,473,681,473,681,490,645,490
521,476,549,476,549,492,521,492
487,478,515,478,515,494,487,494
446,480,482,480,482,496,446,496
412,482,441,482,441,498,412,498
355,483,375,483,375,499,355,499
378,483,409,483,409,503,378,503
621,514,693,511,694,530,622,533
564,518,609,515,611,534,565,537
521,519,567,516,568,535,523,538
471,522,517,522,517,542,471,542
407,524,426,524,426,542,407,542
356,525,401,528,399,547,354,544
649,533,693,533,693,553,649,553
615,537,642,537,642,554,615,554
592,538,610,538,610,556,592,556
540,540,586,542,585,560,539,558
448,544,485,544,485,562,448,562
490,544,535,544,535,562,490,562
398,547,442,547,442,563,398,563
357,549,394,549,394,565,357,565
567,583,586,583,586,602,567,602
358,591,478,586,479,606,359,611
483,586,512,586,512,602,483,602
517,586,562,586,562,604,517,604
643,599,672,599,672,618,643,618
677,599,697,599,697,617,677,617
629,604,640,604,640,618,629,618
519,604,547,604,547,624,519,624
551,604,572,604,572,622,551,622
492,608,514,608,514,626,492,626
359,611,412,611,412,631,359,631
476,629,498,629,498,647,476,647
433,631,464,631,464,650,433,650
417,633,435,633,435,650,417,650
654,645,675,645,675,663,654,663
595,647,624,647,624,665,595,665
627,647,650,647,650,666,627,666
485,650,522,650,522,668,485,668
562,650,590,650,590,668,562,668
360,656,480,651,480,671,361,676
528,654,556,654,556,670,528,670
681,665,700,665,700,683,681,683
622,666,642,666,642,686,622,686
647,666,675,666,675,684,647,684
554,670,576,670,576,688,554,688
521,672,549,672,549,690,521,690
487,674,522,674,522,693,487,693
642,675,649,675,649,686,642,686
360,679,415,676,416,695,361,698
437,697,466,697,466,715,437,715
478,697,499,697,499,713,478,713
421,700,439,700,439,716,421,716
548,716,594,718,593,736,547,734
430,718,483,718,483,738,430,738
489,718,517,718,517,736,489,736
522,718,544,718,544,734,522,734
362,722,432,719,432,739,362,742
650,732,679,732,679,752,650,752
684,732,704,732,704,750,684,750
624,734,645,734,645,752,624,752
524,738,551,738,551,757,524,757
556,738,578,738,578,755,556,755
508,741,519,741,519,757,508,757
387,743,417,743,417,763,387,763
362,745,389,745,389,763,362,763
441,747,449,747,449,761,441,761
686,775,706,775,706,795,686,795
651,778,687,776,688,795,652,797
627,779,654,779,654,800,627,800
524,784,569,784,569,802,524,802
474,786,521,786,521,803,474,803
432,787,469,787,469,805,432,805
364,790,402,793,401,811,363,809
407,793,426,793,426,807,407,807
526,806,571,809,570,827,525,825
409,810,446,814,444,833,406,828
476,811,521,811,521,828,476,828
451,814,471,814,471,827,451,827
519,851,563,851,563,869,519,869
469,853,514,853,514,871,469,871
426,855,464,855,464,873,426,873
366,858,420,860,419,879,365,876
690,866,711,866,711,883,690,883
656,867,684,867,684,885,656,885
622,869,652,869,652,887,622,887
407,880,439,877,440,896,409,899
368,880,405,880,405,898,368,898
691,910,713,910,713,930,691,930
658,912,688,912,688,932,658,932
624,914,652,914,652,933,624,933
410,925,447,922,449,940,411,943
453,923,482,923,482,940,453,940
368,924,407,924,407,944,368,944
693,955,715,955,715,974,693,974
658,958,689,955,691,976,660,979
645,962,654,962,654,976,645,976
533,964,560,964,560,981,533,981
482,965,519,965,519,983,482,983
654,967,663,967,663,980,654,980
439,967,476,967,476,985,439,985
371,971,400,971,400,988,371,988
405,972,433,972,433,990,405,990
695,978,715,978,715,997,695,997
661,980,690,980,690,999,661,999
524,985,560,985,560,1003,524,1003
482,987,519,987,519,1006,482,1006
439,990,476,990,476,1006,439,1006
371,994,400,994,400,1010,371,1010
405,994,433,994,433,1012,405,1012
595,1004,649,1004,649,1024,595,1024
553,1006,590,1006,590,1026,553,1026
508,1010,546,1010,546,1028,508,1028
457,1012,505,1012,505,1029,457,1029
423,1013,453,1013,453,1031,423,1031
373,1015,417,1015,417,1035,373,1035
491,1033,579,1029,580,1049,492,1053
389,1038,410,1038,410,1056,389,1056
416,1040,435,1040,435,1054,416,1054
671,1049,702,1046,704,1065,672,1068
620,1051,668,1048,669,1067,621,1070
562,1051,617,1051,617,1070,562,1070
519,1054,563,1054,563,1074,519,1074
460,1058,505,1058,505,1077,460,1077
416,1060,453,1060,453,1077,416,1077
389,1061,412,1061,412,1079,389,1079
640,1072,668,1072,668,1090,640,1090
391,1083,428,1083,428,1100,391,1100
433,1083,464,1083,464,1099,433,1099
467,1083,512,1083,512,1100,467,1100
590,1099,626,1099,626,1115,590,1115
554,1100,585,1100,585,1116,554,1116
505,1101,552,1103,551,1122,504,1120
393,1106,430,1106,430,1124,393,1124
460,1106,498,1106,498,1124,460,1124
435,1108,455,1108,455,1124,435,1124
652,1166,681,1166,681,1184,652,1184
574,1168,622,1168,622,1188,574,1188
627,1168,649,1168,649,1184,627,1184
688,1170,716,1170,716,1182,688,1182
540,1172,570,1172,570,1189,540,1189
428,1175,475,1177,474,1195,427,1193
480,1175,510,1175,510,1191,480,1191
515,1175,535,1175,535,1189,515,1189
385,1177,425,1177,425,1195,385,1195
652,1189,681,1189,681,1207,652,1207
583,1191,615,1191,615,1209,583,1209
515,1193,578,1193,578,1214,515,1214
618,1193,649,1193,649,1211,618,1211
489,1195,517,1195,517,1214,489,1214
455,1197,483,1197,483,1214,455,1214
411,1199,451,1202,449,1220,409,1218
612,1237,657,1235,658,1255,613,1257
681,1236,727,1236,727,1253,681,1253
438,1245,556,1239,557,1259,439,1265
562,1239,608,1239,608,1257,562,1257
403,1246,433,1246,433,1264,403,1264
378,1248,400,1248,400,1266,378,1266
