300,0,345,0,345,8,300,8
138,29,166,29,166,41,138,41
366,54,420,54,420,80,366,80
426,56,497,56,497,77,426,77
245,57,298,57,298,82,245,82
306,60,361,58,361,79,306,81
541,84,578,84,578,98,541,98
478,85,538,85,538,100,478,100
426,86,457,86,457,106,426,106
384,88,422,88,422,104,384,104
312,89,352,89,352,106,312,106
265,92,289,92,289,108,265,108
189,92,236,96,235,112,188,109
150,94,184,94,184,110,150,110
536,110,564,110,564,128,536,128
506,112,533,112,533,129,506,129
481,113,504,113,504,128,481,128
388,114,432,114,432,133,388,133
434,114,480,114,480,133,434,133
337,115,385,117,385,136,336,134
287,119,334,116,335,135,288,137
143,122,286,118,287,137,144,141
557,137,593,137,593,156,557,156
529,140,560,140,560,158,529,158
430,142,466,142,466,161,430,161
402,144,433,144,433,162,402,162
298,148,333,146,334,160,298,162
458,176,486,176,486,194,458,194
409,177,456,177,456,198,409,198
341,178,381,178,381,197,341,197
382,178,406,178,406,197,382,197
288,181,337,179,337,199,289,200
143,184,287,181,288,200,144,204
557,202,594,202,594,221,557,221
530,204,561,204,561,224,530,224
430,206,466,206,466,226,430,226
404,208,434,208,434,229,404,229
301,210,336,210,336,228,301,228
422,240,517,240,517,261,422,261
520,240,548,240,548,258,520,258
377,244,421,244,421,262,377,262
290,246,337,244,337,264,290,266
145,248,289,245,289,265,145,268
340,248,373,248,373,264,340,264
557,268,593,268,593,288,557,288
530,270,560,270,560,290,530,290
432,272,468,272,468,290,432,290
405,273,434,273,434,292,405,292
301,276,336,276,336,290,301,290
253,277,264,277,264,290,253,290
453,306,480,306,480,325,453,325
404,308,450,308,450,329,404,329
377,309,401,309,401,326,377,326
147,312,290,310,290,329,148,331
293,310,340,310,340,329,293,329
342,310,377,310,377,330,342,330
557,333,594,333,594,352,557,352
530,334,561,334,561,354,530,354
405,337,468,337,468,357,405,357
302,340,338,340,338,354,302,354
490,369,518,369,518,388,490,388
368,370,402,370,402,393,368,393
442,367,489,372,487,393,439,387
330,372,365,372,365,392,330,392
405,372,440,372,440,390,405,390
147,374,291,373,292,392,148,394
293,374,328,374,328,390,293,390
531,399,594,396,595,416,532,420
407,401,469,399,469,420,408,422
304,402,338,402,338,417,304,417
257,405,265,405,265,416,257,416
538,432,565,432,565,450,538,450
457,433,486,433,486,454,457,454
488,429,537,435,535,455,486,450
421,434,454,434,454,456,421,456
294,436,340,436,340,454,294,454
378,436,417,436,417,453,378,453
148,437,290,437,290,455,148,455
342,437,377,437,377,457,342,457
558,461,596,461,596,480,558,480
434,462,469,462,469,481,434,481
542,462,561,462,561,481,542,481
418,464,436,464,436,482,418,482
304,465,340,465,340,480,304,480
532,496,558,496,558,514,532,514
368,497,424,497,424,516,368,516
425,500,464,496,466,515,427,519
466,496,507,498,506,517,466,515
509,497,522,497,522,513,509,513
147,500,290,498,290,517,148,519
296,498,332,498,332,517,296,517
334,498,365,498,365,517,334,517
521,525,564,525,564,545,521,545
560,525,596,525,596,544,560,544
397,525,439,527,438,547,396,545
436,526,470,526,470,545,436,545
305,528,341,528,341,542,305,542
409,560,465,560,465,578,409,578
469,560,496,560,496,578,469,578
285,561,329,561,329,580,285,580
330,561,369,561,369,580,330,580
372,561,406,561,406,581,372,581
146,562,282,562,282,582,146,582
438,589,473,589,473,608,438,608
145,592,178,592,178,610,145,610
181,590,230,594,228,614,180,610
230,592,258,592,258,612,230,612
422,592,440,592,440,609,422,609
562,618,598,618,598,637,562,637
421,620,472,620,472,641,421,641
525,620,566,620,566,640,525,640
144,624,177,621,178,641,145,643
180,622,222,622,222,641,180,641
245,622,269,622,269,637,245,637
305,622,342,622,342,636,305,636
400,653,458,651,459,673,401,675
461,654,488,654,488,673,461,673
285,657,334,655,335,674,286,677
336,656,400,656,400,674,336,674
144,658,282,655,283,676,145,679
414,685,477,685,477,705,414,705
144,688,177,688,177,708,144,708
180,688,253,688,253,709,180,709
412,716,474,716,474,737,412,737
538,716,602,716,602,736,538,736
305,718,342,718,342,733,305,733
144,720,177,720,177,738,144,738
180,720,221,720,221,738,180,738
478,750,505,750,505,770,478,770
390,752,414,752,414,772,390,772
418,752,474,752,474,770,418,770
320,753,366,753,366,772,320,772
369,753,388,753,388,772,369,772
144,755,282,753,282,773,145,776
285,754,317,754,317,773,285,773
425,784,479,780,480,801,427,805
142,785,174,785,174,805,142,805
228,785,252,785,252,806,228,806
179,784,227,788,226,808,177,805
542,814,573,814,573,836,542,836
570,814,606,814,606,833,570,833
304,816,342,816,342,833,304,833
425,816,478,816,478,836,425,836
176,817,218,817,218,837,176,837
140,818,173,818,173,837,140,837
474,852,504,852,504,872,474,872
392,853,405,853,405,872,392,872
413,853,438,853,438,873,413,873
441,853,472,853,472,872,441,872
139,856,281,854,281,874,140,876
321,854,361,854,361,874,321,874
282,856,318,856,318,874,282,874
364,857,388,857,388,876,364,876
441,885,479,883,480,903,442,905
533,884,576,884,576,905,533,905
573,884,610,884,610,902,573,902
414,885,446,885,446,908,414,908
305,886,342,886,342,904,305,904
254,888,266,888,266,902,254,902
542,921,572,921,572,940,542,940
365,922,396,922,396,944,365,944
448,922,478,922,478,942,448,942
481,922,534,922,534,941,481,941
399,922,449,926,447,946,397,942
137,925,291,924,292,945,137,946
293,925,330,925,330,945,293,945
332,925,364,925,364,944,332,944
546,950,612,950,612,978,546,978
444,953,481,953,481,973,444,973
416,954,446,954,446,974,416,974
304,957,342,957,342,972,304,972
129,988,181,992,179,1016,128,1012
181,992,210,992,210,1013,181,1013
272,994,297,994,297,1012,272,1012
582,1017,617,1017,617,1022,582,1022
554,1018,565,1018,565,1022,554,1022
566,1018,577,1018,577,1022,566,1022
