196,145,240,145,240,165,196,165
244,146,274,146,274,165,244,165
82,166,108,166,108,188,82,188
285,166,328,166,328,188,285,188
266,169,282,169,282,186,266,186
333,169,377,169,377,190,333,190
125,170,162,172,161,190,124,187
164,170,200,170,200,189,164,189
201,170,237,170,237,192,201,192
240,170,253,170,253,185,240,185
147,188,191,186,192,209,148,211
310,189,352,189,352,208,310,208
247,188,307,192,306,211,245,207
120,192,146,192,146,212,120,212
196,192,232,192,232,209,196,209
194,213,242,213,242,233,194,233
242,213,277,213,277,232,242,232
281,213,314,213,314,232,281,232
158,214,186,214,186,233,158,233
234,245,269,245,269,262,234,262
270,245,314,245,314,261,270,261
160,246,194,246,194,262,160,262
197,248,232,248,232,261,197,261
128,265,146,265,146,280,128,280
313,265,349,265,349,280,313,280
154,266,184,266,184,280,154,280
182,266,224,266,224,280,182,280
225,266,257,266,257,280,225,280
266,266,292,266,292,280,266,280
302,266,313,266,313,280,302,280
290,285,308,285,308,298,290,298
196,286,213,286,213,300,196,300
222,286,254,286,254,300,222,300
262,286,280,286,280,300,262,300
169,288,186,288,186,300,169,300
82,314,124,314,124,328,82,328
125,314,160,314,160,329,125,329
84,334,112,334,112,348,84,348
84,356,106,356,106,369,84,369
108,356,128,356,128,368,108,368
365,393,392,393,392,409,365,409
321,396,364,396,364,409,321,409
264,397,281,397,281,410,264,410
84,398,114,398,114,413,84,413
116,398,137,398,137,413,116,413
205,420,232,420,232,433,205,433
84,419,135,422,134,437,83,434
136,421,183,422,182,436,135,434
185,421,204,421,204,434,185,434
350,440,394,440,394,458,350,458
104,442,129,442,129,457,104,457
85,444,104,444,104,460,85,460
112,466,154,466,154,480,112,480
157,466,184,466,184,480,157,480
186,466,218,466,218,480,186,480
85,468,109,468,109,481,85,481
352,485,398,485,398,505,352,505
85,489,104,489,104,504,85,504
104,489,130,489,130,504,104,504
110,512,143,509,145,526,112,528
145,510,168,510,168,525,145,525
169,512,197,512,197,525,169,525
84,513,109,513,109,528,84,528
374,529,401,529,401,546,374,546
354,530,373,530,373,544,354,544
104,534,130,534,130,549,104,549
85,536,104,536,104,553,85,553
378,570,404,570,404,584,378,584
358,572,376,572,376,585,358,585
233,573,261,573,261,588,233,588
263,572,303,576,302,590,261,586
193,573,231,576,230,591,192,588
225,596,264,596,264,612,225,612
264,596,305,595,305,610,265,612
398,597,405,597,405,608,398,608
382,618,408,618,408,633,382,633
362,620,380,620,380,633,362,633
226,621,263,623,262,639,225,637
265,621,305,623,305,639,264,637
385,644,410,644,410,658,385,658
364,645,381,645,381,658,364,658
200,646,230,646,230,662,200,662
232,648,273,648,273,662,232,662
276,648,304,648,304,661,276,661
241,672,270,672,270,688,241,688
272,673,305,673,305,686,272,686
261,696,296,696,296,713,261,713
181,703,221,698,223,714,183,719
225,699,260,700,259,716,224,714
82,702,116,702,116,717,82,717
154,702,181,702,181,717,154,717
117,704,153,704,153,716,117,716
278,733,306,733,306,748,278,748
308,733,330,733,330,746,308,746
252,734,278,734,278,748,252,748
232,736,249,736,249,749,232,749
174,737,208,737,208,752,174,752
210,738,229,738,229,750,210,750
252,753,309,750,310,765,253,768
312,752,334,752,334,766,312,766
170,760,230,758,231,772,170,774
232,758,250,758,250,772,232,772
