336,531,398,531,398,560,336,560
399,535,451,530,453,558,402,562
118,536,172,532,174,559,120,564
180,533,251,533,251,561,180,561
253,538,333,538,333,561,253,561
386,566,431,566,431,591,386,591
276,568,381,568,381,593,276,593
220,570,271,570,271,593,220,593
90,571,135,571,135,595,90,595
140,569,216,573,214,599,138,594
40,575,83,575,83,596,40,596
103,610,148,610,148,633,103,633
188,610,250,610,250,635,188,635
41,611,100,611,100,633,41,633
151,611,186,611,186,633,151,633
270,641,400,641,400,665,270,665
78,644,211,642,211,666,78,668
226,643,266,643,266,665,226,665
40,645,73,645,73,668,40,668
90,677,236,672,237,699,91,703
251,675,368,675,368,696,251,696
40,676,90,676,90,700,40,700
491,706,533,706,533,730,491,730
416,708,490,708,490,730,416,730
241,710,270,710,270,731,241,731
298,710,336,710,336,731,298,731
80,709,136,714,134,739,78,734
376,711,401,711,401,728,376,728
38,713,78,713,78,735,38,735
476,745,533,745,533,768,476,768
446,746,473,746,473,766,446,766
25,748,56,748,56,773,25,773
153,748,208,748,208,771,153,771
296,748,325,748,325,770,296,770
326,748,370,748,370,770,326,770
110,750,151,750,151,778,110,778
60,752,107,755,106,777,58,774
438,780,475,780,475,801,438,801
478,780,533,780,533,803,478,803
25,781,56,781,56,808,25,808
296,781,326,781,326,803,296,803
328,781,370,781,370,803,328,803
396,785,406,785,406,800,396,800
60,785,90,785,90,808,60,808
93,785,165,785,165,808,93,808
430,815,466,815,466,836,430,836
473,815,533,815,533,838,473,838
22,813,82,820,79,847,19,841
82,816,144,821,142,846,80,841
501,851,535,851,535,876,501,876
141,853,183,853,183,878,141,878
186,851,250,856,247,881,184,876
22,856,81,854,82,879,23,882
82,856,138,853,139,878,83,880
431,890,535,890,535,915,431,915
23,892,81,894,79,922,22,919
81,893,111,893,111,918,81,918
178,893,233,893,233,916,178,916
113,895,173,895,173,916,113,916
150,930,216,930,216,965,150,965
270,930,323,930,323,961,270,961
326,930,436,930,436,961,326,961
220,936,266,936,266,963,220,963
92,938,144,935,146,964,93,967
