240,168,349,171,349,191,239,187
356,171,419,174,418,193,355,191
216,200,252,200,252,217,216,217
254,200,285,200,285,217,254,217
288,200,323,202,322,217,287,215
328,202,360,202,360,221,328,221
361,204,393,204,393,220,361,220
396,204,438,208,436,223,394,219
101,229,129,229,129,244,101,244
208,262,261,262,261,290,208,290
266,266,323,268,322,293,265,291
326,268,378,268,378,294,326,294
382,269,451,272,450,299,381,297
114,301,148,301,148,317,114,317
152,299,200,304,198,321,150,316
228,301,252,301,252,318,228,318
274,302,313,302,313,320,274,320
344,304,382,306,381,324,343,322
385,308,413,308,413,328,385,328
433,309,489,309,489,326,433,326
490,309,525,309,525,325,490,325
107,328,249,327,249,346,108,348
252,330,288,332,287,349,251,347
289,333,325,333,325,350,289,350
329,332,410,337,409,358,328,353
488,336,512,336,512,353,488,353
416,337,438,337,438,354,416,354
440,336,479,340,478,355,438,352
261,358,296,358,296,373,261,373
361,362,386,362,386,381,361,381
388,364,421,364,421,381,388,381
478,364,506,364,506,381,478,381
505,364,538,364,538,378,505,378
104,388,248,388,248,406,104,406
250,390,298,390,298,409,250,409
301,391,362,396,361,412,300,407
365,394,398,394,398,414,365,414
402,396,426,396,426,413,402,413
261,420,296,420,296,434,261,434
506,421,541,421,541,440,506,440
362,422,390,422,390,442,362,442
388,422,422,422,422,440,388,440
482,422,509,422,509,440,482,440
100,448,237,449,237,469,99,467
240,452,282,452,282,470,240,470
285,452,333,454,333,470,284,469
345,454,416,454,416,474,345,474
416,455,459,453,460,470,417,472
464,454,490,454,490,472,464,472
260,481,294,481,294,494,260,494
362,482,422,480,423,500,362,502
482,481,512,481,512,501,482,501
509,481,544,481,544,500,509,500
89,515,140,519,138,540,88,536
140,518,170,518,170,537,140,537
88,541,139,547,136,570,86,564
477,545,517,545,517,566,477,566
513,545,549,545,549,564,513,564
140,545,190,548,188,570,139,566
86,574,131,576,130,595,86,593
132,575,195,573,196,593,133,594
198,574,234,574,234,593,198,593
314,577,356,577,356,596,314,596
478,577,513,577,513,596,478,596
514,577,550,577,550,596,514,596
477,609,518,609,518,630,477,630
514,609,550,609,550,628,514,628
76,610,117,610,117,630,76,630
120,610,148,610,148,630,120,630
177,610,228,610,228,630,177,630
149,612,174,612,174,630,149,630
186,658,329,656,329,676,186,679
90,660,121,660,121,680,90,680
124,661,165,661,165,680,124,680
121,693,158,691,159,712,122,713
161,692,194,692,194,713,161,713
198,692,237,692,237,710,198,710
88,692,118,692,118,716,88,716
532,721,556,721,556,738,532,738
86,728,138,728,138,746,86,746
142,730,193,730,193,745,142,745
504,754,556,754,556,774,504,774
85,760,138,760,138,780,85,780
141,760,186,760,186,780,141,780
189,760,236,760,236,778,189,778
142,794,187,792,188,813,142,815
190,793,238,793,238,812,190,812
85,795,142,798,140,818,84,814
522,820,558,820,558,840,522,840
496,821,525,821,525,842,496,842
149,821,224,825,223,849,148,846
224,825,264,823,265,843,225,845
266,824,306,824,306,846,266,846
84,828,119,826,121,846,85,848
122,828,146,828,146,848,122,848
416,866,557,866,557,888,416,888
168,870,357,865,357,888,169,894
358,866,413,866,413,892,358,892
100,870,128,870,128,894,100,894
130,873,166,873,166,893,130,893
358,904,398,904,398,925,358,925
302,905,356,905,356,929,302,929
264,906,300,906,300,926,264,926
425,932,484,928,486,949,426,952
321,932,360,932,360,957,321,957
361,933,385,933,385,952,361,952
387,934,423,932,425,953,388,955
254,934,278,934,278,954,254,954
181,936,222,936,222,956,181,956
282,936,320,936,320,954,282,954
145,937,177,937,177,956,145,956
225,940,249,940,249,953,225,953
