503,187,567,192,565,214,501,208
572,191,604,194,602,214,571,211
602,200,622,200,622,215,602,215
443,205,473,208,471,228,441,225
501,210,545,214,543,233,500,230
471,213,494,213,494,231,471,231
549,215,572,215,572,233,549,233
581,216,611,216,611,236,581,236
620,222,633,222,633,238,620,238
636,222,679,222,679,241,636,241
430,229,453,229,453,249,430,249
491,233,542,239,540,258,489,252
462,238,483,238,483,252,462,252
549,240,590,240,590,257,549,257
588,241,652,245,650,265,587,261
351,245,396,255,391,274,347,264
656,247,688,247,688,268,656,268
417,254,460,254,460,273,417,273
487,257,519,257,519,279,487,279
526,263,553,263,553,282,526,282
557,262,600,271,596,291,553,283
604,267,657,272,656,291,603,286
357,273,389,273,389,291,357,291
664,271,717,281,714,300,660,290
396,275,432,281,429,300,393,294
437,281,478,281,478,300,437,300
725,284,743,284,743,295,725,295
518,285,560,291,557,310,515,304
487,289,510,289,510,302,487,302
585,293,617,293,617,311,585,311
622,295,675,295,675,316,622,316
345,297,368,297,368,314,345,314
683,297,736,305,733,324,680,316
403,302,437,302,437,320,403,320
377,305,398,305,398,318,377,318
444,305,467,305,467,323,444,323
513,309,557,317,554,336,509,328
473,313,505,313,505,330,473,330
560,313,595,316,593,335,559,332
601,320,634,320,634,337,601,337
659,323,683,323,683,341,659,341
642,327,652,327,652,339,642,339
690,324,742,329,741,347,689,343
423,326,456,329,454,349,421,346
462,328,498,334,495,354,459,348
503,336,524,336,524,353,503,353
531,337,563,337,563,357,531,357
569,343,601,343,601,361,569,361
610,343,642,343,642,362,610,362
649,346,683,346,683,366,649,366
416,352,453,352,453,371,416,371
459,353,493,362,488,382,454,373
499,362,519,362,519,378,499,378
528,362,551,362,551,380,528,380
559,362,611,372,607,393,555,383
618,369,640,369,640,391,618,391
647,371,670,371,670,391,647,391
677,373,709,373,709,393,677,393
407,376,471,381,469,401,405,396
478,381,677,398,675,422,476,405
394,401,446,401,446,423,394,423
675,403,697,403,697,417,675,417
445,404,478,407,476,427,443,424
485,416,524,416,524,430,485,430
524,416,608,416,608,437,524,437
613,425,645,425,645,442,613,442
643,426,677,426,677,442,643,442
683,430,706,430,706,446,683,446
390,449,496,459,493,483,387,473
514,462,593,466,592,488,513,484
325,471,350,471,350,490,325,490
614,470,693,476,691,497,612,490
355,474,393,474,393,499,355,499
398,477,432,480,430,500,396,497
437,485,482,485,482,503,437,503
488,485,523,491,520,510,484,504
528,490,562,490,562,510,528,510
567,494,613,494,613,517,567,517
619,496,673,506,669,526,615,516
677,505,721,510,719,529,676,525
321,520,376,533,371,554,316,541
382,530,407,530,407,549,382,549
464,537,517,537,517,562,464,562
525,541,579,544,577,564,523,561
319,546,365,553,362,574,315,566
576,547,627,547,627,569,576,569
656,550,730,557,728,578,654,571
370,553,424,556,423,577,369,574
430,559,497,565,495,588,428,582
503,564,545,567,544,588,502,585
551,568,597,573,595,593,549,588
602,574,626,574,626,594,602,594
633,576,665,576,665,595,633,595
674,576,728,583,726,604,672,597
313,599,463,612,461,636,311,623
468,612,514,623,509,644,463,633
519,620,553,620,553,640,519,640
610,625,658,629,655,655,608,651
311,627,380,631,378,655,309,651
560,627,602,627,602,643,560,643
661,631,716,631,716,654,661,654
508,645,544,645,544,666,508,666
547,647,572,647,572,670,547,670
307,654,341,654,341,677,307,677
660,655,698,658,696,682,658,679
338,655,387,660,384,684,336,679
381,658,458,665,456,689,379,682
700,661,723,661,723,683,700,683
462,667,518,672,516,696,460,691
524,674,549,674,549,695,524,695
546,673,624,679,622,703,544,696
304,679,374,686,372,710,302,703
629,684,638,684,638,699,629,699
641,676,676,689,668,711,633,698
473,695,505,695,505,720,473,720
503,697,538,697,538,722,503,722
544,702,569,702,569,723,544,723
626,709,652,709,652,731,626,731
320,710,358,713,357,733,319,730
656,711,693,711,693,734,656,734
699,715,722,715,722,736,699,736
364,720,407,720,407,739,364,739
562,731,594,731,594,755,562,755
592,734,634,734,634,755,592,755
634,736,659,736,659,759,634,759
299,736,451,747,449,772,297,761
457,749,492,752,490,772,455,769
498,755,542,755,542,775,498,775
551,759,583,759,583,779,551,779
590,758,672,765,669,789,588,783
295,763,364,769,362,793,293,787
686,768,720,768,720,796,686,796
496,782,531,782,531,803,496,803
537,784,562,784,562,807,537,807
652,795,690,795,690,818,652,818
693,796,720,796,720,819,693,819
289,821,335,829,331,852,285,844
373,827,421,831,419,852,372,848
341,830,364,830,364,848,341,848
427,831,485,836,483,858,425,853
491,837,545,840,544,861,489,858
617,848,643,848,643,869,617,869
649,850,693,850,693,875,649,875
690,853,716,853,716,875,690,875
341,853,388,863,383,886,336,875
642,860,649,860,649,871,642,871
426,860,483,870,479,892,422,882
393,864,417,864,417,882,393,882
489,864,546,873,542,897,485,888
278,907,348,918,344,941,274,929
355,915,401,918,399,939,354,936
409,918,465,923,463,945,407,940
473,923,529,928,528,948,471,944
276,938,323,943,321,965,274,960
329,946,364,946,364,965,329,965
613,964,645,964,645,990,613,990
643,965,681,965,681,990,643,990
272,969,305,969,305,992,272,992
686,969,711,969,711,992,686,992
360,975,407,981,404,1002,357,995
314,978,350,978,350,999,314,999
414,980,460,980,460,1003,414,1003
469,983,505,983,505,1006,469,1006
503,994,510,994,510,1004,503,1004
642,996,679,996,679,1020,642,1020
684,999,709,999,709,1020,684,1020
270,1001,327,1001,327,1026,270,1026
336,1004,373,1004,373,1028,336,1028
377,1008,439,1008,439,1035,377,1035
444,1013,494,1013,494,1036,444,1036
501,1017,546,1017,546,1038,501,1038
555,1020,623,1023,622,1051,553,1047
286,1031,313,1031,313,1054,286,1054
320,1038,345,1038,345,1054,320,1054
284,1061,309,1061,309,1084,284,1084
318,1063,362,1063,362,1086,318,1086
281,1092,329,1092,329,1116,281,1116
336,1095,373,1095,373,1116,336,1116
380,1102,438,1105,437,1127,379,1123
277,1120,328,1122,327,1146,276,1143
334,1129,361,1129,361,1147,334,1147
369,1126,418,1135,414,1158,365,1149
425,1129,483,1139,479,1161,421,1151
491,1134,529,1140,525,1161,487,1155
535,1138,579,1142,577,1162,534,1158
317,1218,375,1225,372,1248,314,1241
270,1221,304,1221,304,1239,270,1239
382,1227,417,1227,417,1245,382,1245
426,1229,453,1229,453,1246,426,1246
505,1227,569,1234,566,1257,503,1250
572,1234,597,1234,597,1255,572,1255
608,1236,642,1236,642,1257,608,1257
649,1243,684,1243,684,1259,649,1259
286,1251,336,1256,334,1280,284,1275
347,1251,380,1254,378,1276,345,1273
389,1255,417,1255,417,1278,389,1278
422,1258,497,1255,498,1282,423,1284
512,1262,549,1262,549,1284,512,1284
602,1268,638,1268,638,1289,602,1289
558,1271,595,1271,595,1294,558,1294
314,1316,362,1316,362,1339,314,1339
489,1326,535,1326,535,1349,489,1349
544,1328,605,1331,604,1356,543,1353
634,1335,670,1335,670,1353,634,1353
668,1337,691,1337,691,1357,668,1357
