294,445,336,445,336,465,294,465
391,445,490,445,490,465,391,465
338,446,390,446,390,465,338,465
194,473,232,475,231,491,193,489
234,474,264,474,264,490,234,490
268,473,309,478,307,494,266,490
445,473,473,476,471,492,444,489
474,474,512,476,511,492,474,490
562,474,593,474,593,492,562,492
310,476,333,476,333,492,310,492
334,476,364,476,364,492,334,492
366,476,393,476,393,493,366,493
396,476,444,476,444,493,396,493
514,476,537,476,537,492,514,492
537,476,561,476,561,492,537,492
393,501,489,501,489,517,393,517
296,502,382,502,382,517,296,517
305,562,344,562,344,582,305,582
428,562,482,562,482,582,428,582
402,564,426,564,426,582,402,582
346,566,386,566,386,582,346,582
389,566,404,566,404,582,389,582
190,600,217,600,217,618,190,618
218,601,298,601,298,620,218,620
512,601,558,601,558,617,512,617
466,602,509,602,509,620,466,620
556,602,594,602,594,620,556,620
561,669,594,669,594,690,561,690
388,672,414,672,414,693,388,693
504,672,560,672,560,690,504,690
189,673,216,673,216,692,189,692
349,673,386,673,386,690,349,690
330,705,378,705,378,725,330,725
381,702,428,708,426,730,379,724
189,706,227,708,226,728,188,726
229,706,261,706,261,726,229,726
264,706,328,706,328,726,264,726
522,737,558,737,558,758,522,758
560,737,596,737,596,758,560,758
345,738,381,738,381,760,345,760
381,740,419,738,420,758,383,760
523,778,597,776,597,799,524,801
241,778,278,778,278,801,241,801
188,777,240,783,238,806,186,800
281,779,329,783,327,805,279,800
493,832,526,830,527,850,495,852
262,832,302,832,302,850,262,850
364,832,420,832,420,850,364,850
461,832,494,832,494,853,461,853
328,835,363,832,365,851,329,854
424,833,460,833,460,853,424,853
304,837,326,837,326,849,304,849
