170,173,213,173,213,192,170,192
217,173,249,173,249,192,217,192
257,192,302,190,303,212,258,215
306,192,350,192,350,212,306,212
138,196,173,196,173,213,138,213
176,196,212,196,212,217,176,217
58,197,84,197,84,217,58,217
100,197,136,197,136,216,100,216
213,197,226,197,226,212,213,212
240,197,257,197,257,214,240,214
122,213,165,213,165,234,122,234
283,216,325,214,326,232,284,234
169,216,205,216,205,234,169,234
221,215,281,218,279,237,220,234
96,218,121,218,121,237,96,237
132,238,160,238,160,256,132,256
169,238,214,238,214,257,169,257
217,238,250,238,250,257,217,257
254,238,288,238,288,257,254,257
209,269,242,269,242,288,209,288
244,269,288,269,288,285,244,285
134,270,168,270,168,286,134,286
170,273,205,273,205,286,170,286
288,289,322,289,322,304,288,304
198,290,230,290,230,304,198,304
240,290,266,290,266,304,240,304
277,292,286,292,286,304,277,304
102,292,120,292,120,305,102,305
129,292,157,292,157,305,129,305
157,292,197,292,197,305,157,305
237,309,256,309,256,322,237,322
264,309,281,309,281,322,264,322
169,310,186,310,186,324,169,324
196,310,229,310,229,324,196,324
144,312,161,312,161,324,144,324
98,337,132,339,131,353,97,351
57,340,97,340,97,352,57,352
57,358,86,358,86,370,57,370
80,376,101,376,101,389,80,389
56,377,78,377,78,390,56,390
341,412,369,412,369,426,341,426
297,413,340,413,340,426,297,426
238,416,256,416,256,428,238,428
86,417,109,417,109,433,86,433
54,418,86,418,86,433,54,433
54,440,78,440,78,454,54,454
81,440,125,440,125,453,81,453
129,440,149,440,149,454,129,454
153,440,172,440,172,452,153,452
326,458,345,458,345,473,326,473
346,460,373,460,373,478,346,478
74,462,100,462,100,477,74,477
54,464,74,464,74,480,54,480
54,484,106,488,105,504,53,501
108,486,156,488,155,502,107,501
329,504,378,506,377,527,328,524
74,509,101,509,101,526,74,526
56,510,74,510,74,526,56,526
329,546,348,546,348,561,329,561
350,546,376,546,376,561,350,561
236,547,277,551,275,566,234,562
165,549,204,549,204,565,165,565
205,549,233,549,233,562,205,562
196,572,234,569,235,586,197,589
237,572,277,572,277,586,237,586
369,573,376,573,376,584,369,584
353,596,378,596,378,610,353,610
199,595,236,599,234,616,197,612
332,597,352,597,352,610,332,610
237,597,277,599,277,615,236,613
334,621,352,621,352,636,334,636
354,621,380,621,380,636,354,636
172,622,201,622,201,638,172,638
204,624,245,624,245,638,204,638
246,624,274,624,274,637,246,637
212,648,241,648,241,664,212,664
244,649,276,649,276,662,244,662
192,673,226,673,226,690,192,690
155,674,191,677,190,694,153,690
112,680,152,675,154,691,113,696
53,680,73,680,73,693,53,693
75,681,111,679,112,692,76,694
278,710,301,710,301,725,278,725
222,712,249,712,249,726,222,726
250,712,280,712,280,729,250,729
146,713,180,713,180,728,146,728
202,713,220,713,220,726,202,726
181,714,201,714,201,728,181,728
223,734,281,732,281,747,224,749
282,733,305,733,305,748,282,748
141,736,201,736,201,750,141,750
202,736,221,736,221,752,202,752
