478,121,486,121,486,136,478,136
409,121,430,121,430,140,409,140
384,122,410,122,410,141,384,141
429,122,456,122,456,140,429,140
454,124,477,124,477,137,454,137
324,125,350,125,350,142,324,142
350,125,369,125,369,141,350,141
369,125,384,125,384,141,369,141
298,126,325,126,325,144,298,144
453,144,478,144,478,161,453,161
425,145,453,145,453,162,425,162
345,148,379,146,380,164,346,166
402,148,409,148,409,161,402,161
414,148,422,148,422,161,414,161
306,148,324,148,324,165,306,165
324,148,346,148,346,164,324,164
378,149,400,149,400,162,378,162
158,165,272,165,272,196,158,196
440,166,468,166,468,185,440,185
364,169,389,169,389,186,364,186
392,170,401,170,401,185,392,185
402,168,440,170,439,189,401,187
317,170,336,170,336,189,317,189
337,170,364,170,364,188,337,188
360,190,446,190,446,210,360,210
338,193,360,193,360,210,338,210
361,232,400,232,400,249,361,249
268,233,297,233,297,252,268,252
328,233,357,233,357,250,328,250
301,234,322,234,322,250,301,250
438,252,510,249,511,267,438,270
328,254,372,254,372,270,328,270
421,254,440,254,440,268,421,268
157,256,194,256,194,274,157,274
200,256,236,256,236,273,200,273
234,256,322,256,322,273,234,273
404,274,521,270,521,288,405,293
157,277,194,277,194,296,157,296
193,277,226,277,226,293,193,293
474,313,513,313,513,332,474,332
334,320,364,315,367,334,336,338
457,317,476,317,476,332,457,332
157,318,185,318,185,337,157,337
312,318,332,318,332,336,312,336
397,318,416,318,416,333,397,333
192,319,230,321,229,339,191,337
387,339,441,338,441,353,388,354
320,340,340,340,340,357,320,357
345,340,381,340,381,354,345,354
157,341,193,341,193,356,157,356
201,341,229,341,229,357,201,357
234,341,278,341,278,356,234,356
286,341,313,341,313,357,286,357
312,361,332,361,332,377,312,377
157,362,177,362,177,378,157,378
182,362,238,362,238,380,182,380
261,362,278,362,278,378,261,378
277,362,306,362,306,378,277,378
245,365,253,365,253,377,245,377
485,378,520,378,520,394,485,394
457,380,486,380,486,396,457,396
157,382,272,382,272,399,157,399
312,382,373,382,373,397,312,397
492,400,521,400,521,417,492,417
457,401,486,401,486,416,457,416
158,405,178,405,178,421,158,421
447,424,494,421,495,438,448,441
501,422,522,422,522,438,501,438
372,424,426,424,426,441,372,441
158,425,186,425,186,442,158,442
270,425,297,425,297,441,270,441
296,425,330,425,330,440,296,440
338,425,366,425,366,441,338,441
430,425,442,425,442,438,430,438
193,426,228,426,228,441,193,441
236,426,264,426,264,441,236,441
466,444,493,444,493,460,466,460
492,444,522,444,522,460,492,460
157,446,273,446,273,464,157,464
321,446,342,446,342,462,321,462
346,446,374,446,374,462,346,462
158,486,196,486,196,506,158,506
244,486,281,486,281,505,244,505
305,486,342,486,342,505,305,505
458,486,489,486,489,504,458,504
493,486,521,486,521,501,493,501
202,488,240,488,240,506,202,506
288,489,305,489,305,504,288,504
261,508,300,508,300,526,261,526
485,508,516,508,516,525,485,525
158,509,196,509,196,528,158,528
202,509,238,509,238,528,202,528
244,509,254,509,254,525,244,525
458,509,486,509,486,524,458,524
253,529,281,529,281,548,253,548
158,530,196,530,196,549,158,549
201,530,249,530,249,549,201,549
460,530,490,530,490,546,460,546
494,530,522,530,522,545,494,545
494,550,524,550,524,568,494,568
166,552,204,552,204,570,166,570
460,552,490,552,490,568,460,568
210,553,238,553,238,570,210,570
494,573,524,573,524,589,494,589
166,574,212,574,212,592,166,592
478,574,496,574,496,589,478,589
201,593,229,593,229,613,201,613
157,594,194,594,194,613,157,613
234,596,264,596,264,613,234,613
460,596,490,596,490,610,460,610
496,596,526,596,526,612,496,612
225,617,262,615,263,634,226,636
269,616,288,616,288,634,269,634
329,616,358,616,358,636,329,636
364,616,402,616,402,634,364,634
294,617,324,617,324,634,294,634
408,617,454,617,454,636,408,636
182,660,210,660,210,678,182,678
216,660,264,660,264,678,216,678
268,659,307,662,306,682,266,678
158,662,178,662,178,680,158,680
382,662,528,662,528,680,382,680
329,681,374,681,374,701,329,701
158,682,186,682,186,701,158,701
190,682,237,682,237,702,190,702
250,684,322,684,322,701,250,701
236,685,252,685,252,700,236,700
157,704,177,704,177,722,157,722
182,705,220,705,220,722,182,722
225,705,272,705,272,722,225,722
373,706,448,706,448,724,373,724
445,708,528,708,528,725,445,725
218,769,245,769,245,788,218,788
252,769,289,769,289,789,252,789
330,770,361,770,361,789,330,789
296,772,325,772,325,789,296,789
365,772,413,774,413,793,364,791
418,773,457,773,457,793,418,793
193,791,256,794,255,811,192,809
158,793,185,793,185,808,158,808
261,794,296,794,296,809,261,809
304,794,325,794,325,812,304,812
332,794,386,794,386,812,332,812
392,796,412,796,412,812,392,812
410,796,449,796,449,813,410,813
500,796,531,798,530,816,498,814
454,798,493,798,493,813,454,813
202,834,232,834,232,853,202,853
236,836,257,836,257,854,236,854
262,836,290,836,290,854,262,854
297,837,345,837,345,856,297,856
349,837,369,837,369,857,349,857
412,838,441,838,441,858,412,858
374,840,405,840,405,858,374,858
446,841,477,841,477,860,446,860
158,857,194,857,194,873,158,873
194,857,228,857,228,873,194,873
236,858,335,860,334,878,235,876
340,862,405,862,405,880,340,880
420,863,487,865,486,883,419,881
405,866,409,866,409,877,405,877
492,866,522,866,522,882,492,882
