350,165,378,165,378,178,350,178
272,166,293,166,293,180,272,180
253,168,272,168,272,178,253,178
290,168,312,168,312,180,290,180
332,169,352,169,352,178,332,178
147,171,232,194,226,216,141,192
332,181,360,181,360,194,332,194
294,184,312,184,312,194,294,194
262,196,285,196,285,209,262,209
358,196,380,196,380,208,358,208
285,198,304,198,304,209,285,209
305,197,318,197,318,208,305,208
320,197,340,197,340,209,320,209
340,197,358,197,358,209,340,209
276,212,330,212,330,224,276,224
330,212,356,212,356,224,330,224
142,232,171,241,167,255,138,246
222,237,246,237,246,249,222,249
249,238,265,238,265,249,249,249
268,238,290,238,290,250,268,250
293,238,322,238,322,250,293,250
172,242,200,247,198,260,170,255
141,246,170,257,165,270,137,259
198,247,239,250,238,264,197,261
351,252,406,249,407,261,352,264
237,253,265,253,265,265,237,265
270,256,304,256,304,265,270,265
172,258,194,262,192,272,170,268
358,264,413,264,413,277,358,277
326,266,360,266,360,278,326,278
140,278,162,283,159,295,137,291
164,282,196,290,192,304,161,296
380,292,409,292,409,305,380,305
138,293,161,297,159,310,136,306
256,297,272,297,272,308,256,308
274,297,297,297,297,309,274,309
163,299,193,304,191,317,161,312
192,306,198,306,198,317,192,317
202,308,232,308,232,320,202,320
137,309,153,309,153,322,137,322
236,309,265,309,265,321,236,321
353,309,396,309,396,321,353,321
294,310,322,310,322,324,294,324
270,312,290,312,290,322,270,322
334,313,349,313,349,322,334,322
156,313,201,320,199,333,154,326
229,324,252,324,252,336,229,336
136,323,226,337,224,352,134,338
256,325,272,325,272,337,256,337
394,336,417,336,417,349,394,349
374,338,390,338,390,350,374,350
262,341,278,341,278,352,262,352
282,341,304,341,304,352,282,352
135,354,166,357,165,372,133,369
169,362,198,362,198,376,169,376
202,366,232,366,232,380,202,380
396,366,418,366,418,380,396,380
249,369,280,369,280,382,249,382
376,369,393,369,393,381,376,381
135,370,165,373,163,388,133,385
169,377,198,377,198,392,169,392
204,384,210,384,210,394,204,394
216,382,245,382,245,396,216,396
134,389,164,389,164,404,134,404
168,392,206,396,205,410,166,406
209,397,232,397,232,412,209,412
397,398,421,398,421,412,397,412
377,400,394,400,394,412,377,412
140,406,170,406,170,421,140,421
174,410,197,410,197,424,174,424
398,414,421,414,421,428,398,428
378,416,394,416,394,428,378,428
132,422,162,422,162,437,132,437
168,425,190,425,190,440,168,440
194,429,218,429,218,442,194,442
188,443,218,445,217,459,187,457
222,445,238,445,238,460,222,460
242,448,265,448,265,460,242,460
269,448,293,448,293,462,269,462
297,449,326,449,326,461,297,461
330,449,366,449,366,461,330,461
180,492,202,492,202,506,180,506
206,493,237,493,237,508,206,508
241,496,265,496,265,509,241,509
270,496,294,496,294,509,270,509
298,496,336,498,335,512,298,510
338,497,369,497,369,512,338,512
129,504,153,506,151,520,128,518
158,507,210,511,209,526,157,522
213,512,244,512,244,525,213,525
249,513,265,513,265,526,249,526
402,513,426,513,426,526,402,526
272,514,314,514,314,526,272,526
318,514,334,514,334,528,318,528
333,514,364,514,364,528,333,528
368,514,398,514,398,526,368,526
164,544,188,544,188,558,164,558
192,544,209,544,209,558,192,558
214,545,237,545,237,560,214,560
242,545,281,545,281,560,242,560
285,548,301,548,301,561,285,561
305,548,330,548,330,561,305,561
333,548,357,548,357,562,333,562
362,548,386,548,386,562,362,562
126,558,158,560,157,574,125,572
156,560,186,563,185,577,154,574
190,564,273,564,273,577,190,577
277,565,336,565,336,578,277,578
341,565,393,565,393,578,341,578
398,565,422,565,422,578,398,578
