237,209,381,207,381,232,237,234
389,209,473,209,473,232,389,232
352,249,393,249,393,273,352,273
399,249,442,251,441,273,397,271
444,250,500,250,500,272,444,272
257,250,296,250,296,274,257,274
301,252,348,252,348,273,301,273
207,251,256,256,253,278,204,272
50,286,94,287,93,308,49,306
197,340,266,340,266,376,197,376
351,340,423,338,424,374,352,376
423,343,516,336,518,374,426,381
273,343,345,343,345,375,273,375
73,389,118,389,118,410,73,410
124,386,187,395,184,418,121,410
221,389,253,389,253,412,221,412
281,389,333,389,333,412,281,412
374,390,424,392,423,413,374,411
426,389,465,389,465,417,426,417
494,390,568,390,568,412,494,412
572,390,618,390,618,412,572,412
61,425,249,425,249,449,61,449
349,428,390,428,390,450,349,450
574,426,608,426,608,449,574,449
253,428,293,428,293,450,253,450
296,428,344,428,344,453,296,453
394,429,441,429,441,450,394,450
446,429,466,429,466,450,446,450
472,429,506,429,506,449,472,449
510,428,570,428,570,453,510,453
265,465,310,465,310,482,265,482
400,465,434,465,434,489,400,489
432,464,476,464,476,486,432,486
545,465,594,465,594,489,545,489
592,464,636,464,636,486,592,486
58,504,246,505,246,531,58,529
394,506,425,506,425,533,394,533
429,506,473,506,473,533,429,533
477,506,509,506,509,529,477,529
554,508,589,508,589,529,554,529
252,509,302,509,302,529,252,529
306,509,350,509,350,529,306,529
354,509,390,509,390,529,354,529
513,510,549,510,549,533,513,533
264,545,312,545,312,564,264,564
398,545,436,545,436,570,398,570
432,544,477,544,477,566,432,566
561,545,598,545,598,570,561,570
594,544,640,544,640,568,594,568
44,590,107,596,104,625,42,619
108,597,145,597,145,621,108,621
43,625,107,633,104,663,40,655
107,629,171,635,168,662,105,656
553,633,605,633,605,660,553,660
602,632,646,632,646,656,602,656
41,669,94,669,94,694,41,694
181,670,226,670,226,694,181,694
98,670,176,670,176,696,98,696
332,673,386,673,386,697,332,697
553,674,605,674,605,701,553,701
602,674,648,674,648,698,602,698
66,728,100,728,100,756,66,756
462,728,641,728,641,753,462,753
152,729,386,729,386,756,152,756
392,729,458,729,458,760,392,760
102,730,148,730,148,756,102,756
390,773,440,773,440,797,390,797
269,774,316,774,316,798,269,798
320,774,386,774,386,802,320,802
426,804,472,804,472,830,426,830
474,806,547,804,548,826,474,828
552,808,560,808,560,822,552,822
394,808,424,808,424,829,394,829
296,809,340,809,340,830,296,830
345,808,390,808,390,833,345,833
122,810,162,810,162,833,122,833
168,810,218,810,218,833,168,833
261,810,289,810,289,830,261,830
224,814,254,814,254,832,224,832
