548,91,609,96,607,118,546,113
467,94,540,94,540,120,467,120
604,119,677,119,677,144,604,144
560,120,597,120,597,144,560,144
524,122,553,122,553,145,524,145
467,124,517,124,517,145,467,145
400,125,435,128,433,148,398,145
433,128,460,128,460,151,433,151
526,151,689,148,690,173,526,176
458,154,515,154,515,176,458,176
389,156,417,156,417,177,389,177
425,158,448,158,448,176,425,176
595,179,658,179,658,204,595,204
663,178,724,181,723,205,662,202
731,181,757,181,757,197,731,197
377,183,426,183,426,208,377,208
458,183,494,183,494,204,458,204
503,183,540,183,540,209,503,209
537,182,588,185,586,208,536,206
299,182,350,190,346,214,295,207
355,184,378,184,378,209,355,209
617,208,679,208,679,233,617,233
688,208,747,208,747,229,688,229
572,209,610,209,610,234,572,234
309,213,348,213,348,238,309,238
401,213,451,213,451,236,401,236
494,213,540,213,540,234,494,234
356,212,397,219,393,244,352,237
458,216,485,216,485,234,458,234
553,218,563,218,563,233,553,233
698,236,759,234,760,257,699,259
663,236,690,236,690,261,663,261
549,240,588,240,588,263,549,263
595,240,633,240,633,261,595,261
493,240,544,245,542,269,490,264
298,243,323,243,323,265,298,265
366,243,405,243,405,265,366,265
412,243,439,243,439,263,412,263
643,245,654,245,654,259,643,259
332,247,357,247,357,265,332,265
446,247,483,247,483,266,446,266
654,266,704,271,702,296,652,291
517,270,554,270,554,295,517,295
562,270,597,270,597,291,562,291
608,270,647,270,647,293,608,293
483,272,510,272,510,295,483,295
391,273,428,273,428,297,391,297
437,273,474,273,474,297,437,297
688,297,725,297,725,320,688,320
652,298,681,298,681,321,652,321
551,299,611,305,609,327,549,321
620,300,647,300,647,325,620,325
357,302,371,302,371,323,357,323
389,302,430,302,430,325,389,325
436,300,474,306,471,328,433,323
482,302,505,302,505,323,482,323
515,302,544,302,544,323,515,323
460,331,691,326,692,354,460,359
690,330,715,330,715,348,690,348
380,332,451,332,451,355,380,355
518,357,612,362,611,387,516,382
702,359,727,359,727,377,702,377
368,361,462,361,462,384,368,384
656,361,702,361,702,378,656,378
620,362,656,362,656,382,620,382
471,364,517,364,517,382,471,382
626,414,716,414,716,439,626,439
510,417,602,417,602,442,510,442
369,419,487,419,487,444,369,444
576,446,627,446,627,469,576,469
635,445,696,450,694,472,633,467
531,448,569,448,569,469,531,469
702,448,754,448,754,471,702,471
300,449,327,449,327,473,300,473
380,449,419,449,419,473,380,473
426,449,474,449,474,471,426,471
485,449,522,449,522,471,485,471
334,451,373,451,373,478,334,478
672,503,743,503,743,528,672,528
741,503,766,503,766,526,741,526
533,505,652,505,652,530,533,530
462,508,524,508,524,537,462,537
300,509,360,514,358,537,299,532
369,510,398,510,398,533,369,533
706,533,768,533,768,556,706,556
626,535,652,535,652,558,626,558
658,535,697,535,697,558,658,558
487,537,524,537,524,560,487,560
531,537,583,537,583,560,531,560
588,537,617,537,617,563,588,563
426,538,478,538,478,562,426,562
300,540,350,540,350,562,300,562
357,540,416,540,416,562,357,562
567,595,618,595,618,618,567,618
626,595,665,595,665,617,626,617
672,595,700,595,700,622,672,622
441,597,467,597,467,620,441,620
474,597,526,597,526,620,474,620
533,597,560,597,560,620,533,620
300,599,442,599,442,624,300,624
697,622,739,622,739,649,697,649
736,622,771,622,771,645,736,645
675,624,699,624,699,649,675,649
522,626,597,626,597,650,522,650
489,627,526,627,526,654,489,654
300,629,377,629,377,654,300,654
405,658,444,658,444,681,405,681
464,658,492,658,492,681,464,681
382,659,407,659,407,681,382,681
654,684,704,684,704,713,654,713
606,684,648,690,644,715,603,709
300,690,469,687,469,713,300,715
476,688,515,688,515,709,476,709
524,687,600,690,599,715,523,712
747,713,775,713,775,738,747,738
700,715,750,715,750,739,700,739
524,718,599,716,599,741,524,743
665,716,693,716,693,739,665,739
503,722,514,722,514,739,503,739
300,722,375,722,375,747,300,747
409,723,419,723,419,741,409,741
597,748,624,748,624,771,597,771
631,748,670,748,670,775,631,775
300,752,469,749,469,776,300,779
476,750,517,750,517,775,476,775
525,749,590,754,588,778,523,773
666,777,704,777,704,805,666,805
704,777,752,777,752,802,704,802
748,777,777,777,777,802,748,802
572,779,599,779,599,803,572,803
489,780,528,780,528,809,489,809
524,780,565,780,565,805,524,805
300,782,375,782,375,809,300,809
409,786,419,786,419,803,409,803
716,809,768,809,768,834,716,834
537,811,602,811,602,835,537,835
610,812,634,812,634,834,610,834
300,816,471,812,471,839,300,842
478,814,530,814,530,837,478,837
645,814,674,814,674,839,645,839
681,814,706,814,706,832,681,832
704,839,755,839,755,866,704,866
752,841,780,841,780,866,752,866
574,843,601,843,601,867,574,867
681,843,707,843,707,869,681,869
501,844,576,844,576,873,501,873
300,848,375,848,375,873,300,873
409,850,419,850,419,867,409,867
634,873,686,873,686,898,634,898
683,873,711,873,711,898,683,898
611,876,636,876,636,901,611,901
323,880,364,880,364,905,323,905
371,883,421,883,421,907,371,907
709,935,784,935,784,962,709,962
674,937,711,937,711,965,674,965
530,939,588,939,588,962,530,962
457,940,521,940,521,965,457,965
396,942,448,942,448,967,396,967
300,943,354,948,351,974,298,968
361,948,385,948,385,967,361,967
736,971,748,971,748,990,736,990
528,971,591,976,589,1003,526,998
457,973,522,978,520,1002,455,997
359,975,413,980,410,1006,357,1000
419,980,446,980,446,997,419,997
446,1038,510,1038,510,1063,446,1063
519,1038,579,1038,579,1060,519,1060
384,1040,437,1040,437,1065,384,1065
297,1041,376,1046,375,1073,295,1068
713,1067,764,1067,764,1093,713,1093
763,1067,791,1067,791,1093,763,1093
677,1068,706,1068,706,1093,677,1093
298,1076,352,1076,352,1100,298,1100
359,1076,398,1076,398,1100,359,1100
704,1083,715,1083,715,1095,704,1095
715,1100,757,1100,757,1127,715,1127
754,1102,792,1100,794,1125,756,1128
691,1102,716,1102,716,1129,691,1129
457,1104,510,1104,510,1131,457,1131
531,1104,570,1104,570,1129,531,1129
396,1108,449,1108,449,1132,396,1132
297,1109,339,1111,337,1137,295,1134
346,1113,387,1113,387,1140,346,1140
688,1138,767,1133,769,1163,690,1168
764,1134,795,1134,795,1161,764,1161
457,1140,510,1140,510,1166,457,1166
519,1140,570,1140,570,1165,519,1165
396,1143,448,1143,448,1166,396,1166
298,1145,336,1145,336,1170,298,1170
346,1149,387,1149,387,1175,346,1175
620,1170,697,1170,697,1197,620,1197
558,1172,611,1172,611,1198,558,1198
421,1173,487,1173,487,1200,421,1200
496,1173,549,1173,549,1198,496,1198
371,1175,412,1175,412,1202,371,1202
295,1179,362,1174,364,1203,297,1208
469,1207,597,1207,597,1234,469,1234
320,1214,350,1214,350,1239,320,1239
400,1218,409,1218,409,1234,400,1234
359,1218,385,1218,385,1236,359,1236
670,1237,736,1237,736,1264,670,1264
570,1239,611,1239,611,1266,570,1266
620,1239,661,1239,661,1264,620,1264
508,1241,574,1241,574,1268,508,1268
423,1245,498,1245,498,1275,423,1275
359,1246,410,1246,410,1271,359,1271
321,1248,350,1248,350,1273,321,1273
683,1273,723,1270,725,1296,685,1299
384,1280,426,1280,426,1305,384,1305
320,1282,375,1282,375,1309,320,1309
433,1284,498,1284,498,1309,433,1309
611,1309,661,1309,661,1333,611,1333
560,1310,602,1310,602,1335,560,1335
485,1311,552,1316,551,1341,484,1337
423,1313,478,1318,476,1345,421,1340
320,1316,375,1316,375,1342,320,1342
384,1319,412,1319,412,1339,384,1339
