737,152,859,142,862,181,740,191
670,151,729,151,729,191,670,191
497,161,561,157,563,196,500,200
597,158,663,158,663,194,597,194
561,163,590,163,590,194,561,194
358,170,492,164,494,201,360,207
300,175,353,175,353,210,300,210
579,209,693,206,695,241,580,244
446,215,575,212,576,248,448,251
560,257,710,253,711,288,561,292
423,265,549,260,550,293,424,298
564,301,732,304,732,339,563,336
734,305,805,305,805,331,734,331
333,311,457,308,458,341,334,344
459,315,549,312,550,335,459,338
564,353,609,353,609,364,564,364
556,382,772,378,772,416,557,420
537,386,552,386,552,409,537,409
453,385,522,388,521,417,451,414
362,388,450,388,450,417,362,417
485,419,547,419,547,443,485,443
582,419,637,419,637,440,582,440
637,419,680,419,680,440,637,440
677,419,729,419,729,445,677,445
396,422,451,426,449,448,394,444
450,424,481,424,481,445,450,445
561,455,606,455,606,469,561,469
514,457,542,457,542,466,514,466
620,485,706,485,706,521,620,521
419,488,523,488,523,521,419,521
549,488,613,488,613,521,549,521
533,492,547,492,547,516,533,516
438,533,478,533,478,561,438,561
490,533,549,533,549,564,490,564
573,533,677,533,677,564,573,564
362,568,438,568,438,606,362,606
562,576,672,568,674,604,564,611
504,573,549,573,549,604,504,604
677,573,734,573,734,604,677,604
447,575,495,575,495,601,447,601
277,611,348,611,348,639,277,639
618,611,727,611,727,649,618,649
784,611,853,611,853,642,784,642
350,613,407,613,407,639,350,639
412,613,466,613,466,642,412,642
470,608,543,619,539,651,465,641
552,613,606,613,606,644,552,644
732,613,779,613,779,644,732,644
308,649,360,649,360,677,308,677
644,656,754,646,758,685,648,696
360,654,430,649,432,679,363,684
443,651,523,651,523,680,443,680
760,653,818,656,817,683,759,680
550,655,640,658,639,684,549,681
312,689,383,689,383,722,312,722
395,691,471,691,471,718,395,718
476,691,545,691,545,720,476,720
713,691,753,691,753,722,713,722
554,694,604,694,604,720,554,720
670,694,710,694,710,725,670,725
632,696,663,696,663,720,632,720
459,774,500,774,500,800,459,800
547,777,635,777,635,803,547,803
507,779,542,779,542,800,507,800
374,853,438,853,438,886,374,886
441,857,532,853,534,888,443,891
737,867,796,867,796,898,737,898
253,892,403,898,402,927,252,921
428,900,530,900,530,928,428,928
552,901,660,908,658,944,550,936
253,931,298,931,298,966,253,966
303,931,362,931,362,964,303,964
367,933,452,942,448,971,364,961
509,940,542,940,542,969,509,969
540,940,601,940,601,971,540,971
455,943,504,943,504,966,455,966
492,985,511,985,511,1009,492,1009
540,985,592,985,592,1016,540,1016
597,984,660,988,658,1020,595,1016
729,995,793,995,793,1026,729,1026
663,1000,680,1000,680,1014,663,1014
798,996,864,1000,862,1032,797,1028
293,1021,341,1021,341,1047,293,1047
345,1021,409,1021,409,1049,345,1049
414,1023,481,1023,481,1052,414,1052
540,1028,590,1028,590,1059,540,1059
594,1030,656,1030,656,1064,594,1064
663,1042,680,1042,680,1056,663,1056
727,1040,793,1040,793,1071,727,1071
796,1041,861,1045,859,1079,794,1075
255,1064,308,1064,308,1080,255,1080
248,1092,291,1092,291,1130,248,1130
293,1097,350,1097,350,1135,293,1135
436,1104,511,1104,511,1142,436,1142
355,1106,428,1106,428,1135,355,1135
516,1116,533,1116,533,1139,516,1139
537,1113,597,1113,597,1144,537,1144
727,1128,791,1128,791,1161,727,1161
793,1132,857,1132,857,1165,793,1165
248,1139,327,1139,327,1175,248,1175
329,1142,409,1142,409,1180,329,1180
744,1175,784,1175,784,1206,744,1206
791,1177,855,1177,855,1210,791,1210
246,1180,289,1180,289,1215,246,1215
291,1182,348,1182,348,1220,291,1220
353,1187,407,1187,407,1222,353,1222
412,1196,497,1196,497,1227,412,1227
502,1201,533,1201,533,1229,502,1229
535,1201,578,1201,578,1232,535,1232
723,1214,788,1218,786,1252,721,1248
782,1222,853,1222,853,1255,782,1255
339,1230,393,1235,390,1266,336,1262
395,1237,433,1237,433,1267,395,1267
441,1238,496,1242,495,1271,439,1267
575,1246,644,1246,644,1282,575,1282
502,1248,530,1248,530,1274,502,1274
537,1251,568,1251,568,1274,537,1274
649,1252,752,1259,750,1292,647,1286
244,1267,286,1267,286,1301,244,1301
291,1270,378,1276,376,1308,289,1302
379,1279,455,1279,455,1308,379,1308
723,1303,793,1308,791,1342,720,1337
289,1310,353,1310,353,1348,289,1348
787,1309,852,1313,850,1347,785,1343
360,1322,419,1322,419,1353,360,1353
244,1348,308,1348,308,1386,244,1386
720,1346,786,1353,783,1386,717,1378
786,1355,850,1355,850,1388,786,1388
310,1356,388,1361,386,1390,308,1385
718,1392,783,1396,781,1430,716,1425
784,1400,846,1400,846,1433,784,1433
270,1428,322,1428,322,1452,270,1452
322,1436,357,1436,357,1457,322,1457
358,1439,402,1443,400,1465,356,1461
403,1441,454,1446,452,1468,401,1464
455,1447,473,1447,473,1469,455,1469
473,1450,504,1450,504,1471,473,1471
509,1457,523,1457,523,1474,509,1474
529,1458,560,1462,558,1480,526,1475
561,1451,624,1465,618,1491,555,1477
620,1464,654,1464,654,1490,620,1490
656,1463,805,1476,802,1502,654,1489
241,1478,270,1478,270,1500,241,1500
272,1486,314,1491,312,1508,270,1503
312,1488,343,1488,343,1509,312,1509
345,1497,379,1497,379,1511,345,1511
379,1497,431,1497,431,1519,379,1519
433,1507,478,1507,478,1523,433,1523
481,1509,516,1509,516,1528,481,1528
531,1515,565,1519,563,1536,529,1533
566,1521,604,1521,604,1537,566,1537
606,1523,649,1523,649,1540,606,1540
656,1528,684,1528,684,1542,656,1542
683,1522,730,1530,727,1552,679,1544
733,1529,770,1536,766,1554,729,1546
455,1533,476,1533,476,1545,455,1545
481,1535,521,1535,521,1552,481,1552
770,1533,805,1533,805,1554,770,1554
810,1537,834,1537,834,1552,810,1552
528,1540,585,1540,585,1559,528,1559
590,1545,632,1545,632,1561,590,1561
