254,236,286,236,286,257,254,257
198,236,253,238,253,257,198,255
290,237,337,237,337,257,290,257
382,238,442,238,442,259,382,259
445,241,492,237,494,259,447,263
510,237,562,237,562,261,510,261
341,240,380,240,380,258,341,258
356,265,400,265,400,286,356,286
185,294,214,294,214,309,185,309
218,296,252,296,252,310,218,310
256,296,286,296,286,310,256,310
301,296,363,298,362,316,301,314
366,298,401,298,401,313,366,313
406,300,434,300,434,318,406,318
449,300,497,300,497,314,449,314
501,300,533,300,533,317,501,317
536,300,572,300,572,314,536,314
308,320,337,320,337,337,308,337
352,319,405,322,403,340,351,337
409,322,446,322,446,337,409,337
298,342,354,342,354,357,298,357
361,344,456,344,456,358,361,358
264,372,306,372,306,390,264,390
434,372,490,372,490,393,434,393
309,372,356,374,355,392,308,390
360,374,430,374,430,393,360,393
392,406,420,406,420,425,392,425
333,408,388,408,388,422,333,422
312,438,336,438,336,453,312,453
338,437,432,439,431,454,338,453
165,464,184,464,184,477,165,477
185,464,214,464,214,477,185,477
222,465,241,465,241,477,222,477
165,493,205,493,205,508,165,508
212,494,282,494,282,506,212,506
282,494,305,494,305,508,282,508
305,494,344,496,343,508,304,506
352,494,370,494,370,508,352,508
370,496,413,496,413,509,370,509
164,521,190,521,190,536,164,536
192,522,232,522,232,537,192,537
238,524,261,524,261,536,238,536
298,524,334,524,334,538,298,538
262,525,296,525,296,537,262,537
465,557,481,557,481,573,465,573
225,565,254,565,254,580,225,580
336,565,354,565,354,581,336,581
396,566,421,566,421,582,396,582
257,568,292,568,292,580,257,580
526,568,546,568,546,582,526,582
460,577,486,577,486,594,460,594
269,609,300,609,300,625,269,625
226,609,265,611,265,625,226,623
196,612,224,612,224,625,196,625
397,618,417,618,417,634,397,634
417,618,448,618,448,634,417,634
525,620,546,620,546,636,525,636
546,618,576,620,575,636,545,634
194,630,234,630,234,646,194,646
237,630,260,630,260,646,237,646
264,630,293,630,293,645,264,645
164,668,219,670,218,697,163,695
222,673,286,671,287,692,222,694
289,675,338,669,341,692,291,698
490,670,581,670,581,700,490,700
166,705,197,705,197,721,166,721
200,708,229,708,229,721,200,721
514,708,542,708,542,722,514,722
544,708,581,708,581,722,544,722
166,740,196,740,196,760,166,760
198,741,224,741,224,760,198,760
225,741,277,741,277,758,225,758
513,744,540,744,540,760,513,760
538,741,584,744,582,769,537,767
290,799,332,802,331,820,289,817
332,802,384,804,383,821,331,819
426,802,456,802,456,817,426,817
386,804,422,804,422,817,386,817
249,850,317,850,317,867,249,867
477,850,518,850,518,868,477,868
329,852,361,852,361,869,329,869
394,852,442,849,443,866,396,869
364,853,393,853,393,868,364,868
444,853,473,853,473,866,444,866
