428,75,494,64,497,82,431,93
353,107,522,76,525,92,355,123
507,110,559,101,562,119,510,128
472,117,504,111,507,130,475,136
548,118,578,118,578,136,548,136
411,133,467,119,472,139,416,152
541,125,550,125,550,140,541,140
480,132,540,121,544,142,484,153
564,135,617,126,620,147,568,156
390,136,411,136,411,155,390,155
431,144,469,140,471,160,433,164
541,143,551,143,551,160,541,160
586,148,620,148,620,166,586,166
548,150,581,150,581,176,548,176
408,151,428,151,428,170,408,170
495,153,506,153,506,166,495,166
478,155,488,155,488,170,478,170
383,156,403,156,403,173,383,173
521,160,550,160,550,180,521,180
425,165,462,162,464,179,426,183
485,165,516,165,516,188,485,188
418,170,428,170,428,185,418,185
586,170,608,170,608,186,586,186
383,173,411,173,411,191,383,191
449,195,579,171,583,191,452,216
350,176,378,176,378,195,350,195
616,178,650,178,650,201,616,201
578,185,611,185,611,210,578,210
550,191,571,191,571,211,550,211
375,193,413,193,413,210,375,210
341,196,370,196,370,215,341,215
513,198,545,198,545,218,513,218
403,210,425,210,425,225,403,225
465,211,500,211,500,228,465,228
378,213,396,213,396,228,378,228
495,223,552,213,556,234,498,244
343,216,370,216,370,233,343,233
618,221,641,221,641,238,618,238
590,225,611,225,611,245,590,245
481,226,500,226,500,245,481,245
368,230,406,230,406,248,368,248
532,238,590,228,594,247,536,257
325,235,363,235,363,253,325,253
386,246,415,246,415,265,386,265
590,246,613,246,613,263,590,263
553,251,585,251,585,270,553,270
385,268,480,250,483,268,389,286
526,256,546,256,546,275,526,275
365,270,373,270,373,286,365,286
356,271,365,271,365,286,356,286
328,271,355,271,355,290,328,290
428,279,459,275,461,291,430,296
532,291,581,274,588,294,538,311
398,283,418,283,418,301,398,301
391,286,400,286,400,301,391,301
353,286,391,286,391,305,353,305
611,295,653,288,657,307,614,314
483,295,517,291,519,308,485,313
473,300,485,300,485,313,473,313
424,307,460,299,464,318,427,326
566,301,605,301,605,318,566,318
403,310,428,310,428,326,403,326
476,316,505,316,505,335,476,335
645,316,668,316,668,340,645,340
440,323,469,320,471,339,442,342
615,321,640,321,640,345,615,345
397,331,436,325,439,343,400,349
588,326,606,326,606,345,588,345
365,330,393,330,393,350,365,350
529,337,571,331,573,354,532,359
330,336,360,336,360,356,330,356
475,345,534,336,538,360,479,369
614,342,667,335,670,359,617,366
578,348,608,348,608,368,578,368
428,353,463,353,463,373,428,373
551,355,571,355,571,373,551,373
358,361,380,361,380,381,358,381
335,371,345,371,345,385,335,385
401,376,449,372,451,391,403,395
351,381,396,381,396,398,351,398
598,387,649,380,652,402,601,409
335,386,345,386,345,400,335,400
552,395,591,388,594,408,555,414
518,400,548,400,548,418,518,418
650,400,673,400,673,421,650,421
464,405,514,400,516,422,466,427
611,403,645,403,645,426,611,426
575,408,606,408,606,431,575,431
440,410,460,410,460,428,440,428
378,414,434,411,435,430,380,434
317,420,381,415,382,434,318,439
511,418,533,418,533,440,511,440
476,421,506,421,506,443,476,443
601,427,652,420,655,442,603,448
440,428,471,425,472,444,442,447
586,431,593,431,593,445,586,445
556,433,586,433,586,451,556,451
309,438,366,435,367,454,310,457
520,438,551,438,551,455,520,455
467,441,516,439,517,461,468,464
651,440,675,440,675,461,651,461
613,443,646,443,646,466,613,466
443,446,463,446,463,466,443,466
310,457,436,447,437,468,312,478
575,448,610,448,610,470,575,470
511,456,533,456,533,476,511,476
478,460,506,460,506,480,478,480
643,461,675,461,675,481,643,481
443,463,473,463,473,485,443,485
636,466,645,466,645,481,636,481
596,468,628,468,628,486,596,486
568,470,591,470,591,491,568,491
311,475,368,472,369,491,312,494
530,473,560,473,560,493,530,493
470,478,508,478,508,500,470,500
513,480,535,480,535,513,513,513
443,483,463,483,463,501,443,501
615,483,650,483,650,505,615,505
391,488,439,484,441,506,393,510
312,493,394,486,396,507,313,513
588,488,616,488,616,506,588,506
478,498,510,498,510,518,478,518
453,501,473,501,473,518,453,518
616,503,675,503,675,523,616,523
560,508,601,508,601,530,560,530
314,511,369,508,371,527,315,531
533,513,555,513,555,533,533,533
496,516,526,516,526,533,496,533
445,522,491,517,493,536,447,541
655,521,678,521,678,540,655,540
403,523,441,523,441,541,403,541
616,523,650,523,650,545,616,545
314,530,404,524,406,543,315,549
588,525,608,525,608,545,588,545
515,533,538,533,538,553,515,553
480,535,511,535,511,556,480,556
456,538,476,538,476,556,456,556
597,543,659,541,660,563,598,566
668,543,678,543,678,558,668,558
398,546,406,546,406,561,398,561
315,548,371,545,372,564,316,567
561,550,591,550,591,566,561,566
535,553,556,553,556,570,535,570
481,556,520,556,520,575,481,575
315,565,442,557,444,578,317,586
448,558,475,558,475,576,448,576
656,560,681,560,681,581,656,581
618,561,651,561,651,585,618,585
590,566,610,566,610,583,590,583
518,571,540,571,540,591,518,591
483,573,513,573,513,595,483,595
458,576,476,576,476,593,458,593
317,585,373,581,374,601,318,604
508,591,603,583,605,605,510,614
451,595,470,595,470,613,451,613
362,599,444,595,445,615,363,619
476,596,505,596,505,611,476,611
660,600,683,600,683,621,660,621
320,601,368,601,368,623,320,623
620,601,653,601,653,623,620,623
593,605,615,605,615,625,593,625
520,610,540,610,540,628,520,628
486,611,515,611,515,631,486,631
461,613,481,613,481,631,461,631
319,621,376,619,377,638,320,640
621,621,665,621,665,645,621,645
591,625,615,625,615,643,591,643
555,626,586,626,586,646,555,646
488,630,550,630,550,650,488,650
453,631,483,631,483,653,453,653
320,640,446,632,447,652,321,659
620,641,656,641,656,661,620,661
661,641,685,641,685,660,661,660
585,645,618,645,618,666,585,666
523,648,545,648,545,668,523,668
490,650,518,650,518,668,490,668
463,651,485,651,485,670,463,670
321,658,378,655,379,674,321,677
403,658,411,658,411,671,403,671
568,665,626,665,626,685,568,685
541,666,570,666,570,686,541,686
341,676,370,676,370,695,341,695
376,676,405,676,405,693,376,693
626,701,661,701,661,723,626,723
666,701,691,701,691,721,666,721
590,703,621,703,621,723,590,723
439,708,488,706,488,724,440,727
493,706,536,706,536,725,493,725
396,710,435,710,435,728,396,728
326,712,365,715,364,733,325,731
370,713,390,713,390,730,370,730
638,723,661,723,661,741,638,741
495,726,539,728,538,746,493,743
443,728,488,728,488,746,443,746
371,730,408,730,408,748,371,748
415,730,435,730,435,746,415,746
432,756,481,754,482,774,433,776
488,756,531,756,531,773,488,773
390,758,428,758,428,776,390,776
326,761,383,761,383,778,326,778
595,773,626,773,626,791,595,791
633,773,666,773,666,795,633,795
671,773,696,773,696,795,671,795
408,776,447,778,446,797,407,794
328,778,358,778,358,798,328,798
365,778,401,778,401,796,365,796
375,796,403,796,403,815,375,815
500,796,518,796,518,810,500,810
348,798,368,798,368,816,348,816
455,811,485,811,485,831,455,831
500,811,520,811,520,830,500,830
409,815,447,812,449,831,410,833
348,816,368,816,368,835,348,835
375,816,405,816,405,835,375,835
493,830,521,830,521,850,493,850
446,831,485,831,485,850,446,850
403,832,442,834,441,852,402,849
608,833,633,833,633,855,608,855
636,833,673,833,673,855,636,855
676,835,700,835,700,856,676,856
366,836,396,836,396,851,366,851
631,846,638,846,638,853,631,853
475,850,516,850,516,871,475,871
520,850,558,850,558,871,520,871
386,851,415,851,415,870,386,870
421,851,470,851,470,871,421,871
563,850,624,854,623,876,562,873
460,870,548,870,548,890,460,890
361,878,371,878,371,891,361,891
378,876,398,876,398,891,378,891
581,885,768,888,768,915,581,913
351,893,373,893,373,911,351,911
378,893,415,893,415,910,378,910
355,913,365,913,365,930,355,930
363,911,391,911,391,930,363,930
398,911,426,911,426,930,398,930
433,911,471,911,471,930,433,930
473,930,481,930,481,946,473,946
425,929,465,931,464,950,424,948
481,928,519,932,517,950,480,947
523,930,551,930,551,950,523,950
355,931,391,931,391,950,355,950
398,933,418,933,418,948,398,948
560,932,599,936,597,954,558,951
356,951,385,951,385,968,356,968
605,953,625,953,625,980,605,980
633,953,676,953,676,975,633,975
391,967,449,970,448,990,390,986
356,970,385,970,385,988,356,988
358,988,396,988,396,1006,358,1006
401,988,430,988,430,1006,401,1006
438,988,476,988,476,1006,438,1006
358,1007,397,1010,396,1028,357,1026
430,1007,461,1010,459,1027,428,1024
403,1011,423,1011,423,1026,403,1026
450,1046,481,1046,481,1065,450,1065
515,1046,545,1046,545,1065,515,1065
486,1048,508,1048,508,1065,486,1065
555,1050,601,1050,601,1086,555,1086
611,1050,688,1050,688,1088,611,1088
698,1051,790,1051,790,1088,698,1088
478,1065,510,1065,510,1083,478,1083
516,1066,546,1066,546,1085,516,1085
536,1100,633,1100,633,1135,536,1135
642,1098,765,1105,762,1152,639,1145
350,1108,371,1108,371,1125,350,1125
376,1110,405,1110,405,1126,376,1126
411,1108,532,1115,531,1134,410,1128
