286,168,330,168,330,189,286,189
332,170,370,167,371,187,333,190
130,169,170,169,170,189,130,189
173,170,225,170,225,190,173,190
225,173,285,173,285,190,225,190
322,193,356,193,356,212,322,212
109,194,142,194,142,213,109,213
144,192,201,198,199,218,142,212
280,194,320,194,320,213,280,213
202,196,241,196,241,214,202,214
242,196,278,196,278,213,242,213
73,197,101,197,101,213,73,213
73,222,117,222,117,241,73,241
118,224,152,224,152,241,118,241
180,224,224,224,224,241,180,241
153,225,178,225,178,240,153,240
74,246,98,246,98,265,74,265
238,246,334,246,334,265,238,265
100,248,197,248,197,265,100,265
208,249,237,249,237,264,208,264
74,269,110,269,110,286,74,286
146,270,192,270,192,286,146,286
192,270,213,270,213,288,192,288
225,270,310,270,310,288,225,288
110,272,144,272,144,288,110,288
345,292,398,292,398,309,345,309
398,292,428,292,428,306,398,306
72,294,101,294,101,309,72,309
314,294,336,294,336,308,314,308
104,293,143,298,141,314,102,309
218,296,238,296,238,310,218,310
260,296,288,296,288,310,260,310
389,317,429,317,429,334,389,334
366,318,388,318,388,337,366,337
281,321,312,321,312,338,281,338
64,322,86,322,86,338,64,338
88,322,110,322,110,337,88,337
112,322,132,322,132,337,112,337
258,322,280,322,280,337,258,337
389,341,429,341,429,360,389,360
366,344,386,344,386,360,366,360
64,345,86,345,86,364,64,364
282,345,313,345,313,362,282,362
117,346,138,346,138,364,117,364
260,346,277,346,277,360,260,360
89,348,113,348,113,362,89,362
389,366,429,366,429,384,389,384
368,368,388,368,388,385,368,385
270,370,278,370,278,384,270,384
282,369,313,369,313,385,282,385
65,370,86,370,86,388,65,388
89,370,121,370,121,388,89,388
122,370,152,370,152,388,122,388
154,370,176,370,176,386,154,386
368,390,389,390,389,409,368,409
390,390,429,390,429,409,390,409
261,393,280,393,280,408,261,408
284,393,312,393,312,408,284,408
65,394,102,394,102,413,65,413
101,396,126,396,126,412,101,412
129,396,156,396,156,413,129,413
155,397,198,395,199,410,156,412
369,414,390,414,390,432,369,432
390,414,430,414,430,432,390,432
270,417,281,417,281,433,270,433
284,417,313,417,313,433,284,433
158,418,180,418,180,434,158,434
65,420,88,420,88,437,65,437
89,420,122,420,122,436,89,436
126,420,156,420,156,436,126,436
392,437,432,437,432,454,392,454
369,438,390,438,390,453,369,453
285,440,314,440,314,457,285,457
262,441,281,441,281,456,262,456
145,442,166,442,166,460,145,460
169,442,189,442,189,460,169,460
65,443,109,444,109,461,64,459
112,444,141,444,141,458,112,458
393,461,433,461,433,478,393,478
370,462,392,462,392,480,370,480
285,464,316,464,316,481,285,481
262,465,284,465,284,482,262,482
65,468,89,468,89,485,65,485
90,466,137,468,137,487,90,485
137,469,167,467,168,482,138,484
172,468,193,468,193,484,172,484
394,485,434,485,434,502,394,502
372,486,390,486,390,504,372,504
285,488,316,488,316,505,285,505
264,489,282,489,282,506,264,506
146,490,172,490,172,509,146,509
102,492,132,492,132,510,102,510
132,492,142,492,142,506,132,506
66,493,102,493,102,510,66,510
356,512,389,512,389,530,356,530
390,512,433,512,433,529,390,529
64,513,108,519,106,538,62,532
108,516,148,518,147,535,107,533
412,538,434,538,434,556,412,556
108,542,149,542,149,561,108,561
150,542,182,542,182,560,150,560
183,541,227,544,226,560,181,557
64,544,109,544,109,562,64,562
355,566,390,564,391,583,356,585
392,565,436,565,436,584,392,584
64,568,109,572,107,594,62,590
177,570,217,570,217,586,177,586
108,572,130,572,130,590,108,590
130,572,173,572,173,588,130,588
287,597,365,594,365,617,288,620
157,598,206,598,206,622,157,622
244,600,283,598,285,619,245,622
209,602,242,602,242,621,209,621
115,606,154,604,155,623,116,625
