236,84,377,84,377,105,236,105
385,83,467,85,466,108,384,106
204,117,255,123,252,145,202,139
256,121,293,121,293,141,256,141
298,121,345,121,345,141,298,141
350,122,389,122,389,142,350,142
396,124,434,124,434,144,396,144
440,124,493,128,491,147,438,143
54,156,90,156,90,174,54,174
194,201,264,201,264,236,194,236
352,205,417,205,417,240,352,240
272,206,344,206,344,237,272,237
425,206,514,209,513,243,424,241
70,250,116,250,116,270,70,270
121,247,185,254,183,276,119,268
221,250,252,250,252,272,221,272
281,252,333,252,333,273,281,273
374,253,423,256,422,276,373,274
426,254,464,254,464,281,426,281
490,257,562,257,562,278,490,278
565,256,610,258,609,280,564,278
58,285,248,285,248,308,58,308
253,286,298,286,298,310,253,310
304,290,348,290,348,312,304,312
352,292,382,292,382,312,352,312
385,290,442,290,442,313,385,313
445,294,518,294,518,314,445,314
522,293,589,295,589,316,522,314
593,296,624,296,624,316,593,316
56,320,97,320,97,341,56,341
103,318,164,324,162,347,101,342
165,321,202,321,202,346,165,346
413,326,477,326,477,352,413,352
53,357,96,357,96,381,53,381
101,360,154,360,154,381,101,381
265,364,313,364,313,382,265,382
413,366,436,366,436,389,413,389
433,366,476,366,476,386,433,386
554,366,589,366,589,390,554,390
586,366,629,366,629,388,586,388
50,402,234,402,234,426,50,426
240,405,286,405,286,428,240,428
290,405,326,405,326,428,290,428
381,408,426,408,426,429,381,429
431,405,503,410,502,434,429,428
505,407,567,407,567,429,505,429
573,408,605,408,605,429,573,429
330,408,378,412,376,431,329,427
266,444,314,444,314,462,266,462
416,444,438,444,438,468,416,468
434,442,478,442,478,466,434,466
557,444,634,444,634,468,557,468
38,487,105,491,103,520,36,516
106,494,146,494,146,517,106,517
224,498,256,498,256,518,224,518
602,525,648,525,648,548,602,548
569,526,606,526,606,550,569,550
36,525,103,531,100,559,34,554
105,527,173,531,171,558,104,554
174,537,182,537,182,552,174,552
608,574,653,574,653,598,608,598
574,577,613,577,613,601,574,601
35,578,102,584,99,614,32,608
102,582,150,582,150,609,102,609
611,616,657,614,658,638,612,640
577,617,616,617,616,642,577,642
348,620,404,620,404,644,348,644
34,621,92,621,92,648,34,648
95,622,178,620,179,646,96,648
184,622,230,622,230,645,184,645
610,653,657,653,657,676,610,676
578,656,614,656,614,680,578,680
260,658,307,655,308,677,261,681
182,657,222,657,222,684,182,684
347,658,403,656,404,679,348,681
226,658,258,658,258,681,226,681
95,661,179,659,180,685,96,687
34,662,91,660,92,686,34,688
173,721,359,714,360,739,174,746
49,726,89,726,89,750,49,750
93,728,146,728,146,749,93,749
245,760,288,760,288,782,245,782
95,762,153,760,153,785,96,787
158,759,243,762,242,787,157,783
54,765,92,765,92,792,54,792
640,796,652,796,652,814,640,814
55,803,119,803,119,825,55,825
128,806,188,806,188,824,128,824
608,837,656,837,656,861,608,861
58,838,122,840,121,865,58,863
125,841,181,841,181,866,125,866
184,842,242,842,242,866,184,866
58,881,127,887,124,913,55,907
128,882,184,882,184,909,128,909
186,884,246,884,246,908,186,908
588,921,654,919,655,946,589,948
57,924,101,924,101,949,57,949
104,924,133,924,133,950,104,950
136,921,229,928,227,955,134,948
230,924,280,924,280,949,230,949
284,924,333,924,333,953,284,953
474,982,654,979,655,1005,474,1009
74,981,110,981,110,1013,74,1013
113,982,158,982,158,1009,113,1009
162,982,397,982,397,1009,162,1009
401,982,470,982,470,1014,401,1014
