433,249,483,249,483,268,433,268
490,252,514,252,514,266,490,266
512,254,530,254,530,268,512,268
389,268,410,268,410,282,389,282
432,268,467,268,467,284,432,284
471,268,490,268,490,284,471,284
409,270,428,270,428,286,409,286
496,270,521,270,521,286,496,286
528,272,544,272,544,286,528,286
540,270,576,270,576,288,540,288
377,286,396,286,396,302,377,302
425,288,466,288,466,304,425,304
471,287,583,290,583,308,470,305
403,291,421,291,421,304,403,304
313,302,350,307,348,324,311,319
353,305,371,305,371,323,353,323
368,305,403,305,403,321,368,321
423,307,449,307,449,323,423,323
455,308,481,311,480,326,454,323
478,308,513,311,512,328,477,325
517,309,560,309,560,325,517,325
564,309,608,314,606,331,562,326
613,316,631,316,631,329,613,329
320,323,348,323,348,339,320,339
352,325,378,325,378,343,352,343
384,325,419,325,419,343,384,343
448,328,483,332,481,346,447,342
425,330,442,330,442,343,425,343
501,329,528,329,528,345,501,345
532,328,576,330,576,348,531,345
580,329,623,332,622,349,578,346
313,343,330,343,330,359,313,359
359,345,385,345,385,361,359,361
337,348,353,348,353,361,337,361
391,346,409,346,409,361,391,361
446,347,481,350,480,367,445,364
485,348,512,348,512,364,485,364
416,352,441,352,441,364,416,364
515,350,544,350,544,366,515,366
562,350,581,350,581,366,562,366
586,352,629,352,629,368,586,368
549,355,558,355,558,366,549,366
375,366,400,366,400,382,375,382
405,366,433,366,433,382,405,382
437,368,457,368,457,384,437,384
462,368,487,368,487,384,462,384
492,369,519,369,519,385,492,385
524,369,551,369,551,385,524,385
555,368,591,373,588,392,552,387
352,385,362,385,362,400,352,400
372,383,401,386,399,402,370,399
405,387,431,389,430,404,404,401
437,389,453,389,453,403,437,403
458,387,480,387,480,403,458,403
483,388,526,391,524,410,482,407
531,389,549,389,549,407,531,407
554,389,572,389,572,407,554,407
578,391,604,391,604,407,578,407
364,403,414,403,414,421,364,421
419,404,574,409,574,429,419,425
579,416,597,416,597,426,579,426
355,425,421,425,421,442,355,442
460,429,532,433,531,450,459,446
428,432,460,432,460,444,428,444
531,433,554,433,554,448,531,448
554,435,581,435,581,448,554,448
585,433,604,433,604,448,585,448
354,463,436,467,435,486,353,481
451,469,515,469,515,485,451,485
531,471,594,471,594,489,531,489
305,483,323,483,323,499,305,499
327,485,355,485,355,503,327,503
361,485,387,485,387,503,361,503
432,487,460,487,460,505,432,505
394,490,428,490,428,505,394,505
496,489,531,489,531,506,496,506
466,490,492,490,492,506,466,506
535,489,581,495,578,513,533,508
583,494,618,494,618,512,583,512
302,525,346,529,344,546,300,542
352,526,371,526,371,544,352,544
416,530,458,530,458,549,416,549
464,531,547,531,547,549,464,549
558,533,626,533,626,551,558,551
302,546,337,546,337,563,302,563
341,549,384,549,384,565,341,565
389,549,442,549,442,569,389,569
446,549,482,549,482,567,446,567
487,550,524,554,522,571,485,567
528,553,546,553,546,569,528,569
551,553,576,553,576,570,551,570
581,554,626,554,626,570,581,570
300,585,416,588,416,607,300,604
421,590,464,590,464,608,421,608
469,592,505,592,505,608,469,608
510,592,553,592,553,610,510,610
298,608,352,608,352,626,298,626
375,611,384,611,384,626,375,626
439,613,448,613,448,629,439,629
453,611,487,611,487,629,453,629
485,613,505,613,505,629,485,629
549,615,570,615,570,633,549,633
574,615,602,615,602,633,574,633
606,615,626,615,626,633,606,633
297,629,339,629,339,647,297,647
338,628,414,630,414,649,337,647
417,631,448,631,448,649,417,649
451,633,485,633,485,650,451,650
485,633,503,633,503,650,485,650
508,634,560,634,560,652,508,652
563,636,624,636,624,654,563,654
295,649,348,649,348,668,295,668
426,652,448,652,448,670,426,670
451,654,485,654,485,672,451,672
483,654,503,654,503,672,483,672
549,656,624,658,624,679,549,677
293,690,331,695,328,714,291,709
359,693,396,693,396,711,359,711
401,695,446,695,446,713,401,713
336,699,355,699,355,711,336,711
450,696,493,699,492,716,448,713
547,699,567,699,567,716,547,716
565,699,606,699,606,718,565,718
604,700,624,700,624,718,604,718
334,713,372,719,369,737,332,732
398,715,444,720,442,739,396,734
448,717,492,720,490,739,447,736
377,722,394,722,394,734,377,734
288,757,344,763,342,781,286,775
348,759,385,759,385,777,348,777
389,761,433,761,433,779,389,779
441,764,484,766,483,781,440,778
286,780,323,780,323,798,286,798
329,782,357,782,357,800,329,800
537,786,570,786,570,807,537,807
570,786,604,786,604,805,570,805
602,787,622,787,622,805,602,805
284,825,321,825,321,844,284,844
327,827,362,827,362,844,327,844
369,827,396,827,396,844,369,844
414,832,448,832,448,843,414,843
537,832,572,832,572,851,537,851
570,832,606,832,606,850,570,850
602,832,622,832,622,850,602,850
281,871,309,871,309,889,281,889
350,870,388,874,386,893,348,888
391,873,428,873,428,891,391,891
433,873,469,873,469,892,433,892
314,875,343,875,343,892,314,892
554,878,570,878,570,898,554,898
569,876,597,876,597,896,569,896
602,878,624,878,624,898,602,898
281,892,329,892,329,916,281,916
332,894,361,894,361,912,332,912
366,894,412,894,412,914,366,914
416,896,455,896,455,916,416,916
460,898,498,898,498,916,460,916
502,895,556,899,554,920,500,915
295,917,316,917,316,935,295,935
321,921,341,921,341,935,321,935
295,940,314,940,314,958,295,958
320,942,357,942,357,960,320,960
293,962,331,965,330,984,292,981
336,965,364,965,364,983,336,983
369,969,414,969,414,987,369,987
292,985,331,988,330,1007,290,1004
361,987,400,992,398,1011,359,1006
336,990,355,990,355,1006,336,1006
405,989,452,994,450,1013,403,1008
455,990,485,990,485,1010,455,1010
490,992,526,992,526,1010,490,1010
279,1058,318,1058,318,1076,279,1076
324,1057,372,1063,369,1082,321,1076
436,1059,468,1066,464,1085,433,1078
471,1061,517,1061,517,1081,471,1081
375,1063,405,1063,405,1079,375,1079
410,1065,430,1065,430,1079,410,1079
522,1065,544,1065,544,1083,522,1083
549,1065,578,1065,578,1083,549,1083
583,1070,611,1070,611,1084,583,1084
304,1082,343,1086,341,1105,302,1101
348,1084,375,1084,375,1102,348,1102
382,1083,412,1086,410,1105,380,1102
409,1084,471,1084,471,1106,409,1106
478,1086,508,1086,508,1106,478,1106
547,1088,576,1088,576,1108,547,1108
512,1090,542,1090,542,1109,512,1109
266,1129,288,1129,288,1149,266,1149
293,1131,321,1131,321,1149,293,1149
329,1130,446,1132,446,1153,328,1150
451,1134,498,1134,498,1154,451,1154
503,1134,551,1134,551,1154,503,1154
574,1138,620,1138,620,1157,574,1157
