322,301,379,297,381,316,323,321
385,298,428,298,428,315,385,315
272,303,319,300,320,322,273,324
211,303,271,303,271,325,211,325
120,308,171,306,172,328,121,330
173,306,208,306,208,325,173,325
366,326,391,326,391,345,366,345
320,330,354,327,355,344,321,347
283,331,320,331,320,348,283,348
188,336,200,336,200,353,188,353
200,335,238,335,238,353,200,353
240,335,271,335,271,353,240,353
163,338,185,338,185,355,163,355
364,350,463,348,463,365,365,368
267,357,321,353,322,369,268,373
328,356,366,356,366,368,328,368
253,356,270,356,270,371,253,371
218,358,240,358,240,373,218,373
129,361,193,359,193,377,130,379
191,360,210,360,210,376,191,376
211,361,220,361,220,375,211,375
91,363,125,363,125,380,91,380
346,374,389,376,388,393,345,391
388,375,428,375,428,391,388,391
299,378,346,375,347,393,300,396
250,381,270,381,270,396,250,396
193,383,231,383,231,401,193,401
160,385,191,385,191,401,160,401
128,386,160,386,160,401,128,401
326,411,390,411,390,436,326,436
278,415,323,415,323,440,278,440
173,418,221,418,221,445,173,445
224,420,273,417,274,441,225,444
313,450,346,450,346,466,313,466
261,453,315,453,315,470,261,470
216,455,251,455,251,471,216,471
238,478,275,478,275,498,238,498
315,478,330,478,330,495,315,495
276,480,313,480,313,498,276,498
428,495,461,495,461,511,428,511
376,498,428,496,428,513,376,516
333,500,358,500,358,520,333,520
296,503,331,503,331,520,296,520
236,506,270,506,270,523,236,523
195,508,216,508,216,525,195,525
130,511,172,513,171,530,129,528
95,513,126,513,126,530,95,530
89,537,206,532,207,551,90,555
340,551,361,551,361,568,340,568
310,553,336,553,336,571,310,571
275,556,308,554,309,571,276,573
211,556,250,556,250,576,211,576
251,556,275,556,275,573,251,573
168,560,208,560,208,578,168,578
123,563,145,563,145,580,123,580
146,563,166,563,166,581,146,581
93,565,121,565,121,581,93,581
445,570,476,570,476,588,445,588
423,571,450,571,450,588,423,588
317,579,371,575,372,594,318,598
233,583,256,583,256,598,233,598
183,586,223,586,223,600,183,600
92,616,211,609,212,628,93,635
308,630,335,630,335,648,308,648
338,630,360,630,360,646,338,646
275,631,306,631,306,650,275,650
207,634,247,632,249,651,208,653
250,633,271,633,271,650,250,650
166,638,206,638,206,656,166,656
95,643,141,640,142,658,96,660
143,641,165,641,165,660,143,660
451,646,483,646,483,665,451,665
430,650,451,650,451,666,430,666
345,653,376,653,376,671,345,671
323,656,345,656,345,673,323,673
206,663,226,663,226,676,206,676
236,661,261,661,261,676,236,676
213,696,235,696,235,713,213,713
135,698,160,698,160,716,135,716
91,698,135,701,134,720,90,718
193,701,205,701,205,715,193,715
458,701,491,701,491,720,458,720
428,703,463,703,463,721,428,721
246,715,291,715,291,733,246,733
208,718,243,718,243,738,208,738
178,721,206,721,206,740,178,740
93,723,136,723,136,746,93,746
136,725,178,725,178,741,136,741
465,733,495,733,495,751,465,751
431,735,463,735,463,753,431,753
286,743,323,743,323,761,286,761
190,748,221,748,221,766,190,766
136,751,188,751,188,770,136,770
96,755,135,755,135,773,96,773
466,760,496,760,496,778,466,778
188,778,230,778,230,795,188,795
140,781,163,781,163,800,140,800
165,781,186,781,186,798,165,798
101,783,138,783,138,801,101,801
382,800,493,793,494,814,383,821
228,810,329,803,331,826,230,833
331,805,381,805,381,828,331,828
145,816,233,811,234,833,147,839
110,818,145,818,145,838,110,838
83,820,110,820,110,841,83,841
312,838,381,833,382,853,313,857
266,840,311,840,311,861,266,861
233,843,265,843,265,861,233,861
371,863,416,863,416,881,371,881
320,865,370,865,370,883,320,883
288,868,318,868,318,886,288,886
226,873,263,873,263,890,226,890
265,873,286,873,286,888,265,888
198,875,225,875,225,891,198,891
156,942,471,920,473,950,158,972
