408,261,451,261,451,287,408,287
449,259,488,259,488,289,449,289
486,261,518,261,518,293,486,293
519,258,574,272,566,306,510,292
569,266,637,276,633,307,565,297
378,295,405,295,405,328,378,328
405,298,442,298,442,330,405,330
442,300,488,300,488,332,442,332
489,303,554,313,550,344,484,334
550,307,620,307,620,344,550,344
622,312,661,312,661,341,622,341
119,319,315,321,314,371,118,369
378,341,392,341,392,366,378,366
394,341,433,341,433,371,394,371
434,342,486,345,484,374,432,371
495,346,513,346,513,375,495,375
518,346,543,346,543,376,518,376
547,344,606,359,598,390,540,375
600,351,627,351,627,380,600,380
625,350,659,350,659,380,625,380
428,382,465,382,465,412,428,412
464,381,605,388,604,419,462,412
311,442,357,442,357,469,311,469
426,446,472,446,472,472,426,472
367,447,417,447,417,470,367,470
481,449,542,449,542,474,481,474
113,474,179,482,176,510,109,502
188,479,248,479,248,504,188,504
249,478,397,484,396,510,247,504
407,485,451,485,451,510,407,510
449,486,479,486,479,510,449,510
558,488,598,488,598,513,558,513
599,489,684,492,684,517,598,514
682,494,710,494,710,517,682,517
113,515,190,515,190,543,113,543
188,518,234,518,234,542,188,542
531,526,597,526,597,550,531,550
597,526,708,530,707,556,596,551
115,593,165,593,165,620,115,620
176,593,239,597,237,623,174,618
376,598,423,598,423,622,376,622
430,601,477,598,479,623,432,626
529,600,558,600,558,623,529,623
622,600,646,600,646,623,622,623
646,600,705,600,705,629,646,629
115,630,165,630,165,657,115,657
218,632,252,632,252,659,218,659
263,632,323,632,323,657,263,657
174,634,207,634,207,657,174,657
334,633,395,635,394,660,333,657
405,636,502,636,502,659,405,659
566,636,607,636,607,662,566,662
515,638,556,638,556,662,515,662
115,670,309,670,309,694,115,694
405,671,431,671,431,693,405,693
431,671,476,671,476,694,431,694
616,671,654,671,654,694,616,694
655,675,700,675,700,700,655,700
191,742,253,740,254,769,192,771
614,741,652,741,652,762,614,762
654,741,696,741,696,762,654,762
117,742,179,742,179,771,117,771
364,742,423,742,423,767,364,767
263,744,323,744,323,769,263,769
335,744,360,744,360,766,335,766
678,774,693,774,693,794,678,794
191,778,254,778,254,808,191,808
117,780,181,780,181,810,117,810
263,780,296,780,296,806,263,806
305,780,367,780,367,805,305,805
616,810,655,810,655,833,616,833
654,810,696,810,696,833,654,833
279,817,325,817,325,844,279,844
115,819,181,819,181,849,115,849
190,821,268,821,268,846,190,846
657,844,698,844,698,867,657,867
618,846,655,846,655,867,618,867
128,860,193,856,195,885,130,889
204,858,252,858,252,885,204,885
662,879,703,879,703,902,662,902
191,895,238,895,238,924,191,924
248,895,295,895,295,922,248,922
113,897,179,897,179,927,113,927
467,918,524,918,524,947,467,947
532,920,602,916,603,942,533,946
408,924,455,924,455,954,408,954
309,931,339,931,339,957,309,957
351,931,398,931,398,954,351,954
236,934,296,934,296,961,236,961
568,1032,629,1032,629,1061,568,1061
485,1039,558,1039,558,1064,485,1064
426,1045,472,1045,472,1069,426,1069
366,1046,415,1046,415,1073,366,1073
289,1052,355,1045,359,1074,292,1082
231,1057,279,1057,279,1084,231,1084
686,1065,730,1068,728,1093,684,1091
613,1073,674,1069,676,1093,615,1097
545,1073,606,1073,606,1100,545,1100
515,1077,545,1077,545,1105,515,1105
414,1086,504,1079,506,1106,416,1112
369,1089,403,1089,403,1114,369,1114
293,1094,355,1090,356,1116,295,1120
172,1102,283,1095,285,1122,174,1130
110,1107,159,1107,159,1132,110,1132
614,1148,661,1148,661,1174,614,1174
558,1149,606,1149,606,1178,558,1178
501,1155,550,1155,550,1181,501,1181
458,1158,490,1158,490,1185,458,1185
367,1166,447,1160,449,1187,370,1193
308,1171,357,1168,358,1194,309,1197
264,1174,300,1174,300,1199,264,1199
204,1176,255,1176,255,1203,204,1203
675,1183,718,1183,718,1205,675,1205
648,1185,673,1185,673,1206,648,1206
561,1191,646,1188,647,1210,561,1213
506,1194,545,1194,545,1215,506,1215
430,1201,504,1195,506,1219,432,1226
251,1211,419,1200,420,1225,252,1236
178,1217,236,1215,237,1235,179,1238
116,1221,179,1217,180,1241,117,1244
