369,365,392,365,392,380,369,380
392,365,410,365,410,380,392,380
409,365,440,365,440,380,409,380
438,365,461,365,461,378,438,378
348,366,369,366,369,380,348,380
392,384,414,384,414,398,392,398
417,385,424,385,424,397,417,397
426,384,450,384,450,398,426,398
450,384,480,384,480,397,450,397
330,385,344,385,344,400,330,400
344,385,362,385,362,398,344,398
362,385,392,385,392,398,362,398
209,401,305,401,305,425,209,425
364,402,388,402,388,417,364,417
409,402,440,404,439,419,408,417
440,402,462,402,462,417,440,417
348,404,362,404,362,418,348,418
386,404,408,404,408,417,386,417
378,421,445,420,445,435,378,437
360,422,380,422,380,438,360,438
444,424,449,424,449,433,444,433
301,456,326,456,326,470,301,470
330,456,356,456,356,470,330,470
358,456,384,456,384,469,358,469
386,456,418,456,418,469,386,469
430,472,512,472,512,486,430,486
242,474,274,474,274,489,242,489
273,474,348,474,348,489,273,489
352,474,376,474,376,488,352,488
374,474,389,474,389,488,374,488
206,476,238,476,238,490,206,490
452,489,512,489,512,504,452,504
417,490,453,490,453,504,417,504
208,493,238,493,238,509,208,509
237,494,267,492,268,506,238,508
468,524,514,524,514,538,468,538
338,526,364,526,364,541,338,541
366,526,390,526,390,541,366,541
417,526,433,526,433,540,417,540
208,529,232,529,232,544,208,544
237,529,269,529,269,544,237,544
280,544,304,544,304,560,280,560
316,544,348,544,348,558,316,558
389,544,426,544,426,557,389,557
353,545,384,545,384,560,353,560
206,546,246,546,246,561,206,561
252,546,276,546,276,560,252,560
489,561,514,559,515,573,490,575
469,561,485,561,485,574,469,574
345,562,364,562,364,576,345,576
368,562,392,562,392,576,368,576
206,565,305,563,305,577,206,580
280,597,312,597,312,613,280,613
333,597,364,597,364,612,333,612
470,597,488,597,488,610,470,610
492,597,517,597,517,610,492,610
206,598,238,598,238,614,206,614
244,598,276,598,276,614,244,614
320,601,328,601,328,613,320,613
280,616,298,616,298,633,280,633
302,616,334,616,334,630,302,630
509,617,517,617,517,628,509,628
206,617,240,617,240,634,206,634
244,617,276,617,276,633,244,633
470,633,489,633,489,646,470,646
493,633,518,633,518,646,493,646
288,635,311,634,313,649,289,651
206,636,238,636,238,652,206,652
242,636,283,634,284,650,242,652
472,652,489,652,489,665,472,665
493,652,518,652,518,665,493,665
213,656,245,656,245,670,213,670
250,656,274,656,274,670,250,670
244,673,268,673,268,689,244,689
205,674,238,674,238,689,205,689
272,674,297,674,297,688,272,688
384,689,416,689,416,704,384,704
421,689,458,689,458,704,421,704
301,690,320,690,320,708,301,708
351,692,378,688,381,703,354,708
265,692,297,692,297,708,265,708
324,692,349,692,349,705,324,705
354,746,381,746,381,764,354,764
429,746,461,746,461,762,429,762
257,748,281,748,281,764,257,764
286,748,318,748,318,764,286,764
325,748,349,748,349,762,325,762
385,747,425,749,425,763,384,761
406,766,454,766,454,781,406,781
332,768,349,768,349,781,332,781
356,768,402,768,402,781,356,781
460,768,493,768,493,781,460,781
497,768,522,768,522,782,497,782
234,769,289,769,289,784,234,784
294,769,312,769,312,782,294,782
310,769,326,769,326,782,310,782
204,772,228,772,228,785,204,785
370,804,388,804,388,820,370,820
424,804,450,804,450,821,424,821
296,805,320,805,320,821,296,821
325,805,366,805,366,820,325,820
393,805,418,805,418,820,393,820
241,806,268,806,268,822,241,822
272,806,292,806,292,822,272,822
453,806,480,806,480,820,453,820
271,826,358,824,358,839,272,841
362,825,402,825,402,840,362,840
401,825,424,825,424,840,401,840
430,826,487,825,488,838,430,840
492,825,517,825,517,838,492,838
201,830,235,827,236,842,202,845
234,829,260,829,260,842,234,842
260,832,264,832,264,840,260,840
