271,120,371,128,370,148,269,139
377,129,435,132,434,151,376,147
252,146,284,154,281,168,248,161
284,150,312,151,311,167,283,165
313,152,349,156,347,170,312,166
352,155,379,157,378,171,351,169
382,157,412,157,412,170,382,170
428,162,452,162,452,172,428,172
240,201,289,201,289,225,240,225
296,206,347,210,346,231,294,227
350,208,398,208,398,232,350,232
402,210,466,210,466,234,402,234
150,226,184,226,184,242,150,242
187,227,233,234,231,250,184,243
258,233,281,233,281,249,258,249
301,236,336,236,336,250,301,250
366,238,402,242,401,256,365,252
405,241,429,241,429,257,405,257
449,241,503,244,502,258,448,256
504,244,536,244,536,258,504,258
142,252,174,252,174,269,142,269
174,252,268,257,267,273,174,269
270,258,292,258,292,272,270,272
294,262,353,262,353,274,294,274
354,262,396,262,396,276,354,276
398,262,429,262,429,277,398,277
433,262,456,262,456,276,433,276
289,282,321,282,321,292,289,292
394,282,406,282,406,296,394,296
409,282,440,282,440,296,409,296
497,282,553,284,553,298,496,296
137,299,274,302,274,317,137,314
278,304,318,304,318,317,278,317
322,306,382,304,383,320,322,322
430,306,462,306,462,321,430,321
385,308,428,308,428,322,385,322
464,305,506,311,504,326,462,320
516,308,540,308,540,322,516,322
288,326,322,326,322,338,288,338
386,329,413,329,413,345,386,345
412,329,444,329,444,344,412,344
502,332,528,332,528,348,502,348
526,332,558,332,558,346,526,346
132,352,220,352,220,369,132,369
218,352,275,354,274,372,218,370
277,354,302,354,302,372,277,372
305,354,350,357,349,374,304,370
350,356,372,356,372,372,350,372
410,356,445,356,445,374,410,374
376,356,408,360,406,375,374,371
446,358,468,358,468,374,446,374
470,358,515,360,514,380,469,377
516,361,540,361,540,377,516,377
286,381,321,381,321,394,286,394
389,382,414,382,414,400,389,400
413,382,446,382,446,398,413,398
505,384,533,387,531,403,503,400
530,385,564,385,564,402,530,402
126,407,273,409,273,428,126,426
276,409,312,409,312,428,276,428
316,409,353,409,353,428,316,428
356,412,418,412,418,430,356,430
422,413,469,413,469,432,422,432
472,414,504,414,504,430,472,430
522,414,548,414,548,430,522,430
506,417,518,417,518,430,506,430
284,437,321,437,321,450,284,450
389,438,417,438,417,458,389,458
414,440,449,440,449,457,414,457
509,440,534,440,534,458,509,458
534,440,569,440,569,457,534,457
121,465,272,467,271,487,121,485
276,468,306,468,306,486,276,486
310,469,358,469,358,488,310,488
361,470,406,470,406,490,361,490
408,470,437,470,437,489,408,489
440,472,485,472,485,492,440,492
488,472,514,472,514,489,488,489
282,497,320,497,320,513,282,513
390,498,420,498,420,518,390,518
416,498,450,498,450,517,416,517
513,500,542,500,542,520,513,520
538,500,574,500,574,517,538,517
114,528,268,528,268,548,114,548
272,530,297,530,297,548,272,548
298,530,322,530,322,549,298,549
322,530,352,530,352,549,322,549
354,530,394,530,394,549,354,549
397,530,453,530,453,549,397,549
457,532,484,532,484,549,457,549
230,558,242,558,242,573,230,573
281,558,318,558,318,573,281,573
390,558,421,558,421,578,390,578
418,558,454,558,454,577,418,577
518,560,544,560,544,578,518,578
545,560,582,560,582,577,545,577
100,595,153,599,151,622,98,618
153,598,186,598,186,618,153,618
246,601,272,601,272,620,246,620
517,623,561,627,559,648,516,645
556,625,594,625,594,645,556,645
96,624,149,628,147,652,94,648
152,627,205,631,203,652,150,649
213,657,252,657,252,678,213,678
93,658,140,658,140,680,93,680
142,659,209,657,209,678,142,680
340,660,385,660,385,681,340,681
520,660,564,660,564,682,520,682
560,660,597,660,597,680,560,680
561,696,598,696,598,717,561,717
126,697,156,697,156,720,126,720
520,697,564,697,564,718,520,718
158,698,185,698,185,720,158,720
189,698,245,698,245,720,189,720
89,700,124,700,124,721,89,721
196,751,355,749,356,773,197,775
92,753,126,753,126,776,92,776
129,754,174,754,174,776,129,776
205,789,270,789,270,812,205,812
170,789,202,789,202,814,170,814
92,790,124,790,124,817,92,817
127,793,169,791,170,811,128,814
576,818,601,818,601,837,576,837
88,830,145,830,145,852,88,852
150,833,206,833,206,850,150,850
562,852,598,852,598,872,562,872
201,865,253,865,253,886,201,886
149,866,198,866,198,889,149,889
86,868,144,868,144,889,86,889
204,901,254,901,254,921,204,921
152,902,200,902,200,924,152,924
88,903,149,906,147,927,86,923
531,919,597,916,598,936,532,939
160,927,240,930,239,953,159,950
288,927,331,932,328,952,285,947
242,930,285,930,285,949,242,949
90,933,128,933,128,952,90,952
130,933,157,933,157,953,130,953
540,959,586,956,587,972,541,975
444,962,542,958,542,974,445,978
185,968,381,965,381,981,185,984
386,965,440,965,440,982,386,982
112,968,141,968,141,984,112,984
144,969,181,969,181,984,144,984
383,989,421,987,421,999,384,1001
324,991,378,987,379,1001,325,1005
284,990,321,990,321,1002,284,1002
