120,158,165,158,165,182,120,182
170,162,306,169,305,191,169,185
363,168,409,166,410,190,364,192
306,166,361,166,361,192,306,192
49,189,82,189,82,209,49,209
92,187,134,189,132,212,91,210
136,190,203,198,200,220,134,212
205,196,249,196,249,217,205,217
253,197,294,197,294,218,253,218
298,197,345,197,345,221,298,221
349,197,389,197,389,221,349,221
51,220,101,225,99,246,48,240
102,226,142,226,142,246,102,246
144,228,175,231,174,250,142,247
175,232,223,229,224,250,176,253
48,252,77,252,77,272,48,272
80,252,195,259,194,280,79,273
208,261,242,261,242,281,208,281
245,261,357,264,357,285,244,282
48,279,90,281,89,302,47,299
92,284,159,287,158,311,91,308
160,286,186,286,186,312,160,312
189,288,213,288,213,308,189,308
226,290,327,292,326,312,226,310
45,310,80,310,80,330,45,330
83,310,130,319,126,339,79,330
217,320,241,320,241,338,217,338
265,320,299,322,298,340,264,338
330,324,357,324,357,342,330,342
368,324,430,324,430,344,368,344
433,326,470,326,470,345,433,345
33,344,74,344,74,362,33,362
77,346,132,348,131,366,76,363
261,353,286,353,286,372,261,372
288,354,324,354,324,373,288,373
344,357,357,357,357,373,344,373
389,357,416,357,416,376,389,376
418,358,466,358,466,377,418,377
33,366,82,374,79,397,29,389
82,373,129,379,127,399,79,393
381,388,408,388,408,408,381,408
412,389,462,389,462,409,412,409
30,403,80,405,79,424,29,422
81,406,126,406,126,426,81,426
129,409,164,409,164,428,129,428
167,408,220,414,218,434,165,427
434,422,461,422,461,441,434,441
30,431,79,438,76,461,26,453
78,438,104,438,104,458,78,458
105,440,154,440,154,460,105,460
158,442,205,442,205,462,158,462
376,452,404,452,404,472,376,472
406,452,459,455,458,475,405,473
133,473,189,473,189,501,133,501
86,476,129,476,129,500,86,500
192,480,229,480,229,504,192,504
233,480,277,480,277,505,233,505
281,480,372,482,371,510,280,507
