343,118,383,118,383,135,343,135
315,121,341,118,342,134,316,137
268,125,311,125,311,138,268,138
246,125,263,125,263,138,246,138
322,134,396,128,397,145,323,151
281,136,313,136,313,153,281,153
240,140,256,140,256,153,240,153
261,141,276,141,276,153,261,153
386,143,425,143,425,160,386,160
353,150,361,150,361,163,353,163
365,148,396,148,396,176,365,176
331,151,341,151,341,165,331,165
211,151,236,151,236,168,211,168
318,153,326,153,326,165,318,165
238,153,263,153,263,166,238,166
270,155,278,155,278,166,270,166
276,153,306,153,306,168,276,168
400,156,425,156,425,173,400,173
298,161,313,161,313,181,298,181
351,160,368,160,368,176,351,176
323,163,348,163,348,180,323,180
205,168,228,168,228,181,205,181
233,170,265,170,265,183,233,183
268,168,293,168,293,183,268,183
312,183,396,176,397,190,313,197
401,176,418,176,418,188,401,188
203,181,235,181,235,196,203,196
253,181,306,181,306,198,253,198
421,185,446,185,446,201,421,201
393,186,418,186,418,203,393,203
373,188,390,188,390,205,373,205
345,190,370,190,370,206,345,206
191,198,196,198,196,208,191,208
198,196,221,196,221,211,198,211
226,196,258,196,258,211,226,211
305,196,335,196,335,211,305,211
270,198,303,198,303,228,270,228
305,209,376,203,377,221,306,226
240,211,265,211,265,226,240,226
264,230,424,219,425,234,265,244
423,218,441,218,441,231,423,231
190,225,236,225,236,241,190,241
243,228,265,228,265,241,243,241
663,235,675,235,675,250,663,250
403,236,420,236,420,248,403,248
375,236,398,236,398,250,375,250
683,233,694,241,675,266,665,258
325,240,369,237,371,252,326,256
213,240,245,240,245,255,213,255
251,243,273,243,273,256,251,256
308,243,330,243,330,256,308,256
278,245,301,245,301,256,278,256
689,247,699,253,687,274,676,268
368,256,400,256,400,271,368,271
321,260,351,260,351,275,321,275
361,261,370,261,370,271,361,271
251,261,305,261,305,276,251,276
313,265,321,265,321,275,313,275
657,262,667,269,652,290,641,283
416,270,448,270,448,285,416,285
341,273,373,273,373,290,341,290
376,273,413,273,413,288,376,288
170,276,188,276,188,291,170,291
191,276,216,276,216,293,191,293
221,276,245,276,245,291,221,291
285,276,310,276,310,291,285,291
251,280,281,280,281,291,251,291
315,278,338,278,338,291,315,291
644,280,655,288,636,313,625,305
413,291,441,291,441,308,413,308
438,291,456,291,456,306,438,306
398,293,415,293,415,310,398,310
652,290,663,297,644,327,633,320
348,296,387,293,389,311,350,314
314,298,353,296,354,313,315,315
215,298,231,298,231,313,215,313
171,301,201,301,201,315,171,315
271,300,310,300,310,316,271,316
420,306,456,306,456,323,420,323
627,306,638,315,618,339,607,330
391,310,415,310,415,325,391,325
371,311,388,311,388,326,371,326
171,313,201,313,201,328,171,328
251,313,290,313,290,330,251,330
296,315,326,315,326,328,296,328
210,316,246,316,246,328,210,328
420,338,436,338,436,353,420,353
625,343,674,339,675,352,626,356
201,341,276,341,276,358,201,358
323,341,375,341,375,358,323,358
380,343,403,343,403,356,380,356
173,343,203,343,203,358,173,358
280,343,318,343,318,358,280,358
559,363,697,343,699,360,562,379
441,351,458,351,458,366,441,366
413,353,438,353,438,370,413,370
401,356,411,356,411,370,401,370
310,356,335,356,335,373,310,373
338,356,356,356,356,371,338,371
173,358,200,358,200,373,173,373
201,358,220,358,220,373,201,373
290,360,306,360,306,371,290,371
400,368,418,368,418,385,400,385
373,370,398,370,398,386,373,386
361,373,370,373,370,386,361,386
191,375,200,375,200,388,191,388
688,373,730,373,730,390,688,390
218,375,241,375,241,388,218,388
803,375,846,375,846,393,803,393
205,378,213,378,213,388,205,388
658,376,685,376,685,393,658,393
766,378,805,378,805,400,766,400
607,382,654,379,656,396,608,399
588,383,605,383,605,398,588,398
381,386,398,386,398,400,381,400
205,386,241,386,241,403,205,403
240,386,278,386,278,403,240,403
281,386,320,386,320,401,281,401
325,386,363,386,363,401,325,401
667,391,744,385,745,403,668,408
175,388,205,388,205,403,175,403
443,396,460,396,460,411,443,411
625,396,656,396,656,411,625,411
415,398,440,398,440,413,415,413
583,398,600,398,600,413,583,413
733,401,774,396,776,413,735,418
311,400,335,400,335,416,311,416
340,400,356,400,356,416,340,416
396,400,413,400,413,413,396,413
603,400,620,400,620,413,603,413
175,401,223,401,223,418,175,418
290,401,308,401,308,416,290,416
713,405,723,405,723,418,713,418
676,408,686,408,686,421,676,421
700,408,708,408,708,420,700,420
663,410,671,410,671,421,663,421
611,413,650,413,650,426,611,426
720,411,746,411,746,433,720,433
375,413,400,413,400,430,375,430
401,413,420,413,420,428,401,428
558,413,580,413,580,428,558,428
583,413,606,413,606,428,583,428
356,416,371,416,371,430,356,430
750,415,781,415,781,431,750,431
640,416,656,416,656,438,640,438
193,420,201,420,201,431,193,431
220,418,243,418,243,433,220,433
698,418,716,418,716,435,698,435
670,420,695,420,695,436,670,436
390,428,406,428,406,445,390,445
405,430,461,430,461,443,405,443
613,430,636,430,636,441,613,441
235,430,280,430,280,446,235,446
283,430,321,430,321,446,283,446
325,430,343,430,343,445,325,445
346,430,386,430,386,445,346,445
551,430,575,430,575,445,551,445
578,431,608,431,608,443,578,443
178,431,236,431,236,448,178,448
656,435,746,431,747,450,656,454
753,433,770,433,770,445,753,445
597,443,658,437,659,453,598,459
438,440,461,440,461,456,438,456
416,441,441,441,441,458,416,458
773,441,800,441,800,458,773,458
341,443,358,443,358,460,341,460
396,443,413,443,413,458,396,458
581,445,595,445,595,458,581,458
745,443,770,443,770,461,745,461
291,445,308,445,308,460,291,460
311,445,338,445,338,460,311,460
551,445,575,445,575,460,551,460
180,448,206,448,206,461,180,461
206,446,225,446,225,461,206,461
721,446,740,446,740,463,721,463
693,448,718,448,718,465,693,465
650,453,681,453,681,468,650,468
650,455,725,450,727,478,651,483
376,456,401,456,401,473,376,473
403,456,421,456,421,471,403,471
613,456,645,456,645,473,613,473
356,458,371,458,371,473,356,473
573,458,608,458,608,473,573,473
538,460,568,460,568,475,538,475
196,463,201,463,201,473,196,473
210,465,216,465,216,475,210,475
221,463,246,463,246,478,221,478
585,471,644,468,645,484,586,488
390,471,428,471,428,488,390,488
433,473,456,473,456,486,433,486
179,475,281,472,282,489,180,492
326,473,345,473,345,488,326,488
348,471,389,474,388,490,347,488
587,486,771,472,772,489,588,503
778,475,796,475,796,486,778,486
285,475,323,475,323,490,285,490
418,485,443,485,443,501,418,501
445,485,463,485,463,500,445,500
398,486,415,486,415,501,398,501
293,488,310,488,310,505,293,505
315,488,338,488,338,503,315,503
341,488,360,488,360,503,341,503
541,488,581,488,581,505,541,505
183,491,212,493,211,508,182,505
208,490,226,490,226,505,208,505
756,491,775,491,775,503,756,503
725,495,751,492,752,504,727,507
713,495,718,495,718,505,713,505
675,498,706,496,707,508,676,511
653,500,675,500,675,511,653,511
405,500,423,500,423,515,405,515
625,501,648,501,648,513,625,513
358,501,373,501,373,516,358,516
376,501,401,501,401,516,376,516
590,503,613,503,613,516,590,516
561,503,591,503,591,518,561,518
198,508,211,508,211,520,198,520
223,506,248,506,248,521,223,521
211,510,220,510,220,520,211,520
720,511,753,511,753,526,720,526
433,513,463,513,463,530,433,530
371,515,430,517,429,531,371,529
711,516,721,516,721,526,711,526
245,516,283,516,283,533,245,533
285,518,311,515,312,531,287,534
315,516,368,516,368,531,315,531
668,516,701,516,701,531,668,531
211,518,248,518,248,533,211,533
660,520,670,520,670,531,660,531
183,520,211,520,211,535,183,535
597,522,649,518,651,533,598,538
771,526,806,522,808,537,773,541
727,528,768,525,769,541,728,543
421,530,445,530,445,543,421,543
448,528,465,528,465,543,448,543
691,528,723,528,723,545,691,545
401,531,416,531,416,543,401,543
295,531,311,531,311,546,295,546
316,531,340,531,340,546,316,546
343,531,361,531,361,546,343,546
185,535,228,535,228,548,185,548
661,533,686,533,686,548,661,548
631,535,656,535,656,550,631,550
570,538,593,538,593,555,570,555
597,542,628,538,629,550,598,554
543,540,566,540,566,558,543,558
435,543,465,543,465,558,435,558
521,543,540,543,540,558,521,558
316,545,368,545,368,561,316,561
371,545,395,545,395,560,371,560
395,546,430,546,430,560,395,560
773,543,818,543,818,578,773,578
213,546,285,546,285,563,213,563
288,546,311,546,311,561,288,561
751,546,776,546,776,563,751,563
185,548,213,548,213,563,185,563
677,552,739,548,740,566,678,570
663,555,680,555,680,570,663,570
448,556,465,556,465,571,448,571
400,558,418,558,418,573,400,573
421,558,446,558,446,571,421,571
620,558,681,558,681,586,620,586
316,560,341,560,341,575,316,575
345,560,361,560,361,575,345,575
298,563,313,563,313,575,298,575
563,561,581,561,581,576,563,576
185,563,201,563,201,578,185,578
213,563,230,563,230,576,213,576
745,563,770,563,770,580,745,580
523,565,560,565,560,580,523,580
723,565,740,565,740,581,723,581
288,573,320,573,320,590,288,590
323,573,348,573,348,590,323,590
213,575,286,575,286,591,213,591
358,575,383,575,383,590,358,590
388,576,406,576,406,588,388,588
598,575,638,575,638,590,598,590
185,576,215,576,215,591,185,591
558,576,595,576,595,591,558,591
525,580,555,580,555,595,525,595
448,585,466,585,466,600,448,600
409,590,451,587,452,601,410,604
318,588,341,588,341,603,318,603
345,588,363,588,363,603,345,603
300,591,315,591,315,603,300,603
186,591,210,591,210,606,186,606
213,591,231,591,231,606,213,606
771,595,788,595,788,608,771,608
731,595,750,595,750,610,731,610
696,596,728,596,728,611,696,611
756,598,765,598,765,608,756,608
665,598,691,598,691,615,665,615
408,600,425,600,425,615,408,615
630,600,661,600,661,616,630,616
368,603,375,603,375,615,368,615
380,601,405,601,405,616,380,616
525,607,626,600,627,617,526,624
801,605,820,605,820,620,801,620
201,608,210,608,210,620,201,620
228,606,251,606,251,621,228,621
770,606,796,606,796,623,770,623
748,608,766,608,766,623,748,623
688,611,706,611,706,626,688,626
660,613,685,613,685,630,660,630
339,616,391,613,392,629,340,632
396,616,431,616,431,630,396,630
640,615,664,618,662,632,638,629
212,617,286,615,287,633,213,635
290,618,315,618,315,633,290,633
186,620,215,620,215,635,186,635
320,621,335,621,335,633,320,633
525,622,569,618,571,635,527,639
756,621,775,621,775,638,756,638
726,623,751,623,751,640,726,640
705,625,721,625,721,641,705,641
423,630,446,630,446,640,423,640
451,630,466,630,466,638,451,638
318,630,341,630,341,646,318,646
345,630,363,630,363,645,345,645
401,630,418,630,418,648,401,648
298,631,315,631,315,646,298,646
186,635,210,635,210,650,186,650
213,635,230,635,230,648,213,648
568,635,593,635,593,651,568,651
540,636,565,636,565,651,540,651
378,642,396,638,398,649,380,652
425,643,466,643,466,661,425,661
200,648,226,648,226,670,200,670
227,651,251,649,252,659,228,662
393,648,421,648,421,665,393,665
378,650,391,650,391,665,378,665
773,650,801,650,801,666,773,666
805,650,823,650,823,665,805,665
366,653,375,653,375,668,366,668
333,653,360,653,360,670,333,670
751,653,770,653,770,668,751,668
285,658,328,656,329,674,286,676
665,660,701,660,701,673,665,673
450,660,466,660,466,675,450,675
621,660,660,660,660,676,621,676
182,668,266,660,267,679,183,686
273,663,281,663,281,676,273,676
420,661,445,661,445,678,420,678
585,661,616,661,616,676,585,676
405,666,415,666,415,680,405,680
531,666,560,666,560,681,531,681
565,668,581,668,581,678,565,678
151,670,185,670,185,688,151,688
335,670,353,670,353,686,335,686
303,671,330,671,330,690,303,690
665,673,696,673,696,688,665,688
290,676,300,676,300,691,290,691
623,675,661,675,661,690,623,690
405,678,423,678,423,695,405,695
565,678,596,678,596,693,565,693
601,680,618,680,618,691,601,691
375,680,401,680,401,698,375,698
351,683,371,683,371,700,351,700
183,685,203,685,203,701,183,701
151,686,185,686,185,703,151,703
453,691,470,691,470,706,453,706
421,693,448,693,448,710,421,710
615,698,654,696,655,712,616,714
660,696,698,696,698,711,660,711
375,699,418,697,419,713,376,715
200,702,228,698,229,716,202,719
580,700,611,700,611,715,580,715
337,703,371,700,372,716,338,718
531,703,578,701,578,717,531,719
171,705,180,705,180,718,171,718
186,705,196,705,196,716,186,716
778,703,805,703,805,720,778,720
808,703,828,703,828,720,808,720
315,706,331,706,331,720,315,720
453,705,471,705,471,721,453,721
756,705,773,705,773,720,756,720
421,708,449,705,451,724,423,727
274,710,309,707,310,723,275,725
152,719,269,707,271,726,154,738
410,713,418,713,418,726,410,726
535,718,565,718,565,731,535,731
570,718,591,718,591,730,570,730
304,722,333,716,337,734,308,740
338,718,358,718,358,733,338,733
771,718,806,718,806,735,771,735
810,718,828,718,828,733,810,733
293,725,303,725,303,738,293,738
410,725,428,725,428,743,410,743
625,725,656,725,656,741,625,741
661,725,686,725,686,740,661,740
685,726,718,726,718,753,685,753
380,728,405,728,405,746,380,746
590,728,621,728,621,743,590,743
356,731,375,731,375,748,356,748
535,731,558,731,558,746,535,746
563,731,586,731,586,746,563,746
153,735,206,732,207,749,155,752
721,735,768,735,768,751,721,751
605,740,645,740,645,756,605,756
646,740,681,740,681,755,646,755
556,743,573,743,573,760,556,760
578,743,601,743,601,756,578,756
536,745,558,745,558,761,536,761
203,750,231,747,233,764,205,767
173,751,200,751,200,768,173,768
458,751,475,751,475,768,458,768
428,755,455,755,455,773,428,773
396,758,423,758,423,775,396,775
550,761,566,761,566,775,550,775
573,763,588,763,588,775,573,775
311,770,353,770,353,785,311,785
436,770,455,770,455,786,436,786
262,774,307,770,309,788,263,791
551,775,568,775,568,790,551,790
573,776,596,776,596,788,573,788
223,778,258,778,258,795,223,795
198,783,218,783,218,798,198,798
313,785,346,785,346,801,313,801
158,786,195,786,195,803,158,803
615,786,646,786,646,801,615,801
588,790,611,790,611,803,588,803
265,791,308,788,309,804,266,807
553,791,583,791,583,805,553,805
241,795,260,795,260,810,241,810
718,796,750,796,750,811,718,811
200,798,235,798,235,813,200,813
688,798,713,798,713,813,688,813
645,800,685,800,685,815,645,815
610,801,641,801,641,816,610,816
555,806,585,806,585,820,555,820
588,805,605,805,605,818,588,818
461,806,478,806,478,821,461,821
429,810,457,807,459,824,431,827
306,811,348,809,349,825,306,827
258,816,301,812,303,829,260,834
400,815,427,812,429,829,401,832
218,820,255,820,255,838,218,838
555,820,578,820,578,833,555,833
159,828,213,825,214,842,160,845
583,831,630,831,630,846,583,846
556,836,580,836,580,848,556,848
236,836,271,836,271,851,236,851
194,841,231,839,232,855,195,857
163,845,190,845,190,860,163,860
591,846,616,846,616,861,591,861
621,848,651,848,651,860,621,860
556,848,588,848,588,863,556,863
463,850,480,850,480,865,463,865
108,841,130,856,65,953,43,938
435,853,458,853,458,870,435,870
205,856,231,856,231,871,205,871
318,858,338,858,338,873,318,873
411,858,430,858,430,875,411,875
146,860,178,860,178,878,146,878
180,860,200,860,200,876,180,876
278,861,306,861,306,878,278,878
615,861,640,861,640,875,615,875
556,863,588,863,588,880,556,880
593,863,610,863,610,876,593,876
236,867,273,863,275,882,238,886
313,871,338,871,338,888,313,888
191,871,235,871,235,908,191,908
183,876,193,876,193,891,183,891
270,878,306,874,308,892,272,896
373,879,422,874,424,892,375,897
146,881,186,881,186,911,146,911
233,883,268,883,268,901,233,901
336,883,371,883,371,900,336,900
710,886,751,886,751,903,710,903
294,892,331,887,333,904,297,909
681,888,706,888,706,905,681,905
633,891,656,891,656,905,633,905
661,893,678,893,678,905,661,905
185,895,193,895,193,906,185,906
247,897,292,893,294,911,248,915
281,909,364,898,366,915,283,926
226,901,245,901,245,916,226,916
118,898,132,907,90,968,76,958
653,905,678,905,678,920,653,920
683,906,708,906,708,920,683,920
715,906,730,906,730,918,715,918
176,908,196,908,196,923,176,923
28,913,43,913,43,931,28,931
416,918,441,918,441,936,416,936
211,921,230,921,230,936,211,936
186,923,203,923,203,938,186,938
126,919,140,928,106,978,92,969
143,933,153,933,153,943,143,943
186,933,243,933,243,1006,186,1006
803,936,845,936,845,953,803,953
137,935,151,944,122,989,107,979
751,940,785,940,785,956,751,956
371,943,404,939,406,955,373,959
261,943,296,943,296,960,261,960
671,945,696,945,696,960,671,960
230,950,257,947,259,961,232,964
341,946,368,946,368,963,341,963
294,953,336,950,337,966,295,969
147,953,181,958,173,1019,140,1015
255,959,291,957,292,973,256,975
353,963,363,963,363,1003,353,1003
233,965,251,965,251,976,233,976
229,991,278,989,278,1001,230,1003
271,1000,295,1000,295,1011,271,1011
240,1003,263,1003,263,1015,240,1015
356,1003,365,1003,365,1015,356,1015
201,1005,233,1005,233,1015,201,1015
265,1013,288,1013,288,1023,265,1023
195,1015,236,1015,236,1041,195,1041
241,1016,258,1016,258,1025,241,1025
366,1030,381,1030,381,1040,366,1040
335,1031,360,1031,360,1041,335,1041
283,1033,306,1033,306,1043,283,1043
313,1033,330,1033,330,1043,313,1043
336,1043,360,1043,360,1051,336,1051
