460,170,490,170,490,192,460,192
436,172,460,172,460,192,436,192
377,173,406,173,406,192,377,192
406,173,437,173,437,192,406,192
489,173,516,173,516,192,489,192
357,197,376,197,376,217,357,217
376,197,400,197,400,217,376,217
429,197,457,197,457,217,429,217
504,195,540,201,536,222,500,216
400,198,430,198,430,217,400,217
458,198,469,198,469,216,458,216
473,198,504,198,504,217,473,217
188,214,313,214,313,246,188,246
421,222,448,222,448,242,421,242
370,224,389,224,389,242,370,242
392,224,422,224,422,242,392,242
451,222,494,228,491,247,448,242
492,224,522,224,522,242,492,242
385,249,409,249,409,268,385,268
409,249,505,249,505,268,409,268
306,293,338,293,338,312,306,312
373,293,405,293,405,313,373,313
410,293,452,293,452,313,410,313
344,294,366,294,366,312,344,312
185,315,225,317,225,336,184,334
230,317,270,317,270,334,230,334
270,316,365,318,365,338,270,336
494,318,575,316,576,334,494,336
372,318,393,318,393,334,372,334
476,318,497,318,497,336,476,336
393,320,421,320,421,334,393,334
184,338,224,338,224,358,184,358
457,342,585,339,585,357,457,360
230,341,261,341,261,357,230,357
225,344,232,344,232,356,225,356
514,385,576,385,576,405,514,405
185,386,214,386,214,405,185,405
221,385,263,388,262,407,220,404
378,389,410,387,411,406,380,408
352,389,374,389,374,405,352,405
446,389,466,389,466,404,446,404
232,409,261,409,261,428,232,428
184,410,225,410,225,426,184,426
269,412,308,412,308,430,269,430
314,412,354,412,354,429,314,429
361,412,392,412,392,429,361,429
426,412,466,412,466,428,426,428
474,412,536,412,536,429,474,429
398,413,421,413,421,429,398,429
182,433,205,433,205,449,182,449
210,433,270,433,270,451,210,451
295,435,343,433,344,450,296,452
277,436,288,436,288,450,277,450
352,436,373,436,373,452,352,452
182,454,306,457,306,475,182,473
360,458,388,458,388,474,360,474
388,458,417,458,417,474,388,474
522,458,545,458,545,476,522,476
552,458,584,458,584,476,552,476
181,478,205,478,205,496,181,496
552,481,585,481,585,500,552,500
513,482,542,482,542,498,513,498
180,522,221,522,221,542,180,542
228,522,269,522,269,544,228,544
276,524,317,524,317,544,276,544
342,526,381,526,381,545,342,545
322,528,334,528,334,544,322,544
522,530,553,530,553,546,522,546
552,530,585,530,585,548,552,548
178,545,220,545,220,566,178,566
226,546,268,546,268,568,226,568
276,549,285,549,285,566,276,566
294,548,334,548,334,568,294,568
502,554,533,554,533,570,502,570
541,554,576,554,576,572,541,572
177,569,220,569,220,590,177,590
284,570,314,570,314,592,284,592
225,572,278,572,278,590,225,590
522,580,546,580,546,596,522,596
553,580,586,580,586,597,553,597
186,594,228,594,228,614,186,614
234,597,266,597,266,614,234,614
522,604,546,604,546,621,522,621
552,605,586,605,586,622,552,622
225,617,256,617,256,638,225,638
177,618,218,618,218,638,177,638
262,621,294,621,294,640,262,640
533,629,553,629,553,646,533,646
553,629,588,629,588,648,553,648
253,644,292,644,292,664,253,664
300,644,321,644,321,664,300,664
365,645,397,645,397,666,365,666
328,646,360,646,360,664,328,664
404,648,445,648,445,668,404,668
452,650,502,650,502,670,452,670
241,716,272,716,272,734,241,734
278,716,318,716,318,736,278,736
364,718,396,718,396,740,364,740
326,720,357,720,357,737,326,737
402,723,455,726,454,747,401,743
461,726,504,726,504,748,461,748
173,741,204,741,204,760,173,760
212,741,281,743,281,762,211,760
308,744,328,744,328,761,308,761
286,745,308,745,308,760,286,760
336,745,357,745,357,762,336,762
365,744,425,749,423,767,364,763
430,752,452,752,452,769,430,769
450,752,494,752,494,772,450,772
501,755,545,757,545,775,500,773
552,757,588,761,586,781,550,776
220,789,252,789,252,809,220,809
258,790,282,790,282,809,258,809
288,790,318,790,318,810,288,810
325,790,377,790,377,812,325,812
382,794,404,794,404,813,382,813
410,798,444,798,444,818,410,818
450,801,484,801,484,821,450,821
490,805,525,805,525,825,490,825
210,813,249,813,249,830,210,830
170,814,202,814,202,832,170,832
202,816,210,816,210,829,202,829
258,814,365,817,365,837,258,833
370,820,421,820,421,840,370,840
420,824,450,824,450,842,420,842
460,826,535,830,534,850,459,846
541,833,576,836,575,854,540,851
