347,296,387,293,389,315,349,318
300,298,346,298,346,321,300,321
136,300,177,300,177,321,136,321
181,302,236,302,236,322,181,322
236,305,298,305,298,322,236,322
337,324,374,321,375,341,338,343
113,324,150,326,149,345,112,343
293,325,336,325,336,345,293,345
76,326,105,326,105,344,76,344
152,324,212,331,209,351,150,344
213,328,253,328,253,346,213,346
256,328,292,328,292,346,256,346
76,352,123,355,122,374,75,371
125,356,160,356,160,374,125,374
161,357,189,357,189,374,161,374
189,360,234,357,235,374,191,377
252,382,353,377,354,396,253,401
77,380,102,380,102,397,77,397
105,381,209,381,209,400,105,400
221,384,250,384,250,398,221,398
239,406,329,403,329,421,240,424
77,405,116,405,116,422,77,422
117,406,154,406,154,425,117,425
156,406,180,406,180,424,156,424
180,406,228,406,228,424,180,424
423,423,454,421,455,436,424,439
365,426,422,423,423,441,366,444
334,429,356,429,356,444,334,444
277,430,305,430,305,446,277,446
76,432,108,432,108,449,76,449
110,430,153,436,151,454,107,448
233,433,256,433,256,449,233,449
413,450,457,450,457,469,413,469
390,453,413,453,413,470,390,470
349,457,361,457,361,472,349,472
300,458,332,458,332,476,300,476
286,460,298,460,298,476,286,476
66,461,105,461,105,480,66,480
112,462,148,462,148,478,112,478
152,462,174,462,174,478,152,478
411,478,457,475,458,493,412,496
385,478,410,478,410,497,385,497
64,484,112,488,110,509,62,504
112,486,157,490,155,509,111,505
436,504,460,504,460,522,436,522
113,516,157,516,157,534,113,534
158,516,192,516,192,533,158,533
193,515,241,517,241,532,192,530
65,517,113,517,113,534,65,534
415,534,462,531,463,551,416,553
389,536,414,536,414,554,389,554
65,543,113,547,111,568,64,565
188,545,230,545,230,561,188,561
113,546,137,546,137,566,113,566
138,546,185,546,185,564,138,564
303,569,388,565,390,591,304,595
258,573,301,569,303,594,260,598
166,574,218,574,218,601,166,601
221,578,258,576,259,597,223,599
121,581,163,579,165,602,122,604
