184,206,236,206,236,226,184,226
273,252,294,252,294,266,273,266
293,252,326,252,326,265,293,265
125,253,140,253,140,266,125,266
140,253,156,253,156,266,140,266
157,253,172,253,172,266,157,266
236,268,257,268,257,282,236,282
124,269,140,269,140,282,124,282
141,269,156,269,156,282,141,282
157,269,172,269,172,282,157,282
173,269,186,269,186,282,173,282
257,269,269,269,269,282,257,282
270,270,278,270,278,281,270,281
277,269,298,269,298,282,277,282
298,269,320,269,320,282,298,282
188,272,194,272,194,281,188,281
244,285,261,285,261,298,244,298
261,285,281,285,281,298,261,298
282,285,298,285,298,298,282,298
298,285,314,285,314,298,298,298
316,285,326,285,326,298,316,298
290,301,328,301,328,314,290,314
125,302,161,302,161,316,125,316
162,302,177,302,177,314,162,314
124,318,161,318,161,332,124,332
162,318,177,318,177,332,162,332
261,318,328,318,328,332,261,332
125,334,149,334,149,349,125,349
165,334,182,334,182,348,165,348
149,336,165,336,165,349,149,349
182,336,206,336,206,349,182,349
292,336,326,336,326,349,292,349
125,368,141,368,141,382,125,382
145,367,171,370,169,385,143,382
294,368,326,368,326,382,294,382
276,373,293,373,293,378,276,378
125,385,142,385,142,398,125,398
146,385,162,385,162,400,146,400
162,385,178,385,178,398,162,398
180,385,196,385,196,398,180,398
125,402,145,402,145,416,125,416
145,402,173,402,173,416,145,416
226,417,261,417,261,432,226,432
177,418,220,418,220,433,177,433
125,434,137,434,137,449,125,449
137,434,153,434,153,449,137,449
246,436,254,436,254,449,246,449
300,434,328,434,328,448,300,448
192,436,221,436,221,449,192,449
233,436,245,436,245,449,233,449
253,436,273,436,273,448,253,448
292,450,328,450,328,464,292,464
125,452,149,452,149,465,125,465
172,452,217,452,217,465,172,465
234,452,253,452,253,465,234,465
138,466,168,466,168,481,138,481
246,466,270,466,270,481,246,481
300,466,329,466,329,480,300,480
126,468,137,468,137,481,126,481
168,468,221,468,221,481,168,481
234,468,245,468,245,480,234,480
272,468,290,468,290,481,272,481
128,498,164,498,164,517,128,517
168,500,205,500,205,514,168,514
242,500,296,500,296,514,242,514
294,500,329,500,329,514,294,514
125,517,142,517,142,532,125,532
164,517,184,517,184,532,164,532
185,517,196,517,196,532,185,532
197,517,213,517,213,532,197,532
142,518,162,518,162,532,142,532
156,548,172,548,172,565,156,565
173,548,189,548,189,565,173,565
125,549,144,549,144,566,125,566
144,550,154,550,154,565,144,565
253,624,270,624,270,641,253,641
269,625,286,625,286,640,269,640
173,626,190,626,190,642,173,642
190,626,216,626,216,641,190,641
214,626,232,626,232,640,214,640
232,626,253,626,253,640,232,640
282,641,294,641,294,656,282,656
193,642,206,642,206,657,193,657
223,643,249,641,250,655,224,657
249,642,265,642,265,656,249,656
266,642,282,642,282,656,266,656
160,644,177,644,177,657,160,657
178,644,194,644,194,657,178,657
206,644,224,644,224,657,206,657
198,660,224,660,224,674,198,674
224,660,245,660,245,674,224,674
246,660,262,660,262,673,246,673
220,677,236,677,236,690,220,690
237,677,257,677,257,692,237,692
258,677,278,677,278,690,258,690
177,678,198,678,198,692,177,692
200,678,220,678,220,692,200,692
