480,128,515,128,515,151,480,151
514,128,546,128,546,151,514,151
544,128,583,128,583,152,544,152
583,129,618,129,618,154,583,154
455,152,478,152,478,179,455,179
478,156,510,156,510,179,478,179
516,154,568,161,565,188,513,180
565,158,604,158,604,183,565,183
605,158,646,163,643,187,602,182
238,168,391,168,391,211,238,211
448,186,458,186,458,206,448,206
464,186,503,186,503,209,464,209
503,186,528,186,528,209,503,209
530,188,546,188,546,209,530,209
547,188,579,188,579,215,547,215
578,188,602,188,602,213,578,213
604,190,627,190,627,213,604,213
626,190,654,190,654,215,626,215
480,215,512,215,512,240,480,240
507,214,578,216,577,242,506,240
572,218,620,218,620,241,572,241
385,261,425,261,425,282,385,282
430,263,469,263,469,282,430,282
476,263,514,263,514,282,476,282
521,265,570,265,570,284,521,284
231,286,279,286,279,307,231,307
288,288,336,288,336,307,288,307
338,286,454,291,453,312,337,308
464,291,521,291,521,311,464,311
586,295,611,295,611,316,586,316
619,294,710,296,709,317,618,314
611,298,620,298,620,313,611,313
229,314,281,314,281,339,229,339
288,316,323,316,323,336,288,336
563,323,620,323,620,343,563,343
620,325,711,325,711,345,620,345
229,373,270,373,270,398,229,398
277,373,328,378,326,399,275,394
439,380,476,380,476,398,439,398
485,380,524,380,524,403,485,403
563,382,588,382,588,401,563,401
643,382,713,382,713,403,643,403
229,403,268,403,268,426,229,426
277,403,304,403,304,426,277,426
311,405,336,405,336,426,311,426
346,405,419,405,419,426,346,426
428,407,455,407,455,428,428,428
462,409,501,409,501,430,462,430
498,409,535,409,535,432,498,432
563,412,588,412,588,432,563,432
586,412,626,412,626,433,586,433
631,412,659,412,659,433,631,433
544,416,554,416,554,430,544,430
229,433,281,433,281,457,229,457
277,435,385,435,385,458,277,458
462,439,485,439,485,458,462,458
485,439,524,439,524,462,485,462
677,441,715,441,715,464,677,464
654,442,677,442,677,462,654,462
227,464,279,467,278,487,226,485
288,467,348,467,348,490,288,490
357,467,382,467,382,489,357,489
393,467,466,467,466,489,393,489
474,469,508,469,508,489,474,489
544,469,581,469,581,492,544,492
508,471,546,471,546,490,508,490
633,471,670,471,670,490,633,490
611,474,634,474,634,492,611,492
677,473,704,473,704,494,677,494
586,474,602,474,602,492,586,492
227,496,385,496,385,519,227,519
464,499,485,499,485,519,464,519
487,499,524,499,524,522,487,522
656,501,679,501,679,521,656,521
679,501,715,501,715,521,679,521
227,526,281,526,281,549,227,549
289,528,325,528,325,547,289,547
336,527,406,530,405,550,335,548
417,530,478,530,478,549,417,549
487,530,524,530,524,553,487,553
531,531,645,531,645,551,531,551
227,555,387,558,387,581,227,579
453,560,487,560,487,579,453,579
487,560,522,560,522,579,487,579
647,562,679,562,679,581,647,581
679,562,716,562,716,581,679,581
264,582,318,587,315,614,261,609
227,588,254,588,254,608,227,608
325,588,361,588,361,610,325,610
371,590,430,590,430,610,371,610
430,590,501,590,501,610,430,610
510,590,546,590,546,610,510,610
554,590,668,590,668,610,554,610
227,616,387,618,387,642,227,640
453,620,487,620,487,640,453,640
485,620,524,620,524,640,485,640
647,620,681,620,681,640,647,640
679,620,716,620,716,640,679,640
227,675,281,675,281,702,227,702
288,677,341,677,341,702,288,702
346,679,398,679,398,702,346,702
430,679,482,679,482,702,430,702
407,681,423,681,423,700,407,700
647,681,683,681,683,700,647,700
681,681,720,681,720,702,681,702
227,707,281,707,281,734,227,734
288,707,339,707,339,734,288,734
346,709,375,709,375,734,346,734
382,709,435,709,435,732,382,732
707,713,720,713,720,729,707,729
227,739,279,739,279,766,227,766
288,741,352,741,352,764,288,764
361,741,398,741,398,764,361,764
649,741,684,741,684,761,649,761
683,741,722,741,722,763,683,763
238,771,291,771,291,796,238,796
638,771,684,771,684,791,638,791
683,771,722,771,722,793,683,793
298,773,337,773,337,796,298,796
642,801,685,804,684,823,641,821
684,802,723,802,723,825,684,825
225,803,279,803,279,828,225,828
288,803,327,803,327,828,288,828
334,805,373,805,373,828,334,828
466,830,505,830,505,859,466,859
514,830,562,830,562,857,514,857
569,834,629,834,629,855,569,855
325,835,375,835,375,859,325,859
382,835,410,835,410,859,382,859
417,837,455,837,455,857,417,857
652,896,688,896,688,916,652,916
688,896,722,896,722,916,688,916
537,898,560,898,560,916,537,916
382,899,433,899,433,923,382,923
261,901,300,901,300,924,261,924
309,901,373,901,373,924,309,924
225,903,252,903,252,926,225,926
501,924,537,924,537,951,501,951
221,932,276,928,278,956,222,960
369,932,467,930,468,953,370,955
476,930,503,930,503,951,476,951
285,932,369,930,370,953,286,955
524,959,727,956,727,980,524,983
357,960,385,960,385,987,357,987
222,964,250,964,250,990,222,990
321,964,359,964,359,987,321,987
261,967,313,967,313,988,261,988
594,1054,645,1054,645,1081,594,1081
365,1057,421,1055,422,1082,366,1085
428,1058,469,1058,469,1081,428,1081
524,1056,585,1059,585,1080,523,1077
476,1060,515,1060,515,1081,476,1081
318,1061,357,1061,357,1084,318,1084
692,1085,730,1088,728,1110,690,1107
574,1088,624,1088,624,1109,574,1109
631,1088,681,1088,681,1108,631,1108
467,1090,540,1090,540,1111,467,1111
549,1090,572,1090,572,1109,549,1109
368,1093,417,1093,417,1115,368,1115
430,1093,457,1093,457,1113,430,1113
271,1097,360,1094,361,1118,272,1120
223,1096,263,1101,260,1123,220,1118
583,1150,624,1150,624,1175,583,1175
631,1150,670,1150,670,1175,631,1175
428,1154,494,1154,494,1179,428,1179
501,1154,528,1154,528,1177,501,1177
535,1154,578,1154,578,1177,535,1177
380,1157,419,1157,419,1181,380,1181
293,1159,336,1159,336,1184,293,1184
343,1159,373,1159,373,1182,343,1182
658,1182,681,1182,681,1204,658,1204
585,1184,658,1184,658,1205,585,1205
681,1184,718,1184,718,1202,681,1202
478,1186,540,1186,540,1209,478,1209
540,1186,574,1186,574,1205,540,1205
331,1192,469,1187,470,1211,332,1216
272,1195,320,1195,320,1216,272,1216
220,1197,273,1197,273,1220,220,1220
