330,189,368,189,368,209,330,209
223,194,328,189,329,210,224,215
132,195,171,192,172,213,133,216
174,196,226,196,226,213,174,213
319,213,354,211,355,230,320,232
277,215,318,213,319,233,278,235
202,217,240,217,240,236,202,236
242,217,277,217,277,234,242,234
146,218,201,220,201,239,146,237
112,220,145,220,145,237,112,237
77,221,105,221,105,238,77,238
120,245,152,245,152,261,120,261
78,246,120,246,120,264,78,264
154,246,178,246,178,261,154,261
180,246,218,246,218,262,180,262
238,267,331,263,332,281,238,285
102,268,197,268,197,285,102,285
208,268,236,268,236,284,208,284
77,269,101,269,101,285,77,285
224,290,307,286,308,304,225,307
77,290,110,290,110,306,77,306
148,290,170,290,170,309,148,309
169,290,192,290,192,308,169,308
192,290,213,290,213,305,192,305
112,294,146,291,147,308,113,311
396,309,425,309,425,325,396,325
344,310,394,310,394,325,344,325
310,312,333,312,333,326,310,326
257,313,285,313,285,328,257,328
217,314,236,314,236,329,217,329
77,316,104,316,104,330,77,330
105,315,145,318,143,336,104,333
385,334,425,334,425,352,385,352
372,337,384,337,384,352,372,352
278,340,308,340,308,354,278,354
146,341,172,341,172,357,146,357
172,341,193,341,193,357,172,357
265,341,277,341,277,354,265,354
94,342,113,342,113,358,94,358
117,342,144,342,144,357,117,357
66,344,93,344,93,357,66,357
385,358,426,358,426,376,385,376
364,360,382,360,382,374,364,374
278,362,309,362,309,380,278,380
257,364,274,364,274,378,257,378
150,365,188,365,188,381,150,381
66,366,94,366,94,382,66,382
94,366,118,366,118,381,94,381
120,366,146,366,146,381,120,381
382,384,425,382,425,399,382,401
358,385,380,385,380,400,358,400
65,385,106,389,105,408,63,404
106,388,145,390,145,405,106,403
404,409,426,409,426,426,404,426
106,413,145,413,145,430,106,430
178,412,220,414,219,432,177,430
65,414,106,414,106,432,65,432
146,414,176,414,176,429,146,429
384,436,428,436,428,453,384,453
358,437,380,437,380,452,358,452
64,438,106,441,105,460,62,457
173,440,212,440,212,456,173,456
105,441,125,441,125,457,105,457
128,441,169,441,169,456,128,456
280,466,357,466,357,489,280,489
153,466,200,466,200,492,153,492
237,469,275,467,277,489,238,491
204,472,236,472,236,490,204,490
113,473,150,473,150,492,113,492
