181,327,353,330,353,355,180,352
154,388,172,388,172,401,154,401
173,388,190,388,190,401,173,401
192,388,209,388,209,402,192,402
296,390,334,390,334,405,296,405
278,392,296,392,296,405,278,405
334,392,358,392,358,405,334,405
358,392,386,392,386,405,358,405
153,405,170,405,170,420,153,420
172,405,190,405,190,421,172,421
192,406,209,406,209,421,192,421
210,408,225,408,225,421,210,421
273,409,286,409,286,422,273,422
288,410,296,410,296,424,288,424
297,409,314,409,314,424,297,424
316,409,329,409,329,422,316,422
330,410,338,410,338,424,330,424
338,409,357,409,357,422,338,422
360,409,386,409,386,424,360,424
316,426,333,426,333,442,316,442
334,426,364,426,364,444,334,444
296,428,314,428,314,441,296,441
364,428,386,428,386,441,364,441
152,442,170,442,170,457,152,457
220,444,263,446,262,460,219,458
310,445,386,445,386,459,310,459
277,446,296,446,296,460,277,460
152,461,169,461,169,476,152,476
176,462,198,462,198,476,176,476
349,464,386,464,386,478,349,478
150,480,170,480,170,496,150,496
176,481,197,481,197,496,176,496
200,482,217,482,217,496,200,496
220,482,246,482,246,497,220,497
249,482,270,482,270,497,249,497
149,498,174,498,174,516,149,516
176,501,182,501,182,514,176,514
184,500,205,500,205,516,184,516
358,501,386,501,386,516,358,516
210,520,261,520,261,536,210,536
268,520,309,520,309,537,268,537
149,538,161,538,161,552,149,552
162,538,181,538,181,553,162,553
228,540,260,540,260,553,228,553
276,540,290,540,290,554,276,554
292,541,300,541,300,554,292,554
300,540,321,540,321,554,300,554
353,540,386,540,386,554,353,554
148,557,172,557,172,572,148,572
204,558,217,558,217,572,204,572
216,558,256,558,256,573,216,573
276,558,297,558,297,573,276,573
358,558,376,558,376,573,358,573
373,558,386,558,386,573,373,573
344,560,357,560,357,573,344,573
146,577,161,577,161,592,146,592
161,577,181,577,181,592,161,592
197,577,258,577,258,592,197,592
289,577,318,577,318,593,289,593
276,578,288,578,288,592,276,592
318,578,341,578,341,592,318,592
353,578,388,578,388,594,353,594
148,616,189,616,189,633,148,633
196,616,240,616,240,633,196,633
285,617,349,617,349,634,285,634
356,617,388,617,388,634,356,634
169,636,188,636,188,650,169,650
144,637,164,637,164,653,144,653
189,637,213,637,213,652,189,652
214,637,254,637,254,653,214,653
169,656,245,656,245,673,169,673
144,657,164,657,164,673,144,673
144,677,156,677,156,692,144,692
168,677,253,677,253,694,168,694
141,706,162,706,162,724,141,724
213,706,233,706,233,724,213,724
233,706,254,706,254,724,233,724
162,708,180,708,180,722,162,722
182,708,213,708,213,724,182,724
210,769,236,769,236,785,210,785
237,769,257,769,257,785,237,785
257,769,277,769,277,785,257,785
278,769,308,769,308,785,278,785
309,769,333,769,333,786,309,786
333,769,353,769,353,786,333,786
172,770,189,770,189,785,172,785
190,770,209,770,209,785,190,785
257,789,282,789,282,806,257,806
242,790,256,790,256,805,242,805
226,810,256,810,256,828,226,828
256,810,282,810,282,828,256,828
282,812,302,812,302,828,282,828
209,832,236,832,236,849,209,849
236,832,261,832,261,849,236,849
261,832,281,832,281,848,261,848
282,832,301,832,301,849,282,849
302,832,317,832,317,848,302,848
