342,170,370,170,370,188,342,188
369,170,398,170,398,189,369,189
397,172,416,172,416,190,397,190
416,173,424,173,424,188,416,188
426,173,452,173,452,190,426,190
452,173,481,173,481,190,452,190
481,173,508,173,508,190,481,190
509,174,517,174,517,189,509,189
370,194,388,194,388,213,370,213
388,196,396,196,396,212,388,212
400,196,425,196,425,213,400,213
424,196,456,196,456,214,424,214
454,196,481,196,481,214,454,214
482,198,490,198,490,213,482,213
186,202,307,205,306,237,185,234
356,216,385,216,385,236,356,236
385,218,413,218,413,237,385,237
416,218,433,218,433,236,416,236
464,218,493,220,491,239,462,237
436,220,464,220,464,237,436,237
490,220,518,220,518,237,490,237
374,242,452,242,452,261,374,261
452,242,486,242,486,261,452,261
301,281,330,281,330,300,301,300
336,282,358,282,358,301,336,301
364,284,393,284,393,301,364,301
398,284,437,284,437,301,398,301
184,299,223,302,222,320,182,317
228,301,266,301,266,320,228,320
265,304,357,304,357,322,265,322
362,306,408,306,408,322,362,322
458,308,550,308,550,325,458,325
182,322,222,322,222,342,182,342
221,325,256,325,256,340,221,340
442,329,541,329,541,346,442,346
540,330,558,330,558,345,540,345
182,366,213,366,213,386,182,386
219,366,261,369,259,388,217,385
370,372,400,372,400,390,370,390
345,373,366,373,366,389,345,389
512,373,552,373,552,390,512,390
433,374,450,374,450,389,433,389
496,376,513,376,513,390,496,390
184,390,205,390,205,406,184,406
210,392,268,392,268,409,210,409
273,393,312,393,312,409,273,409
353,394,408,394,408,410,353,410
449,394,514,394,514,414,449,414
317,396,348,396,348,413,317,413
414,396,442,396,442,414,414,414
182,412,303,414,302,432,182,429
362,418,372,418,372,432,362,432
380,417,409,417,409,433,380,433
529,417,558,417,558,433,529,433
512,418,522,418,522,433,512,433
181,436,229,436,229,453,181,453
246,437,266,437,266,453,246,453
274,437,312,437,312,453,274,453
361,437,380,437,380,454,361,454
388,437,417,437,417,456,388,456
230,440,234,440,234,449,230,449
318,438,354,438,354,453,318,453
422,440,460,440,460,454,422,454
468,440,513,440,513,456,468,456
513,440,540,440,540,454,513,454
181,457,302,457,302,474,181,474
378,460,408,460,408,476,378,476
361,461,373,461,373,474,361,474
522,461,558,461,558,477,522,477
510,462,522,462,522,476,510,476
181,480,204,480,204,496,181,496
502,482,558,482,558,498,502,498
181,502,230,502,230,520,181,520
236,502,281,502,281,518,236,518
344,502,372,502,372,522,344,522
405,502,434,502,434,521,405,521
289,504,334,504,334,518,289,518
378,504,397,504,397,520,378,520
440,504,478,504,478,522,440,522
484,504,513,504,513,522,484,522
512,505,542,505,542,522,512,522
180,523,302,525,302,543,179,541
353,526,378,526,378,542,353,542
378,526,408,526,408,542,378,542
502,528,560,528,560,544,502,544
180,566,220,566,220,586,180,586
226,568,265,568,265,586,226,586
272,568,310,568,310,586,272,586
336,569,373,569,373,586,336,586
317,570,334,570,334,585,317,585
502,572,524,572,524,588,502,588
530,573,561,573,561,589,530,589
180,589,220,589,220,610,180,610
225,590,265,590,265,609,225,609
272,592,281,592,281,608,272,608
289,590,329,590,329,609,289,609
522,594,552,594,552,612,522,612
494,596,514,596,514,609,494,609
178,612,218,612,218,633,178,633
280,612,309,612,309,632,280,632
224,613,274,613,274,632,224,632
504,616,525,616,525,633,504,633
530,617,561,617,561,634,530,634
188,636,228,636,228,656,188,656
233,638,264,638,264,656,233,656
504,638,525,638,525,656,504,656
529,640,560,640,560,657,529,657
177,658,217,658,217,678,177,678
225,658,253,658,253,678,225,678
261,661,290,661,290,678,261,678
552,666,560,666,560,677,552,677
296,681,317,681,317,701,296,701
252,682,289,682,289,701,252,701
360,682,390,682,390,702,360,702
396,682,434,682,434,701,396,701
322,684,353,684,353,701,322,701
441,684,488,684,488,701,441,701
358,750,390,750,390,770,358,770
240,752,269,752,269,772,240,772
277,752,316,752,316,772,277,772
322,752,353,752,353,770,322,770
396,753,444,754,443,773,395,771
449,753,489,753,489,773,449,773
176,777,205,777,205,796,176,796
211,777,278,777,278,795,211,795
285,777,324,777,324,796,285,796
332,777,353,777,353,794,332,794
360,777,417,777,417,794,360,794
422,777,441,777,441,793,422,793
441,777,481,777,481,794,441,794
532,776,562,778,561,796,530,794
486,778,526,778,526,794,486,794
322,821,372,821,372,842,322,842
221,822,252,822,252,842,221,842
378,822,398,822,398,841,378,841
441,822,472,822,472,841,441,841
257,824,280,824,280,842,257,842
285,824,316,824,316,842,285,842
405,824,436,824,436,842,405,842
478,824,509,824,509,842,478,842
450,846,524,846,524,862,450,862
173,848,202,848,202,865,173,865
201,848,240,848,240,864,201,864
256,848,361,848,361,866,256,866
368,848,416,848,416,865,368,865
414,848,442,848,442,865,414,865
522,848,552,848,552,862,522,862
241,853,245,853,245,862,241,862
