282,101,420,105,419,127,282,122
428,108,505,108,505,128,428,128
250,137,266,137,266,152,250,152
268,135,300,140,297,160,265,155
301,138,337,138,337,157,301,157
342,140,388,140,388,158,342,158
392,140,431,142,430,163,391,161
434,142,476,142,476,161,434,161
480,142,530,142,530,160,480,160
100,160,139,162,138,178,99,177
240,210,308,212,307,245,239,243
463,215,551,213,552,243,464,245
392,216,457,216,457,248,392,248
315,215,385,219,383,247,313,243
117,250,162,255,161,275,115,271
167,251,229,259,227,281,164,273
264,256,294,256,294,277,264,277
609,256,654,256,654,276,609,276
464,261,502,254,506,277,468,284
532,257,605,257,605,277,532,277
322,258,372,258,372,278,322,278
414,261,462,261,462,280,414,280
106,285,289,291,289,313,106,307
562,291,631,289,632,310,562,312
637,290,669,290,669,310,637,310
294,292,338,292,338,314,294,314
486,290,559,293,558,316,485,313
424,292,481,290,482,313,425,315
344,294,386,294,386,314,344,314
392,294,421,294,421,314,392,314
100,320,141,320,141,341,100,341
147,319,207,324,204,346,145,340
206,321,238,321,238,346,206,346
454,328,518,325,519,348,455,351
97,354,137,354,137,376,97,376
142,356,194,356,194,377,142,377
635,359,680,357,681,378,636,380
601,360,638,360,638,382,601,382
304,361,352,361,352,380,304,380
452,363,517,360,518,383,453,386
92,395,272,399,271,423,91,419
457,400,502,400,502,422,457,422
276,401,334,401,334,422,276,422
414,400,452,400,452,425,414,425
340,402,412,402,412,422,340,422
506,402,541,402,541,424,506,424
238,436,250,436,250,452,238,452
302,437,349,437,349,454,302,454
454,437,520,437,520,461,454,461
641,436,688,436,688,458,641,458
608,438,644,438,644,462,608,462
84,475,268,477,267,502,83,500
272,477,336,477,336,501,272,501
632,480,668,480,668,504,632,504
548,481,595,483,594,505,547,503
608,482,626,482,626,504,608,504
341,484,388,484,388,505,341,505
392,484,438,484,438,502,392,502
493,484,545,484,545,505,493,505
442,485,488,485,488,504,442,504
234,518,246,518,246,533,234,533
300,518,349,518,349,536,300,536
612,520,695,518,696,544,613,546
442,518,522,518,522,545,442,545
76,560,265,560,265,586,76,586
268,561,332,561,332,586,268,586
389,561,446,561,446,586,389,586
450,562,530,562,530,588,450,588
529,559,581,567,577,595,525,586
582,564,620,564,620,588,582,588
337,565,385,565,385,589,337,589
232,605,241,605,241,620,232,620
297,604,348,604,348,624,297,624
445,602,526,602,526,632,445,632
654,602,704,602,704,628,654,628
620,605,658,605,658,632,620,632
61,653,130,659,127,690,58,684
129,658,172,658,172,686,129,686
250,664,284,664,284,688,250,688
59,692,128,700,124,732,56,724
665,698,713,698,713,725,665,725
130,697,197,703,195,732,127,726
613,700,669,700,669,729,613,729
57,749,126,757,123,789,53,781
126,756,174,756,174,784,126,784
668,756,716,756,716,782,668,782
617,758,670,758,670,785,617,785
54,796,113,796,113,824,54,824
118,797,202,797,202,825,118,825
206,797,257,797,257,825,206,825
667,801,714,799,715,825,668,827
617,804,670,804,670,829,617,829
372,804,432,804,432,830,372,830
515,862,705,856,705,882,516,888
84,861,118,861,118,888,84,888
124,862,172,862,172,889,124,889
175,864,433,862,433,889,176,891
438,862,511,865,510,895,437,892
434,908,488,904,490,929,436,933
356,912,429,903,433,931,360,941
305,909,354,909,354,933,305,933
524,936,601,932,602,953,525,956
440,938,469,938,469,960,440,960
473,940,521,938,522,959,474,961
388,941,434,941,434,964,388,964
149,942,190,942,190,962,149,962
196,942,250,942,250,964,196,964
296,942,326,942,326,962,296,962
333,942,381,942,381,962,333,962
256,946,289,946,289,962,256,962
