374,201,392,201,392,217,374,217
352,202,376,202,376,220,352,220
390,202,413,202,413,217,390,217
433,204,441,204,441,217,433,217
277,204,300,204,300,220,277,220
300,204,324,204,324,221,300,221
322,204,338,204,338,220,322,220
338,205,352,205,352,218,338,218
413,205,432,205,432,217,413,217
378,224,386,224,386,237,378,237
388,222,412,222,412,237,388,237
412,222,433,222,433,237,412,237
320,224,349,224,349,241,320,241
368,225,374,225,374,238,368,238
285,225,300,225,300,240,285,240
300,225,320,225,320,240,300,240
348,225,366,225,366,240,348,240
160,241,257,241,257,269,160,269
312,244,336,244,336,261,312,261
360,245,366,245,366,258,360,258
368,243,400,245,399,261,367,259
400,244,422,244,422,258,400,258
294,245,310,245,310,261,294,261
334,245,356,245,356,260,334,260
330,264,406,262,407,280,330,282
313,265,333,265,333,281,313,281
333,298,365,298,365,313,333,313
282,300,301,300,301,314,282,314
304,300,329,300,329,314,304,314
253,301,278,301,278,316,253,316
384,314,461,314,461,329,384,329
268,318,300,318,300,333,268,333
305,318,328,318,328,333,305,333
326,318,344,318,344,332,326,332
196,320,226,320,226,334,196,334
225,320,269,320,269,334,225,334
160,321,190,321,190,336,160,336
406,333,469,331,469,345,406,347
370,334,408,334,408,348,370,348
160,338,190,338,190,353,160,353
190,338,218,338,218,353,190,353
416,366,462,366,462,381,416,381
312,370,336,370,336,386,312,386
364,370,380,370,380,384,364,384
188,372,221,374,221,388,187,386
290,373,308,373,308,385,290,385
160,374,184,374,184,388,160,388
233,389,257,389,257,408,233,408
326,389,358,389,358,404,326,404
174,390,200,390,200,404,174,404
204,390,228,390,228,404,204,404
261,390,322,390,322,404,261,404
160,392,174,392,174,405,160,405
445,402,470,402,470,417,445,417
416,404,440,404,440,417,416,417
320,406,344,406,344,421,320,421
160,408,257,408,257,422,160,422
292,408,314,408,314,421,292,421
372,422,404,422,404,438,372,438
306,424,338,424,338,441,306,441
218,425,242,425,242,440,218,440
276,425,301,425,301,440,276,440
341,425,368,425,368,438,341,438
160,426,184,426,184,440,160,440
189,426,213,426,213,440,189,440
246,426,270,426,270,441,246,441
446,438,472,438,472,453,446,453
424,440,442,440,442,453,424,453
320,442,345,442,345,457,320,457
160,444,228,444,228,458,160,458
226,444,257,444,257,458,226,458
298,444,316,444,316,457,298,457
380,460,404,460,404,474,380,474
233,461,264,461,264,476,233,476
334,461,374,461,374,476,334,476
160,462,176,462,176,477,160,477
174,462,200,462,200,477,174,477
204,462,228,462,228,477,204,477
270,462,294,462,294,476,270,476
298,462,330,462,330,476,298,476
447,477,471,475,472,489,448,491
425,477,442,477,442,490,425,490
321,478,345,478,345,493,321,493
196,480,257,480,257,494,196,494
300,480,316,480,316,493,300,493
158,481,197,481,197,494,158,494
418,513,444,513,444,528,418,528
449,513,473,513,473,526,449,526
160,514,193,514,193,532,160,532
197,514,228,514,228,530,197,530
233,514,265,514,265,529,233,529
285,514,317,514,317,529,285,529
270,517,286,517,286,529,270,529
160,532,193,532,193,549,160,549
248,532,280,532,280,548,248,548
197,533,229,533,229,548,197,548
234,534,242,534,242,548,234,548
420,549,445,549,445,564,420,564
449,549,474,549,474,562,449,562
241,550,265,550,265,566,241,566
160,552,193,552,193,568,160,568
196,552,237,552,237,566,196,566
418,568,445,568,445,582,418,582
449,568,474,568,474,582,449,582
166,569,198,569,198,585,166,585
204,570,228,570,228,585,204,585
450,586,476,586,476,601,450,601
158,588,191,587,192,602,158,604
197,588,221,588,221,604,197,604
437,589,446,589,446,601,437,601
225,589,250,589,250,604,225,604
254,605,273,605,273,622,254,622
336,606,369,604,370,619,337,621
374,605,413,605,413,621,374,621
218,606,250,606,250,622,218,622
277,606,302,606,302,621,277,621
308,606,332,606,332,622,308,622
210,661,236,661,236,678,210,678
241,661,272,661,272,677,241,677
308,661,334,661,334,678,308,678
382,661,416,661,416,678,382,678
277,662,302,662,302,677,277,677
338,662,379,664,378,678,338,677
188,681,242,681,242,696,188,696
246,681,278,681,278,696,246,696
309,681,356,681,356,696,309,696
360,681,377,681,377,696,360,696
376,681,409,681,409,696,376,696
158,682,181,682,181,697,158,697
285,682,302,682,302,696,285,696
414,682,448,682,448,696,414,696
453,682,477,682,477,697,453,697
278,718,318,716,319,733,278,734
196,718,222,718,222,736,196,736
225,718,245,718,245,736,225,736
248,718,273,718,273,734,248,734
324,718,342,718,342,734,324,734
377,718,404,718,404,734,377,734
346,720,372,720,372,734,346,734
408,720,433,720,433,734,408,734
224,738,310,738,310,753,224,753
316,738,378,738,378,753,316,753
385,738,448,738,448,753,385,753
156,740,188,740,188,754,156,754
188,740,218,740,218,753,188,753
446,740,472,740,472,753,446,753
