303,160,348,162,347,183,301,181
353,168,381,168,381,181,353,181
309,186,444,186,444,233,309,233
325,232,439,227,441,265,327,270
200,306,277,306,277,326,200,326
289,306,348,306,348,329,289,329
353,306,389,306,389,326,353,326
393,305,447,308,446,329,392,326
526,306,553,306,553,325,526,325
452,308,466,308,466,326,452,326
469,308,501,308,501,329,469,329
505,308,522,308,522,329,505,329
328,340,370,340,370,358,328,358
374,340,472,340,472,358,374,358
281,341,324,341,324,358,281,358
284,374,468,374,468,397,284,397
230,410,322,410,322,441,230,441
437,410,517,410,517,441,437,441
328,416,430,416,430,441,328,441
172,452,196,452,196,472,172,472
196,450,253,455,251,476,194,471
253,453,281,453,281,472,253,472
314,453,374,453,374,472,314,472
394,453,458,453,458,472,394,472
341,476,385,476,385,500,341,500
268,480,298,480,298,500,268,500
304,481,337,481,337,501,304,501
401,481,446,481,446,500,401,500
170,484,190,484,190,501,170,501
192,484,218,484,218,501,192,501
222,517,253,509,258,529,226,537
257,512,293,512,293,529,257,529
382,512,425,512,425,530,382,530
170,513,222,513,222,534,170,534
328,513,357,513,357,529,328,529
357,513,381,513,381,530,357,530
436,513,460,513,460,530,436,530
462,513,485,513,485,532,462,532
169,541,221,541,221,564,169,564
225,541,253,541,253,564,225,564
328,542,357,542,357,558,328,558
357,542,384,542,384,558,357,558
382,542,426,542,426,561,382,561
436,542,485,542,485,561,436,561
256,545,280,545,280,558,256,558
206,570,257,570,257,593,206,593
168,572,204,572,204,590,168,590
265,572,389,572,389,590,265,590
230,601,266,601,266,621,230,621
270,601,309,601,309,620,270,620
489,601,518,601,518,621,489,621
402,602,425,602,425,620,402,620
469,602,486,602,486,621,469,621
568,602,621,602,621,621,568,621
149,640,190,640,190,661,149,661
194,640,229,640,229,661,194,661
409,644,418,644,418,660,409,660
458,642,484,642,484,661,458,661
485,642,521,642,521,661,485,661
562,644,586,644,586,662,562,662
589,644,625,644,625,662,589,662
193,672,229,672,229,693,193,693
148,673,189,673,189,693,148,693
409,676,418,676,418,690,409,690
460,674,485,674,485,693,460,693
485,674,522,674,522,694,485,694
564,676,588,676,588,694,564,694
589,674,628,674,628,704,589,704
177,707,236,714,233,739,174,732
406,714,418,714,418,732,406,732
556,713,582,713,582,736,556,736
588,716,626,716,626,736,588,736
174,754,228,760,225,786,171,780
229,760,268,760,268,782,229,782
270,758,340,758,340,785,270,785
557,761,584,761,584,784,557,784
588,762,629,762,629,786,588,786
172,805,232,807,231,835,171,833
332,808,402,808,402,836,332,836
237,809,325,809,325,836,237,836
536,810,573,810,573,836,536,836
578,812,634,812,634,837,578,837
409,818,417,818,417,834,409,834
422,872,544,876,543,903,422,899
562,876,590,876,590,898,562,898
593,876,634,876,634,898,593,898
430,957,482,957,482,976,430,976
484,960,514,960,514,976,484,976
584,960,608,960,608,977,584,977
609,960,641,960,641,977,609,977
413,961,426,961,426,973,413,973
433,981,462,984,460,1002,432,999
462,984,518,984,518,1001,462,1001
413,985,426,985,426,998,413,998
630,988,640,988,640,1001,630,1001
