264,361,366,361,366,380,264,380
371,361,431,361,431,378,371,378
277,392,305,392,305,406,277,406
308,392,341,392,341,406,308,406
345,392,373,392,373,406,345,406
377,392,406,392,406,406,377,406
409,391,448,394,447,408,408,405
240,390,277,394,275,409,238,405
141,418,160,418,160,432,141,432
396,452,462,452,462,477,396,477
232,453,282,453,282,478,232,478
342,453,392,453,392,478,342,478
286,456,338,456,338,478,286,478
501,485,536,485,536,501,501,501
398,486,425,486,425,506,398,506
445,486,500,486,500,504,445,504
144,488,176,488,176,504,144,504
293,488,330,488,330,505,293,505
360,488,394,488,394,502,360,502
180,486,227,492,224,510,178,505
250,489,273,489,273,505,250,505
345,513,376,513,376,532,345,532
405,513,425,513,425,530,405,530
425,513,450,513,450,530,425,530
450,513,476,513,476,530,450,530
378,514,404,514,404,529,378,529
136,516,168,516,168,533,136,533
166,516,260,516,260,533,166,533
261,516,296,516,296,530,261,530
300,515,343,516,342,532,299,530
401,540,436,540,436,556,401,556
134,541,164,541,164,558,134,558
167,539,210,543,209,562,165,558
388,541,404,541,404,557,388,557
210,542,234,542,234,561,210,561
518,565,553,565,553,584,518,584
401,566,434,566,434,584,401,584
493,566,521,566,521,585,493,585
278,568,313,568,313,582,278,582
386,568,402,568,402,585,386,585
132,569,161,569,161,585,132,585
164,569,201,569,201,584,164,584
224,569,245,569,245,582,224,582
351,596,406,600,405,619,349,615
408,598,450,598,450,616,408,616
453,598,498,598,498,618,453,618
501,598,526,598,526,616,501,616
129,600,266,600,266,618,129,618
269,600,302,600,302,617,269,617
305,600,346,600,346,616,305,616
125,626,156,626,156,645,125,645
388,626,405,626,405,645,388,645
402,626,437,626,437,644,402,644
159,626,203,630,202,649,157,645
204,628,228,628,228,646,204,646
122,656,153,656,153,674,122,674
156,656,194,656,194,674,156,674
274,656,309,656,309,670,274,670
386,656,436,656,436,674,386,674
497,656,526,656,526,677,497,677
522,656,558,656,558,674,522,674
117,692,164,696,162,718,115,714
162,696,188,696,188,716,162,716
242,700,266,700,266,716,242,716
116,718,163,724,160,746,113,740
502,722,526,722,526,741,502,741
163,722,208,726,206,746,161,742
528,724,564,724,564,742,528,742
114,758,160,764,158,786,111,780
160,762,194,762,194,782,160,782
504,764,528,764,528,782,504,782
530,764,566,764,566,782,530,782
113,789,152,789,152,809,113,809
214,790,249,790,249,810,214,810
154,792,212,792,212,810,154,810
332,794,373,794,373,813,332,813
505,796,529,796,529,814,505,814
530,796,568,796,568,814,530,814
133,832,158,832,158,850,133,850
161,833,194,833,194,850,161,850
196,832,369,835,369,854,195,851
372,836,422,836,422,857,372,857
425,835,518,835,518,854,425,854
516,837,538,837,538,854,516,854
540,837,562,837,562,854,540,854
284,862,316,862,316,877,284,877
319,865,367,862,368,879,320,882
372,865,409,865,409,881,372,881
180,880,209,882,207,898,179,895
212,882,248,882,248,897,212,897
277,882,298,882,298,897,277,897
302,882,336,882,336,897,302,897
340,884,372,884,372,898,340,898
374,884,397,884,397,898,374,898
436,884,489,884,489,898,436,898
252,885,274,885,274,897,252,897
400,886,433,886,433,900,400,900
