333,546,356,546,356,575,333,575
426,548,465,548,465,576,426,576
256,550,295,550,295,575,256,575
295,550,331,550,331,575,295,575
358,551,368,551,368,573,358,573
370,550,403,550,403,575,370,575
403,550,426,550,426,575,403,575
466,549,516,557,512,583,463,575
281,583,305,583,305,608,281,608
306,585,318,585,318,606,306,606
323,585,356,585,356,608,323,608
356,585,381,585,381,610,356,610
385,585,398,585,398,606,385,606
403,585,441,585,441,610,403,610
442,583,491,590,487,616,438,608
46,606,213,606,213,653,46,653
306,616,345,616,345,643,306,643
280,618,306,618,306,643,280,643
346,618,380,618,380,643,346,643
385,620,395,620,395,641,385,641
402,617,455,621,452,649,399,644
453,618,490,618,490,643,453,643
336,650,416,650,416,676,336,676
306,651,338,651,338,676,306,676
416,651,465,651,465,676,416,676
380,708,428,708,428,731,380,731
46,710,98,710,98,736,46,736
108,710,235,710,235,735,108,735
440,710,565,710,565,735,440,735
100,716,108,716,108,731,100,731
281,738,333,738,333,763,281,763
220,740,273,740,273,763,220,763
341,740,395,740,395,763,341,763
46,770,98,770,98,798,46,798
405,771,466,771,466,793,405,793
463,771,565,771,565,793,463,793
98,773,146,773,146,795,98,795
133,801,223,801,223,825,133,825
46,803,86,803,86,826,46,826
96,805,135,805,135,826,96,826
46,831,73,831,73,858,46,858
120,833,221,833,221,856,120,856
83,835,111,835,111,856,83,856
