340,296,368,296,368,313,340,313
283,298,305,298,305,316,283,316
305,298,341,298,341,315,305,315
256,300,283,300,283,318,256,318
230,301,256,301,256,320,230,320
326,318,355,318,355,338,326,338
355,318,390,318,390,335,355,335
285,321,315,321,315,340,285,340
316,323,325,323,325,336,316,336
250,323,285,323,285,341,250,341
226,325,250,325,250,345,226,345
210,328,226,328,226,345,210,345
342,343,372,340,374,358,343,360
306,345,345,345,345,361,306,361
253,346,281,346,281,366,253,366
281,346,305,346,305,363,281,363
233,348,251,348,251,366,233,366
65,355,181,355,181,385,65,385
270,370,359,362,361,381,272,389
250,371,271,371,271,388,250,388
284,410,324,407,325,424,285,427
251,413,281,413,281,430,251,430
216,415,246,415,246,431,216,431
180,416,210,416,210,433,180,433
356,427,436,418,438,437,358,446
338,425,360,425,360,445,338,445
261,433,289,430,291,448,263,450
245,435,265,435,265,450,245,450
200,438,238,438,238,455,200,455
139,442,194,438,195,457,140,460
193,441,201,441,201,455,193,455
366,447,439,440,441,458,368,465
110,445,141,445,141,460,110,460
66,446,105,446,105,465,66,465
323,450,370,450,370,466,323,466
105,466,141,463,142,480,106,484
70,468,106,468,106,485,70,485
406,483,445,483,445,503,406,503
390,491,408,491,408,505,390,505
328,495,346,495,346,510,328,510
264,500,295,495,298,512,267,518
231,498,261,498,261,516,231,516
106,510,146,510,146,526,106,526
71,511,101,511,101,530,71,530
381,511,403,511,403,528,381,528
320,516,366,513,367,530,321,533
366,516,375,516,375,530,366,530
315,518,323,518,323,533,315,533
268,518,306,518,306,536,268,536
233,521,261,521,261,540,233,540
206,525,228,525,228,540,206,540
181,526,200,526,200,543,181,543
155,528,183,528,183,545,155,545
418,528,448,528,448,546,418,546
110,531,148,531,148,548,110,548
391,531,413,531,413,548,391,548
73,533,103,533,103,550,73,550
271,541,300,541,300,558,271,558
245,543,265,543,265,560,245,560
74,555,193,547,194,565,75,574
420,550,450,550,450,568,420,568
386,553,415,553,415,570,386,570
76,578,100,578,100,593,76,593
423,595,454,592,456,609,425,612
398,596,420,596,420,613,398,613
233,608,270,608,270,626,233,626
170,611,208,611,208,631,170,631
216,615,233,615,233,628,216,628
428,615,456,615,456,633,428,633
126,616,165,616,165,635,126,635
80,618,120,618,120,638,80,638
393,620,421,620,421,635,393,635
198,631,236,631,236,651,198,651
170,635,191,635,191,653,170,653
428,638,459,635,461,653,430,655
126,638,165,638,165,656,126,656
83,641,121,641,121,660,83,660
403,641,423,641,423,656,403,656
181,655,211,655,211,673,181,673
127,661,176,658,177,676,128,678
431,660,460,660,460,676,431,676
396,661,425,661,425,680,396,680
83,663,123,663,123,681,83,681
433,680,463,680,463,698,433,698
138,683,168,683,168,700,138,700
406,683,428,683,428,700,406,700
95,685,133,685,133,703,95,703
166,701,198,701,198,720,166,720
130,705,160,702,162,721,132,724
86,708,125,708,125,725,86,725
345,711,384,707,386,724,347,728
385,710,391,710,391,723,385,723
301,711,340,711,340,730,301,730
266,716,296,716,296,735,266,735
205,720,225,720,225,738,205,738
230,720,260,720,260,736,230,736
159,725,197,722,199,739,160,743
360,775,400,775,400,793,360,793
307,781,356,779,357,796,308,798
271,781,303,781,303,801,271,801
235,785,265,785,265,803,235,803
153,790,184,787,186,808,155,811
190,790,229,786,231,805,191,809
446,791,476,791,476,810,446,810
399,796,439,794,440,811,400,813
355,798,395,798,395,816,355,816
335,801,356,801,356,818,335,818
274,806,329,802,330,820,275,824
246,810,266,810,266,825,246,825
220,811,240,811,240,828,220,828
200,813,221,813,221,830,200,830
129,818,194,814,195,832,130,836
93,821,123,821,123,838,93,838
396,841,428,841,428,860,396,860
358,845,390,845,390,863,358,863
321,848,353,848,353,866,321,866
295,850,315,850,315,866,295,866
239,852,289,850,290,869,240,872
203,855,233,855,233,875,203,875
176,860,198,860,198,876,176,876
140,861,171,861,171,880,140,880
444,863,476,860,477,878,445,880
418,863,440,863,440,881,418,881
380,868,419,865,420,883,381,885
371,871,381,871,381,885,371,885
325,871,361,871,361,888,325,888
286,873,326,873,326,891,286,891
212,880,279,875,281,893,213,899
176,881,215,881,215,900,176,900
131,886,168,886,168,903,131,903
95,888,125,888,125,906,95,906
125,890,133,890,133,905,125,905
