252,196,381,203,378,254,249,246
400,248,442,244,444,262,401,266
240,252,258,252,258,268,240,268
221,253,238,253,238,268,221,268
202,254,221,254,221,270,202,270
418,265,442,265,442,282,418,282
382,266,397,266,397,282,382,282
398,268,418,268,418,284,398,284
344,269,362,269,362,284,344,284
364,269,382,269,382,285,364,285
314,270,328,270,328,285,314,285
329,270,344,270,344,285,329,285
202,273,221,273,221,289,202,289
221,273,238,273,238,288,221,288
388,286,443,284,444,302,389,304
228,292,254,292,254,308,228,308
202,293,226,293,226,310,202,310
320,347,423,344,424,361,321,365
214,348,237,348,237,368,214,368
281,348,324,348,324,365,281,365
242,349,273,349,273,364,242,364
191,362,207,364,203,404,187,402
382,364,425,364,425,381,382,381
244,366,266,366,266,385,244,385
272,367,315,365,316,383,273,385
324,366,376,366,376,384,324,384
224,370,244,370,244,385,224,385
410,401,446,401,446,418,410,418
224,408,249,408,249,425,224,425
204,409,224,409,224,425,204,425
220,428,249,428,249,445,220,445
205,429,218,429,218,444,205,444
402,442,416,442,416,458,402,458
417,442,437,442,437,458,417,458
221,446,245,446,245,464,221,464
206,449,218,449,218,464,206,464
205,468,228,468,228,482,205,482
194,478,204,478,204,490,194,490
422,480,448,480,448,497,422,497
402,481,421,481,421,497,402,497
206,486,234,486,234,501,206,501
236,486,258,486,258,501,236,501
194,489,204,489,204,496,194,496
196,502,204,502,204,516,196,516
349,501,401,501,401,517,349,517
404,501,448,501,448,518,404,518
206,506,230,506,230,521,206,521
424,520,449,520,449,537,424,537
225,525,252,525,252,541,225,541
208,526,225,526,225,542,208,542
396,560,429,560,429,578,396,578
365,561,389,561,389,578,365,578
436,561,446,561,446,576,436,576
209,562,250,562,250,582,209,582
386,600,409,600,409,617,386,617
337,601,380,601,380,617,337,617
288,602,330,602,330,620,288,620
237,604,281,604,281,621,237,621
311,621,386,619,387,637,312,638
272,622,310,622,310,638,272,638
337,640,392,640,392,657,337,657
268,641,292,641,292,658,268,658
292,641,312,641,312,658,292,658
312,642,332,642,332,656,312,656
368,677,408,677,408,697,368,697
264,680,282,680,282,698,264,698
284,680,297,680,297,697,284,697
313,680,342,680,342,698,313,698
342,680,368,680,368,697,342,697
249,681,262,681,262,697,249,697
298,681,312,681,312,697,298,697
408,698,433,698,433,716,408,716
433,698,453,698,453,716,433,716
277,701,303,699,305,717,278,719
304,700,328,700,328,717,304,717
328,700,341,700,341,716,328,716
344,700,368,700,368,717,344,717
368,700,386,700,386,716,368,716
388,700,408,700,408,717,388,717
209,702,229,702,229,720,209,720
229,702,258,702,258,718,229,718
258,702,277,702,277,717,258,717
198,705,208,705,208,750,198,750
278,720,318,720,318,737,278,737
320,720,332,720,332,736,320,736
333,720,373,720,373,736,333,736
276,738,304,738,304,757,276,757
358,738,388,738,388,756,358,756
304,740,329,740,329,756,304,756
329,740,358,740,358,756,329,756
200,752,209,752,209,772,200,772
