117,274,185,274,185,308,117,308
195,274,334,274,334,308,195,308
346,274,464,274,464,309,346,309
267,313,306,319,303,342,264,336
410,317,445,317,445,341,410,341
138,318,174,318,174,337,138,337
178,318,224,318,224,337,178,337
228,317,266,321,264,341,226,336
308,318,324,318,324,337,308,337
325,318,354,318,354,340,325,340
378,318,406,318,406,337,378,337
360,320,381,320,381,340,360,340
229,348,260,348,260,366,229,366
328,349,345,349,345,370,328,370
66,374,105,374,105,393,66,393
296,374,321,374,321,394,296,394
107,377,171,375,172,392,108,395
174,376,198,376,198,393,174,393
201,376,244,376,244,393,201,393
244,376,268,376,268,393,244,393
269,376,290,376,290,393,269,393
325,376,360,376,360,393,325,393
364,376,460,376,460,393,364,393
460,376,516,376,516,394,460,394
104,402,158,395,161,418,107,425
65,400,102,400,102,418,65,418
162,400,213,400,213,418,162,418
65,422,121,422,121,444,65,444
127,422,181,426,179,448,125,443
141,462,174,462,174,481,141,481
356,462,385,462,385,481,356,481
178,464,216,464,216,481,178,481
276,464,297,464,297,481,276,481
338,464,354,464,354,481,338,481
469,464,524,464,524,481,469,481
126,493,160,493,160,513,126,513
100,494,124,494,124,513,100,513
162,494,196,494,196,513,162,513
198,494,224,494,224,513,198,513
336,505,360,505,360,524,336,524
360,505,394,505,394,524,360,524
469,505,493,505,493,524,469,524
494,505,528,505,528,524,494,524
77,509,85,509,85,522,77,522
284,509,293,509,293,521,284,521
98,516,146,516,146,537,98,537
96,546,158,546,158,565,96,565
158,546,205,546,205,565,158,565
462,546,489,546,489,565,462,565
490,546,529,546,529,564,490,564
94,584,157,584,157,604,94,604
161,584,210,584,210,604,161,604
464,584,490,584,490,602,464,602
490,584,529,584,529,602,490,602
94,605,138,605,138,625,94,625
141,605,200,605,200,625,141,625
202,605,242,605,242,624,202,624
464,605,490,605,490,622,464,622
492,605,530,605,530,622,492,622
136,626,178,626,178,646,136,646
472,626,494,626,494,645,472,645
497,626,530,626,530,645,497,645
94,628,133,628,133,646,94,646
113,653,153,653,153,672,113,672
156,653,190,653,190,672,156,672
193,653,232,653,232,672,193,672
472,653,494,653,494,670,472,670
496,653,530,653,530,670,496,670
