366,193,393,193,393,212,366,212
297,194,322,194,322,209,297,209
322,194,348,194,348,212,322,212
346,194,368,194,368,212,346,212
390,194,414,194,414,212,390,212
296,214,317,214,317,232,296,232
281,216,297,216,297,232,281,232
316,216,340,216,340,232,316,232
340,216,362,216,362,232,340,232
366,217,374,217,374,232,366,232
377,216,404,216,404,233,377,233
402,216,433,220,431,238,400,234
140,225,244,228,243,254,139,251
290,236,306,236,306,250,290,250
309,237,334,237,334,252,309,252
333,237,357,237,357,254,333,254
358,236,395,240,393,258,356,254
393,238,418,238,418,254,393,254
302,258,324,258,324,274,302,274
322,258,404,258,404,276,322,276
236,293,262,293,262,308,236,308
268,293,288,293,288,310,268,310
292,294,317,294,317,309,292,309
322,296,357,296,357,310,322,310
133,309,166,309,166,325,133,325
173,310,205,310,205,325,173,325
205,312,245,312,245,328,205,328
244,312,285,314,285,330,243,327
290,314,309,314,309,330,290,330
308,316,332,316,332,329,308,329
375,317,459,317,459,332,375,332
133,328,166,328,166,344,133,344
172,330,196,330,196,344,172,344
166,333,173,333,173,344,166,344
361,336,466,336,466,352,361,352
132,366,156,366,156,381,132,381
162,365,199,370,196,386,159,380
273,373,292,373,292,386,273,386
296,373,322,373,322,390,296,390
352,374,368,374,368,389,352,389
408,374,458,374,458,390,408,390
130,386,156,386,156,401,130,401
162,389,194,389,194,402,162,402
201,390,226,390,226,402,201,402
232,390,266,390,266,405,232,405
270,390,298,390,298,406,270,406
304,393,329,393,329,408,304,408
333,393,354,393,354,409,333,409
357,394,409,394,409,409,357,409
128,404,171,406,170,421,127,420
176,408,194,408,194,421,176,421
128,424,154,424,154,441,128,441
153,426,233,426,233,441,153,441
277,430,297,430,297,445,277,445
301,432,328,432,328,446,301,446
412,434,432,434,432,449,412,449
436,434,464,434,464,450,436,450
128,460,163,462,162,480,127,478
166,462,198,462,198,478,166,478
204,464,238,464,238,481,204,481
261,468,294,468,294,482,261,482
410,474,430,474,430,488,410,488
436,474,462,474,462,489,436,489
126,481,160,481,160,497,126,497
165,482,198,482,198,497,165,497
220,485,253,485,253,501,220,501
125,501,158,501,158,517,125,517
162,502,206,502,206,517,162,517
212,505,237,505,237,518,212,518
409,513,430,513,430,529,409,529
428,514,462,514,462,529,428,529
133,522,164,522,164,537,133,537
169,524,196,524,196,536,169,536
408,533,429,533,429,548,408,548
433,534,461,534,461,549,433,549
121,540,154,540,154,556,121,556
161,542,186,542,186,556,161,556
192,544,218,544,218,558,192,558
185,564,217,564,217,578,185,578
222,565,241,565,241,580,222,580
246,566,273,566,273,581,246,581
278,568,305,568,305,582,278,582
310,568,345,570,345,585,310,583
350,569,393,571,393,586,350,585
172,621,197,621,197,637,172,637
204,624,237,626,237,640,203,638
242,626,270,626,270,641,242,641
276,626,304,627,303,643,275,641
309,628,352,630,351,647,308,645
356,630,390,630,390,648,356,648
117,642,140,642,140,654,117,654
146,642,205,642,205,657,146,657
209,645,244,645,244,660,209,660
249,648,269,648,269,661,249,661
277,648,327,650,326,664,276,662
332,649,384,652,383,667,331,664
388,653,424,655,423,669,387,667
429,657,456,657,456,672,429,672
152,684,178,684,178,697,152,697
184,685,202,685,202,697,184,697
208,685,234,685,234,700,208,700
240,686,281,686,281,702,240,702
289,688,309,688,309,705,289,705
313,690,341,690,341,706,313,706
346,692,374,692,374,706,346,706
378,694,408,694,408,710,378,710
109,702,134,702,134,716,109,716
142,703,176,705,175,719,142,717
181,703,275,706,274,722,180,719
281,710,314,710,314,725,281,725
314,713,346,713,346,726,314,726
353,713,413,717,413,731,352,727
418,718,446,718,446,732,418,732
