386,242,410,242,410,260,386,260
362,244,386,244,386,260,362,260
312,245,362,245,362,261,312,261
262,246,286,246,286,261,262,261
286,246,312,246,312,261,286,261
389,265,410,265,410,280,389,280
277,266,306,266,306,282,277,282
302,266,329,266,329,284,302,284
329,265,366,269,364,284,327,281
365,266,389,266,389,280,365,280
262,268,277,268,277,282,262,282
124,285,226,285,226,314,124,314
340,286,376,288,375,307,339,305
374,286,401,286,401,304,374,304
273,288,290,288,290,305,273,305
292,288,317,288,317,305,292,305
317,288,340,288,340,305,317,305
286,308,356,308,356,326,286,326
354,308,386,308,386,325,354,325
278,346,305,346,305,364,278,364
309,346,342,346,342,361,309,361
224,348,250,348,250,365,224,365
254,348,274,348,274,364,254,364
379,364,445,362,445,378,380,380
364,366,381,366,381,380,364,380
193,368,273,368,273,384,193,384
278,368,296,368,296,381,278,381
294,368,318,368,318,381,294,381
161,369,193,369,193,384,161,384
122,370,157,370,157,388,122,388
348,385,429,383,429,398,349,401
428,384,453,384,453,397,428,397
122,389,156,389,156,405,122,405
161,389,185,389,185,404,161,404
412,421,446,421,446,437,412,437
284,427,312,422,315,439,287,444
397,424,414,424,414,437,397,437
264,425,282,425,282,440,264,440
342,425,358,425,358,438,342,438
154,426,189,426,189,444,154,444
124,428,149,428,149,442,124,442
296,442,322,442,322,460,296,460
201,444,229,444,229,462,201,462
232,444,258,444,258,460,232,460
326,444,360,444,360,458,326,458
162,444,198,446,197,464,161,462
264,445,290,445,290,458,264,458
124,448,157,448,157,462,124,462
429,461,454,461,454,474,429,474
296,462,321,462,321,477,296,477
405,462,429,462,429,476,405,476
360,465,368,465,368,476,360,476
123,466,226,464,226,479,124,481
272,465,296,465,296,477,272,477
406,500,432,500,432,514,406,514
430,500,456,500,456,513,430,513
202,501,238,501,238,518,202,518
258,501,293,501,293,518,258,518
125,502,160,502,160,521,125,521
164,502,198,502,198,520,164,520
242,502,258,502,258,517,242,517
218,520,254,520,254,538,218,538
204,522,212,522,212,537,204,537
125,522,160,522,160,540,125,540
164,522,200,522,200,540,164,540
430,538,457,538,457,553,430,553
408,540,432,540,432,553,408,553
125,541,160,541,160,560,125,560
163,542,207,540,208,558,164,560
212,541,237,541,237,557,212,557
432,557,458,557,458,573,432,573
408,558,428,558,428,574,408,574
133,562,168,562,168,580,133,580
172,562,197,562,197,577,172,577
165,580,190,580,190,598,165,598
124,582,161,580,162,598,125,600
196,582,222,582,222,597,196,597
282,598,309,598,309,616,282,616
314,598,348,598,348,613,314,613
353,598,394,598,394,613,353,613
226,600,245,600,245,617,226,617
189,601,222,601,222,618,189,618
250,601,277,601,277,614,250,614
282,657,312,657,312,674,282,674
362,657,397,657,397,674,362,674
181,658,206,658,206,677,181,677
211,659,245,657,246,674,212,676
314,658,357,660,357,675,314,673
252,660,278,660,278,674,252,674
356,677,392,677,392,694,356,694
284,680,334,678,335,693,285,695
396,678,430,678,430,693,396,693
436,678,462,678,462,696,436,696
219,681,251,679,252,694,220,696
260,680,278,680,278,694,260,694
338,680,356,680,356,693,338,693
157,681,214,681,214,696,157,696
126,682,150,682,150,697,126,697
301,717,320,717,320,736,301,736
357,717,385,717,385,736,357,736
253,718,297,718,297,736,253,736
324,718,353,718,353,736,324,736
389,718,417,718,417,736,389,736
165,720,193,720,193,737,165,737
197,720,217,720,217,737,197,737
221,720,248,720,248,737,221,737
364,738,424,738,424,753,364,753
197,740,288,740,288,757,197,757
292,739,357,739,357,754,292,754
429,740,456,740,456,753,429,753
125,742,158,742,158,757,125,757
157,742,189,742,189,757,157,757
