70,40,91,41,86,142,66,141
230,64,256,64,256,81,230,81
254,64,282,64,282,82,254,82
280,64,309,66,307,86,278,83
306,68,332,68,332,85,306,85
329,68,358,68,358,85,329,85
357,68,393,68,393,86,357,86
256,86,282,86,282,105,256,105
283,88,306,90,305,105,281,103
305,90,332,90,332,105,305,105
333,90,369,90,369,108,333,108
85,100,124,100,124,125,85,125
122,105,198,109,197,129,121,125
242,108,272,108,272,126,242,126
270,110,297,110,297,128,270,128
298,110,316,110,316,126,298,126
316,110,342,110,342,126,316,126
368,110,394,110,394,128,368,128
342,112,366,112,366,126,342,126
261,132,332,132,332,148,261,148
332,132,364,132,364,146,332,146
70,145,90,146,86,209,67,208
193,168,221,168,221,184,193,184
226,169,248,169,248,184,226,184
252,169,281,169,281,185,252,185
284,169,321,169,321,184,284,184
160,187,248,189,247,206,159,204
342,188,361,188,361,202,342,202
360,188,396,188,396,204,360,204
393,188,429,188,429,202,393,202
86,189,120,189,120,204,86,204
125,189,161,189,161,202,125,202
253,189,297,189,297,204,253,204
369,206,438,206,438,224,369,224
69,210,119,206,121,223,70,227
328,208,372,208,372,224,328,224
126,209,153,209,153,224,126,224
121,212,128,212,128,224,121,224
70,226,85,226,85,293,70,293
379,247,433,244,434,262,380,265
261,249,291,247,293,265,262,267
86,249,114,249,114,265,86,265
118,248,157,250,157,265,118,263
238,249,258,249,258,264,238,264
321,249,340,249,340,262,321,262
214,268,234,268,234,286,214,286
237,268,266,268,266,286,237,286
322,268,350,268,350,282,322,282
86,269,140,269,140,284,86,284
146,268,183,269,182,285,146,283
188,269,208,269,208,285,188,285
273,269,314,269,314,284,273,284
414,286,444,286,444,302,414,302
389,288,408,288,408,301,389,301
86,289,132,289,132,306,86,306
273,289,301,289,301,304,273,304
132,292,138,292,138,304,132,304
137,290,157,290,157,304,137,304
156,290,192,290,192,305,156,305
248,290,265,290,265,304,248,304
192,293,197,293,197,302,192,302
374,306,417,306,417,324,374,324
306,308,377,308,377,326,306,326
241,309,260,309,260,325,241,325
260,310,266,310,266,324,260,324
265,309,300,309,300,325,265,325
88,310,160,310,160,328,88,328
164,310,193,310,193,325,164,325
198,310,233,310,233,325,198,325
234,312,241,312,241,324,234,324
416,326,445,326,445,344,416,344
390,328,412,328,412,344,390,344
274,329,304,329,304,346,274,346
87,330,202,330,202,348,87,348
249,330,269,330,269,345,249,345
417,346,446,346,446,364,417,364
393,348,412,348,412,362,393,362
88,354,108,354,108,368,88,368
385,368,428,368,428,382,385,382
301,367,347,370,346,388,300,385
352,369,378,369,378,384,352,384
234,370,261,370,261,386,234,386
157,372,185,372,185,389,157,389
190,371,228,372,227,389,190,387
266,372,296,372,296,385,266,385
89,373,153,373,153,390,89,390
420,388,448,388,448,402,420,402
394,389,413,389,413,402,394,402
277,390,305,390,305,406,277,406
252,392,269,392,269,406,252,406
89,394,203,393,204,410,89,412
421,406,449,406,449,422,421,422
396,409,416,409,416,422,396,422
89,416,110,416,110,432,89,432
269,429,316,431,315,449,268,447
320,430,348,430,348,445,320,445
348,432,354,432,354,444,348,444
364,430,382,430,382,444,364,444
217,430,264,432,263,451,216,449
158,434,188,434,188,452,158,452
193,434,213,434,213,450,193,450
89,436,153,436,153,453,89,453
417,448,452,448,452,464,417,464
398,449,420,449,420,465,398,465
278,452,308,452,308,468,278,468
253,453,274,453,274,469,253,469
89,456,170,456,170,473,89,473
168,456,204,456,204,470,168,470
428,489,456,489,456,504,428,504
393,490,420,490,420,505,393,505
238,493,276,493,276,512,238,512
134,496,172,496,172,514,134,514
177,496,216,496,216,513,177,513
90,497,129,497,129,516,90,516
221,497,238,497,238,510,221,510
420,510,449,510,449,528,420,528
394,512,414,512,414,526,394,526
194,516,233,516,233,534,194,534
133,518,173,516,173,535,134,537
177,517,188,517,188,533,177,533
92,518,129,518,129,538,92,538
430,532,460,532,460,549,430,549
396,533,424,533,424,548,396,548
188,537,216,537,216,556,188,556
92,540,130,540,130,560,92,560
134,540,183,538,184,557,134,559
430,553,460,553,460,570,430,570
397,554,425,554,425,569,397,569
101,562,138,562,138,581,101,581
144,562,173,562,173,580,144,580
432,574,462,574,462,592,432,592
406,576,433,576,433,590,406,590
136,581,165,581,165,601,136,601
170,582,200,582,200,601,170,601
92,584,130,584,130,602,92,602
302,598,341,598,341,617,302,617
346,598,392,598,392,616,346,616
205,602,226,602,226,620,205,620
232,602,261,602,261,620,232,620
266,602,296,602,296,618,266,618
162,605,199,603,200,621,162,623
404,641,464,641,464,656,404,656
322,645,358,645,358,658,322,658
117,649,147,647,149,666,118,668
153,648,201,648,201,666,153,666
206,648,245,648,245,665,206,665
93,652,113,652,113,668,93,668
269,665,316,665,316,685,269,685
188,670,261,667,261,684,189,687
128,670,192,670,192,689,128,689
93,672,122,672,122,690,93,690
314,687,467,683,468,702,314,706
164,692,192,692,192,710,164,710
190,692,212,692,212,709,190,709
93,693,113,693,113,713,93,713
118,694,158,694,158,712,118,712
361,754,400,754,400,774,361,774
272,756,302,756,302,774,272,774
189,758,229,756,230,777,190,779
236,757,266,757,266,776,236,776
308,757,356,757,356,774,308,774
156,758,185,758,185,780,156,780
442,776,473,776,473,794,442,794
353,777,393,777,393,796,353,796
396,778,437,776,437,793,397,795
272,780,329,778,329,797,273,799
334,778,354,778,354,796,334,796
200,782,238,782,238,801,200,801
245,782,266,782,266,798,245,798
128,785,194,782,195,802,129,804
92,788,122,788,122,805,92,805
356,822,386,822,386,841,356,841
392,822,422,822,422,841,392,841
293,824,313,824,313,842,293,842
318,824,350,824,350,842,318,842
238,825,288,825,288,845,238,845
202,826,232,826,232,846,202,846
138,829,169,829,169,849,138,849
174,829,197,829,197,848,174,848
364,845,431,843,432,862,365,863
437,845,468,845,468,861,437,861
329,846,357,846,357,865,329,865
284,848,330,848,330,866,284,866
173,853,278,848,279,867,174,872
130,854,168,854,168,873,130,873
122,857,130,857,130,872,122,872
97,857,122,857,122,874,97,874
