274,28,301,28,301,46,274,46
300,28,328,28,328,46,300,46
326,29,349,29,349,48,326,48
348,29,385,29,385,48,348,48
382,29,412,29,412,48,382,48
252,50,270,50,270,69,252,69
290,50,326,50,326,69,290,69
269,52,292,52,292,69,269,69
325,52,357,52,357,70,325,70
357,53,366,53,366,68,357,68
368,52,397,52,397,69,368,69
396,51,434,54,432,72,394,69
107,62,221,62,221,93,107,93
320,73,346,73,346,92,320,92
273,74,290,74,290,89,273,89
293,74,321,74,321,92,293,92
346,74,384,74,384,94,346,94
384,74,412,74,412,92,384,92
309,96,362,96,362,114,309,114
358,96,397,96,397,114,358,114
288,97,310,97,310,114,288,114
250,134,281,134,281,153,250,153
216,136,245,136,245,153,216,153
285,136,316,136,316,153,285,153
318,135,359,136,358,155,318,153
104,153,143,156,142,175,102,172
146,156,184,156,184,173,146,173
184,156,236,156,236,174,184,174
370,156,392,156,392,174,370,174
389,157,468,157,468,173,389,173
233,158,270,158,270,173,233,173
276,158,296,158,296,173,276,173
294,158,321,158,321,173,294,173
104,175,142,177,141,196,103,194
141,177,174,177,174,193,141,193
353,178,469,177,469,195,353,196
414,217,469,215,469,233,414,235
104,218,133,218,133,236,104,236
137,217,178,219,177,237,136,235
258,218,289,218,289,237,258,237
292,221,322,219,323,237,293,239
353,221,372,221,372,236,353,236
104,238,125,238,125,257,104,257
129,240,149,240,149,258,129,258
156,240,176,240,176,257,156,257
181,239,219,242,218,260,180,257
440,260,470,260,470,277,440,277
113,261,217,261,217,278,113,278
414,261,436,261,436,276,414,276
105,264,113,264,113,276,105,276
268,262,289,262,289,277,268,277
292,262,322,262,322,278,292,278
104,301,141,301,141,320,104,320
145,302,185,300,185,319,146,321
189,301,228,301,228,321,189,321
250,302,288,302,288,321,250,321
434,302,469,302,469,318,434,318
414,304,436,304,436,320,414,320
233,305,250,305,250,320,233,320
104,322,141,322,141,341,104,341
146,322,184,322,184,341,146,341
214,322,253,322,253,341,214,341
189,324,209,324,209,341,189,341
102,344,141,344,141,362,102,362
198,344,226,344,226,362,198,362
146,345,193,345,193,362,146,362
414,345,436,345,436,361,414,361
434,345,470,345,470,362,434,362
112,365,149,365,149,384,112,384
154,366,182,366,182,384,154,384
414,366,436,366,436,384,414,384
433,366,469,366,469,382,433,382
110,388,157,388,157,405,110,405
424,388,469,388,469,404,424,404
101,406,140,406,140,425,101,425
145,406,173,406,173,426,145,426
178,409,209,409,209,428,178,428
170,429,208,429,208,448,170,448
213,429,233,429,233,446,213,446
309,429,348,429,348,448,309,448
238,430,268,430,268,448,238,448
274,430,304,430,304,449,274,449
353,430,398,430,398,448,353,448
125,469,154,469,154,489,125,489
160,470,206,470,206,489,160,489
100,472,120,472,120,488,100,488
212,470,252,474,250,492,210,489
372,473,469,473,469,489,372,489
326,474,362,474,362,489,326,489
98,490,138,492,137,512,97,509
142,490,276,495,275,515,142,510
281,493,328,493,328,512,281,512
98,513,118,513,118,532,98,532
124,514,162,514,162,532,124,532
168,514,216,514,216,532,168,532
317,516,470,516,470,533,317,533
158,577,186,577,186,597,158,597
193,578,230,578,230,597,193,597
272,578,302,578,302,598,272,598
237,580,266,580,266,598,237,598
308,580,355,582,354,600,307,598
360,581,398,581,398,601,360,601
97,601,125,601,125,618,97,618
132,601,196,601,196,618,132,618
201,602,237,602,237,618,201,618
245,602,266,602,266,620,245,620
273,602,328,602,328,620,273,620
332,602,352,602,352,618,332,618
350,602,390,602,390,621,350,621
394,605,433,605,433,620,394,620
440,605,470,605,470,622,440,622
138,644,169,644,169,662,138,662
174,644,196,644,196,662,174,662
236,644,285,644,285,664,236,664
201,645,230,645,230,662,201,662
289,645,309,645,309,664,289,664
350,646,381,646,381,665,350,665
314,648,345,648,345,665,314,665
386,648,417,648,417,666,386,666
93,666,122,666,122,685,93,685
122,669,130,669,130,682,122,682
130,668,166,668,166,685,130,685
173,668,274,668,274,685,173,685
278,669,353,669,353,688,278,688
358,670,432,670,432,686,358,686
430,672,461,672,461,688,430,688
