315,25,480,25,480,48,315,48
471,40,491,40,491,48,471,48
356,63,381,63,381,80,356,80
388,63,453,63,453,80,388,80
463,63,498,63,498,78,463,78
506,63,561,63,561,78,506,78
475,76,551,76,551,95,475,95
345,78,368,78,368,96,345,96
410,78,455,78,455,95,410,95
550,78,583,78,583,95,550,95
378,80,401,80,401,95,378,95
572,95,628,92,629,111,573,114
388,92,459,99,456,133,385,126
466,96,476,96,476,111,466,111
488,96,500,96,500,111,488,111
520,96,531,96,531,111,520,111
540,95,555,95,555,111,540,111
303,96,336,96,336,115,303,115
345,96,380,96,380,113,345,113
476,105,513,105,513,131,476,131
551,105,590,105,590,131,551,131
511,111,545,111,545,130,511,130
596,111,640,111,640,130,596,130
290,115,325,115,325,133,290,133
333,114,380,116,379,135,332,133
390,116,423,116,423,131,390,131
456,129,588,131,588,153,456,151
367,133,456,130,457,152,368,155
598,133,621,133,621,148,598,148
290,135,325,135,325,153,290,153
325,136,335,136,335,151,325,151
335,135,358,135,358,151,335,151
631,148,668,148,668,170,631,170
510,150,546,150,546,171,510,171
555,150,581,150,581,171,555,171
588,150,625,150,625,170,588,170
441,150,560,150,560,193,441,193
323,153,380,153,380,173,323,173
401,153,425,153,425,171,401,171
268,155,315,155,315,178,268,178
376,155,403,155,403,178,376,178
425,160,435,160,435,171,425,171
383,173,426,173,426,198,383,198
343,175,383,175,383,196,343,196
400,196,627,186,628,212,401,222
635,193,660,193,660,211,635,211
313,196,335,196,335,216,313,216
345,196,403,196,403,218,345,218
303,200,313,200,313,216,303,216
270,200,305,200,305,223,270,223
478,219,549,214,551,236,480,241
601,215,626,215,626,233,601,233
558,216,593,216,593,235,558,235
301,218,350,218,350,241,301,241
348,221,356,221,356,238,348,238
356,220,390,220,390,240,356,240
398,221,478,219,478,242,398,244
548,246,595,246,595,268,548,268
531,248,546,248,546,266,531,266
452,253,516,247,518,267,454,272
361,253,440,253,440,271,361,271
458,268,553,271,553,297,457,294
626,270,675,270,675,291,626,291
560,271,618,271,618,291,560,291
313,273,348,273,348,296,313,296
413,273,448,273,448,293,413,293
358,275,403,275,403,295,358,295
270,276,305,276,305,301,270,301
238,280,263,280,263,303,238,303
628,301,686,301,686,325,628,325
460,303,575,303,575,330,460,330
595,303,630,303,630,326,595,326
303,308,328,308,328,331,303,331
393,308,450,308,450,333,393,333
238,315,291,315,291,335,238,335
628,325,686,325,686,348,628,348
583,326,618,326,618,350,583,350
550,328,575,328,575,350,550,350
360,331,418,331,418,355,360,355
291,333,350,333,350,355,291,355
240,336,283,336,283,358,240,358
582,373,684,370,685,396,583,400
440,376,531,376,531,400,440,400
236,378,340,378,340,401,236,401
338,378,396,378,396,401,338,401
405,378,431,378,431,400,405,400
538,378,575,378,575,401,538,401
616,396,653,396,653,420,616,420
660,396,685,396,685,418,660,418
571,398,610,398,610,421,571,421
450,400,490,400,490,425,450,425
495,400,521,400,521,423,495,423
236,401,308,401,308,425,236,425
408,401,445,401,445,423,408,423
338,403,351,403,351,421,338,421
593,420,618,420,618,443,593,443
508,421,543,421,543,445,508,445
550,421,595,421,595,445,550,445
260,425,298,425,298,448,260,448
306,428,351,428,351,448,306,448
560,443,596,443,596,466,560,466
601,443,616,443,616,463,601,463
540,446,551,446,551,465,540,465
625,445,680,445,680,463,625,463
330,446,400,446,400,470,330,470
408,446,433,446,433,470,408,470
440,446,531,446,531,470,440,470
240,448,333,448,333,471,240,471
613,463,656,463,656,486,613,486
655,463,678,463,678,483,655,483
570,465,606,465,606,488,570,488
451,468,490,468,490,491,451,491
488,468,518,468,518,490,488,490
243,470,313,470,313,493,243,493
410,470,455,470,455,493,410,493
345,473,356,473,356,490,345,490
590,486,615,486,615,508,590,508
506,488,543,488,543,511,506,511
548,488,585,488,585,510,548,510
268,491,305,491,305,513,268,513
311,495,346,495,346,513,311,513
538,501,560,501,560,530,538,530
568,506,673,504,673,526,568,528
246,514,349,510,350,534,246,538
346,511,403,511,403,535,346,535
485,511,538,511,538,531,485,531
410,513,435,513,435,535,410,535
441,513,478,513,478,535,441,535
608,526,650,526,650,546,608,546
650,526,675,526,675,548,650,548
568,528,603,528,603,550,568,550
453,531,488,531,488,551,453,551
495,531,518,531,518,551,495,551
411,533,453,533,453,553,411,553
247,536,318,534,319,558,248,560
586,546,611,546,611,570,586,570
516,550,538,550,538,570,516,570
546,550,581,550,581,571,546,571
508,553,516,553,516,570,508,570
271,558,310,558,310,580,271,580
316,558,360,558,360,578,316,578
607,567,653,571,651,594,605,590
535,570,570,570,570,591,535,591
576,570,600,570,600,591,576,591
250,581,404,572,406,597,252,606
411,573,446,573,446,595,411,595
453,573,530,573,530,595,453,595
565,590,601,590,601,611,565,611
606,590,643,590,643,611,606,611
640,590,671,590,671,610,640,610
423,593,448,593,448,615,423,615
453,593,490,593,490,615,453,615
495,593,520,593,520,613,495,613
353,601,365,601,365,618,353,618
253,604,323,600,324,624,255,627
585,601,608,601,608,630,585,630
545,611,580,611,580,631,545,631
515,613,545,613,545,631,515,631
319,627,362,620,365,639,322,646
278,625,313,625,313,648,278,648
565,651,600,651,600,673,565,673
596,651,641,651,641,675,596,675
638,653,670,653,670,673,638,673
393,658,449,653,451,676,395,680
455,655,506,655,506,673,455,673
343,663,388,663,388,683,343,683
313,668,336,668,336,686,313,686
260,670,306,670,306,693,260,693
455,674,499,676,498,695,454,693
398,678,448,678,448,698,398,698
366,685,388,685,388,703,366,703
315,686,360,686,360,708,315,708
446,706,496,706,496,726,446,726
386,712,440,706,443,730,389,736
338,718,383,718,383,740,338,740
565,722,601,725,599,747,563,744
262,726,331,724,332,747,263,750
548,726,568,726,568,745,548,745
605,726,640,726,640,750,605,750
638,730,668,730,668,750,638,750
318,741,351,741,351,765,318,765
264,750,311,747,312,769,265,772
569,751,609,761,604,781,564,771
421,768,469,760,471,772,423,781
605,760,640,760,640,781,605,781
645,763,668,763,668,783,645,783
373,768,403,768,403,788,373,788
318,776,364,772,366,795,320,799
265,783,314,781,315,803,267,805
450,786,488,786,488,806,450,806
575,787,640,792,638,816,573,811
398,795,442,788,446,811,402,818
636,795,666,795,666,816,636,816
349,804,393,797,397,817,352,824
478,803,521,803,521,825,478,825
527,799,589,808,586,832,524,824
450,806,473,806,473,828,450,828
307,817,342,805,348,824,313,836
430,810,453,810,453,831,430,831
368,821,424,811,427,834,372,843
268,816,303,816,303,836,268,836
330,826,366,821,369,843,333,848
478,823,510,823,510,843,478,843
409,834,482,824,485,846,412,856
267,837,325,828,329,850,270,860
565,819,724,856,716,890,558,853
478,843,510,843,510,861,478,861
526,843,558,843,558,866,526,866
438,850,470,845,474,864,441,870
323,851,345,851,345,868,323,868
291,856,313,856,313,873,291,873
371,860,424,853,426,874,374,881
425,858,430,858,430,870,425,870
321,870,363,865,365,884,323,888
556,870,575,870,575,890,556,890
573,870,605,870,605,890,573,890
291,875,315,875,315,893,291,893
381,879,423,875,425,894,383,898
518,880,558,885,556,904,516,899
341,885,376,882,378,901,343,904
480,883,510,883,510,901,480,901
421,891,472,887,474,906,423,910
290,895,334,889,337,908,292,914
375,898,415,898,415,918,375,918
343,905,366,905,366,923,343,923
305,911,336,911,336,930,305,930
573,911,596,911,596,933,573,933
293,913,306,913,306,931,293,931
601,909,656,924,647,956,593,941
662,920,731,927,728,956,659,949
295,933,328,933,328,951,295,951
336,940,426,940,426,975,336,975
600,943,652,950,649,974,597,967
580,946,596,946,596,965,580,965
295,953,328,953,328,971,295,971
345,963,378,960,379,981,347,984
295,971,339,969,340,988,296,990
576,973,596,973,596,996,576,996
378,976,408,976,408,995,378,995
601,974,672,985,669,1006,597,995
348,985,370,985,370,1001,348,1001
296,991,339,989,341,1008,297,1011
501,996,551,996,551,1015,501,1015
463,1000,495,1000,495,1018,463,1018
435,1006,456,1006,456,1023,435,1023
396,1013,428,1010,429,1029,398,1032
505,1018,523,1018,523,1033,505,1033
463,1022,494,1019,496,1036,465,1039
425,1026,457,1023,459,1041,426,1044
513,1063,536,1063,536,1085,513,1085
541,1062,594,1065,593,1087,540,1084
485,1065,515,1065,515,1083,485,1083
435,1072,479,1066,482,1088,438,1094
348,1089,439,1071,443,1092,352,1109
617,1072,670,1078,667,1098,614,1092
310,1091,341,1091,341,1110,310,1110
281,1096,303,1096,303,1111,281,1111
