359,277,410,277,410,297,359,297
473,277,505,277,505,300,473,300
506,277,547,277,547,302,506,302
430,279,471,279,471,300,430,300
356,340,392,343,391,362,354,359
393,341,428,341,428,361,393,361
451,343,487,343,487,361,451,361
490,343,517,343,517,362,490,362
519,343,553,343,553,364,519,364
707,400,745,400,745,419,707,419
355,400,401,405,399,425,354,421
609,403,661,400,662,421,610,423
665,401,700,401,700,419,665,419
402,402,454,405,453,426,401,423
554,403,595,403,595,423,554,423
462,405,512,405,512,425,462,425
514,405,551,405,551,423,514,423
508,487,659,484,660,513,508,516
243,487,396,487,396,514,243,514
403,487,482,487,482,515,403,515
128,560,188,560,188,579,128,579
192,559,248,566,246,587,190,580
498,560,565,560,565,585,498,585
460,562,494,562,494,581,460,581
579,562,624,562,624,583,579,583
640,562,764,562,764,581,640,581
126,594,161,594,161,615,126,615
163,594,193,594,193,613,163,613
195,594,254,594,254,613,195,613
258,591,314,597,312,618,256,613
460,595,499,595,499,617,460,617
567,597,619,599,618,619,566,617
501,599,563,599,563,618,501,618
126,626,179,626,179,645,126,645
183,626,224,626,224,645,183,645
460,627,505,627,505,649,460,649
521,627,579,631,577,651,519,647
578,627,615,627,615,647,578,647
128,656,156,656,156,675,128,675
158,657,254,660,254,680,157,676
293,658,346,658,346,677,293,677
393,659,423,659,423,677,393,677
462,659,498,659,498,677,462,677
499,659,526,659,526,677,499,677
254,661,281,661,281,677,254,677
284,663,295,663,295,675,284,675
352,661,387,661,387,677,352,677
126,695,174,695,174,720,126,720
179,693,245,698,242,725,177,719
329,695,362,695,362,720,329,720
412,695,467,695,467,720,412,720
469,700,511,693,515,720,474,727
715,695,795,695,795,723,715,723
565,697,608,697,608,722,565,722
395,726,460,731,458,760,393,755
124,731,316,731,316,755,124,755
581,731,611,731,611,757,581,757
334,732,389,732,389,755,334,755
465,729,527,736,524,762,461,755
530,734,576,734,576,755,530,755
619,730,695,737,693,764,617,757
464,757,510,757,510,784,464,784
122,759,231,759,231,784,122,784
305,759,346,759,346,784,305,784
442,759,458,759,458,782,442,782
234,761,284,761,284,787,234,787
352,761,380,761,380,784,352,784
385,761,441,761,441,782,385,782
321,796,373,796,373,825,321,825
446,796,499,796,499,823,446,823
494,796,544,796,544,823,494,823
304,800,314,800,314,818,304,818
697,800,800,800,800,828,697,828
369,830,430,830,430,859,369,859
433,832,485,832,485,860,433,860
119,834,165,834,165,857,119,857
163,834,313,834,313,859,163,859
330,834,366,834,366,860,330,860
490,835,595,835,595,860,490,860
601,836,668,840,666,868,599,865
684,839,729,839,729,864,684,864
732,841,763,841,763,864,732,864
766,841,784,841,784,862,766,862
156,859,204,859,204,887,156,887
222,862,295,862,295,887,222,887
135,864,149,864,149,883,135,883
321,901,369,901,369,932,321,932
444,901,498,901,498,930,444,930
304,905,316,905,316,923,304,923
492,903,542,903,542,928,492,928
700,907,757,907,757,935,700,935
754,910,803,910,803,933,754,933
412,938,482,949,477,982,407,971
482,946,517,946,517,974,482,974
521,946,607,957,603,986,518,975
787,955,803,955,803,978,787,978
339,978,408,986,405,1019,335,1011
410,987,460,987,460,1015,410,1015
466,989,520,992,519,1017,464,1015
524,989,607,992,606,1023,524,1020
704,996,761,996,761,1024,704,1024
757,996,807,996,807,1022,757,1022
313,1026,394,1026,394,1052,313,1052
463,1020,534,1030,529,1065,458,1055
398,1028,458,1028,458,1054,398,1054
537,1029,604,1029,604,1060,537,1060
791,1040,807,1040,807,1061,791,1061
371,1061,409,1061,409,1093,371,1093
412,1065,464,1065,464,1095,412,1095
469,1072,551,1072,551,1099,469,1099
558,1074,622,1074,622,1100,558,1100
704,1077,763,1077,763,1106,704,1106
759,1079,811,1079,811,1106,759,1106
357,1104,412,1104,412,1134,357,1134
416,1107,481,1111,480,1139,415,1135
485,1111,522,1111,522,1138,485,1138
528,1113,622,1113,622,1141,528,1141
704,1116,765,1121,762,1149,702,1144
761,1120,811,1120,811,1147,761,1147
177,1189,245,1189,245,1209,177,1209
122,1191,168,1191,168,1216,122,1216
256,1195,291,1195,291,1213,256,1213
305,1195,361,1204,357,1225,302,1216
368,1204,412,1204,412,1225,368,1225
423,1207,462,1207,462,1227,423,1227
474,1207,517,1207,517,1227,474,1227
530,1210,573,1213,572,1231,529,1228
585,1211,613,1211,613,1230,585,1230
626,1213,668,1213,668,1232,626,1232
165,1214,206,1214,206,1234,165,1234
216,1214,256,1214,256,1234,216,1234
135,1216,165,1216,165,1237,135,1237
269,1216,334,1226,331,1246,266,1237
683,1218,723,1218,723,1236,683,1236
738,1217,799,1221,798,1241,737,1237
345,1223,399,1231,396,1252,342,1244
409,1230,423,1230,423,1246,409,1246
503,1230,533,1230,533,1253,503,1253
435,1232,490,1232,490,1253,435,1253
546,1236,576,1236,576,1253,546,1253
586,1236,640,1236,640,1255,586,1255
239,1235,292,1245,288,1265,235,1255
683,1237,713,1237,713,1257,683,1257
654,1239,683,1239,683,1257,654,1257
298,1245,337,1245,337,1264,298,1264
723,1245,766,1245,766,1261,723,1261
352,1250,391,1250,391,1268,352,1268
401,1253,457,1253,457,1273,401,1273
469,1259,512,1259,512,1273,469,1273
524,1261,608,1261,608,1280,524,1280
268,1263,321,1267,319,1288,267,1284
620,1264,663,1264,663,1280,620,1280
332,1272,399,1277,398,1295,331,1290
414,1278,454,1281,453,1295,413,1292
464,1282,490,1282,490,1296,464,1296
503,1281,546,1284,545,1304,502,1301
558,1281,628,1284,627,1303,557,1300
