302,263,343,260,345,281,304,284
253,262,301,262,301,285,253,285
88,268,130,266,131,286,89,288
134,268,189,268,189,286,134,286
189,269,253,269,253,286,189,286
293,288,328,288,328,308,293,308
242,290,289,290,289,310,242,310
165,292,205,292,205,312,165,312
68,293,102,293,102,312,68,312
104,291,163,296,162,316,102,311
208,293,245,293,245,312,208,312
30,296,58,296,58,314,30,314
32,323,76,325,75,343,31,341
77,324,112,324,112,341,77,341
139,327,183,321,185,340,142,346
113,325,140,325,140,340,113,340
203,348,303,345,304,364,204,367
58,349,160,349,160,368,58,368
170,349,201,349,201,365,170,365
32,350,57,350,57,369,32,369
188,372,278,370,279,389,189,391
106,374,177,371,177,391,106,394
32,374,68,374,68,392,32,392
69,376,109,376,109,393,69,393
373,393,405,393,405,412,373,412
316,396,372,396,372,413,316,413
224,400,254,398,255,414,225,416
282,398,306,398,306,416,282,416
181,400,202,400,202,417,181,417
30,401,61,401,61,418,30,418
62,400,104,404,102,422,61,418
362,424,405,424,405,441,362,441
337,425,361,425,361,441,337,441
248,426,280,426,280,444,248,444
297,426,308,426,308,441,297,441
222,428,246,428,246,445,222,445
20,430,42,430,42,446,20,446
45,430,68,430,68,449,45,449
73,430,94,430,94,446,73,446
358,449,404,449,404,468,358,468
332,450,356,450,356,469,332,469
19,450,64,456,61,477,16,471
64,453,105,456,103,474,62,470
381,478,405,478,405,496,381,496
18,482,64,482,64,500,18,500
62,482,105,482,105,500,62,500
106,482,137,482,137,498,106,498
141,481,187,483,186,499,140,497
358,505,406,505,406,525,358,525
332,508,357,508,357,525,332,525
19,507,64,511,62,532,17,528
62,510,85,510,85,529,62,529
86,510,132,510,132,528,86,528
134,510,174,510,174,526,134,526
112,538,162,538,162,565,112,565
201,540,243,538,244,562,202,564
246,539,330,537,331,562,246,564
165,542,201,542,201,564,165,564
72,545,110,545,110,565,72,565
