241,94,386,94,386,114,241,114
394,97,478,98,478,117,394,115
357,130,397,130,397,152,357,152
206,129,257,135,255,157,203,151
260,132,297,132,297,153,260,153
302,132,350,132,350,152,302,152
402,132,445,132,445,152,402,152
449,131,505,133,505,153,448,151
52,169,92,169,92,188,52,188
192,215,262,213,263,247,193,249
432,214,526,214,526,249,432,249
354,216,424,216,424,249,354,249
272,218,346,218,346,249,272,249
586,261,634,261,634,282,586,282
216,261,248,261,248,282,216,282
278,262,332,262,332,282,278,282
429,264,471,259,474,286,432,290
66,264,110,264,110,285,66,285
116,261,180,267,178,290,114,284
376,264,428,264,428,284,376,284
502,264,581,264,581,284,502,284
52,297,242,297,242,321,52,321
246,297,364,297,364,320,246,320
364,298,440,298,440,321,364,321
446,298,481,298,481,320,446,320
260,336,308,336,308,354,260,354
400,336,440,336,440,360,400,360
436,334,484,334,484,357,436,357
572,336,610,336,610,361,572,361
608,337,656,337,656,358,608,358
41,377,222,377,222,401,41,401
228,377,269,377,269,400,228,400
276,378,364,378,364,401,276,401
368,378,416,378,416,405,368,405
420,378,457,378,457,401,420,401
190,417,198,417,198,433,190,433
254,417,304,417,304,436,254,436
437,416,485,416,485,440,437,440
577,417,618,417,618,441,577,441
616,417,664,417,664,438,616,438
401,418,440,418,440,442,401,442
30,461,218,461,218,486,30,486
224,461,266,461,266,485,224,485
392,461,430,461,430,485,392,485
273,464,334,464,334,485,273,485
338,462,388,462,388,489,338,489
250,502,301,502,301,522,250,522
400,502,440,502,440,529,400,529
436,501,486,501,486,525,436,525
582,502,624,502,624,530,582,530
620,501,672,501,672,525,620,525
184,505,193,505,193,520,184,520
24,548,213,548,213,574,24,574
336,548,376,548,376,574,336,574
217,549,264,549,264,574,217,574
268,550,330,550,330,574,268,574
380,549,445,549,445,574,380,574
450,544,520,552,517,581,447,574
524,549,564,549,564,576,524,576
246,593,298,593,298,613,246,613
416,594,441,594,441,622,416,622
438,593,489,593,489,618,438,618
584,594,626,594,626,624,584,624
622,594,674,594,674,620,622,620
21,638,223,641,222,669,20,666
233,640,286,640,286,668,233,668
290,642,376,642,376,673,290,673
381,642,413,642,413,668,381,668
421,642,460,642,460,668,421,668
245,685,297,685,297,708,245,708
398,685,489,685,489,716,398,716
581,688,625,688,625,717,581,717
622,688,673,688,673,713,622,713
24,730,116,730,116,756,24,756
114,730,228,732,227,758,114,757
232,730,297,732,297,760,231,758
420,733,500,736,499,762,419,760
506,736,545,736,545,761,506,761
302,740,360,740,360,760,302,760
364,738,418,738,418,765,364,765
248,776,298,776,298,796,248,796
398,777,488,777,488,805,398,805
581,780,622,780,622,806,581,806
618,778,670,778,670,802,618,802
24,816,90,825,86,853,19,844
90,826,129,826,129,849,90,849
26,850,93,860,88,889,22,880
94,858,157,865,154,892,91,884
566,868,622,868,622,894,566,894
620,868,669,868,669,890,620,890
28,892,85,896,83,921,26,916
86,897,166,897,166,922,86,922
172,901,217,901,217,924,172,924
328,908,386,908,386,932,328,932
616,910,666,908,667,931,617,934
566,912,620,912,620,936,566,936
58,950,93,950,93,977,58,977
96,952,142,954,141,980,95,978
145,955,388,961,387,986,144,980
628,961,654,961,654,981,628,981
392,960,463,963,462,991,391,988
467,964,595,962,596,984,468,985
594,962,628,962,628,982,594,982
268,1000,314,1002,313,1023,267,1021
393,1001,442,1001,442,1021,393,1021
320,1002,386,1002,386,1022,320,1022
