220,73,422,79,420,150,218,144
440,89,704,93,703,152,439,148
273,177,310,177,310,204,273,204
312,180,402,184,401,213,311,210
494,181,556,181,556,209,494,209
405,183,491,187,490,212,404,209
560,184,596,184,596,208,560,208
602,180,655,191,649,218,596,207
444,219,515,216,516,242,445,245
516,216,584,217,583,241,515,239
342,218,444,218,444,244,342,244
525,257,626,260,625,303,524,299
298,264,422,264,422,302,298,302
428,269,514,269,514,304,428,304
134,320,173,320,173,345,134,345
502,326,598,326,598,353,502,353
464,328,501,328,501,353,464,353
273,329,330,329,330,357,273,357
769,330,784,330,784,352,769,352
334,334,370,334,370,357,334,357
133,360,170,360,170,385,133,385
175,361,230,365,229,389,173,386
464,366,541,366,541,396,464,396
654,366,688,366,688,392,654,392
690,370,786,367,787,393,690,396
132,404,181,404,181,429,132,429
188,405,247,408,246,432,187,430
274,409,340,409,340,432,274,432
462,408,509,408,509,432,462,432
754,410,786,410,786,434,754,434
720,413,758,413,758,436,720,436
516,414,552,414,552,433,516,433
130,446,187,448,186,473,129,471
188,453,267,444,271,473,192,482
280,450,349,450,349,474,280,474
252,496,298,496,298,522,252,522
303,498,355,496,356,521,304,523
462,498,492,498,492,522,462,522
593,498,632,498,632,524,593,524
568,501,588,501,588,524,568,524
714,499,790,502,789,536,713,534
168,544,249,544,249,569,168,569
137,546,148,546,148,565,137,565
252,545,346,545,346,569,252,569
349,545,393,545,393,569,349,569
450,548,502,548,502,574,450,574
548,546,581,546,581,570,548,570
706,546,740,546,740,572,706,572
582,548,630,548,630,570,582,570
742,548,790,548,790,580,742,580
289,630,364,630,364,660,289,660
118,632,184,632,184,660,118,660
190,632,282,632,282,660,190,660
677,636,716,636,716,662,677,662
721,637,781,637,781,664,721,664
370,641,380,641,380,658,370,658
114,720,181,720,181,744,114,744
186,722,229,722,229,744,186,744
709,726,736,726,736,749,709,749
741,726,784,726,784,750,741,750
166,754,225,754,225,778,166,778
114,756,162,756,162,778,114,778
768,765,780,765,780,782,768,782
296,790,382,790,382,824,296,824
440,792,464,792,464,818,440,818
574,794,665,794,665,832,574,832
381,796,437,796,437,826,381,826
466,796,516,796,516,820,466,820
518,797,574,797,574,829,518,829
202,844,254,844,254,870,202,870
258,844,330,844,330,870,258,870
164,845,202,845,202,877,164,877
181,920,246,920,246,945,181,945
252,920,313,920,313,945,252,945
341,918,481,921,481,948,340,945
