518,209,577,209,577,236,518,236
445,213,499,209,501,235,447,239
374,213,442,213,442,237,374,237
230,214,266,214,266,241,230,241
269,218,323,214,325,238,271,242
328,218,370,218,370,238,328,238
167,222,227,220,228,241,168,243
343,245,395,241,397,267,345,271
550,278,590,278,590,297,550,297
509,282,547,279,549,300,511,303
452,281,508,281,508,300,452,300
358,282,398,282,398,301,358,301
404,282,436,282,436,304,404,304
286,284,354,284,354,305,286,305
233,285,269,285,269,302,233,302
154,286,188,286,188,304,154,304
192,286,229,286,229,301,192,301
344,306,404,308,403,331,343,329
408,308,450,308,450,326,408,326
293,309,326,309,326,328,293,328
354,333,461,331,461,350,354,352
284,334,352,334,352,353,284,353
436,363,501,361,501,386,437,388
244,368,294,368,294,389,244,389
352,369,433,367,433,388,353,390
297,369,349,369,349,389,297,389
301,404,329,404,329,422,301,422
332,404,437,404,437,422,332,422
136,438,157,438,157,453,136,453
158,438,192,438,192,452,158,452
201,438,220,438,220,452,201,452
268,469,311,467,312,482,269,484
348,468,386,468,386,482,348,482
388,467,416,469,415,483,387,481
188,470,235,468,236,482,189,484
234,469,269,469,269,482,234,482
313,469,338,469,338,482,313,482
137,470,181,470,181,488,137,488
286,500,327,502,326,517,286,515
134,502,165,502,165,517,134,517
166,502,212,502,212,518,166,518
220,502,245,502,245,516,220,516
246,502,284,502,284,517,246,517
476,537,494,537,494,553,476,553
400,548,428,548,428,565,400,565
546,548,569,548,569,565,546,565
205,549,238,549,238,568,205,568
241,549,280,549,280,566,241,566
330,549,352,549,352,566,330,566
470,558,500,558,500,577,470,577
172,600,206,600,206,618,172,618
209,600,252,600,252,616,209,616
256,600,292,600,292,617,256,617
400,606,424,606,424,625,400,625
424,606,457,606,457,624,424,624
545,606,569,606,569,624,545,624
570,606,604,606,604,624,570,624
352,608,364,608,364,624,352,624
170,622,210,622,210,641,170,641
400,653,424,653,424,670,400,670
425,653,458,653,458,670,425,670
546,653,570,653,570,670,546,670
573,653,605,653,605,672,573,672
141,656,152,656,152,673,141,673
198,657,234,657,234,676,198,676
170,658,196,658,196,676,170,676
492,705,613,705,613,740,492,740
135,706,197,712,195,739,132,734
277,709,334,709,334,738,277,738
200,710,272,710,272,734,200,734
537,749,570,749,570,768,537,768
572,749,614,749,614,768,572,768
137,750,173,750,173,769,137,769
174,753,209,753,209,770,174,770
137,790,170,790,170,810,137,810
173,790,201,790,201,813,173,813
524,790,566,790,566,810,524,810
203,791,262,791,262,810,203,810
565,790,614,790,614,817,565,817
280,857,326,857,326,877,280,877
389,859,430,857,431,874,390,876
436,858,469,858,469,874,436,874
328,859,387,861,386,881,327,879
234,910,310,912,310,929,234,928
325,912,361,912,361,929,325,929
399,912,453,910,453,930,400,932
456,912,488,912,488,929,456,929
493,912,540,912,540,929,493,929
364,916,396,916,396,929,364,929
