456,361,505,361,505,386,456,386
395,365,441,362,442,386,396,389
335,369,394,366,395,388,337,392
215,373,246,373,246,398,215,398
248,375,294,372,295,394,250,397
296,373,333,373,333,391,296,391
160,381,214,378,215,399,161,402
312,396,356,394,357,416,313,419
483,418,518,418,518,435,483,435
451,420,481,420,481,438,451,438
401,421,450,421,450,438,401,438
361,424,389,427,388,442,360,439
262,429,323,427,323,446,263,448
220,431,250,431,250,448,220,448
155,435,183,435,183,451,155,451
185,435,218,435,218,450,185,450
366,445,403,445,403,461,366,461
312,447,363,445,364,464,313,467
271,451,300,451,300,466,271,466
376,465,413,465,413,481,376,481
322,468,378,465,379,482,323,485
263,471,321,471,321,486,263,486
392,491,446,488,447,509,393,513
323,496,390,496,390,513,323,513
231,498,273,498,273,518,231,518
276,500,306,500,306,516,276,516
333,523,396,523,396,540,333,540
281,528,305,528,305,543,281,543
241,558,265,558,265,571,241,571
210,558,240,558,240,573,210,573
163,560,193,560,193,575,163,575
200,561,208,561,208,573,200,573
145,565,163,565,163,575,145,575
358,578,381,578,381,590,358,590
324,581,356,579,357,591,325,593
257,586,294,581,296,594,258,599
295,581,315,581,315,595,295,595
189,588,227,586,228,598,190,601
225,586,258,586,258,598,225,598
145,588,185,588,185,603,145,603
273,611,308,611,308,623,273,623
241,613,273,613,273,626,241,626
171,618,210,612,213,626,174,632
218,615,240,615,240,625,218,625
146,616,171,616,171,630,146,630
433,631,448,631,448,646,433,646
493,638,511,638,511,651,493,651
370,643,393,643,393,658,370,658
311,648,330,648,330,663,311,663
430,650,455,650,455,665,430,665
206,653,235,653,235,668,206,668
236,653,270,653,270,666,236,666
515,678,541,678,541,695,515,695
493,680,513,680,513,695,493,695
393,685,420,685,420,701,393,701
371,686,391,686,391,701,371,701
253,696,283,696,283,710,253,710
211,696,250,696,250,711,211,711
181,700,211,700,211,713,181,713
496,721,550,721,550,745,496,745
465,723,498,723,498,746,465,746
275,736,321,736,321,755,275,755
209,740,269,737,270,757,210,759
155,739,208,743,206,767,153,763
516,755,553,755,553,771,516,771
495,758,515,758,515,773,495,773
190,776,218,776,218,790,190,790
155,776,188,776,188,791,155,791
533,791,555,791,555,810,533,810
215,805,263,805,263,823,215,823
188,808,213,808,213,828,188,828
158,810,186,810,186,828,158,828
408,846,439,842,441,858,410,862
371,846,406,846,406,863,371,863
320,850,370,850,370,866,320,866
460,897,501,895,502,913,461,915
430,900,458,900,458,916,430,916
383,901,428,901,428,920,383,920
353,903,381,903,381,920,353,920
320,905,350,905,350,921,320,921
