379,156,459,153,460,177,380,180
237,166,373,157,374,182,239,191
432,194,485,194,485,214,432,214
389,196,428,196,428,216,389,216
346,198,384,198,384,220,346,220
297,202,341,202,341,222,297,222
256,205,293,203,294,223,257,226
208,204,257,208,255,229,206,224
62,233,101,233,101,253,62,253
414,277,504,272,506,306,416,311
343,281,408,277,410,311,345,315
198,282,263,282,263,317,198,317
270,286,338,286,338,316,270,316
481,320,552,322,551,344,480,342
417,321,453,321,453,350,417,350
80,325,121,325,121,346,80,346
127,322,188,332,184,355,123,344
365,326,413,326,413,348,365,348
554,326,594,326,594,350,554,350
220,328,250,328,250,350,220,350
277,330,326,328,327,349,278,351
73,358,233,358,233,384,73,384
458,357,492,357,492,380,458,380
386,360,416,360,416,382,386,382
420,361,454,361,454,381,420,381
362,364,384,364,384,385,362,385
237,364,278,366,277,387,236,385
281,365,325,365,325,386,281,386
330,368,357,368,357,388,330,388
532,392,580,392,580,417,532,417
388,396,465,393,465,417,389,419
576,394,616,399,614,419,574,415
262,398,305,398,305,417,262,417
63,434,229,432,229,455,64,457
421,434,454,434,454,456,421,456
311,434,371,437,370,462,309,458
234,434,309,441,307,463,232,456
373,437,416,437,416,458,373,458
197,472,206,472,206,486,197,486
389,470,425,470,425,494,389,494
421,469,465,469,465,492,421,492
548,470,584,470,584,496,548,496
581,470,625,470,625,492,581,492
257,473,304,473,304,492,257,492
57,510,238,510,238,534,57,534
242,512,273,512,273,534,242,534
449,508,510,515,507,541,446,533
512,512,546,512,546,536,512,536
276,514,337,514,337,536,276,536
342,514,445,514,445,538,342,538
254,550,301,550,301,569,254,569
388,549,466,549,466,576,388,576
549,552,628,552,628,576,549,576
44,595,104,601,101,629,42,623
104,600,140,600,140,625,104,625
229,606,241,606,241,625,229,625
41,630,101,638,97,666,37,659
101,635,164,639,162,666,100,662
541,637,593,637,593,664,541,664
588,637,636,637,636,661,588,661
37,672,88,672,88,698,37,698
174,674,220,674,220,698,174,698
91,674,170,674,170,698,91,698
322,678,377,678,377,704,322,704
541,678,594,678,594,706,541,706
589,678,637,678,637,704,589,704
40,741,77,741,77,766,40,766
80,741,132,741,132,766,80,766
160,741,341,741,341,766,160,766
77,783,176,776,178,811,79,817
38,784,76,784,76,813,38,813
182,784,229,784,229,809,182,809
235,780,303,788,300,815,232,807
32,826,97,826,97,853,32,853
608,828,638,828,638,852,608,852
104,833,166,833,166,853,104,853
558,872,596,872,596,898,558,898
592,870,640,870,640,896,592,896
29,870,96,872,95,899,28,897
98,872,156,872,156,900,98,900
160,873,221,873,221,898,160,898
30,914,99,922,96,949,26,941
100,918,157,918,157,946,100,946
161,918,222,918,222,944,161,944
557,954,597,954,597,982,557,982
593,956,640,956,640,980,593,980
28,957,72,957,72,984,28,984
108,955,205,961,203,991,106,985
261,954,314,964,308,993,256,982
74,960,105,960,105,988,74,988
205,960,256,960,256,985,205,985
