386,153,426,153,426,173,386,173
166,156,208,156,208,175,166,175
211,156,270,156,270,175,211,175
335,156,383,156,383,175,335,175
268,158,333,158,333,175,268,175
372,180,412,177,414,199,373,202
326,180,371,180,371,200,326,200
143,181,180,181,180,200,143,200
245,181,285,181,285,200,245,200
286,181,326,181,326,200,286,200
105,183,135,183,135,200,105,200
181,183,201,183,201,200,181,200
203,182,241,185,239,204,201,201
105,210,150,210,150,226,105,226
151,211,188,211,188,228,151,228
188,211,216,211,216,226,188,226
218,211,261,211,261,230,218,230
103,231,130,231,130,253,103,253
131,233,235,233,235,251,131,251
246,235,280,235,280,253,246,253
281,234,384,234,384,253,281,253
103,256,140,256,140,275,103,275
181,256,230,256,230,276,181,276
230,258,251,258,251,275,230,275
266,258,358,258,358,276,266,276
141,260,178,260,178,276,141,276
100,285,131,285,131,301,100,301
133,284,174,286,173,303,132,301
258,286,275,286,275,301,258,301
303,286,335,286,335,301,303,301
455,286,483,286,483,303,455,303
363,288,386,288,386,303,363,303
422,290,454,287,455,303,423,306
118,313,146,313,146,331,118,331
148,313,180,313,180,330,148,330
443,313,486,313,486,331,443,331
88,316,118,314,119,331,90,334
325,315,358,315,358,331,325,331
431,316,441,316,441,331,431,331
313,318,323,318,323,331,313,331
88,338,120,338,120,356,88,356
445,338,488,338,488,360,445,360
140,340,160,340,160,358,140,358
165,340,196,340,196,358,165,358
326,340,358,340,358,358,326,358
420,340,441,340,441,358,420,358
120,341,138,341,138,356,120,356
313,343,323,343,323,356,313,356
88,363,123,363,123,386,88,386
445,363,488,363,488,383,445,383
125,365,160,365,160,385,125,385
158,365,191,365,191,383,158,383
313,368,323,368,323,383,313,383
326,366,358,366,358,383,326,383
431,368,441,368,441,383,431,383
90,391,141,391,141,410,90,410
145,391,190,391,190,410,145,410
326,391,358,391,358,410,326,410
431,393,441,393,441,408,431,408
445,391,486,391,486,408,445,408
88,416,118,416,118,435,88,435
326,416,358,416,358,435,326,435
431,418,441,418,441,435,431,435
445,416,488,416,488,435,445,435
120,418,136,418,136,435,120,435
138,418,171,418,171,436,138,436
173,418,216,418,216,438,173,438
313,420,323,420,323,433,313,433
326,443,358,443,358,460,326,460
431,445,443,445,443,460,431,460
445,443,488,443,488,460,445,460
88,445,118,445,118,461,88,461
118,445,136,445,136,461,118,461
140,445,171,445,171,461,140,461
86,468,121,468,121,491,86,491
445,468,488,468,488,488,445,488
123,470,151,470,151,488,123,488
151,470,196,470,196,488,151,488
326,470,358,470,358,486,326,486
431,471,443,471,443,486,431,486
421,495,443,495,443,513,421,513
445,495,490,495,490,515,445,515
88,496,133,496,133,515,88,515
136,496,158,496,158,515,136,515
313,498,323,498,323,513,313,513
326,496,358,496,358,513,326,513
160,500,226,500,226,516,160,516
326,521,358,521,358,540,326,540
421,521,443,521,443,540,421,540
445,521,488,521,488,540,445,540
86,523,145,523,145,540,86,540
146,523,186,523,186,540,146,540
301,523,323,523,323,540,301,540
86,548,125,548,125,570,86,570
325,550,359,547,361,568,326,570
421,548,445,548,445,570,421,570
446,548,490,548,490,566,446,566
130,549,169,551,168,569,129,566
171,550,193,550,193,566,171,566
313,551,325,551,325,568,313,568
85,575,105,575,105,593,85,593
105,575,135,575,135,593,105,593
136,575,181,575,181,595,136,595
326,575,358,575,358,593,326,593
421,575,445,575,445,595,421,595
446,575,488,575,488,593,446,593
301,576,323,576,323,593,301,593
421,601,445,601,445,620,421,620
446,601,478,601,478,620,446,620
85,603,121,603,121,625,85,625
123,603,153,603,153,621,123,621
155,603,176,603,176,621,155,621
326,603,358,603,358,620,326,620
133,628,156,628,156,646,133,646
446,628,480,628,480,646,446,646
85,630,130,630,130,648,85,648
160,630,205,630,205,646,160,646
201,630,228,630,228,648,201,648
313,631,323,631,323,646,313,646
326,630,358,630,358,646,326,646
433,631,445,631,445,646,433,646
431,655,490,655,490,673,431,673
83,656,123,656,123,676,83,676
126,656,160,656,160,675,126,675
163,656,198,656,198,673,163,673
326,656,358,656,358,673,326,673
421,681,445,681,445,701,421,701
448,681,490,681,490,701,448,701
82,681,121,686,119,705,80,701
123,683,170,683,170,701,123,701
301,683,323,683,323,701,301,701
325,683,358,683,358,701,325,701
120,710,160,710,160,731,120,731
163,710,196,710,196,728,163,728
196,710,230,710,230,728,196,728
326,710,360,710,360,730,326,730
423,710,446,710,446,730,423,730
448,710,481,710,481,728,448,728
81,711,116,711,116,730,81,730
313,713,321,713,321,726,313,726
448,736,481,736,481,755,448,755
81,738,111,738,111,756,81,756
113,738,150,738,150,760,113,760
153,738,201,738,201,756,153,756
205,737,245,742,242,761,203,756
301,738,321,738,321,755,301,755
326,738,358,738,358,755,326,755
423,738,445,738,445,755,423,755
81,765,118,765,118,786,81,786
151,765,196,765,196,785,151,785
423,765,448,765,448,785,423,785
450,765,483,765,483,785,450,785
120,766,151,766,151,786,120,786
301,766,323,766,323,783,301,783
326,766,358,766,358,781,326,781
80,793,121,793,121,816,80,816
121,793,146,793,146,815,121,815
178,793,210,793,210,813,178,813
326,793,360,793,360,811,326,811
450,793,480,793,480,811,450,811
147,793,177,798,174,816,144,811
80,820,106,820,106,841,80,841
413,820,450,820,450,841,413,841
450,820,483,820,483,840,450,840
108,821,141,821,141,841,108,841
196,821,236,821,236,840,196,840
260,821,283,821,283,840,260,840
300,821,323,821,323,840,300,840
325,821,360,821,360,840,325,840
140,825,193,825,193,840,140,840
80,848,106,848,106,870,80,870
106,848,148,848,148,868,106,868
415,848,450,848,450,870,415,870
450,848,483,848,483,868,450,868
151,850,195,850,195,868,151,868
300,850,323,850,323,868,300,868
326,850,360,850,360,868,326,868
195,853,216,853,216,868,195,868
80,876,113,876,113,898,80,898
451,876,485,876,485,896,451,896
111,878,146,878,146,901,111,901
326,878,360,878,360,895,326,895
438,880,448,880,448,895,438,895
78,905,105,905,105,926,78,926
105,905,130,905,130,926,105,926
198,905,225,905,225,926,198,926
425,905,451,905,451,928,425,928
451,905,496,905,496,926,451,926
300,906,325,906,325,925,300,925
326,906,361,906,361,926,326,926
130,908,186,908,186,928,130,928
225,908,240,908,240,925,225,925
76,935,116,935,116,953,76,953
118,935,156,935,156,953,118,953
160,935,193,935,193,953,160,953
300,935,325,935,325,956,300,956
326,935,361,935,361,955,326,955
425,935,451,935,451,956,425,956
451,935,498,935,498,956,451,956
195,936,229,938,227,956,193,953
416,938,426,938,426,953,416,953
76,963,108,963,108,981,76,981
108,963,151,963,151,981,108,981
151,963,218,963,218,983,151,983
326,963,360,963,360,983,326,983
426,963,451,963,451,985,426,985
451,963,500,963,500,985,451,985
300,965,323,965,323,983,300,983
76,991,115,991,115,1011,76,1011
116,991,160,991,160,1011,116,1011
163,991,195,991,195,1013,163,1013
300,991,325,991,325,1013,300,1013
326,991,363,991,363,1013,326,1013
453,991,500,991,500,1013,453,1013
426,993,450,993,450,1011,426,1011
74,1014,124,1022,120,1046,70,1039
122,1018,168,1022,166,1044,120,1039
256,1021,283,1021,283,1043,256,1043
406,1023,446,1023,446,1043,406,1043
448,1023,498,1023,498,1045,448,1045
75,1051,123,1051,123,1071,75,1071
121,1053,168,1053,168,1073,121,1073
170,1053,203,1053,203,1071,170,1071
207,1051,258,1056,255,1076,204,1071
471,1056,498,1056,498,1076,471,1076
73,1079,123,1083,121,1107,71,1103
121,1083,146,1083,146,1103,121,1103
148,1085,196,1085,196,1103,148,1103
201,1086,241,1086,241,1103,201,1103
406,1086,446,1086,446,1108,406,1108
448,1088,500,1088,500,1108,448,1108
176,1115,233,1115,233,1145,176,1145
278,1120,321,1120,321,1145,278,1145
326,1120,416,1120,416,1146,326,1146
133,1121,175,1121,175,1145,133,1145
236,1121,273,1121,273,1145,236,1145
53,1166,177,1171,176,1199,52,1193
181,1165,261,1165,261,1198,181,1198
265,1166,370,1166,370,1193,265,1193
53,1200,111,1200,111,1225,53,1225
115,1197,173,1202,171,1227,113,1223
175,1197,251,1202,249,1227,173,1223
255,1200,301,1200,301,1223,255,1223
