238,238,413,241,413,267,238,264
214,302,232,302,232,316,214,316
233,302,250,302,250,317,233,317
253,304,265,304,265,317,253,317
338,304,357,304,357,317,338,317
357,304,394,304,394,318,357,318
396,305,418,305,418,320,396,320
418,305,446,305,446,320,418,320
233,317,250,317,250,336,233,336
214,321,232,321,232,334,214,334
253,321,270,321,270,336,253,336
272,324,285,324,285,336,272,336
336,324,348,324,348,336,336,336
358,324,377,324,377,337,358,337
392,325,400,325,400,337,392,337
400,324,420,324,420,337,400,337
378,325,390,325,390,337,378,337
421,325,448,325,448,338,421,338
397,340,424,340,424,356,397,356
358,341,377,341,377,356,358,356
378,341,396,341,396,356,378,356
425,342,448,342,448,356,425,356
214,358,233,358,233,372,214,372
282,358,325,358,325,373,282,373
340,360,361,360,361,374,340,374
373,359,448,361,447,376,373,374
214,377,233,377,233,392,214,392
238,377,262,377,262,392,238,392
412,380,449,380,449,393,412,393
344,384,362,384,362,389,344,389
368,384,386,384,386,390,368,390
390,384,410,384,410,392,390,392
214,396,233,396,233,410,214,410
238,396,281,396,281,412,238,412
282,397,316,397,316,410,282,410
214,414,238,414,238,432,214,432
240,417,248,417,248,430,240,430
248,416,269,416,269,432,248,432
424,417,450,417,450,430,424,430
276,434,325,434,325,450,276,450
334,434,374,434,374,452,334,452
214,454,228,454,228,469,214,469
229,454,246,454,246,469,229,469
293,454,326,454,326,469,293,469
342,454,354,454,354,469,342,469
365,454,385,454,385,469,365,469
420,454,452,454,452,469,420,469
357,457,365,457,365,469,357,469
214,473,240,473,240,489,214,489
269,473,322,473,322,488,269,488
342,473,364,473,364,488,342,488
425,473,453,473,453,488,425,488
412,474,428,474,428,488,412,488
421,492,456,492,456,509,421,509
214,493,228,493,228,508,214,508
229,493,257,493,257,508,229,508
264,493,328,493,328,507,264,507
344,493,356,493,356,506,344,506
357,493,386,493,386,509,357,509
386,493,409,493,409,506,386,506
217,530,258,530,258,548,217,548
364,530,417,530,417,548,364,548
424,530,456,530,456,548,424,548
265,532,308,532,308,546,265,546
214,552,237,552,237,566,214,566
240,552,264,552,264,566,240,566
265,552,298,552,298,566,265,566
240,570,316,570,316,588,240,588
214,572,237,572,237,586,214,586
240,590,325,590,325,608,240,608
216,592,229,592,229,606,216,606
286,621,305,621,305,636,286,636
305,621,325,621,325,636,305,636
214,622,234,622,234,638,214,638
236,622,253,622,253,637,236,637
256,622,284,622,284,637,256,637
240,639,346,636,347,671,241,673
342,637,396,637,396,668,342,668
384,681,408,681,408,698,384,698
408,681,429,681,429,698,408,698
285,684,310,682,311,697,286,699
332,682,350,682,350,697,332,697
353,682,382,682,382,698,353,698
246,684,264,684,264,698,246,698
265,684,282,684,282,698,265,698
312,684,330,684,330,697,312,697
