261,513,298,513,298,538,261,538
298,513,338,513,338,538,298,538
338,513,418,513,418,540,338,540
418,513,458,513,458,538,418,538
458,513,491,513,491,538,458,538
258,545,283,545,283,571,258,571
283,545,363,547,363,573,282,571
364,545,424,553,420,579,360,572
421,548,460,548,460,573,421,573
460,548,495,548,495,573,460,573
30,570,200,570,200,613,30,613
305,580,345,580,345,606,305,606
276,581,301,581,301,605,276,605
345,581,383,581,383,610,345,610
436,581,476,581,476,608,436,608
382,580,438,585,436,612,379,607
296,613,406,613,406,640,296,640
405,615,453,615,453,640,405,640
28,673,91,673,91,700,28,700
93,672,222,675,221,701,92,698
370,673,420,673,420,698,370,698
430,675,495,675,495,701,430,701
495,676,560,676,560,698,495,698
206,705,260,705,260,730,206,730
268,705,321,705,321,730,268,730
331,706,385,706,385,730,331,730
26,735,80,735,80,763,26,763
90,738,130,738,130,761,90,761
395,738,458,738,458,761,395,761
455,738,561,738,561,761,455,761
26,768,66,768,66,793,26,793
116,769,219,766,220,791,116,793
78,770,116,770,116,793,78,793
25,798,53,798,53,825,25,825
65,801,93,801,93,825,65,825
103,801,158,801,158,825,103,825
156,801,208,801,208,825,156,825
