394,200,470,198,471,213,394,216
254,203,383,200,384,216,254,218
360,224,396,224,396,238,360,238
402,224,440,224,440,237,402,237
446,224,457,224,457,236,446,236
310,225,353,225,353,238,310,238
477,226,497,226,497,236,477,236
270,228,305,226,305,239,270,241
238,230,265,232,265,242,238,240
432,281,521,281,521,308,432,308
356,283,422,281,423,307,357,309
202,284,269,282,269,310,202,312
278,286,347,284,348,309,278,311
579,318,627,316,628,337,580,339
499,320,575,318,576,338,500,340
430,324,468,317,473,340,434,347
378,322,428,322,428,342,378,342
285,324,336,324,336,344,285,344
225,325,256,325,256,345,225,345
81,328,124,328,124,348,81,348
129,326,190,329,189,351,128,348
455,355,569,352,569,375,456,378
576,352,610,352,610,374,576,374
358,356,401,356,401,380,358,380
405,356,450,356,450,380,405,380
295,358,356,361,355,384,293,381
68,363,237,357,238,382,69,388
241,361,290,361,290,382,241,382
602,389,649,389,649,410,602,410
582,390,606,390,606,414,582,414
437,392,482,392,482,416,437,416
417,394,441,394,441,418,417,418
268,396,313,396,313,416,268,416
566,432,604,432,604,457,566,457
482,433,535,435,534,460,482,458
419,432,481,436,479,463,417,459
295,438,359,436,360,461,296,463
361,441,412,433,416,459,365,466
67,443,250,437,251,462,68,468
253,438,294,438,294,462,253,462
540,440,561,440,561,457,540,457
604,471,653,469,653,493,605,495
585,473,609,473,609,498,585,498
418,476,483,473,484,498,418,500
266,478,313,476,313,496,266,498
208,481,216,481,216,496,208,496
482,517,518,517,518,541,482,541
402,518,477,518,477,542,402,542
238,521,295,519,296,543,238,545
300,521,349,521,349,544,300,544
353,520,398,520,398,546,353,546
62,524,235,521,236,545,62,549
442,557,489,557,489,581,442,581
421,560,445,560,445,584,421,584
60,561,101,561,101,585,60,585
104,559,165,563,163,588,102,585
166,561,204,561,204,586,166,586
610,597,659,595,660,619,610,621
439,598,486,596,487,621,440,623
561,598,614,598,614,625,561,625
420,600,444,600,444,625,420,625
186,601,217,601,217,621,186,621
265,601,314,601,314,621,265,621
58,601,98,601,98,625,58,625
102,601,154,601,154,625,102,625
457,644,494,644,494,669,457,669
270,648,357,646,357,670,270,671
360,645,414,645,414,669,360,669
420,645,452,645,452,673,420,673
57,647,233,646,233,671,57,673
237,646,268,646,268,670,237,670
420,685,490,683,491,709,421,711
56,686,97,686,97,710,56,710
101,684,164,689,162,715,99,710
164,686,202,686,202,713,164,713
574,721,657,721,657,748,574,748
266,725,313,725,313,745,266,745
420,725,445,725,445,749,420,749
442,724,489,724,489,746,442,746
58,725,100,725,100,749,58,749
188,726,217,726,217,745,188,745
104,728,156,728,156,749,104,749
55,771,118,777,115,804,52,798
118,777,156,777,156,800,118,800
229,780,258,780,258,800,229,800
558,802,655,800,656,825,558,827
58,803,120,809,118,837,55,831
123,810,182,814,181,836,121,833
559,852,655,850,656,876,560,878
65,852,125,856,123,882,63,878
125,856,168,856,168,878,125,878
68,888,117,888,117,910,68,910
198,888,242,888,242,912,198,912
121,888,196,888,196,912,121,912
559,892,655,890,656,917,560,919
342,893,397,893,397,916,342,916
94,940,126,940,126,964,94,964
130,942,172,942,172,964,130,964
174,941,400,943,399,968,174,965
473,945,615,943,616,965,473,967
621,944,648,944,648,964,621,964
402,943,468,946,467,974,401,971
288,983,331,985,330,1005,287,1003
334,987,397,980,400,1003,336,1010
404,984,450,984,450,1004,404,1004
484,1008,553,1004,553,1020,485,1023
154,1008,189,1008,189,1022,154,1022
194,1010,241,1010,241,1022,194,1022
406,1010,433,1010,433,1022,406,1022
440,1010,480,1010,480,1022,440,1022
280,1012,306,1012,306,1022,280,1022
313,1012,354,1012,354,1022,313,1022
360,1012,401,1012,401,1022,360,1022
246,1014,274,1014,274,1022,246,1022
