178,152,241,152,241,161,178,161
244,153,260,153,260,160,244,160
130,162,184,162,184,172,130,172
110,174,126,174,126,181,110,181
125,174,145,174,145,182,125,182
126,184,165,184,165,193,126,193
109,185,128,185,128,193,109,193
110,196,125,196,125,205,110,205
129,196,140,196,140,205,129,205
149,196,184,196,184,205,149,205
140,197,149,197,149,205,140,205
133,208,156,208,156,217,133,217
158,208,188,208,188,216,158,216
186,208,237,208,237,217,186,217
109,218,130,218,130,228,109,228
133,218,144,218,144,228,133,228
149,218,178,218,178,228,149,228
177,218,228,218,228,228,177,228
230,220,241,220,241,228,230,228
241,220,256,220,256,228,241,228
200,240,213,240,213,252,200,252
172,242,198,242,198,250,172,250
226,242,246,242,246,250,226,250
108,250,120,250,120,261,108,261
294,253,316,253,316,262,294,262
109,276,130,276,130,285,109,285
133,276,160,276,160,285,133,285
162,276,184,276,184,285,162,285
280,276,296,276,296,284,280,284
109,288,129,288,129,297,109,297
133,288,154,288,154,297,133,297
280,288,297,288,297,296,280,296
300,288,316,288,316,296,300,296
109,297,130,299,129,309,108,307
153,298,174,298,174,308,153,308
280,298,297,298,297,306,280,306
300,298,316,298,316,308,300,308
133,300,150,300,150,308,133,308
153,309,180,310,179,321,152,319
108,310,129,310,129,318,108,318
133,310,149,310,149,320,133,320
300,310,317,310,317,318,300,318
108,322,138,322,138,332,108,332
138,322,164,322,164,330,138,330
109,332,130,334,129,344,108,342
277,333,297,333,297,342,277,342
301,333,317,333,317,342,301,342
133,334,160,334,160,342,133,342
162,334,184,334,184,342,162,342
188,345,214,345,214,354,188,354
217,345,240,345,240,354,217,354
297,356,318,356,318,366,297,366
281,357,293,357,293,366,281,366
197,358,208,358,208,365,197,365
106,380,129,380,129,390,106,390
132,381,149,381,149,390,132,390
281,381,298,381,298,390,281,390
300,380,318,380,318,390,300,390
108,393,125,393,125,402,108,402
126,393,144,393,144,402,126,402
148,393,165,393,165,402,148,402
106,405,129,405,129,414,106,414
130,404,154,404,154,416,130,416
157,405,184,405,184,414,157,414
188,405,209,405,209,414,188,414
106,417,134,417,134,426,106,426
280,416,298,416,298,426,280,426
301,417,318,417,318,426,301,426
137,429,153,429,153,440,137,440
108,430,134,430,134,440,108,440
157,430,180,430,180,440,157,440
106,440,124,440,124,452,106,452
280,440,298,440,298,452,280,452
298,441,318,441,318,452,298,452
126,441,144,441,144,452,126,452
148,442,169,442,169,452,148,452
106,453,124,453,124,464,106,464
126,456,144,456,144,465,126,465
148,456,158,456,158,464,148,464
108,466,124,466,124,476,108,476
126,466,144,466,144,476,126,476
148,466,174,466,174,476,148,476
120,476,144,476,144,488,120,488
106,478,118,478,118,486,106,486
146,477,160,477,160,488,146,488
162,478,178,478,178,488,162,488
182,478,209,478,209,488,182,488
213,480,229,480,229,489,213,489
105,488,128,488,128,500,105,500
132,490,153,490,153,500,132,500
282,490,300,490,300,500,282,500
304,490,321,490,321,500,304,500
273,492,280,492,280,500,273,500
105,513,133,513,133,522,105,522
137,513,158,513,158,524,137,524
162,514,184,514,184,524,162,524
304,513,321,513,321,524,304,524
294,516,301,516,301,524,294,524
104,526,122,526,122,536,104,536
126,526,149,526,149,536,126,536
152,526,174,526,174,536,152,536
177,526,194,526,194,536,177,536
102,549,126,549,126,561,102,561
129,549,142,549,142,561,129,561
161,549,185,549,185,561,161,561
145,550,157,550,157,561,145,561
102,562,121,562,121,574,102,574
124,562,142,562,142,574,124,574
145,564,164,564,164,573,145,573
284,562,302,562,302,573,284,573
305,564,322,564,322,573,305,573
200,565,209,565,209,573,200,573
102,576,121,576,121,588,102,588
124,577,142,577,142,586,124,586
146,577,164,577,164,586,146,586
285,577,302,577,302,586,285,586
305,576,324,576,324,586,305,586
104,590,121,590,121,600,104,600
125,590,142,590,142,600,125,600
145,589,162,589,162,600,145,600
290,601,304,601,304,613,290,613
305,601,324,601,324,613,305,613
102,602,116,602,116,613,102,613
118,602,137,602,137,613,118,613
141,604,158,604,158,613,141,613
120,616,137,616,137,626,120,626
290,614,304,614,304,625,290,625
305,614,324,614,324,626,305,626
102,616,116,616,116,626,102,626
141,617,158,617,158,625,141,625
104,628,116,628,116,638,104,638
118,628,137,628,137,638,118,638
141,629,158,629,158,638,141,638
290,628,304,628,304,638,290,638
305,628,324,628,324,638,305,638
305,640,324,640,324,652,305,652
104,642,110,642,110,652,104,652
113,641,132,641,132,652,113,652
136,642,153,642,153,652,136,652
104,654,110,654,110,665,104,665
113,653,132,653,132,665,113,665
136,654,153,654,153,664,136,664
297,654,304,654,304,664,297,664
306,654,324,654,324,664,306,664
113,666,132,666,132,677,113,677
134,666,153,666,153,677,134,677
102,680,121,680,121,692,102,692
125,681,142,681,142,690,125,690
102,693,121,693,121,704,102,704
125,694,142,694,142,704,125,704
104,708,121,708,121,717,104,717
124,708,142,708,142,717,124,717
102,721,128,721,128,742,102,742
128,721,153,721,153,741,128,741
285,721,305,721,305,740,285,740
306,721,326,721,326,740,306,740
276,724,284,724,284,738,276,738
302,741,321,741,321,752,302,752
102,741,126,741,126,753,102,753
129,742,146,742,146,752,129,752
150,742,164,742,164,752,150,752
165,741,189,741,189,752,165,752
192,741,221,741,221,752,192,752
282,742,300,742,300,752,282,752
286,754,304,754,304,765,286,765
306,753,326,753,326,765,306,765
102,754,126,754,126,766,102,766
128,754,141,754,141,765,128,765
145,756,173,756,173,765,145,765
277,756,282,756,282,764,277,764
149,768,180,768,180,789,149,789
100,768,126,768,126,790,100,790
128,769,152,769,152,789,128,789
286,770,310,770,310,789,286,789
308,770,328,770,328,789,308,789
101,802,136,802,136,814,101,814
230,808,312,808,312,853,230,853
101,817,141,817,141,829,101,829
121,830,141,830,141,842,121,842
144,830,162,830,162,842,144,842
101,833,120,833,120,842,101,842
100,845,124,845,124,857,100,857
126,845,152,845,152,857,126,857
156,846,184,846,184,856,156,856
186,845,210,845,210,856,186,856
100,858,130,858,130,870,100,870
185,870,205,870,205,884,185,884
208,872,232,872,232,884,208,884
101,874,182,874,182,882,101,882
236,874,253,874,253,882,236,882
110,949,164,949,164,969,110,969
165,950,234,950,234,968,165,968
96,953,108,953,108,969,96,969
106,971,155,972,154,988,106,986
157,972,189,972,189,985,157,985
94,976,102,976,102,986,94,986
