362,264,430,264,430,291,362,291
437,264,527,264,527,291,437,291
531,264,604,264,604,293,531,293
608,263,699,266,698,294,607,291
188,311,252,311,252,335,188,335
255,311,305,311,305,335,255,335
313,308,387,314,385,341,310,335
387,311,426,311,426,335,387,335
430,311,481,311,481,335,430,335
485,310,538,313,536,340,483,337
538,312,622,315,621,342,537,339
625,312,671,312,671,337,625,337
675,311,741,314,741,339,674,337
742,312,780,312,780,337,742,337
783,312,821,312,821,337,783,337
824,312,872,312,872,337,824,337
362,353,515,353,515,380,362,380
534,355,702,355,702,382,534,382
375,456,446,456,446,488,375,488
527,456,593,456,593,490,527,490
598,458,693,458,693,490,598,490
453,462,522,462,522,490,453,490
817,520,892,520,892,547,817,547
177,522,220,522,220,549,177,549
225,522,367,520,368,549,225,551
748,522,821,522,821,547,748,547
666,524,742,524,742,554,666,554
840,634,899,634,899,670,840,670
739,639,837,639,837,671,739,671
522,648,572,641,577,674,527,681
172,645,216,645,216,677,172,677
460,646,525,648,524,676,459,673
506,698,678,696,679,741,506,744
263,700,405,700,405,742,263,742
408,700,508,700,508,735,408,735
172,702,259,702,259,737,172,737
793,753,909,750,910,789,794,792
499,757,575,752,577,790,501,795
460,758,501,758,501,792,460,792
456,819,499,819,499,853,456,853
364,821,446,821,446,856,364,856
165,822,289,822,289,867,165,867
293,822,357,822,357,860,293,860
852,874,920,871,921,907,853,910
803,874,849,874,849,911,803,911
462,878,577,878,577,918,462,918
520,945,584,945,584,988,520,988
217,951,314,948,315,984,218,987
325,949,511,949,511,984,325,984
163,950,213,950,213,988,163,988
812,1002,931,1002,931,1041,812,1041
463,1009,580,1006,581,1047,464,1049
797,1079,939,1076,940,1122,798,1124
157,1086,257,1092,254,1136,154,1129
257,1087,325,1087,325,1126,257,1126
333,1083,424,1093,419,1134,328,1124
742,1181,801,1181,801,1219,742,1219
606,1180,676,1190,671,1228,600,1217
675,1183,739,1183,739,1224,675,1224
298,1185,371,1185,371,1221,298,1221
423,1188,488,1184,490,1223,425,1227
490,1185,597,1185,597,1219,490,1219
378,1194,421,1194,421,1221,378,1221
