154,130,257,130,257,207,154,207
254,138,381,142,379,205,252,201
35,156,149,160,148,191,34,187
379,165,420,165,420,204,379,204
36,205,121,212,118,255,32,248
124,213,221,223,218,258,121,248
32,266,94,266,94,308,32,308
100,272,165,272,165,308,100,308
29,361,80,361,80,400,29,400
930,361,1007,361,1007,403,930,403
807,373,927,366,929,405,809,413
418,371,500,378,496,412,415,405
503,376,563,376,563,417,503,417
26,447,77,447,77,486,26,486
80,450,148,450,148,483,80,483
154,450,231,450,231,486,154,486
237,453,343,453,343,488,237,488
23,515,65,515,65,551,23,551
945,521,1010,521,1010,560,945,560
435,524,474,524,474,557,435,557
468,524,539,524,539,560,468,560
877,524,939,524,939,557,877,557
77,595,103,595,103,634,77,634
17,598,71,598,71,637,17,637
110,597,239,604,236,647,107,639
243,604,290,604,290,643,243,643
429,678,477,678,477,717,429,717
477,678,542,678,542,717,477,717
945,678,1013,678,1013,717,945,717
894,681,951,681,951,717,894,717
112,746,180,746,180,791,112,791
12,746,112,753,108,798,9,791
188,746,282,760,276,803,181,789
865,761,936,761,936,800,865,800
939,761,1013,761,1013,800,939,800
11,806,106,806,106,850,11,850
109,809,198,809,198,850,109,850
12,871,134,875,133,916,10,912
139,877,225,877,225,921,139,921
225,877,281,877,281,915,225,915
862,886,942,886,942,927,862,927
936,886,1007,886,1007,924,936,924
14,930,91,930,91,975,14,975
97,936,204,936,204,975,97,975
207,942,278,942,278,975,207,975
859,948,939,948,939,989,859,989
933,948,1007,948,1007,986,933,986
17,995,77,995,77,1034,17,1034
77,995,127,995,127,1037,77,1037
856,1007,927,1007,927,1046,856,1046
930,1007,1001,1007,1001,1046,930,1046
237,1072,320,1072,320,1105,237,1105
450,1075,560,1075,560,1111,450,1111
379,1078,444,1078,444,1111,379,1111
569,1078,643,1078,643,1114,569,1114
325,1081,373,1081,373,1108,325,1108
644,1083,716,1079,718,1114,646,1118
720,1081,776,1081,776,1114,720,1114
