321,137,356,137,356,152,321,152
357,137,369,137,369,150,357,150
286,138,306,138,306,153,286,153
305,138,324,138,324,152,305,152
266,140,286,140,286,153,266,153
358,153,386,153,386,166,358,166
306,156,329,156,329,169,306,169
338,156,360,156,360,168,338,168
265,157,281,157,281,170,265,170
281,157,306,157,306,170,281,170
329,158,336,158,336,168,329,168
145,172,232,172,232,194,145,194
284,173,305,173,305,186,284,186
302,173,322,173,322,186,302,186
269,174,282,174,282,186,269,186
322,174,350,174,350,188,322,188
295,190,361,187,361,201,296,204
280,190,297,190,297,204,280,204
305,220,334,220,334,232,305,232
256,221,278,221,278,234,256,234
281,221,304,221,304,233,281,233
230,222,253,222,253,236,230,236
390,229,418,229,418,242,390,242
344,232,392,232,392,246,344,246
276,237,297,237,297,249,276,249
296,237,310,237,310,249,296,249
206,238,245,238,245,253,206,253
244,238,273,238,273,252,244,252
148,240,176,240,176,254,148,254
180,241,206,241,206,253,180,253
332,250,418,244,419,258,333,264
149,256,177,256,177,269,149,269
176,256,201,256,201,269,176,269
388,275,422,273,423,287,389,289
337,282,349,282,349,293,337,293
266,284,289,284,289,297,266,297
292,284,313,284,313,297,292,297
176,288,206,288,206,301,176,301
150,289,173,289,173,301,150,301
304,299,383,291,385,306,305,313
254,300,270,300,270,313,254,313
273,301,301,301,301,313,273,313
209,302,238,302,238,314,209,314
185,304,206,304,206,316,185,316
152,305,173,305,173,317,152,317
401,306,424,306,424,320,401,320
390,312,398,312,398,321,390,321
293,314,316,314,316,326,293,326
282,317,290,317,290,326,282,326
153,320,231,317,232,331,153,333
232,320,240,320,240,330,232,330
390,324,413,324,413,336,390,336
340,325,374,325,374,340,340,340
276,331,334,328,335,341,277,345
250,330,272,330,272,345,250,345
218,334,246,332,247,345,218,347
154,334,196,334,196,348,154,348
198,334,214,334,214,346,198,346
404,338,425,338,425,352,404,352
385,341,401,341,401,353,385,353
296,345,317,345,317,358,296,358
278,348,292,348,292,358,278,358
155,351,241,348,241,362,156,365
400,354,426,354,426,368,400,368
388,357,401,357,401,369,388,369
156,368,173,368,173,380,156,380
405,370,428,370,428,384,405,384
394,374,400,374,400,382,394,382
177,382,212,382,212,394,177,394
157,384,173,384,173,396,157,396
408,402,429,402,429,414,408,414
389,404,405,404,405,416,389,416
269,409,297,409,297,422,269,422
224,410,253,410,253,424,224,424
193,412,221,412,221,426,193,426
257,412,270,412,270,424,257,424
160,413,189,413,189,426,160,426
409,417,430,417,430,430,409,430
392,421,410,421,410,432,392,432
245,425,273,425,273,440,245,440
225,426,241,426,241,440,225,440
193,428,222,428,222,441,193,441
161,429,190,429,190,442,161,442
409,433,432,433,432,446,409,446
392,434,406,434,406,446,392,446
233,441,254,441,254,456,233,456
162,444,190,444,190,458,162,458
193,446,229,443,230,456,194,459
410,449,432,449,432,462,410,462
392,450,408,450,408,464,392,464
170,461,198,461,198,474,170,474
201,461,224,461,224,473,201,473
197,476,218,476,218,489,197,489
222,476,244,476,244,488,222,488
165,477,193,477,193,490,165,490
350,484,384,484,384,497,350,497
317,486,346,484,347,498,318,500
293,486,314,486,314,502,293,502
248,489,264,489,264,502,248,502
268,490,289,490,289,502,268,502
217,492,245,492,245,505,217,505
397,512,436,512,436,525,397,525
249,521,278,521,278,534,249,534
185,525,207,523,209,537,186,539
212,524,248,524,248,537,212,537
168,526,182,526,182,538,168,538
302,533,336,533,336,546,302,546
245,537,266,537,266,550,245,550
265,537,298,537,298,549,265,549
200,540,234,540,234,553,200,553
234,541,240,541,240,549,234,549
168,541,196,541,196,554,168,554
296,551,326,549,327,562,297,564
257,554,293,550,295,564,259,569
233,553,256,553,256,568,233,568
201,554,229,554,229,569,201,569
169,557,197,557,197,570,169,570
329,564,439,558,440,572,330,578
221,569,257,569,257,584,221,584
169,573,185,573,185,588,169,588
189,573,218,573,218,586,189,586
365,610,393,610,393,624,365,624
301,613,324,613,324,626,301,626
328,613,362,613,362,625,328,625
242,617,271,614,273,629,244,632
276,616,298,616,298,629,276,629
218,618,240,618,240,633,218,633
391,626,419,623,420,635,392,638
424,624,445,624,445,636,424,636
346,626,388,626,388,640,346,640
303,631,343,628,344,641,304,643
284,632,300,632,300,644,284,644
251,634,278,632,279,645,252,647
199,638,247,635,248,648,200,651
174,640,196,640,196,652,174,652
388,657,409,657,409,669,388,669
362,658,384,658,384,672,362,672
337,660,358,660,358,673,337,673
317,661,333,661,333,673,317,673
278,664,316,660,318,674,280,677
254,665,276,665,276,678,254,678
234,666,250,666,250,680,234,680
209,668,232,668,232,682,209,682
368,673,415,671,416,685,369,687
420,672,441,672,441,684,420,684
338,676,365,676,365,689,338,689
312,677,340,677,340,690,312,690
260,681,309,678,310,691,261,695
234,682,262,682,262,696,234,696
204,686,230,686,230,698,204,698
176,688,198,688,198,701,176,701
198,689,205,689,205,700,198,700
