457,273,482,273,482,288,457,288
426,274,457,274,457,290,426,290
382,276,408,276,408,293,382,293
406,276,428,276,428,292,406,292
358,277,382,277,382,292,358,292
470,293,502,293,502,308,470,308
445,294,469,294,469,309,445,309
374,296,406,296,406,312,374,312
406,296,430,296,430,310,406,310
434,297,441,297,441,309,434,309
341,297,354,297,354,312,341,312
356,297,377,297,377,313,356,313
210,312,313,312,313,338,210,338
458,314,484,314,484,329,458,329
401,316,422,316,422,332,401,332
425,315,459,317,458,332,424,330
360,317,376,317,376,332,360,332
377,317,401,317,401,332,377,332
437,334,470,334,470,350,437,350
392,336,441,336,441,353,392,353
373,338,392,338,392,352,373,352
340,372,366,372,366,388,340,388
401,372,436,372,436,386,401,386
309,373,334,373,334,388,309,388
372,373,397,373,397,388,372,388
447,388,537,386,537,402,448,404
278,392,358,392,358,406,278,406
381,392,404,392,404,406,381,406
208,393,241,393,241,408,208,408
246,393,278,393,278,406,246,406
365,393,381,393,381,406,365,406
434,408,538,404,539,419,434,424
208,412,240,412,240,426,208,426
240,412,272,412,272,425,240,425
490,442,540,442,540,458,490,458
349,446,376,446,376,464,349,464
380,448,406,448,406,465,380,465
434,448,450,448,450,461,434,461
206,449,232,449,232,464,206,464
238,447,274,450,272,466,237,463
420,466,450,466,450,482,420,482
206,468,241,468,241,482,206,482
278,466,336,468,335,484,278,482
341,468,374,468,374,482,341,482
380,468,405,468,405,481,380,481
405,469,412,469,412,481,405,481
246,469,272,469,272,484,246,484
513,482,541,482,541,497,513,497
490,484,509,484,509,497,490,497
206,488,311,486,312,502,206,503
357,486,376,486,376,500,357,500
380,486,406,486,406,500,380,500
516,521,542,521,542,536,516,536
492,522,510,522,510,537,492,537
206,524,242,524,242,542,206,542
286,524,321,524,321,540,286,540
342,524,376,524,376,540,342,540
246,525,281,525,281,541,246,541
326,526,342,526,342,540,326,540
286,542,305,542,305,561,286,561
310,542,346,542,346,561,310,561
534,544,544,544,544,554,534,554
206,544,242,544,242,562,206,562
246,544,282,544,282,562,246,562
517,561,545,561,545,577,517,577
294,562,321,562,321,581,294,581
493,562,512,562,512,576,493,576
206,564,241,564,241,582,206,582
246,564,289,564,289,580,246,580
518,581,545,581,545,596,518,596
493,582,513,582,513,596,493,596
213,585,249,585,249,602,213,602
253,586,280,586,280,600,253,600
518,601,546,601,546,616,518,616
502,602,520,602,520,617,502,617
213,606,256,606,256,621,213,621
246,624,272,624,272,642,246,642
204,625,241,625,241,642,204,642
277,625,305,625,305,641,277,641
309,642,329,642,329,661,309,661
438,642,480,642,480,658,438,658
268,645,305,643,305,661,269,663
366,644,393,644,393,660,366,660
398,644,433,644,433,658,398,658
333,645,361,645,361,660,333,660
226,685,254,685,254,704,226,704
260,685,305,685,305,704,260,704
309,684,346,686,345,704,308,702
416,685,458,685,458,700,416,700
458,685,549,685,549,698,458,698
204,688,222,688,222,705,204,705
374,704,418,704,418,722,374,722
300,707,361,705,361,720,301,723
540,706,550,706,550,721,540,721
201,708,238,708,238,725,201,725
244,708,288,708,288,725,244,725
361,709,368,709,368,721,361,721
286,710,296,710,296,722,286,722
407,726,553,726,553,742,407,742
268,728,313,728,313,745,268,745
201,729,221,729,221,746,201,746
226,730,262,730,262,745,226,745
293,789,329,789,329,809,293,809
368,789,397,789,397,806,368,806
260,790,288,790,288,809,260,809
334,790,362,790,362,808,334,808
401,790,445,792,445,808,400,806
450,790,488,790,488,809,450,809
368,813,419,811,420,826,369,828
442,812,478,812,478,826,442,826
236,813,294,813,294,829,236,829
300,813,336,813,336,828,300,828
342,813,362,813,362,829,342,829
425,813,444,813,444,826,425,826
485,814,521,814,521,828,485,828
526,814,554,814,554,830,526,830
201,816,228,816,228,830,201,830
336,853,381,853,381,870,336,870
386,853,405,853,405,870,386,870
444,853,473,853,473,872,444,872
276,854,297,854,297,872,276,872
302,854,330,854,330,872,302,872
410,854,440,854,440,872,410,872
242,856,272,856,272,873,242,873
477,856,506,856,506,873,477,873
276,876,372,876,372,893,276,893
377,876,421,876,421,892,377,892
418,876,445,876,445,890,418,890
452,876,521,877,521,893,451,891
228,880,234,880,234,893,228,893
234,878,261,878,261,893,234,893
198,880,226,880,226,894,198,894
262,881,266,881,266,890,262,890
520,880,548,880,548,894,520,894
