348,152,399,148,400,166,349,169
266,150,313,150,313,166,266,166
316,150,348,150,348,164,316,164
402,151,433,153,433,166,401,164
436,152,473,154,473,170,435,168
485,154,557,156,557,173,484,171
413,200,469,203,467,223,412,219
333,205,365,205,365,220,333,220
369,205,409,205,409,218,369,218
469,204,514,208,512,224,468,221
196,257,221,257,221,274,196,274
582,261,610,261,610,281,582,281
528,262,582,262,582,281,528,281
612,264,642,264,642,282,612,282
194,294,262,294,262,324,194,324
576,301,608,301,608,316,576,316
609,302,641,302,641,318,609,318
589,330,645,336,643,357,587,351
197,332,262,332,262,356,197,356
265,333,296,333,296,356,265,356
460,332,512,335,511,353,459,351
518,334,584,334,584,354,518,354
204,378,236,378,236,397,204,397
237,378,260,378,260,397,237,397
552,378,586,378,586,396,552,396
589,378,613,378,613,396,589,396
344,380,376,380,376,398,344,398
377,381,400,381,400,398,377,398
301,418,330,418,330,436,301,436
372,430,398,430,398,448,372,448
444,430,464,430,464,448,444,448
510,430,548,430,548,442,510,442
550,430,580,430,580,446,550,446
573,478,616,473,618,489,575,494
520,477,541,477,541,490,520,490
465,478,504,478,504,492,465,492
506,480,521,480,521,490,506,490
542,478,568,480,567,492,541,490
617,478,645,478,645,492,617,492
602,506,644,506,644,522,602,522
380,508,425,508,425,524,380,524
476,509,519,507,520,522,477,524
454,509,477,509,477,522,454,522
520,509,594,509,594,522,520,522
425,510,445,510,445,522,425,522
358,538,461,538,461,556,358,556
462,540,489,540,489,554,462,554
363,570,439,570,439,590,363,590
444,570,494,570,494,590,444,590
496,570,545,570,545,589,496,589
300,572,360,572,360,593,300,593
445,605,506,605,506,621,445,621
336,606,440,606,440,625,336,625
392,628,449,628,449,648,392,648
346,630,389,630,389,648,346,648
465,630,497,630,497,648,465,648
437,652,503,650,504,671,437,672
363,650,394,655,391,674,360,670
252,653,288,653,288,673,252,673
556,652,592,654,591,669,555,667
597,653,629,653,629,670,597,670
396,654,433,654,433,670,396,670
520,654,553,654,553,672,520,672
290,656,345,656,345,674,290,674
209,658,249,658,249,674,209,674
398,686,446,686,446,708,398,708
558,713,617,713,617,733,558,733
521,716,555,713,557,737,523,739
353,714,417,714,417,741,353,741
421,716,462,716,462,736,421,736
466,716,517,716,517,737,466,737
296,717,347,715,348,739,297,741
222,718,280,718,280,745,222,745
