234,223,369,219,369,244,234,247
376,222,454,222,454,245,376,245
293,262,337,262,337,282,293,282
342,262,380,262,380,282,342,282
385,262,422,262,422,282,385,282
254,264,289,264,289,284,254,284
428,264,477,264,477,284,428,284
205,264,252,266,251,285,204,283
64,300,101,300,101,318,64,318
198,345,262,345,262,381,198,381
342,346,405,346,405,380,342,380
410,346,494,346,494,379,410,379
269,349,337,349,337,380,269,380
544,389,588,391,587,412,543,410
471,393,541,391,541,411,472,413
412,392,446,392,446,418,412,418
86,394,128,394,128,414,86,414
224,394,253,394,253,414,224,414
278,394,325,394,325,414,278,414
364,394,409,394,409,414,364,414
133,393,192,399,190,421,131,415
493,425,547,428,546,451,492,447
552,426,582,426,582,446,552,446
460,428,488,428,488,448,460,448
78,429,249,429,249,450,78,450
254,429,296,429,296,450,254,450
336,429,398,429,398,450,336,450
401,429,458,429,458,449,401,449
298,430,334,430,334,450,298,450
516,461,603,459,604,483,517,485
371,463,457,460,457,482,372,485
265,464,308,464,308,481,265,481
396,501,426,501,426,521,396,521
240,502,293,502,293,524,240,524
298,502,324,502,324,524,298,524
326,502,392,502,392,522,326,522
74,502,116,502,116,525,74,525
116,504,237,504,237,525,116,525
545,533,568,533,568,557,545,557
565,533,608,533,608,554,565,554
416,535,458,533,459,554,417,556
400,536,421,536,421,557,400,557
264,537,306,537,306,554,264,554
208,538,220,538,220,553,208,553
67,580,124,584,122,611,65,607
126,585,161,585,161,608,126,608
242,589,253,589,253,605,242,605
525,613,576,613,576,637,525,637
572,613,616,613,616,633,572,633
65,614,124,618,122,644,63,640
127,617,182,620,180,644,125,641
193,649,233,649,233,673,193,673
64,650,114,650,114,674,64,674
118,653,189,651,189,673,118,675
328,650,377,650,377,673,328,673
528,652,577,652,577,676,528,676
574,652,617,652,617,673,574,673
182,712,346,709,346,731,182,734
112,712,157,712,157,734,112,734
73,712,108,712,108,734,73,734
185,746,236,746,236,770,185,770
110,748,148,748,148,772,110,772
150,748,182,748,182,773,150,773
74,749,108,749,108,776,74,776
70,788,129,788,129,810,70,810
589,788,620,788,620,810,589,810
136,792,192,792,192,810,136,810
70,826,129,826,129,850,70,850
133,826,184,826,184,850,133,850
186,826,241,826,241,849,186,849
580,830,621,830,621,850,580,850
134,865,185,865,185,890,134,890
188,865,242,865,242,888,188,888
70,865,134,869,132,894,69,890
143,897,229,904,227,931,141,925
70,902,110,902,110,925,70,925
229,904,273,904,273,925,229,925
277,899,325,907,320,933,272,925
113,905,141,905,141,928,113,928
548,909,625,909,625,933,548,933
89,953,120,953,120,978,89,978
124,954,165,954,165,978,124,978
166,954,382,954,382,978,166,978
385,953,449,959,447,989,382,983
452,957,596,959,595,983,451,981
594,962,621,962,621,982,594,982
320,997,381,997,381,1022,320,1022
274,998,316,998,316,1020,274,1020
385,997,430,997,430,1021,385,1021
