306,150,337,150,337,170,306,170
336,150,400,150,400,170,336,170
278,152,308,152,308,170,278,170
397,152,428,152,428,169,397,169
256,174,274,174,274,196,256,196
274,176,298,176,298,196,274,196
368,176,380,176,380,193,368,193
382,176,413,176,413,194,382,194
298,177,336,177,336,194,298,194
336,177,370,177,370,196,336,196
412,177,452,177,452,192,412,192
98,193,222,193,222,226,98,226
280,201,298,201,298,221,280,221
301,201,332,201,332,220,301,220
330,201,358,201,358,220,330,220
358,200,401,203,399,223,357,220
318,223,413,223,413,245,318,245
294,225,320,225,320,245,294,245
330,268,373,268,373,286,330,286
218,269,250,269,250,288,218,288
257,269,289,269,289,288,257,288
294,269,326,269,326,288,294,288
386,289,493,289,493,309,386,309
144,293,184,293,184,313,144,313
182,293,278,293,278,313,182,313
305,293,334,293,334,310,305,310
97,294,137,294,137,314,97,314
285,294,306,294,306,310,285,310
369,313,494,313,494,332,369,332
97,318,137,318,137,337,97,337
137,318,174,318,174,336,137,336
436,359,497,356,498,375,437,378
302,363,335,358,338,378,305,382
268,361,300,361,300,380,268,380
372,361,393,361,393,378,372,378
136,361,178,363,177,383,135,381
98,364,129,364,129,384,98,384
128,385,165,385,165,405,128,405
173,385,205,385,205,404,173,404
249,385,290,385,290,404,249,404
212,386,242,386,242,405,212,405
98,388,121,388,121,405,98,405
466,404,498,404,498,421,466,421
438,405,461,405,461,422,438,422
278,408,337,408,337,425,278,425
98,409,224,409,224,428,98,428
461,450,500,450,500,469,461,469
261,452,301,452,301,472,261,472
440,452,464,452,464,469,440,469
98,453,140,453,140,474,98,474
146,453,188,453,188,473,146,473
193,453,234,453,234,473,193,473
242,456,260,456,260,470,242,470
222,474,264,474,264,496,222,496
100,476,140,476,140,497,100,497
148,476,188,476,188,497,148,497
193,474,216,474,216,496,193,496
462,497,502,497,502,516,462,516
205,498,234,498,234,520,205,520
441,498,464,498,464,516,441,516
100,500,140,500,140,521,100,521
146,500,198,500,198,520,146,520
441,521,465,521,465,538,441,538
470,521,502,521,502,538,470,538
109,524,150,524,150,544,109,544
157,525,188,525,188,544,157,544
100,546,141,546,141,568,100,568
148,546,178,546,178,566,148,566
185,548,217,548,217,566,185,566
327,569,369,567,370,587,328,589
376,568,425,568,425,588,376,588
222,569,245,569,245,589,222,589
289,569,321,569,321,590,289,590
176,570,216,570,216,592,176,592
252,572,284,572,284,589,252,589
386,638,429,638,429,661,386,661
166,640,197,640,197,661,166,661
205,640,246,640,246,661,205,661
253,640,285,640,285,660,253,660
292,640,324,640,324,660,292,660
330,641,381,642,381,661,330,659
378,664,420,664,420,682,378,682
474,664,506,664,506,682,474,682
292,666,353,664,353,683,293,685
358,665,380,665,380,682,358,682
426,665,468,665,468,682,426,682
138,668,207,665,208,685,138,688
213,666,254,666,254,685,213,685
262,666,285,666,285,684,262,684
100,669,130,669,130,686,100,686
313,710,334,710,334,732,313,732
380,710,412,710,412,730,380,730
254,712,306,712,306,732,254,732
341,712,374,712,374,732,341,732
418,712,452,712,452,732,418,732
148,713,180,713,180,734,148,734
186,713,209,713,209,733,186,733
216,713,248,713,248,733,216,733
302,737,381,734,381,755,302,758
389,736,461,736,461,756,389,756
468,737,500,737,500,754,468,754
185,739,295,737,296,757,185,758
98,740,138,740,138,760,98,760
138,740,178,740,178,760,138,760
