396,17,464,17,464,42,396,42
460,17,537,17,537,44,460,44
537,19,581,19,581,44,537,44
396,51,466,51,466,78,396,78
471,53,519,53,519,80,471,80
524,53,572,53,572,80,524,80
362,76,442,76,442,103,362,103
449,78,474,78,474,103,449,103
473,78,519,78,519,106,473,106
524,80,602,80,602,104,524,104
330,101,389,101,389,126,330,126
417,101,442,101,442,126,417,126
611,101,647,101,647,128,611,128
450,100,510,105,507,132,448,127
546,103,604,103,604,129,546,129
514,104,540,104,540,129,514,129
361,124,433,124,433,177,361,177
437,126,474,126,474,152,437,152
482,128,528,128,528,156,482,156
544,129,594,129,594,154,544,154
601,131,611,131,611,149,601,149
512,149,547,149,547,177,512,177
437,151,474,151,474,179,437,179
480,151,506,151,506,177,480,177
554,152,602,152,602,177,554,177
394,174,432,174,432,200,394,200
448,174,485,174,485,202,448,202
490,176,538,176,538,202,490,202
544,176,590,176,590,202,544,202
277,222,419,222,419,249,277,249
649,222,686,222,686,249,649,249
695,224,707,224,707,243,695,243
608,224,652,224,652,250,608,250
449,231,462,231,462,249,449,249
277,245,304,245,304,270,277,270
309,245,355,245,355,272,309,272
361,245,398,245,398,272,361,272
608,250,620,250,620,272,608,272
275,314,332,314,332,341,275,341
329,318,385,318,385,343,329,343
384,318,417,318,417,345,384,345
605,316,653,320,650,347,603,343
647,318,684,318,684,345,647,345
691,320,704,320,704,341,691,341
444,325,462,325,462,343,444,343
275,341,302,341,302,364,275,364
307,341,332,341,332,366,307,366
339,341,387,341,387,368,339,368
604,345,618,345,618,366,604,366
273,410,418,412,417,439,273,437
602,414,647,414,647,442,602,442
645,416,681,416,681,441,645,441
690,417,700,417,700,437,690,437
442,417,464,417,464,439,442,439
487,419,499,419,499,437,487,437
273,435,300,435,300,460,273,460
305,435,339,435,339,460,305,460
602,437,617,437,617,462,602,462
272,505,416,505,416,531,272,531
601,510,638,510,638,535,601,535
634,510,679,510,679,537,634,537
688,512,699,512,699,531,688,531
441,512,460,512,460,533,441,533
487,514,498,514,498,531,487,531
272,530,298,530,298,554,272,554
304,530,329,530,329,554,304,554
336,530,384,530,384,556,336,556
602,535,615,535,615,556,602,556
270,599,414,601,414,628,270,626
599,604,643,604,643,631,599,631
642,604,677,604,677,629,642,629
686,606,697,606,697,626,686,626
439,608,460,608,460,627,439,627
270,624,307,624,307,649,270,649
599,629,611,629,611,650,599,650
268,695,412,695,412,722,268,722
482,700,494,700,494,718,482,718
597,699,642,699,642,725,597,725
437,700,458,700,458,720,437,720
640,700,675,700,675,723,640,723
684,702,695,702,695,720,684,720
268,720,305,720,305,745,268,745
599,725,611,725,611,745,599,745
266,789,410,789,410,814,266,814
595,791,634,791,634,816,595,816
638,793,675,793,675,816,638,816
684,795,693,795,693,812,684,812
437,795,453,795,453,812,437,812
300,812,346,812,346,837,300,837
266,814,293,814,293,837,266,837
595,814,610,814,610,835,595,835
265,883,313,883,313,910,265,910
309,883,409,883,409,910,309,910
595,883,634,883,634,910,595,910
638,885,674,885,674,910,638,910
683,887,693,887,693,907,683,907
435,889,451,889,451,907,435,907
265,908,302,908,302,935,265,935
597,910,610,910,610,932,597,932
263,981,312,983,311,1011,261,1008
469,983,480,983,480,1003,469,1003
572,981,642,981,642,1008,572,1008
638,981,675,981,675,1006,638,1006
316,983,364,983,364,1008,316,1008
466,1026,504,1030,502,1055,464,1052
574,1029,595,1029,595,1054,574,1054
594,1029,640,1029,640,1056,594,1056
636,1029,674,1029,674,1056,636,1056
259,1031,307,1031,307,1058,259,1058
314,1079,350,1079,350,1106,314,1106
281,1081,307,1081,307,1106,281,1106
455,1100,521,1100,521,1127,455,1127
357,1102,414,1102,414,1131,357,1131
313,1104,350,1104,350,1132,313,1132
281,1106,305,1106,305,1131,281,1131
435,1109,446,1109,446,1120,435,1120
378,1152,433,1152,433,1179,378,1179
257,1154,282,1154,282,1181,257,1181
350,1140,380,1167,335,1216,305,1188
289,1156,327,1156,327,1181,289,1181
485,1175,531,1175,531,1204,485,1204
530,1175,565,1175,565,1202,530,1202
626,1175,672,1175,672,1204,626,1204
668,1175,706,1175,706,1202,668,1202
464,1177,487,1177,487,1204,464,1204
291,1179,318,1179,318,1204,291,1204
357,1181,368,1181,368,1204,357,1204
377,1179,414,1179,414,1204,377,1204
259,1182,270,1182,270,1200,259,1200
668,1225,706,1225,706,1252,668,1252
517,1227,554,1227,554,1253,517,1253
572,1227,608,1227,608,1252,572,1252
254,1227,369,1227,369,1277,254,1277
387,1229,425,1229,425,1253,387,1253
473,1229,512,1229,512,1255,473,1255
572,1250,650,1250,650,1277,572,1277
670,1250,704,1250,704,1275,670,1275
530,1252,554,1252,554,1277,530,1277
375,1253,432,1253,432,1277,375,1277
256,1275,293,1275,293,1300,256,1300
441,1275,476,1275,476,1300,441,1300
298,1277,346,1277,346,1300,298,1300
353,1277,401,1277,401,1301,353,1301
485,1277,510,1277,510,1300,485,1300
409,1280,432,1280,432,1300,409,1300
