499,266,533,266,533,286,499,286
421,268,490,268,490,291,421,291
533,270,556,270,556,288,533,288
554,289,627,289,627,313,554,313
512,293,547,293,547,314,512,314
419,297,467,294,468,315,420,318
478,295,505,295,505,316,478,316
353,297,387,297,387,318,353,318
385,302,412,302,412,320,385,320
477,320,640,314,641,338,478,345
412,323,469,323,469,343,412,343
341,325,368,325,368,345,341,345
377,329,401,329,401,345,377,345
615,345,674,345,674,366,615,366
684,345,709,345,709,362,684,362
547,348,607,345,608,366,548,369
457,350,492,350,492,373,457,373
491,349,541,352,540,375,489,373
330,352,380,352,380,375,330,375
412,352,448,352,448,371,412,371
251,352,300,358,298,380,248,374
307,353,332,353,332,377,307,377
640,371,699,371,699,391,640,391
571,375,632,370,634,394,573,399
528,377,565,377,565,398,528,398
355,380,405,380,405,403,355,403
446,380,496,380,496,400,446,400
261,382,300,382,300,405,261,405
308,381,348,384,346,408,306,405
506,384,517,384,517,398,506,398
412,384,439,384,439,401,412,401
654,398,715,398,715,419,654,419
618,400,645,400,645,423,618,423
505,405,542,405,542,426,505,426
551,405,588,405,588,425,551,425
599,409,610,409,610,423,599,423
448,408,497,411,496,432,447,430
320,410,357,410,357,432,320,432
368,410,394,410,394,432,368,432
250,412,277,412,277,432,250,432
284,414,311,414,311,432,284,432
400,414,437,414,437,433,400,433
610,429,659,431,657,453,609,451
563,432,601,432,601,453,563,453
519,433,553,433,553,455,519,455
473,435,510,435,510,458,473,458
439,437,464,437,464,458,439,458
345,439,380,439,380,460,345,460
391,439,430,439,430,460,391,460
645,457,684,457,684,480,645,480
610,458,638,458,638,482,610,482
578,460,604,460,604,487,578,487
473,464,501,464,501,487,473,487
508,463,568,466,567,488,507,485
437,466,462,466,462,487,437,487
343,467,384,467,384,490,343,490
391,466,431,471,428,493,388,488
309,469,332,469,332,490,309,490
415,496,650,486,651,514,416,525
647,490,674,490,674,508,647,508
334,496,409,496,409,521,334,521
661,519,688,519,688,537,661,537
615,521,652,521,652,538,615,538
476,524,581,524,581,547,476,547
579,524,615,524,615,544,579,544
323,526,419,526,419,551,323,551
428,530,476,530,476,546,428,546
586,576,679,576,679,601,586,601
468,583,563,579,564,604,469,608
324,588,446,584,447,610,325,615
537,608,588,608,588,633,537,633
597,607,658,610,658,633,596,631
666,610,718,607,719,631,667,634
490,613,530,613,530,633,490,633
442,615,482,615,482,636,442,636
382,619,433,616,435,637,384,641
337,618,375,618,375,642,337,642
250,620,279,620,279,645,250,645
288,620,329,620,329,647,288,647
635,667,736,662,737,688,637,693
493,674,616,668,618,693,494,699
421,679,485,679,485,706,421,706
325,681,353,681,353,706,325,706
251,683,316,688,314,713,249,708
674,695,738,695,738,722,674,722
626,699,665,699,665,722,626,722
590,700,618,700,618,723,590,723
519,703,584,708,583,731,517,727
446,707,513,709,512,735,445,732
387,709,437,709,437,732,387,732
313,713,375,713,375,736,313,736
252,716,305,716,305,739,252,739
594,763,634,763,634,786,594,786
642,763,672,763,672,789,642,789
533,764,586,764,586,789,533,789
473,768,524,768,524,791,473,791
437,770,466,770,466,795,437,795
249,778,428,769,429,796,251,805
669,790,746,787,747,813,670,817
645,793,672,793,672,819,645,819
535,796,565,796,565,821,535,821
487,798,538,798,538,825,487,825
449,800,490,800,490,830,449,830
249,811,330,808,331,834,251,838
425,835,455,835,455,860,425,860
362,839,405,836,407,862,364,865
339,841,364,841,364,864,339,864
727,887,755,887,755,914,727,914
677,891,719,888,721,915,679,918
654,892,679,892,679,919,654,919
416,905,483,900,485,926,418,931
492,901,554,901,554,923,492,923
720,903,727,903,727,910,720,910
353,907,409,907,409,933,353,933
252,913,307,916,305,943,251,940
316,914,345,914,345,937,316,937
492,935,557,937,556,964,491,962
416,938,484,941,483,968,415,965
316,943,371,946,369,973,315,970
378,946,407,946,407,967,378,967
483,1006,547,1006,547,1029,483,1029
406,1010,474,1007,475,1033,407,1036
343,1013,398,1013,398,1038,343,1038
250,1018,333,1020,332,1046,250,1044
738,1024,766,1024,766,1051,738,1051
688,1026,739,1026,739,1054,688,1054
661,1029,690,1029,690,1060,661,1060
315,1051,357,1048,359,1074,316,1077
252,1052,307,1052,307,1077,252,1077
688,1063,768,1057,770,1084,690,1090
499,1074,538,1074,538,1100,499,1100
420,1078,476,1075,477,1103,421,1105
357,1083,412,1083,412,1108,357,1108
252,1088,295,1088,295,1113,252,1113
302,1090,348,1087,350,1114,304,1117
590,1102,670,1102,670,1131,590,1131
524,1106,581,1106,581,1134,524,1134
459,1111,516,1107,518,1136,461,1140
379,1113,451,1108,453,1139,381,1144
330,1118,375,1118,375,1145,330,1145
249,1120,321,1115,323,1148,251,1153
279,1157,311,1157,311,1184,279,1184
320,1159,348,1159,348,1182,320,1182
362,1161,371,1161,371,1177,362,1177
320,1191,373,1191,373,1218,320,1218
279,1195,309,1195,309,1220,279,1220
346,1227,391,1227,391,1252,346,1252
398,1227,466,1227,466,1253,398,1253
279,1230,337,1230,337,1259,279,1259
585,1250,638,1250,638,1275,585,1275
531,1253,576,1253,576,1278,531,1278
453,1257,523,1259,522,1286,452,1284
385,1264,444,1264,444,1291,385,1291
281,1269,337,1269,337,1298,281,1298
346,1269,377,1269,377,1293,346,1293
