458,149,494,149,494,165,458,165
148,150,177,150,177,165,148,165
182,150,233,150,233,166,182,166
433,150,458,150,458,165,433,165
236,153,244,153,244,166,236,166
252,152,285,152,285,168,252,168
384,152,421,152,421,169,384,169
428,153,434,153,434,164,428,164
284,153,321,153,321,169,284,169
325,153,386,153,386,170,325,170
190,172,221,172,221,189,190,189
425,172,454,172,454,189,425,189
225,173,254,173,254,190,225,190
258,173,288,173,288,190,258,190
400,173,421,173,421,190,400,190
293,174,312,174,312,189,293,189
316,174,362,174,362,193,316,193
368,174,396,174,396,192,368,192
470,210,496,210,496,225,470,225
144,212,172,212,172,230,144,230
403,213,462,210,463,225,404,228
177,214,214,214,214,230,177,230
218,214,256,214,256,232,218,232
261,214,273,214,273,228,261,228
278,214,329,214,329,230,278,230
337,214,356,214,356,229,337,229
362,214,397,214,397,230,362,230
256,217,262,217,262,229,256,229
413,233,441,233,441,253,413,253
212,234,249,234,249,252,212,252
253,234,297,236,297,251,252,249
370,234,408,234,408,253,370,253
304,236,333,236,333,254,304,254
337,236,366,236,366,253,337,253
400,294,436,294,436,312,400,312
306,297,336,297,336,317,306,317
341,297,368,297,368,312,341,312
374,297,394,297,394,316,374,316
214,300,260,300,260,317,214,317
265,300,301,300,301,316,265,316
465,314,503,312,504,331,466,333
432,316,461,313,462,333,433,335
400,316,429,316,429,333,400,333
146,322,174,322,174,337,146,337
180,322,198,322,198,337,180,337
460,334,497,334,497,353,460,353
426,336,456,336,456,353,426,353
148,344,177,344,177,360,148,360
182,344,202,344,202,360,182,360
468,356,505,354,506,372,469,374
418,357,465,355,465,373,418,375
385,358,413,358,413,377,385,377
182,364,202,364,202,378,182,378
148,365,176,365,176,380,148,380
427,378,464,375,466,394,429,397
470,376,508,376,508,394,470,394
412,378,422,378,422,396,412,396
370,380,406,380,406,398,370,398
160,389,168,389,168,400,160,400
472,396,509,396,509,414,472,414
429,398,466,398,466,417,429,417
387,401,425,399,426,417,388,419
329,401,366,401,366,420,329,420
372,404,380,404,380,416,372,416
150,408,180,408,180,424,150,424
185,408,204,408,204,421,185,421
484,437,513,437,513,454,484,454
442,438,485,438,485,456,442,456
399,441,442,439,443,457,400,459
332,444,352,444,352,461,332,461
297,446,330,444,331,459,298,461
248,449,257,449,257,462,248,462
151,450,205,448,205,464,152,466
477,458,514,458,514,476,477,476
382,463,454,460,455,477,382,480
460,461,477,461,477,476,460,476
333,465,377,465,377,481,333,481
298,466,325,466,325,484,298,484
480,478,516,478,516,496,480,496
400,484,479,478,480,497,401,502
300,486,329,486,329,504,300,504
334,486,354,486,354,502,334,502
189,492,209,492,209,508,189,508
154,493,184,493,184,509,154,509
437,500,514,499,514,515,437,517
344,505,396,505,396,521,344,521
402,505,430,505,430,521,402,521
293,508,337,508,337,524,293,524
249,510,276,510,276,525,249,525
276,510,294,510,294,524,276,524
216,512,244,512,244,529,216,529
172,513,208,513,208,529,172,529
489,521,517,521,517,538,489,538
445,522,484,522,484,540,445,540
310,528,338,528,338,546,310,546
344,529,364,529,364,544,344,544
260,532,278,532,278,548,260,548
163,536,217,534,217,552,164,553
485,562,521,562,521,580,485,580
450,565,482,565,482,581,450,581
183,577,273,573,273,591,184,595
157,580,182,580,182,594,157,594
485,584,522,584,522,602,485,602
449,586,480,586,480,604,449,604
355,591,443,586,444,605,356,610
444,590,450,590,450,601,444,601
332,592,352,592,352,609,332,609
305,593,332,593,332,610,305,610
165,600,256,595,258,612,167,618
382,612,412,612,412,629,382,629
357,613,378,613,378,630,357,630
322,614,352,614,352,632,322,632
280,616,318,616,318,633,280,633
270,656,344,656,344,676,270,676
233,658,268,658,268,677,233,677
409,662,525,662,525,694,409,694
310,678,338,678,338,697,310,697
246,679,286,681,285,700,245,698
286,680,312,680,312,698,286,698
341,680,360,680,360,697,341,697
218,682,248,682,248,701,218,701
258,702,299,704,298,724,257,722
298,704,355,702,356,721,298,723
356,702,373,702,373,720,356,720
230,708,257,708,257,724,230,724
206,709,232,709,232,728,206,728
345,726,373,726,373,745,345,745
318,728,346,728,346,748,318,748
260,730,318,728,319,747,261,750
233,732,261,732,261,750,233,750
209,733,234,733,234,752,209,752
