274,263,401,264,401,288,274,286
408,264,481,264,481,286,408,286
456,301,504,301,504,321,456,321
247,299,293,305,290,325,245,319
293,302,328,302,328,321,293,321
416,302,452,302,452,321,416,321
330,304,372,304,372,321,330,321
377,304,412,304,412,324,377,324
110,329,148,329,148,349,110,349
352,374,406,374,406,406,352,406
214,375,275,375,275,407,214,407
465,376,546,376,546,404,465,404
414,378,458,378,458,405,414,405
280,380,345,378,345,405,281,407
572,414,614,414,614,436,572,436
442,420,476,415,479,438,446,442
502,417,569,417,569,437,502,437
314,418,361,418,361,437,314,437
397,418,441,418,441,437,397,437
129,420,170,420,170,440,129,440
261,420,289,420,289,438,261,438
175,418,232,424,230,445,173,439
277,448,343,452,342,475,276,471
473,450,502,450,502,470,473,470
158,452,273,451,273,471,158,473
345,451,410,454,409,475,344,471
412,452,429,452,429,472,412,472
430,452,469,452,469,474,430,474
120,453,158,453,158,473,120,473
449,482,489,482,489,504,449,504
590,482,629,482,629,504,590,504
300,484,342,484,342,501,300,501
418,484,452,484,452,505,418,505
560,484,593,484,593,505,560,505
106,523,164,527,162,554,104,550
164,529,198,529,198,550,164,550
278,536,288,536,288,550,278,550
565,558,600,558,600,581,565,581
596,558,636,558,636,580,596,580
105,555,162,561,159,587,102,582
164,561,220,563,219,585,163,583
565,598,600,598,600,621,565,621
596,598,637,598,637,618,596,618
93,600,138,600,138,622,93,622
142,600,173,600,173,622,142,622
174,600,202,600,202,621,174,621
206,600,264,600,264,621,206,621
215,655,379,651,380,675,216,678
110,656,144,656,144,678,110,678
148,657,193,657,193,678,148,678
142,696,229,684,234,715,147,727
267,695,310,687,315,712,271,720
234,692,266,692,266,716,234,716
110,693,142,693,142,720,110,720
622,726,644,726,644,746,622,746
109,733,165,733,165,754,109,754
170,737,226,737,226,754,170,754
605,765,646,765,646,786,605,786
108,770,165,770,165,793,108,793
168,770,218,770,218,794,168,794
222,772,274,772,274,793,222,793
108,808,169,813,167,837,106,831
169,809,221,809,221,833,169,833
224,810,277,810,277,832,224,832
575,841,649,838,650,863,576,866
177,840,262,845,260,874,176,869
106,845,145,845,145,868,106,868
148,846,176,846,176,870,148,870
264,848,308,848,308,869,264,869
312,848,356,848,356,873,312,873
484,896,643,891,644,914,485,919
124,896,154,896,154,921,124,921
158,898,200,898,200,921,158,921
201,898,415,897,416,921,201,923
418,897,480,897,480,924,418,924
352,942,413,932,416,956,356,966
418,937,462,937,462,957,418,957
309,938,350,938,350,958,309,958
494,962,560,962,560,981,494,981
452,964,492,964,492,984,452,984
180,965,214,965,214,984,180,984
218,965,264,965,264,984,218,984
301,965,328,965,328,984,301,984
332,964,374,968,372,987,330,983
421,965,448,965,448,985,421,985
377,966,418,966,418,986,377,986
268,968,294,968,294,982,268,982
