404,398,445,398,445,418,404,418
446,398,480,398,480,418,446,418
266,400,301,400,301,417,266,417
304,400,350,400,350,418,304,418
350,402,402,402,402,417,350,417
278,419,327,422,326,440,277,437
398,421,434,421,434,440,398,440
436,421,466,421,466,438,436,438
216,422,241,422,241,438,216,438
248,422,277,422,277,438,248,438
329,422,362,422,362,438,329,438
366,422,400,422,400,438,366,438
216,446,254,446,254,462,216,462
254,446,284,446,284,462,254,462
285,448,308,448,308,462,285,462
309,448,344,448,344,464,309,464
214,468,237,468,237,484,214,484
238,468,325,468,325,485,238,485
333,469,360,469,360,484,333,484
361,469,446,469,446,485,361,485
214,487,246,489,245,504,213,502
278,489,298,489,298,504,278,504
300,489,338,489,338,504,300,504
348,489,424,489,424,504,348,504
248,492,277,492,277,506,248,506
212,512,238,512,238,525,212,525
240,511,275,514,274,529,238,525
342,512,360,512,360,526,342,526
378,512,402,512,402,525,378,525
454,512,501,512,501,526,454,526
501,513,529,513,529,528,501,528
204,536,217,536,217,549,204,549
220,536,246,536,246,552,220,552
368,536,394,536,394,550,368,550
396,536,422,536,422,550,396,550
464,536,490,536,490,550,464,550
492,536,529,536,529,552,492,552
204,557,229,557,229,572,204,572
230,557,249,557,249,573,230,573
250,557,278,557,278,573,250,573
377,557,396,557,396,573,377,573
397,557,424,557,424,573,397,573
472,557,490,557,490,572,472,572
492,557,528,557,528,572,492,572
204,578,225,578,225,593,204,593
226,578,254,578,254,594,226,594
264,578,308,578,308,593,264,593
386,581,394,581,394,592,386,592
397,580,422,580,422,593,397,593
482,581,490,581,490,593,482,593
493,580,518,580,518,593,493,593
202,601,230,601,230,616,202,616
233,601,253,601,253,617,233,617
377,601,394,601,394,616,377,616
397,601,422,601,422,616,397,616
472,601,493,601,493,617,472,617
493,601,520,601,520,616,493,616
254,602,269,602,269,616,254,616
202,622,233,622,233,638,202,638
258,622,280,622,280,637,258,637
376,622,394,622,394,637,376,637
397,622,422,622,422,637,397,637
473,622,493,622,493,638,473,638
493,622,520,622,520,637,493,637
235,623,257,625,255,639,233,637
234,644,282,644,282,661,234,661
282,644,304,644,304,658,282,658
376,644,394,644,394,658,376,658
397,644,422,644,422,658,397,658
473,644,492,644,492,658,473,658
201,645,232,645,232,660,201,660
493,645,520,645,520,658,493,658
202,666,232,666,232,684,202,684
266,666,288,666,288,682,266,682
300,666,321,666,321,682,300,682
376,666,397,666,397,682,376,682
397,666,425,666,425,682,397,682
473,666,493,666,493,682,473,682
493,666,528,666,528,681,493,681
232,669,263,667,264,681,233,683
199,686,238,689,237,708,197,705
238,688,274,690,273,707,237,705
458,689,488,689,488,706,458,706
490,689,530,689,530,706,490,706
237,713,274,713,274,730,237,730
274,713,302,713,302,729,274,729
304,712,344,714,343,731,303,729
198,714,238,714,238,730,198,730
508,714,529,714,529,729,508,729
199,736,237,740,235,758,197,754
458,738,488,738,488,754,458,754
490,738,530,738,530,756,490,756
236,740,256,740,256,754,236,754
257,740,296,740,296,754,257,754
298,740,334,740,334,754,298,754
280,765,324,765,324,788,280,788
358,765,393,765,393,786,358,786
396,765,468,765,468,786,396,786
244,769,277,769,277,788,244,788
325,769,357,769,357,788,325,788
