257,198,354,211,351,231,254,218
357,210,414,210,414,228,357,228
236,223,271,229,268,245,233,239
270,230,297,230,297,249,270,249
128,231,154,233,153,249,126,247
297,234,330,236,329,251,296,249
332,236,358,236,358,250,332,250
362,237,389,237,389,252,362,252
392,237,429,241,427,255,390,251
228,285,276,285,276,313,228,313
278,294,328,296,327,318,277,316
329,293,376,293,376,318,329,318
377,296,438,296,438,321,377,321
144,306,176,306,176,324,144,324
179,310,223,319,220,336,175,327
245,320,266,320,266,337,245,337
284,325,318,325,318,340,284,340
345,326,378,326,378,341,345,341
380,329,404,329,404,344,380,344
421,329,469,332,469,347,420,344
139,329,257,344,255,363,136,348
470,333,500,333,500,346,470,346
257,350,284,350,284,364,257,364
326,350,337,350,337,365,326,365
340,350,376,350,376,365,340,365
380,350,401,350,401,365,380,365
286,351,324,353,323,368,286,366
273,371,305,373,305,387,272,385
361,373,385,373,385,388,361,388
382,373,412,373,412,388,382,388
462,376,482,376,482,389,462,389
480,376,513,376,513,390,480,390
135,384,265,396,263,416,133,403
265,398,306,400,305,415,264,413
307,401,337,399,338,414,308,416
340,400,382,400,382,414,340,414
385,400,456,400,456,414,385,414
273,422,304,422,304,436,273,436
361,424,413,424,413,440,361,440
465,424,488,424,488,440,465,440
486,424,516,424,516,438,486,438
133,439,255,448,254,467,132,459
256,448,282,448,282,464,256,464
284,450,317,450,317,465,284,465
318,452,345,452,345,466,318,466
348,451,391,453,390,469,347,467
393,452,418,452,418,470,393,470
420,452,458,452,458,470,420,470
461,452,484,452,484,468,461,468
273,474,304,474,304,488,273,488
353,476,385,476,385,493,353,493
384,476,413,476,413,490,384,490
457,476,488,476,488,492,457,492
488,476,517,476,517,490,488,490
132,496,263,501,262,520,131,515
265,502,306,502,306,520,265,520
308,502,349,506,347,522,306,518
350,503,409,503,409,519,350,519
413,504,446,504,446,521,413,521
448,504,477,504,477,520,448,520
480,504,502,504,502,518,480,518
274,528,305,528,305,541,274,541
384,528,414,528,414,545,384,545
466,528,490,528,490,545,466,545
488,528,520,528,520,544,488,544
362,529,386,529,386,545,362,545
129,556,162,556,162,573,129,573
161,555,253,557,253,575,161,574
254,557,294,557,294,573,254,573
320,557,366,557,366,572,320,572
370,557,392,557,392,572,370,572
297,558,317,558,317,573,297,573
385,581,416,581,416,598,385,598
468,581,492,581,492,597,468,597
489,581,521,581,521,597,489,597
272,582,304,582,304,596,272,596
373,582,388,582,388,598,373,598
121,617,168,619,167,640,120,638
168,620,196,620,196,637,168,637
462,637,526,637,526,654,462,654
121,642,168,645,166,667,119,663
168,644,212,646,211,665,167,663
461,665,495,663,496,681,463,683
494,664,528,664,528,681,494,681
221,668,252,668,252,685,221,685
321,668,361,668,361,685,321,685
162,671,218,669,219,687,162,690
121,672,160,672,160,690,121,690
497,692,528,692,528,708,497,708
202,702,247,700,248,719,202,721
152,704,176,704,176,722,152,722
112,705,150,705,150,725,112,725
177,705,200,705,200,722,177,722
212,746,338,736,339,756,213,766
157,750,194,750,194,769,157,769
126,752,154,752,154,772,126,772
518,790,538,790,538,804,518,804
493,818,541,814,542,832,495,836
221,836,262,836,262,854,221,854
178,840,220,840,220,860,178,860
124,845,175,840,177,863,126,867
225,868,266,868,266,886,225,886
182,870,224,870,224,892,182,892
487,872,545,869,545,889,488,891
127,880,181,878,181,898,128,900
293,892,329,892,329,913,293,913
256,897,291,895,293,914,257,916
190,898,257,896,257,921,190,923
165,906,189,906,189,926,165,926
128,911,163,908,165,929,129,931
421,915,543,906,545,929,423,938
378,924,422,924,422,946,378,946
212,948,376,925,379,947,215,970
177,950,213,950,213,973,177,973
146,952,174,952,174,977,146,977
378,960,413,953,417,974,382,981
332,964,380,964,380,989,332,989
433,975,482,966,486,987,437,996
297,972,330,972,330,992,297,992
408,980,436,980,436,1002,408,1002
385,985,406,985,406,1005,385,1005
352,990,386,990,386,1014,352,1014
316,998,350,996,351,1015,317,1017
293,1001,316,1001,316,1021,293,1021
269,1008,292,1008,292,1022,269,1022
228,1010,265,1010,265,1022,228,1022
