392,517,446,517,446,534,392,534
291,520,386,517,387,535,292,538
396,545,424,545,424,560,396,560
426,545,464,545,464,560,426,560
366,546,394,546,394,562,366,562
304,548,329,548,329,562,304,562
332,548,364,548,364,562,332,562
270,549,302,549,302,564,270,564
172,577,198,577,198,590,172,590
414,605,477,605,477,632,414,632
366,606,412,606,412,633,366,633
264,608,310,608,310,634,264,634
314,609,362,609,362,633,314,633
513,638,546,638,546,657,513,657
461,640,513,640,513,657,461,657
381,641,414,641,414,657,381,657
417,641,444,641,444,661,417,661
321,642,356,642,356,660,321,660
282,644,304,644,304,660,282,660
186,645,216,645,216,661,186,661
218,643,261,646,259,666,217,663
522,665,546,665,546,684,522,684
431,668,470,666,471,683,432,685
472,666,520,666,520,684,472,684
293,669,325,669,325,686,293,686
326,669,356,669,356,686,326,686
357,669,378,669,378,684,357,684
381,667,430,670,429,687,380,683
208,670,292,670,292,688,208,688
180,672,209,672,209,689,180,689
409,693,425,693,425,710,409,710
422,693,453,693,453,710,422,710
178,696,206,696,206,713,178,713
208,694,248,697,247,715,207,713
248,696,273,696,273,714,248,714
496,718,561,718,561,738,496,738
421,720,452,720,452,737,421,737
261,721,280,721,280,736,261,736
310,721,341,721,341,736,310,736
408,721,424,721,424,737,408,737
178,722,205,722,205,740,178,740
206,722,241,722,241,738,206,738
173,754,215,757,213,778,171,774
213,757,237,757,237,774,213,774
285,760,304,760,304,774,285,774
501,778,537,778,537,797,501,797
533,778,565,778,565,796,533,796
173,778,215,781,213,802,171,798
214,781,254,783,253,800,213,798
533,812,565,812,565,826,533,826
173,811,216,815,214,835,171,831
501,813,536,813,536,829,501,829
214,814,245,814,245,832,214,832
174,836,209,836,209,852,174,852
262,836,292,836,292,852,262,852
212,837,262,837,262,853,212,853
501,837,532,837,532,852,501,852
533,837,565,837,565,852,533,852
358,838,396,838,396,854,358,854
444,868,560,868,560,884,444,884
196,869,217,869,217,886,196,886
218,870,246,870,246,885,218,885
248,870,396,870,396,885,248,885
398,870,442,870,442,888,398,888
322,893,352,893,352,906,322,906
398,893,430,893,430,906,398,906
354,894,397,894,397,909,354,909
234,908,260,908,260,920,234,920
264,910,294,910,294,921,264,921
338,909,369,909,369,921,338,921
453,909,500,909,500,921,453,921
297,910,316,910,316,921,297,921
318,910,337,910,337,921,318,921
370,910,400,910,400,922,370,922
402,912,421,912,421,921,402,921
422,910,450,910,450,922,422,922
