210,222,273,226,271,250,208,245
275,230,311,230,311,251,275,251
316,231,370,231,370,255,316,255
373,235,416,235,416,258,373,258
420,233,487,235,486,262,419,259
490,241,544,237,546,261,492,265
563,238,621,238,621,265,563,265
390,263,440,263,440,288,390,288
195,290,228,290,228,306,195,306
233,290,273,294,271,312,231,308
275,292,312,295,311,314,273,311
328,297,397,301,396,322,327,318
400,300,440,300,440,320,400,320
445,303,465,303,465,320,445,320
493,302,549,307,547,325,492,321
591,306,631,306,631,325,591,325
551,308,590,308,590,330,551,330
335,323,368,323,368,343,335,343
385,326,443,326,443,346,385,346
453,328,490,328,490,346,453,346
323,347,389,351,388,369,322,366
395,351,428,351,428,370,395,370
426,353,501,353,501,371,426,371
283,378,333,378,333,403,283,403
336,383,388,383,388,405,336,405
391,384,472,387,471,409,391,406
476,386,540,386,540,411,476,411
338,418,366,418,366,435,338,435
368,417,453,421,453,439,367,436
453,423,475,423,475,440,453,440
173,443,195,443,195,458,173,458
195,445,230,445,230,460,195,460
236,446,258,446,258,461,236,461
258,446,288,446,288,463,258,463
290,451,318,451,318,463,290,463
173,475,218,475,218,493,173,493
223,475,290,478,289,494,222,491
290,481,305,481,305,493,290,493
303,480,330,480,330,495,303,495
331,481,350,481,350,496,331,496
348,481,373,481,373,496,348,496
383,485,405,485,405,498,383,498
403,485,423,485,423,500,403,500
423,484,452,486,451,502,422,499
168,506,200,506,200,523,168,523
201,510,246,510,246,526,201,526
253,510,280,510,280,525,253,525
281,514,320,516,319,529,281,527
320,510,363,515,361,532,318,527
238,556,271,556,271,575,238,575
508,558,526,558,526,575,508,575
275,561,313,561,313,576,275,576
363,561,383,561,383,580,363,580
431,565,458,565,458,583,431,583
576,571,600,571,600,588,576,588
501,580,531,580,531,596,501,596
203,606,236,606,236,621,203,621
240,605,284,607,283,625,239,623
286,608,323,608,323,625,286,625
430,623,453,623,453,640,430,640
455,623,491,623,491,641,455,641
203,624,249,627,248,647,202,644
573,626,596,626,596,645,573,645
598,626,631,626,631,643,598,643
250,628,275,628,275,646,250,646
280,630,313,630,313,648,280,648
201,654,237,656,236,675,200,673
246,657,284,660,282,677,245,674
286,658,321,658,321,676,286,676
241,661,246,661,246,671,241,671
175,665,185,665,185,681,175,681
428,673,451,673,451,691,428,691
453,675,490,675,490,693,453,693
571,678,596,678,596,695,571,695
598,678,631,678,631,696,598,696
198,683,236,679,238,698,200,703
167,710,230,720,226,746,163,737
231,718,303,718,303,741,231,741
308,719,364,722,363,743,307,740
531,722,637,726,636,761,530,757
166,755,201,755,201,771,166,771
203,756,238,756,238,773,203,773
568,766,593,766,593,786,568,786
593,768,636,768,636,786,593,786
165,795,198,795,198,813,165,813
200,795,230,795,230,818,200,818
231,796,291,796,291,818,231,818
611,813,638,813,638,836,611,836
303,853,350,853,350,873,303,873
352,854,410,862,407,881,349,874
411,858,451,858,451,876,411,876
455,861,490,861,490,878,455,878
255,908,301,908,301,926,255,926
301,910,330,910,330,928,301,928
345,911,381,911,381,931,345,931
418,915,470,915,470,935,418,935
386,918,415,918,415,930,386,930
481,918,506,918,506,938,481,938
475,921,483,921,483,935,475,935
511,919,560,921,559,943,510,941
