451,379,659,362,661,394,454,411
321,391,444,381,446,410,324,420
531,414,605,408,608,433,533,440
440,424,528,418,529,438,441,444
357,428,433,422,435,444,359,450
657,436,727,431,728,450,658,455
604,437,656,437,656,457,604,457
548,444,600,442,601,460,549,462
517,448,547,448,547,466,517,466
461,452,515,448,516,467,462,470
343,458,412,453,413,473,345,478
416,455,455,455,455,471,416,471
313,462,339,462,339,480,313,480
250,467,300,464,301,481,251,484
564,489,637,483,639,509,566,515
479,503,537,489,543,514,484,528
435,499,482,499,482,522,435,522
295,506,346,506,346,531,295,531
200,510,231,510,231,538,200,538
234,514,284,514,284,537,234,537
592,522,732,512,734,540,594,550
469,530,540,530,540,560,469,560
332,537,364,537,364,565,332,565
263,546,328,549,327,575,262,571
199,549,252,549,252,574,199,574
263,578,289,578,289,601,263,601
668,592,702,592,702,618,668,618
631,594,665,594,665,620,631,620
471,604,517,604,517,629,471,629
519,606,551,606,551,626,519,626
343,611,373,611,373,638,343,638
311,613,339,613,339,638,311,638
204,620,247,620,247,645,204,645
247,620,286,620,286,643,247,643
691,634,769,631,770,657,692,660
564,640,631,637,632,663,565,666
498,645,531,645,531,670,498,670
353,652,400,652,400,672,353,672
313,654,353,654,353,677,313,677
208,659,234,659,234,677,208,677
688,675,734,675,734,700,688,700
654,677,684,677,684,702,654,702
581,679,624,679,624,704,581,704
553,681,579,681,579,706,553,706
501,683,533,683,533,709,501,709
364,689,417,691,416,713,363,711
313,690,363,695,360,719,311,714
245,695,309,695,309,718,245,718
668,748,709,748,709,779,668,779
713,750,771,750,771,779,713,779
220,755,275,755,275,786,220,786
362,757,428,757,428,784,362,784
281,759,357,759,357,786,281,786
700,798,729,798,729,821,700,821
731,798,773,798,773,819,731,819
240,800,281,800,281,821,240,821
320,802,364,802,364,819,320,819
284,803,316,803,316,819,284,819
229,857,270,857,270,876,229,876
272,857,329,857,329,876,272,876
330,857,373,857,373,876,330,876
706,862,734,862,734,883,706,883
736,862,777,862,777,882,736,882
279,916,309,916,309,935,279,935
311,917,341,917,341,937,311,937
359,961,448,964,448,987,358,984
451,965,508,965,508,990,451,990
512,969,544,969,544,994,512,994
546,969,579,969,579,994,546,994
581,971,615,971,615,996,581,996
325,996,381,1000,380,1026,324,1022
382,1000,433,1003,432,1027,381,1024
434,1001,512,1009,509,1037,431,1029
519,1008,563,1008,563,1031,519,1031
567,1008,666,1015,664,1041,565,1034
369,1037,428,1044,425,1066,366,1059
439,1042,506,1045,504,1070,438,1067
503,1045,547,1045,547,1070,503,1070
311,1077,366,1077,366,1100,311,1100
400,1080,449,1083,447,1108,398,1106
366,1083,396,1083,396,1100,366,1100
449,1083,519,1083,519,1108,449,1108
654,1083,697,1083,697,1102,654,1102
554,1086,601,1086,601,1108,554,1108
604,1086,650,1086,650,1108,604,1108
522,1088,551,1088,551,1106,522,1106
