341,116,369,116,369,136,341,136
368,117,393,117,393,136,368,136
269,118,294,118,294,136,269,136
294,118,322,118,322,136,294,136
321,118,342,118,342,136,321,136
381,136,414,143,411,161,378,155
252,140,269,140,269,158,252,158
268,140,290,140,290,158,268,158
289,140,317,140,317,158,289,158
314,140,340,140,340,158,314,158
353,140,382,140,382,158,353,158
342,142,350,142,350,156,342,156
100,157,212,157,212,188,100,188
264,162,281,162,281,180,264,180
284,162,310,162,310,180,284,180
309,162,334,162,334,180,309,180
335,161,374,165,372,183,333,179
372,162,400,162,400,178,372,178
349,184,385,184,385,201,349,201
278,185,300,185,300,202,278,202
298,185,352,185,352,202,298,202
208,224,237,224,237,238,208,238
242,224,264,224,264,240,242,240
268,224,297,224,297,240,268,240
301,224,340,224,340,240,301,240
361,242,446,242,446,258,361,258
177,244,264,244,264,261,177,261
140,245,176,245,176,260,140,260
268,245,294,245,294,260,268,260
293,245,313,245,313,260,293,260
98,246,136,246,136,264,98,264
345,264,458,261,459,279,345,281
98,265,136,265,136,284,98,284
134,265,166,265,166,280,134,280
398,304,451,301,452,318,398,321
133,304,171,306,170,324,132,322
277,306,306,304,307,322,278,324
98,306,126,306,126,324,98,324
253,306,273,306,273,321,253,321
338,306,356,306,356,321,338,321
237,325,265,325,265,344,237,344
125,326,170,326,170,342,125,342
170,328,176,328,176,341,170,341
346,326,384,326,384,344,346,344
100,328,117,328,117,344,100,344
184,328,202,328,202,342,184,342
210,328,230,328,230,344,210,344
269,328,305,328,305,342,269,342
312,328,340,328,340,342,312,342
408,345,428,345,428,360,408,360
432,345,460,345,460,360,432,360
349,346,366,346,366,361,349,361
98,348,213,348,213,364,98,364
288,348,314,348,314,362,288,362
273,350,281,350,281,361,273,361
433,365,462,365,462,382,433,382
408,366,428,366,428,381,408,381
98,369,120,369,120,385,98,385
125,369,170,369,170,384,125,384
433,408,463,406,464,421,434,423
98,408,137,408,137,428,98,428
144,408,181,408,181,428,144,428
186,408,224,408,224,428,186,428
246,408,284,408,284,426,246,426
410,408,430,408,430,424,410,424
230,410,248,410,248,425,230,425
100,429,137,429,137,448,100,448
204,429,242,429,242,448,204,448
144,430,181,430,181,449,144,449
186,432,196,432,196,446,186,446
437,449,466,449,466,465,437,465
100,450,138,450,138,469,100,469
196,450,224,450,224,469,196,469
412,450,432,450,432,466,412,466
142,452,190,452,190,469,142,469
437,469,466,469,466,486,437,486
412,470,430,470,430,485,412,485
109,472,146,472,146,492,109,492
152,474,182,474,182,492,152,492
100,493,138,493,138,513,100,513
144,493,172,493,172,512,144,512
178,496,208,496,208,513,178,513
309,513,346,513,346,532,309,532
352,513,397,513,397,530,352,530
169,516,207,514,208,533,170,535
213,514,233,514,233,533,213,533
274,514,304,514,304,534,274,534
238,516,266,516,266,532,238,532
408,556,466,556,466,570,408,570
125,558,154,558,154,577,125,577
160,558,208,558,208,577,160,577
213,557,252,559,251,577,212,575
326,558,353,558,353,573,326,573
100,561,121,561,121,577,100,577
274,577,321,577,321,597,274,597
134,580,268,580,268,600,134,600
100,581,129,581,129,600,100,600
142,601,182,601,182,620,142,620
188,601,217,601,217,620,188,620
222,601,270,601,270,621,222,621
276,601,314,601,314,618,276,618
100,602,137,602,137,621,100,621
319,621,470,619,470,637,320,639
170,623,217,622,217,641,170,643
100,624,120,624,120,642,100,642
126,625,165,625,165,642,126,642
277,686,308,686,308,706,277,706
365,686,404,686,404,706,365,706
161,689,191,687,193,707,162,710
197,688,236,688,236,708,197,708
241,688,272,688,272,706,241,706
313,689,360,689,360,706,313,706
338,709,397,709,397,728,338,728
445,709,476,709,476,728,445,728
278,712,334,710,335,728,278,730
401,710,440,710,440,726,401,726
250,712,272,712,272,729,250,729
136,713,201,713,201,732,136,732
206,713,244,713,244,730,206,730
100,716,129,716,129,733,100,733
358,753,389,753,389,773,358,773
242,754,292,754,292,774,242,774
297,754,317,754,317,773,297,773
394,754,425,754,425,773,394,773
208,756,237,756,237,776,208,776
322,756,353,756,353,773,322,773
180,757,202,757,202,776,180,776
145,758,176,758,176,777,145,777
366,775,434,775,434,794,366,794
438,777,470,777,470,794,438,794
288,778,361,778,361,796,288,796
179,781,282,778,282,797,180,799
98,782,137,782,137,801,98,801
136,782,166,782,166,800,136,800
165,786,172,786,172,797,165,797
