369,209,410,209,410,245,369,245
216,213,281,213,281,241,216,241
287,209,369,221,365,252,283,241
503,219,619,211,622,249,506,257
415,216,503,222,501,253,412,247
624,220,715,220,715,247,624,247
234,261,265,258,268,280,237,283
270,259,284,259,284,281,270,281
186,261,234,261,234,282,186,282
289,261,337,261,337,284,289,284
341,263,357,263,357,284,341,284
361,263,410,263,410,288,361,288
412,263,442,263,442,288,412,288
462,263,490,263,490,288,462,288
496,263,547,263,547,286,496,286
555,262,620,267,618,290,553,286
624,263,666,263,666,286,624,286
444,265,460,265,460,286,444,286
668,265,706,265,706,288,668,288
707,265,747,265,747,284,707,284
193,291,243,291,243,320,193,320
245,291,291,291,291,316,245,316
558,291,601,291,601,316,558,316
600,295,648,289,651,314,603,320
652,291,690,291,690,314,652,314
691,291,741,291,741,314,691,314
295,293,343,293,343,320,295,320
347,292,418,299,415,326,344,319
531,293,556,293,556,316,531,316
417,295,469,295,469,320,417,320
474,295,528,295,528,320,474,320
488,325,552,322,554,347,489,351
556,323,595,323,595,348,556,348
400,325,487,325,487,357,400,357
350,327,394,327,394,355,350,355
400,361,545,353,547,380,402,387
517,396,586,396,586,426,517,426
360,401,444,399,445,430,361,432
449,403,514,403,514,432,449,432
431,449,544,445,544,466,432,470
400,449,430,449,430,469,400,469
496,489,530,489,530,508,496,508
245,490,297,490,297,510,245,510
293,490,346,490,346,510,293,510
348,490,401,490,401,510,348,510
403,490,433,490,433,510,403,510
448,490,494,490,494,508,448,508
179,492,233,492,233,515,179,515
179,533,224,533,224,551,179,551
233,533,270,533,270,551,233,551
273,572,321,572,321,590,273,590
348,572,371,572,371,588,348,588
179,574,229,574,229,595,179,595
323,574,346,574,346,592,323,592
231,576,263,576,263,594,231,594
288,613,311,613,311,633,288,633
313,613,345,613,345,631,313,631
181,615,220,615,220,634,181,634
222,615,279,615,279,636,222,636
675,647,702,647,702,666,675,666
506,652,551,652,551,672,506,672
552,656,588,651,591,670,556,676
437,654,462,654,462,674,437,674
279,656,320,656,320,677,279,677
324,654,382,658,380,682,322,678
241,702,302,702,302,727,241,727
304,703,365,705,364,726,303,723
686,715,729,715,729,738,686,738
729,715,770,715,770,738,729,738
528,718,569,718,569,743,528,743
570,718,611,718,611,741,570,741
240,731,297,731,297,752,240,752
302,731,336,731,336,754,302,754
348,731,389,731,389,750,348,750
334,736,343,736,343,750,334,750
238,764,298,764,298,789,238,789
690,789,732,789,732,814,690,814
732,789,775,789,775,812,732,812
574,791,615,791,615,816,574,816
531,793,572,793,572,818,531,818
361,802,407,802,407,827,361,827
313,803,357,803,357,825,313,825
199,807,211,807,211,827,199,827
238,805,281,805,281,830,238,830
282,805,309,805,309,827,282,827
734,839,775,839,775,864,734,864
704,841,732,841,732,864,704,864
576,843,617,843,617,867,576,867
546,844,574,844,574,867,546,867
359,853,394,853,394,878,359,878
199,859,211,859,211,878,199,878
273,857,289,857,289,880,273,880
295,859,351,856,353,876,297,880
236,859,275,859,275,882,236,882
736,898,777,898,777,921,736,921
318,898,399,900,398,928,317,926
693,899,736,899,736,923,693,923
272,901,316,901,316,928,272,928
578,901,618,901,618,926,578,926
252,903,265,903,265,926,252,926
535,903,576,903,576,928,535,928
238,935,277,935,277,960,238,960
279,935,305,935,305,958,279,958
736,964,779,964,779,988,736,988
695,965,736,965,736,990,695,990
385,969,416,969,416,994,385,994
578,969,620,969,620,994,578,994
535,971,576,971,576,996,535,996
318,972,382,972,382,997,318,997
240,974,270,974,270,999,240,999
273,974,318,974,318,999,273,999
202,990,213,990,213,1008,202,1008
240,1010,281,1010,281,1028,240,1028
641,1042,789,1036,791,1076,642,1082
371,1062,445,1057,447,1088,373,1092
190,1061,268,1061,268,1100,190,1100
273,1065,366,1065,366,1095,273,1095
732,1093,795,1093,795,1120,732,1120
679,1097,734,1097,734,1122,679,1122
197,1113,243,1113,243,1138,197,1138
245,1117,303,1110,306,1138,248,1145
307,1115,352,1115,352,1140,307,1140
603,1154,673,1151,674,1179,604,1181
722,1152,796,1152,796,1179,722,1179
679,1154,718,1154,718,1179,679,1179
535,1161,602,1161,602,1188,535,1188
489,1163,531,1163,531,1193,489,1193
206,1166,247,1166,247,1189,206,1189
451,1166,485,1166,485,1195,451,1195
247,1167,308,1174,305,1200,244,1193
414,1166,448,1166,448,1198,414,1198
309,1170,369,1170,369,1195,309,1195
373,1172,412,1172,412,1195,373,1195
466,1198,533,1198,533,1225,466,1225
