221,149,275,151,274,171,220,169
161,189,176,189,176,201,161,201
177,190,193,190,193,204,177,204
194,192,208,192,208,205,194,205
312,197,333,197,333,210,312,210
334,201,365,201,365,212,334,212
177,204,193,204,193,220,177,220
160,205,177,205,177,218,160,218
194,208,210,208,210,221,194,221
212,208,225,208,225,222,212,222
275,208,297,211,295,224,273,222
297,212,309,212,309,225,297,225
338,216,357,216,357,228,338,228
284,226,300,226,300,240,284,240
301,229,321,229,321,241,301,241
322,229,338,229,338,241,322,241
338,229,354,229,354,242,338,242
354,229,366,229,366,242,354,242
161,236,199,238,198,252,160,250
332,244,368,244,368,257,332,257
160,253,198,253,198,266,160,266
200,256,212,256,212,268,200,268
302,260,369,260,369,273,302,273
160,268,185,268,185,282,160,282
186,270,202,270,202,284,186,284
204,272,220,272,220,284,204,284
221,272,242,272,242,285,221,285
332,276,368,276,368,289,332,289
161,301,177,301,177,314,161,314
181,302,208,302,208,317,181,317
337,305,370,305,370,318,337,318
297,309,314,309,314,314,297,314
318,309,337,309,337,317,318,317
160,317,177,317,177,330,160,330
181,318,212,318,212,332,181,332
222,318,246,318,246,333,222,333
248,321,265,321,265,333,248,333
160,333,181,333,181,348,160,348
182,336,190,336,190,348,182,348
188,334,210,334,210,348,188,348
214,350,261,350,261,365,214,365
268,350,304,350,304,366,268,366
160,365,172,365,172,378,160,378
173,365,189,365,189,378,173,378
230,368,261,368,261,381,230,381
276,369,288,369,288,381,276,381
289,370,297,370,297,381,289,381
297,369,317,369,317,381,297,381
345,369,376,369,376,382,345,382
160,381,185,381,185,396,160,396
209,384,257,384,257,397,209,397
276,384,297,384,297,397,276,397
338,385,376,385,376,398,338,398
173,396,263,400,262,416,172,413
160,398,172,398,172,413,160,413
289,400,317,400,317,416,289,416
317,400,337,400,337,414,317,414
277,401,288,401,288,414,277,414
346,401,377,401,377,416,346,416
161,432,200,432,200,450,161,450
205,432,246,432,246,450,205,450
286,434,345,434,345,450,286,450
349,436,378,436,378,450,349,450
200,450,222,450,222,466,200,466
158,452,176,452,176,466,158,466
177,452,200,452,200,466,177,466
224,452,236,452,236,466,224,466
237,452,254,452,254,466,237,466
158,485,177,485,177,504,158,504
190,485,210,485,210,504,190,504
210,485,229,485,229,502,210,502
177,486,190,486,190,502,177,502
298,566,317,566,317,585,298,585
210,569,229,569,229,586,210,586
229,569,257,569,257,586,229,586
274,569,298,569,298,585,274,585
316,569,333,569,333,584,316,584
257,570,274,570,274,584,257,584
248,586,265,586,265,602,248,602
293,586,312,586,312,602,293,602
330,586,342,586,342,602,330,602
233,588,246,588,246,602,233,602
266,588,294,588,294,604,266,604
312,588,330,588,330,604,312,604
196,589,214,589,214,604,196,604
216,589,233,589,233,604,216,604
238,606,266,606,266,624,238,624
266,606,289,606,289,622,266,622
290,606,308,606,308,621,290,621
280,624,302,624,302,640,280,640
302,624,325,624,325,638,302,638
214,625,237,625,237,640,214,640
238,625,261,625,261,640,238,640
262,625,280,625,280,641,262,641
