575,245,664,245,664,273,575,273
334,247,399,247,399,271,334,271
407,247,495,247,495,273,407,273
498,247,572,245,572,273,499,276
792,280,840,280,840,307,792,307
161,284,225,284,225,309,161,309
229,286,277,286,277,309,229,309
283,284,356,293,353,319,280,310
746,288,786,285,789,310,748,313
357,289,394,289,394,314,357,314
590,289,636,289,636,314,590,314
639,289,704,291,703,314,639,312
709,289,746,289,746,314,709,314
399,291,447,291,447,316,399,316
453,293,502,293,502,318,453,318
506,293,586,293,586,321,506,321
328,329,482,334,481,361,328,356
498,334,666,329,667,356,499,360
558,430,654,430,654,462,558,462
337,435,389,430,392,456,340,461
488,431,554,431,554,463,488,463
415,437,483,437,483,463,415,463
707,490,854,490,854,517,707,517
147,492,188,492,188,520,147,520
191,492,330,492,330,520,191,520
625,493,703,497,701,527,624,522
799,604,860,604,860,641,799,641
694,611,794,611,794,641,694,641
140,614,181,614,181,643,140,643
477,620,526,608,534,641,484,653
417,616,479,616,479,645,417,645
135,668,193,668,193,702,135,702
202,668,284,668,284,702,202,702
289,668,351,668,351,705,289,705
424,668,499,668,499,703,424,703
360,667,422,672,418,708,356,703
407,725,536,725,536,762,407,762
730,727,865,724,866,763,730,765
126,785,206,785,206,819,126,819
213,785,302,785,302,819,213,819
309,785,391,785,391,819,309,819
399,782,494,792,491,830,395,820
495,787,575,787,575,822,495,822
582,789,638,789,638,822,582,822
414,844,458,844,458,881,414,881
451,846,526,846,526,885,451,885
753,847,870,847,870,890,753,890
117,906,199,906,199,945,117,945
206,908,303,908,303,943,206,943
312,910,375,910,375,954,312,954
428,910,499,910,499,947,428,947
380,911,424,911,424,945,380,945
504,911,591,911,591,947,504,947
412,972,526,972,526,1011,412,1011
756,977,875,974,876,1013,757,1016
204,1037,271,1037,271,1082,204,1082
106,1037,205,1046,201,1091,101,1082
280,1041,368,1054,362,1093,275,1081
737,1050,879,1050,879,1094,737,1094
239,1142,312,1142,312,1176,239,1176
364,1148,428,1145,429,1181,366,1184
430,1146,534,1146,534,1180,430,1180
542,1148,609,1148,609,1185,542,1185
319,1153,362,1153,362,1178,319,1178
678,1151,735,1151,735,1187,678,1187
613,1153,675,1153,675,1189,613,1189
