226,171,284,173,283,186,226,183
253,201,268,201,268,213,253,213
221,204,250,204,250,213,221,213
176,241,204,241,204,253,176,253
149,244,172,244,172,253,149,253
210,244,233,244,233,252,210,252
149,257,172,257,172,266,149,266
149,269,172,272,171,282,148,279
198,270,222,270,222,278,198,278
148,282,170,282,170,292,148,292
175,284,194,281,195,291,176,293
197,281,228,281,228,292,197,292
148,297,182,297,182,306,148,306
181,297,198,297,198,306,181,306
198,297,210,297,210,305,198,305
148,310,172,310,172,321,148,321
176,310,205,310,205,320,176,320
209,310,233,310,233,320,209,320
270,320,297,320,297,332,270,332
238,322,269,322,269,332,238,332
144,361,170,361,170,373,144,373
346,361,370,364,369,374,345,371
369,362,388,362,388,372,369,372
190,374,210,374,210,386,190,386
145,377,164,377,164,386,145,386
166,377,186,377,186,386,166,386
326,377,360,377,360,396,326,396
172,388,198,388,198,401,172,401
201,388,233,388,233,400,201,400
236,389,262,389,262,400,236,400
144,390,169,390,169,400,144,400
369,400,389,400,389,412,369,412
353,402,365,402,365,412,353,412
144,404,174,404,174,414,144,414
142,416,174,416,174,428,142,428
177,416,197,416,197,428,177,428
201,416,226,416,226,428,201,428
268,434,344,419,350,451,274,466
369,428,390,428,390,440,369,440
346,429,366,429,366,441,346,441
144,430,162,430,162,442,144,442
165,430,186,430,186,442,165,442
189,430,214,430,214,442,189,442
142,444,162,444,162,456,142,456
165,445,185,445,185,457,165,457
189,446,204,446,204,456,189,456
142,458,162,458,162,470,142,470
165,458,185,458,185,470,165,470
189,458,220,458,220,470,189,470
160,472,185,472,185,485,160,485
206,472,226,472,226,485,206,485
229,472,262,472,262,484,229,484
265,472,284,472,284,485,265,485
141,473,156,473,156,485,141,485
188,473,204,473,204,485,188,485
336,485,368,485,368,497,336,497
370,485,392,485,392,497,370,497
172,486,197,486,197,500,172,500
142,486,168,488,167,501,141,499
206,516,232,516,232,528,206,528
142,517,174,517,174,529,142,529
177,517,204,517,204,528,177,528
141,530,162,530,162,544,141,544
164,531,191,529,192,542,165,544
194,530,221,530,221,542,194,542
224,530,244,530,244,542,224,542
206,558,233,558,233,572,206,572
141,560,168,560,168,573,141,573
170,560,186,560,186,572,170,572
189,560,202,560,202,572,189,572
170,576,198,576,198,598,170,598
141,577,169,577,169,600,141,600
194,597,209,597,209,610,194,610
342,597,368,597,368,609,342,609
366,597,386,597,386,609,366,609
141,598,168,598,168,610,141,610
170,598,192,598,192,610,170,610
212,598,240,598,240,610,212,610
241,598,276,598,276,609,241,609
189,612,221,612,221,625,189,625
141,613,168,613,168,625,141,625
170,613,185,613,185,625,170,625
192,627,228,625,230,650,193,652
140,628,169,628,169,652,140,652
170,629,192,629,192,652,170,652
141,668,180,668,180,680,141,680
141,682,185,682,185,694,141,694
164,697,185,697,185,709,164,709
188,697,210,697,210,709,188,709
213,698,220,698,220,708,213,708
140,698,162,698,162,709,140,709
140,712,166,712,166,725,140,725
169,712,197,712,197,725,169,725
200,712,233,712,233,724,200,724
236,712,264,712,264,724,236,724
140,728,173,728,173,740,140,740
236,741,257,741,257,754,236,754
261,741,288,741,288,754,261,754
196,745,232,745,232,753,196,753
