261,44,373,42,373,61,261,63
380,42,444,42,444,61,380,61
234,76,273,76,273,92,234,92
276,76,306,76,306,92,276,92
310,76,345,76,345,90,310,90
350,76,382,76,382,93,350,93
385,76,417,76,417,90,385,90
421,76,464,76,464,90,421,90
117,102,148,102,148,117,117,117
407,133,479,132,480,157,408,159
349,134,402,134,402,160,349,160
228,137,282,137,282,164,228,164
286,140,344,140,344,162,286,162
461,166,520,166,520,182,461,182
408,171,439,166,442,184,411,189
524,168,560,168,560,182,524,182
368,169,405,169,405,184,368,184
294,172,333,170,333,185,294,187
248,173,273,173,273,189,248,189
133,176,168,176,168,193,133,193
172,175,219,177,218,193,171,191
373,196,408,196,408,213,373,213
412,196,440,196,440,213,412,213
309,197,332,197,332,213,309,213
123,202,257,198,257,215,124,219
259,199,305,197,305,213,260,215
334,199,369,197,369,211,334,213
540,222,576,222,576,241,540,241
280,224,316,224,316,238,280,238
386,224,412,224,412,242,386,242
413,224,449,224,449,242,413,242
513,224,538,224,538,241,513,241
385,256,425,256,425,277,385,277
120,257,257,257,257,277,120,277
470,257,498,257,498,277,470,277
258,258,294,258,294,277,258,277
346,258,381,258,381,280,346,280
297,260,341,260,341,276,297,276
428,261,465,261,465,276,428,276
540,286,576,286,576,305,540,305
513,288,542,288,542,308,513,308
281,289,318,289,318,304,281,304
398,289,449,289,449,308,398,308
119,322,258,321,258,341,120,342
430,322,478,322,478,344,430,344
481,322,509,322,509,341,481,341
261,324,298,324,298,342,261,342
301,324,346,324,346,342,301,342
349,324,385,324,385,342,349,342
388,325,426,325,426,340,388,340
118,352,152,352,152,370,118,370
155,350,204,354,202,374,153,370
204,353,229,353,229,373,204,373
400,353,452,353,452,373,400,373
541,381,577,381,577,400,541,400
118,382,152,382,152,401,118,401
154,383,198,381,199,401,154,403
514,382,540,382,540,401,514,401
282,384,321,384,321,400,282,400
398,384,416,384,416,402,398,402
416,384,450,384,450,401,416,401
415,420,452,414,455,435,418,441
496,417,524,417,524,436,496,436
121,418,260,418,260,437,121,437
456,418,492,418,492,436,456,436
261,420,296,420,296,437,261,437
298,420,333,420,333,437,298,437
334,419,414,419,414,435,334,435
541,445,578,445,578,464,541,464
414,446,450,446,450,465,414,465
526,446,538,446,538,462,526,462
282,448,318,448,318,462,282,462
400,448,417,448,417,465,400,465
390,481,417,481,417,500,390,500
122,482,261,482,261,502,122,502
262,484,292,484,292,501,262,501
293,486,349,485,349,501,293,502
349,485,386,485,386,500,349,500
542,509,580,509,580,528,542,528
400,510,452,510,452,530,400,530
516,510,541,510,541,528,516,528
285,512,318,512,318,526,285,526
116,549,165,554,163,576,114,572
165,553,196,553,196,573,165,573
252,556,277,556,277,573,252,573
549,577,585,577,585,597,549,597
510,578,546,578,546,596,510,596
116,579,165,583,163,604,114,601
165,580,214,584,212,604,164,601
513,618,549,618,549,637,513,637
550,618,588,618,588,637,550,637
115,618,164,624,162,646,112,640
164,621,200,621,200,641,164,641
114,650,157,650,157,669,114,669
160,650,220,650,220,669,160,669
552,650,590,650,590,670,552,670
222,652,257,652,257,668,222,668
340,652,382,652,382,670,340,670
514,652,556,652,556,672,514,672
296,701,354,701,354,721,296,721
213,702,296,702,296,721,213,721
120,704,148,704,148,722,120,722
150,704,190,704,190,722,150,722
116,734,146,734,146,758,116,758
149,736,176,736,176,756,149,756
234,736,272,736,272,754,234,754
180,740,232,740,232,758,180,758
112,770,164,770,164,790,112,790
570,770,594,770,594,789,570,789
166,774,217,774,217,789,166,789
108,806,161,806,161,826,108,826
164,806,209,806,209,826,164,826
212,806,260,806,260,826,212,826
541,806,596,806,596,828,541,828
107,841,164,847,161,867,105,862
164,842,210,842,210,862,164,862
213,842,261,842,261,862,213,862
105,876,141,876,141,896,105,896
248,876,288,876,288,897,248,897
292,871,335,882,329,905,286,894
144,877,169,877,169,898,144,898
171,874,247,881,246,902,169,895
532,877,560,877,560,897,532,897
561,876,601,876,601,898,561,898
120,921,148,921,148,945,120,945
152,924,189,924,189,945,152,945
189,923,385,923,385,946,189,946
386,925,445,925,445,953,386,953
447,926,599,926,599,947,447,947
286,966,324,966,324,988,286,988
325,971,383,964,385,989,327,995
386,966,428,966,428,989,386,989
162,993,196,993,196,1016,162,1016
197,997,241,997,241,1017,197,1017
274,998,301,998,301,1020,274,1020
304,998,344,998,344,1020,304,1020
346,998,386,998,386,1022,346,1022
458,998,525,998,525,1022,458,1022
244,1001,272,1001,272,1018,244,1018
389,1001,416,1001,416,1021,389,1021
417,1000,457,1000,457,1022,417,1022
