574,227,661,227,661,255,574,255
498,230,568,227,569,257,499,260
410,232,497,232,497,259,410,259
339,234,403,234,403,261,339,261
782,270,828,270,828,295,782,295
703,271,739,271,739,296,703,296
742,271,778,271,778,295,742,295
590,273,634,273,634,296,590,296
638,273,699,275,698,297,637,294
455,274,500,277,499,302,453,300
506,274,587,277,586,305,505,302
364,277,399,277,399,302,364,302
403,277,453,277,453,300,403,300
239,279,287,279,287,303,239,303
293,276,362,282,360,307,291,301
177,280,236,280,236,305,177,305
502,316,664,313,665,339,503,341
339,318,486,318,486,343,339,343
562,413,653,410,654,444,563,446
495,414,559,414,559,446,495,446
352,418,419,416,420,446,353,448
426,421,492,421,492,447,426,447
705,472,844,469,844,497,705,499
165,474,207,474,207,506,165,506
627,476,702,476,702,506,627,506
211,478,346,476,346,504,211,506
792,581,849,581,849,614,792,614
698,588,790,588,790,616,698,616
492,594,540,588,545,621,496,628
159,595,199,595,199,622,159,622
433,594,495,597,493,622,432,620
477,648,553,642,556,673,480,680
560,639,622,645,619,680,557,675
337,643,472,643,472,678,337,678
248,645,332,645,332,678,248,678
156,646,241,646,241,678,156,678
752,693,859,688,861,724,754,729
470,696,533,696,533,730,470,730
446,703,478,703,478,732,446,732
158,705,174,705,174,734,158,734
247,753,293,753,293,792,247,792
300,755,367,755,367,790,300,790
375,757,428,757,428,789,375,789
435,757,495,757,495,796,435,796
152,760,239,760,239,794,152,794
806,805,870,805,870,840,806,840
780,808,814,808,814,842,780,842
446,810,534,810,534,846,446,846
247,872,291,872,291,910,247,910
371,872,439,872,439,906,371,906
444,872,506,872,506,913,444,913
302,876,362,876,362,910,302,910
152,878,237,876,238,911,153,914
784,926,879,922,880,959,785,963
446,931,538,928,539,966,448,969
238,998,351,998,351,1039,238,1039
360,1000,383,1000,383,1030,360,1030
151,1000,232,1000,232,1034,151,1034
391,1000,478,1000,478,1037,391,1037
770,1050,886,1046,888,1083,771,1088
486,1053,550,1053,550,1091,486,1091
439,1055,492,1055,492,1094,439,1094
774,1124,891,1120,893,1160,775,1164
243,1126,309,1126,309,1165,243,1165
315,1126,399,1134,395,1173,311,1165
147,1129,241,1134,239,1174,145,1169
639,1219,700,1219,700,1260,639,1260
401,1224,461,1220,464,1257,403,1261
463,1221,565,1221,565,1254,463,1254
702,1221,758,1221,758,1256,702,1256
284,1224,351,1224,351,1254,284,1254
572,1222,638,1222,638,1258,572,1258
359,1231,398,1231,398,1254,359,1254
