309,480,404,480,404,497,309,497
409,481,465,481,465,497,409,497
286,505,318,505,318,521,286,521
321,505,346,505,346,520,321,520
349,506,380,506,380,520,349,520
384,506,410,506,410,522,384,522
413,506,441,506,441,521,413,521
444,506,482,508,481,523,443,521
184,526,210,526,210,541,184,541
276,561,324,561,324,588,276,588
381,564,426,564,426,590,381,590
328,566,377,566,377,589,328,589
430,565,495,568,494,593,429,590
193,596,224,596,224,612,193,612
227,593,271,599,268,618,224,612
293,597,316,597,316,614,293,614
333,598,369,598,369,614,333,614
396,600,429,600,429,616,396,616
433,600,458,600,458,621,433,621
477,600,529,602,529,620,476,618
530,604,562,604,562,620,530,620
185,621,302,623,302,641,185,639
304,624,344,624,344,642,304,642
345,625,374,625,374,644,345,644
377,625,425,625,425,644,377,644
428,628,458,628,458,645,428,645
461,628,510,628,510,646,461,646
512,629,536,629,536,646,512,646
182,646,212,646,212,665,182,665
213,646,256,650,254,668,211,664
254,649,278,649,278,666,254,666
422,653,468,653,468,672,422,672
181,674,209,674,209,692,181,692
212,674,248,674,248,692,212,692
318,676,352,678,351,692,318,690
420,680,436,680,436,697,420,697
434,681,465,681,465,698,434,698
520,682,546,682,546,701,520,701
544,684,576,684,576,702,544,702
176,705,219,711,216,732,174,726
217,712,242,712,242,728,217,728
176,729,219,735,216,756,173,750
217,734,259,737,258,756,216,753
524,744,545,744,545,762,524,762
545,744,580,744,580,772,545,772
176,764,218,768,217,788,174,785
217,768,248,768,248,786,217,786
522,778,545,778,545,796,522,796
545,780,577,780,577,797,545,797
176,789,212,789,212,808,176,808
214,792,265,792,265,809,214,809
266,793,296,793,296,809,266,809
370,800,408,800,408,817,370,817
521,805,544,805,544,821,521,821
544,805,576,805,576,822,544,822
194,825,217,825,217,842,194,842
218,826,248,826,248,842,218,842
249,826,379,831,378,849,248,844
376,832,402,832,402,849,376,849
405,833,449,833,449,852,405,852
450,834,547,836,546,852,450,849
545,838,569,838,569,852,545,852
325,854,354,854,354,869,325,869
357,856,400,856,400,872,357,872
402,857,434,857,434,872,402,872
232,868,258,868,258,881,232,881
261,869,293,869,293,882,261,882
297,872,317,872,317,884,297,884
318,872,338,872,338,884,318,884
341,872,370,872,370,885,341,885
373,874,402,874,402,888,373,888
404,874,424,874,424,888,404,888
426,876,454,876,454,889,426,889
457,876,505,876,505,889,457,889
