474,221,500,221,500,241,474,241
446,224,476,224,476,242,446,242
412,228,420,228,420,242,412,242
422,226,448,226,448,244,422,244
396,228,412,228,412,245,396,245
368,230,395,228,397,246,369,248
345,230,370,230,370,248,345,248
449,246,476,246,476,265,449,265
477,249,484,249,484,262,477,262
398,249,450,249,450,268,398,268
372,253,388,253,388,269,372,269
388,254,396,254,396,266,388,266
482,268,512,265,514,285,484,287
460,269,482,269,482,285,460,285
414,270,436,270,436,289,414,289
433,270,458,270,458,286,433,286
385,273,412,273,412,289,385,289
202,274,313,274,313,302,202,302
358,274,385,274,385,290,358,290
448,293,481,291,482,309,449,311
376,295,449,292,449,311,377,313
400,333,437,333,437,350,400,350
368,334,396,334,396,353,368,353
342,336,362,336,362,353,342,353
309,337,337,337,337,353,309,353
510,350,544,350,544,365,510,365
476,352,512,352,512,369,476,369
458,354,476,354,476,368,458,368
386,357,410,357,410,370,386,370
243,360,361,357,361,374,244,376
369,358,386,358,386,372,369,372
204,362,238,362,238,380,204,380
483,373,555,369,556,386,484,390
443,376,485,372,486,387,444,391
204,381,238,381,238,400,204,400
244,382,270,382,270,396,244,396
240,385,244,385,244,394,240,394
495,412,549,409,549,426,496,429
377,417,405,417,405,436,377,436
436,417,453,417,453,432,436,432
353,418,372,418,372,433,353,433
236,420,274,422,273,440,235,438
204,422,232,422,232,438,204,438
445,436,489,436,489,450,445,450
489,437,496,437,496,449,489,449
420,438,446,438,446,452,420,452
337,440,356,440,356,456,337,456
362,440,413,440,413,453,362,453
204,441,241,441,241,458,204,458
246,441,313,441,313,457,246,457
321,442,329,442,329,454,321,454
529,453,558,453,558,468,529,468
504,454,525,454,525,469,504,469
386,458,413,458,413,473,386,473
362,460,382,460,382,476,362,476
203,462,315,461,316,478,204,480
530,474,560,474,560,490,530,490
497,476,522,476,522,490,497,490
204,484,225,484,225,500,204,500
533,517,562,517,562,533,533,533
508,518,534,518,534,532,508,532
289,520,325,520,325,540,289,540
348,520,384,520,384,537,348,537
205,522,242,522,242,541,205,541
248,522,284,522,284,541,248,541
330,522,348,522,348,537,330,537
518,538,553,538,553,553,518,553
490,540,518,540,518,554,490,554
306,541,344,541,344,560,306,560
248,542,285,542,285,561,248,561
290,544,300,544,300,560,290,560
205,544,242,544,242,562,205,562
509,560,530,560,530,577,509,577
534,560,564,560,564,576,534,576
298,562,326,562,326,581,298,581
205,565,242,565,242,584,205,584
248,565,294,565,294,582,248,582
509,581,530,581,530,597,509,597
536,581,564,581,564,597,536,597
214,586,252,586,252,605,214,605
256,586,285,586,285,604,256,604
556,604,565,604,565,616,556,616
249,605,276,605,276,624,249,624
205,606,244,606,244,625,205,625
281,608,310,608,310,622,281,622
374,624,404,624,404,644,374,644
409,624,446,624,446,641,409,641
452,624,496,624,496,641,452,641
314,625,334,625,334,644,314,644
273,628,309,626,310,644,274,646
341,626,368,626,368,641,341,641
376,688,406,688,406,706,376,706
461,688,500,688,500,708,461,708
265,689,293,689,293,709,265,709
300,689,336,689,336,709,300,709
341,689,370,689,370,708,341,708
410,688,457,690,457,708,410,706
435,711,493,709,493,727,436,729
377,712,432,712,432,729,377,729
497,712,534,712,534,726,497,726
541,712,570,712,570,729,541,729
350,713,370,713,370,730,350,730
241,714,302,714,302,732,241,732
306,714,342,714,342,729,306,729
206,717,233,717,233,733,206,733
396,754,416,754,416,773,396,773
456,754,485,754,485,773,456,773
344,756,390,756,390,774,344,774
420,756,450,756,450,773,420,773
490,756,521,756,521,773,490,773
249,757,278,757,278,777,249,777
309,757,337,757,337,776,309,776
282,758,304,758,304,776,282,776
464,777,530,777,530,794,464,794
386,778,432,778,432,796,386,796
430,778,457,778,457,794,430,794
534,778,562,778,562,793,534,793
282,781,381,778,381,796,282,799
205,782,233,782,233,800,205,800
233,784,241,784,241,797,233,797
240,782,274,782,274,797,240,797
