487,266,541,264,542,286,488,288
415,268,483,268,483,290,415,290
284,271,353,269,353,291,285,293
356,270,410,270,410,291,356,291
178,271,236,271,236,293,178,293
240,271,281,271,281,293,240,293
465,300,495,300,495,318,465,318
411,301,450,301,450,320,411,320
225,305,251,305,251,321,225,321
256,306,268,306,268,321,256,321
270,305,315,305,315,323,270,323
317,303,353,308,351,326,314,321
366,305,410,305,410,321,366,321
418,323,556,323,556,343,418,343
235,328,280,328,280,348,235,348
280,328,315,328,315,346,280,346
186,330,235,330,235,348,186,348
330,330,410,330,410,345,330,345
143,331,180,331,180,350,143,350
440,350,489,355,488,374,438,369
260,355,305,355,305,375,260,375
385,355,410,355,410,371,385,371
408,355,438,355,438,370,408,370
490,355,535,355,535,371,490,371
326,356,348,356,348,371,326,371
183,358,220,358,220,375,183,375
220,358,258,358,258,375,220,375
414,393,488,391,488,419,415,422
356,393,411,393,411,423,356,423
231,395,288,395,288,425,231,425
293,398,351,398,351,425,293,425
336,436,438,436,438,456,336,456
283,440,325,440,325,458,283,458
471,461,531,461,531,480,471,480
533,461,570,461,570,480,533,480
420,465,450,465,450,486,420,486
376,466,416,466,416,483,376,483
302,470,343,467,344,485,303,487
256,471,280,471,280,488,256,488
138,473,175,473,175,491,138,491
178,471,229,475,228,494,177,490
132,502,278,498,278,518,133,522
421,523,446,523,446,541,421,541
371,525,418,525,418,545,371,545
323,528,369,525,370,544,325,547
243,530,290,530,290,548,243,548
290,534,320,528,324,546,294,552
181,533,241,531,242,549,181,551
132,535,178,532,179,551,133,553
553,548,591,548,591,568,553,568
526,550,551,550,551,568,526,568
428,551,465,551,465,573,428,573
400,553,426,553,426,573,400,573
298,558,328,558,328,573,298,573
126,597,177,599,176,623,125,621
176,598,203,598,203,618,176,618
268,598,295,598,295,615,268,615
241,600,266,600,266,616,241,616
563,611,598,611,598,631,563,631
535,613,560,613,560,631,535,631
308,621,360,621,360,641,308,641
263,623,305,623,305,646,263,646
226,625,261,625,261,646,226,646
126,625,177,627,176,652,125,649
178,627,225,629,224,648,177,646
563,643,600,643,600,663,563,663
536,645,561,645,561,663,536,663
360,651,405,651,405,671,360,671
241,655,278,655,278,675,241,675
177,659,239,657,240,676,178,678
133,661,176,661,176,680,133,680
566,673,605,673,605,695,566,695
173,688,201,688,201,711,173,711
230,688,276,688,276,710,230,710
201,690,226,690,226,708,201,708
128,691,170,691,170,711,128,711
249,725,466,716,467,741,250,750
468,718,528,718,528,745,468,745
206,726,248,726,248,750,206,750
176,728,205,728,205,751,176,751
355,756,448,751,449,774,356,778
300,758,353,758,353,781,300,781
261,760,296,760,296,780,261,780
455,785,510,785,510,808,455,808
392,788,453,786,453,809,393,811
355,791,391,791,391,813,355,813
283,793,323,793,323,813,283,813
248,795,278,795,278,815,248,815
326,795,351,795,351,811,326,811
175,873,541,858,542,892,176,907
