437,210,525,225,520,255,432,241
531,220,572,220,572,245,531,245
572,225,602,225,602,252,572,252
352,249,394,249,394,277,352,277
434,251,493,254,492,281,432,279
393,256,423,256,423,282,393,282
503,256,533,256,533,281,503,281
544,256,586,256,586,284,544,284
596,256,682,259,680,288,595,284
337,286,369,286,369,313,337,313
421,288,492,293,490,320,419,315
501,290,692,295,691,325,500,320
380,293,410,293,410,314,380,314
228,316,289,326,284,354,223,344
295,321,382,321,382,353,295,353
419,325,464,325,464,353,419,353
473,326,518,330,515,362,470,357
514,327,574,335,570,364,510,356
581,332,650,332,650,359,581,359
661,331,733,339,730,368,658,360
739,341,768,341,768,361,739,361
240,357,286,357,286,384,240,384
296,356,344,365,339,393,291,384
352,359,410,362,408,390,351,387
460,363,519,367,517,394,459,390
419,368,449,368,449,389,419,389
553,368,597,368,597,394,553,394
606,367,678,370,677,397,605,395
526,371,542,371,542,391,526,391
686,371,755,371,755,398,686,398
227,391,257,391,257,419,227,419
309,394,355,397,353,424,307,421
268,398,298,398,298,421,268,421
364,398,394,398,394,425,364,425
459,399,519,408,515,436,455,427
403,403,448,403,448,430,403,430
524,403,569,403,569,430,524,430
578,405,622,405,622,432,578,432
658,405,686,405,686,432,658,432
697,406,768,409,768,435,696,432
631,410,647,410,647,430,631,430
337,433,378,433,378,460,337,460
391,435,435,435,435,462,391,462
446,437,476,437,476,464,446,464
487,436,528,439,526,466,485,464
538,439,579,439,579,466,538,466
590,441,634,441,634,467,590,467
644,439,700,447,697,474,640,466
295,467,321,467,321,492,295,492
336,468,382,471,380,498,334,495
390,469,436,477,431,505,385,496
444,473,471,473,471,499,444,499
483,474,514,474,514,501,483,501
524,472,594,484,589,512,519,500
602,476,631,476,631,508,602,508
642,478,672,478,672,505,642,505
681,478,722,478,722,505,681,505
323,504,406,507,405,534,322,531
418,507,681,512,681,543,417,539
679,519,706,519,706,537,679,537
309,538,418,542,417,569,308,566
482,543,641,552,639,582,480,573
430,549,482,549,482,569,430,569
638,553,690,553,690,572,638,572
690,553,718,553,718,572,690,572
309,608,445,611,444,639,309,636
471,613,572,613,572,640,471,640
599,615,702,615,702,642,599,642
227,643,257,643,257,670,227,670
266,645,313,645,313,675,266,675
321,645,364,645,364,670,321,670
375,647,430,647,430,672,375,672
441,647,483,647,483,672,441,672
542,647,599,647,599,674,542,674
492,649,535,649,535,674,492,674
608,647,678,656,675,683,605,673
684,656,739,656,739,681,684,681
228,712,298,718,295,746,225,739
309,713,339,713,339,739,309,739
414,715,480,715,480,745,414,745
492,715,624,715,624,741,492,741
683,716,752,716,752,743,683,743
645,718,684,718,684,743,645,743
293,747,361,747,361,773,293,773
373,747,455,747,455,777,373,777
464,747,519,747,519,773,464,773
528,747,583,747,583,773,528,773
227,748,284,748,284,773,227,773
592,748,620,748,620,775,592,775
629,750,670,750,670,775,629,775
679,750,748,750,748,777,679,777
227,815,414,812,414,840,227,844
425,814,466,814,466,839,425,839
475,811,544,819,541,846,472,839
551,814,656,814,656,841,551,841
662,822,706,816,710,842,665,848
716,818,745,818,745,843,716,843
474,846,528,846,528,873,474,873
526,846,554,846,554,873,526,873
225,849,311,847,311,874,226,877
346,848,361,848,361,871,346,871
451,848,478,848,478,876,451,876
627,848,743,848,743,878,627,878
227,882,412,880,412,907,227,910
421,880,449,880,449,905,421,905
460,880,538,880,538,905,460,905
549,882,615,882,615,905,549,905
700,883,741,883,741,914,700,914
626,887,650,887,650,907,626,907
650,887,691,887,691,912,650,912
448,914,553,914,553,942,448,942
626,912,668,917,664,945,623,940
225,916,309,916,309,942,225,942
661,916,715,916,715,940,661,940
711,916,741,916,741,940,711,940
345,917,361,917,361,939,345,939
396,980,464,980,464,1004,396,1004
473,980,537,980,537,1004,473,1004
622,980,661,980,661,1008,622,1008
659,980,711,980,711,1004,659,1004
709,980,738,980,738,1004,709,1004
332,981,387,981,387,1006,332,1006
228,982,284,987,282,1013,225,1008
293,987,321,987,321,1008,293,1008
469,1011,536,1014,534,1040,468,1036
293,1012,350,1019,347,1045,290,1038
395,1013,463,1017,462,1041,393,1036
355,1019,384,1019,384,1036,355,1036
382,1077,448,1077,448,1100,382,1100
458,1077,521,1077,521,1099,458,1099
318,1079,371,1079,371,1102,318,1102
227,1080,310,1083,309,1108,226,1105
617,1102,705,1104,704,1132,616,1130
702,1106,731,1106,731,1129,702,1129
291,1109,332,1109,332,1134,291,1134
229,1111,282,1111,282,1134,229,1134
627,1134,729,1134,729,1159,627,1159
393,1136,448,1136,448,1161,393,1161
457,1136,508,1136,508,1159,457,1159
330,1140,384,1140,384,1163,330,1163
229,1141,272,1141,272,1165,229,1165
281,1145,321,1145,321,1168,281,1168
553,1161,630,1163,629,1190,552,1187
492,1163,546,1163,546,1186,492,1186
430,1165,483,1165,483,1189,430,1189
353,1168,421,1168,421,1191,353,1191
228,1171,295,1168,296,1195,229,1197
304,1170,346,1170,346,1193,304,1193
254,1200,282,1200,282,1221,254,1221
293,1204,320,1204,320,1221,293,1221
254,1229,282,1229,282,1248,254,1248
291,1229,341,1229,341,1248,291,1248
256,1252,308,1255,307,1275,255,1273
318,1253,357,1253,357,1273,318,1273
368,1257,426,1257,426,1277,368,1277
266,1282,307,1282,307,1303,266,1303
354,1280,409,1286,406,1312,351,1306
415,1281,482,1288,479,1314,412,1306
316,1285,345,1285,345,1303,316,1303
487,1285,528,1285,528,1310,487,1310
537,1289,586,1289,586,1314,537,1314
