332,132,361,132,361,149,332,149
361,132,389,132,389,152,361,152
390,133,412,133,412,152,390,152
409,134,428,134,428,153,409,153
426,134,457,134,457,153,426,153
456,134,477,134,477,153,456,153
477,136,505,136,505,154,477,154
530,137,538,137,538,152,530,152
505,138,529,138,529,154,505,154
341,157,360,157,360,176,341,176
360,157,385,157,385,176,360,176
385,158,420,158,420,177,385,177
446,161,454,161,454,177,446,177
460,161,469,161,469,177,460,177
472,161,502,161,502,180,472,180
502,161,530,161,530,180,502,180
420,162,444,162,444,177,420,177
174,164,302,169,301,203,173,198
352,182,373,182,373,202,352,202
373,184,402,184,402,202,373,202
402,184,429,184,429,204,402,204
433,186,444,186,444,202,433,202
446,183,488,189,486,209,443,203
486,186,516,186,516,205,486,205
373,208,398,208,398,228,373,228
397,208,492,210,491,231,396,228
294,250,325,250,325,269,294,269
332,252,354,252,354,270,332,270
360,253,392,253,392,272,360,272
397,254,438,254,438,273,397,273
169,265,211,268,210,288,168,285
217,270,257,270,257,289,217,289
256,271,353,276,353,295,255,291
360,278,386,278,386,293,360,293
388,278,408,278,408,297,388,297
481,280,560,280,560,298,481,298
461,281,482,281,482,298,461,298
168,290,209,290,209,312,168,312
216,294,246,294,246,312,216,312
209,297,217,297,217,309,209,309
442,304,490,304,490,321,442,321
489,305,569,305,569,322,489,322
166,337,197,337,197,357,166,357
205,338,248,342,246,362,203,358
338,348,360,348,360,365,338,365
364,349,396,347,398,366,365,368
432,350,452,350,452,369,432,369
498,352,558,349,559,369,498,371
166,361,227,364,226,383,165,380
225,366,265,366,265,385,225,385
272,368,302,368,302,388,272,388
309,367,360,372,358,391,307,386
365,370,397,370,397,389,365,389
402,374,433,374,433,390,402,390
441,374,480,374,480,394,441,394
164,384,292,392,291,410,163,402
346,394,373,394,373,410,346,410
373,396,404,396,404,413,373,413
506,400,526,400,526,416,506,416
533,400,565,400,565,417,533,417
164,428,206,430,205,452,162,449
213,433,254,433,254,453,213,453
260,436,301,436,301,456,260,456
326,438,366,438,366,458,326,458
308,440,325,440,325,456,308,456
504,446,532,446,532,462,504,462
532,446,565,446,565,464,532,464
162,453,205,453,205,474,162,474
212,457,253,457,253,477,212,477
258,458,270,458,270,476,258,476
278,460,318,460,318,480,278,480
541,472,552,472,552,485,541,485
162,477,204,477,204,498,162,498
210,478,263,480,262,501,210,499
269,482,298,482,298,502,269,502
502,493,530,493,530,509,502,509
530,493,562,493,562,510,530,510
170,502,213,502,213,522,170,522
220,506,252,506,252,524,220,524
510,517,529,517,529,533,510,533
529,517,561,517,561,534,529,534
169,528,221,528,221,546,169,546
509,540,528,540,528,556,509,556
529,541,561,541,561,558,529,558
158,549,201,549,201,569,158,569
209,550,238,550,238,570,209,570
246,554,278,554,278,572,246,572
548,566,560,566,560,580,548,580
236,576,276,576,276,596,236,596
282,576,304,576,304,596,282,596
310,578,342,578,342,597,310,597
348,578,380,578,380,600,348,600
385,580,426,580,426,600,385,600
432,584,481,584,481,602,432,602
184,621,216,621,216,641,184,641
222,622,274,622,274,642,222,642
156,624,177,624,177,641,156,641
280,622,322,626,320,646,278,642
404,630,450,630,450,645,404,645
480,631,558,636,557,653,479,648
154,645,185,645,185,665,154,665
192,644,262,647,261,668,191,665
260,648,337,648,337,666,260,666
345,647,395,650,394,671,344,667
152,666,174,666,174,689,152,689
182,670,224,670,224,689,182,689
230,670,281,670,281,690,230,690
392,675,471,678,470,697,391,694
468,679,558,683,557,702,467,698
218,741,249,741,249,761,218,761
257,742,297,742,297,762,257,762
341,744,374,744,374,765,341,765
304,745,336,745,336,764,304,764
380,747,431,751,430,770,378,766
437,750,478,750,478,772,437,772
189,766,259,768,258,787,188,785
149,768,180,768,180,785,149,785
264,769,305,769,305,786,264,786
312,770,334,770,334,788,312,788
342,770,401,772,401,791,342,789
408,773,428,773,428,792,408,792
426,774,468,774,468,793,426,793
474,778,516,778,516,796,474,796
523,778,556,783,553,801,520,796
196,813,228,813,228,833,196,833
234,814,257,814,257,833,234,833
264,816,294,816,294,834,264,834
301,816,353,816,353,836,301,836
360,817,380,817,380,837,360,837
386,821,420,821,420,840,386,840
425,821,457,821,457,841,425,841
464,824,496,824,496,842,464,842
146,838,186,838,186,856,146,856
185,838,225,838,225,857,185,857
233,838,341,841,341,860,232,857
349,844,389,844,389,861,349,861
386,845,424,845,424,861,386,861
433,846,504,848,503,867,432,865
509,852,542,852,542,868,509,868
