143,259,229,269,225,305,139,295
118,301,132,301,132,313,118,313
133,301,146,301,146,312,133,312
257,313,286,311,287,325,258,327
222,313,241,313,241,326,222,326
241,313,260,313,260,326,241,326
117,314,132,314,132,326,117,326
208,314,222,314,222,326,208,326
102,316,118,316,118,326,102,326
246,328,286,328,286,341,246,341
102,330,121,330,121,342,102,342
122,330,144,330,144,341,122,341
178,373,241,373,241,386,178,386
149,374,174,374,174,386,149,386
193,394,226,394,226,408,193,408
232,394,264,394,264,409,232,409
126,396,160,396,160,408,126,408
164,396,188,396,188,408,164,408
212,416,253,416,253,429,212,429
254,416,288,416,288,429,254,429
104,417,121,417,121,429,104,429
122,420,141,420,141,429,122,429
265,430,288,430,288,444,265,444
104,432,121,432,121,444,104,444
121,432,141,432,141,444,121,444
141,432,158,432,158,444,141,444
160,432,174,432,174,444,160,444
174,432,193,432,193,444,174,444
193,432,213,432,213,444,193,444
254,432,265,432,265,444,254,444
104,446,137,446,137,461,104,461
149,446,190,446,190,460,149,460
193,446,228,446,228,460,193,460
250,468,265,468,265,481,250,481
265,468,289,468,289,480,265,480
104,469,117,469,117,481,104,481
118,469,137,469,137,481,118,481
137,469,156,469,156,481,137,481
190,469,201,469,201,481,190,481
250,482,266,482,266,494,250,494
266,482,281,482,281,494,266,494
282,484,288,484,288,493,282,493
102,484,125,484,125,496,102,496
125,484,145,484,145,496,125,496
252,497,266,497,266,509,252,509
266,497,281,497,281,509,266,509
282,498,289,498,289,509,282,509
102,498,114,498,114,510,102,510
113,498,125,498,125,510,113,510
125,498,145,498,145,512,125,512
152,498,178,498,178,510,152,510
180,498,209,498,209,510,180,510
178,517,217,517,217,530,178,530
256,517,266,517,266,529,256,529
268,517,282,517,282,529,268,529
282,518,289,518,289,529,282,529
102,518,124,518,124,532,102,532
125,518,145,518,145,530,125,530
152,518,178,518,178,530,152,530
180,532,217,532,217,545,180,545
268,532,290,532,290,545,268,545
125,533,144,533,144,546,125,546
152,533,178,533,178,545,152,545
253,533,266,533,266,545,253,545
102,534,113,534,113,546,102,546
113,534,125,534,125,546,113,546
253,548,266,548,266,560,253,560
268,548,282,548,282,560,268,560
284,549,290,549,290,560,284,560
102,549,113,549,113,561,102,561
113,549,125,549,125,561,113,561
124,549,144,549,144,561,124,561
152,549,178,549,178,561,152,561
180,549,217,549,217,560,180,560
272,577,289,577,289,590,272,590
102,578,126,578,126,592,102,592
132,578,166,578,166,592,132,592
218,593,244,593,244,606,218,606
249,593,274,593,274,606,249,606
281,594,290,594,290,606,281,606
245,616,280,616,280,630,245,630
164,617,186,617,186,630,164,630
194,617,225,617,225,630,194,630
226,617,245,617,245,629,226,629
112,618,129,618,129,630,112,630
129,618,140,618,140,630,129,630
144,618,162,618,162,630,144,630
132,633,144,633,144,646,132,646
172,633,190,633,190,645,172,645
192,633,205,633,205,645,192,645
206,633,217,633,217,645,206,645
218,633,241,633,241,645,218,645
242,633,260,633,260,645,242,645
261,633,276,633,276,645,261,645
117,634,132,634,132,646,117,646
148,634,162,634,162,645,148,645
198,656,230,656,230,669,198,669
156,657,186,657,186,669,156,669
188,657,198,657,198,669,188,669
