461,244,511,242,512,265,462,267
398,250,445,243,448,265,402,273
340,252,396,248,398,270,341,273
221,256,252,256,252,278,221,278
302,256,338,256,338,274,302,274
254,260,298,257,299,276,254,278
167,263,219,260,220,279,168,283
315,280,359,276,361,298,317,301
488,300,522,298,523,315,489,317
453,306,485,301,488,317,456,322
406,305,452,305,452,320,406,320
365,306,394,310,391,327,363,323
328,310,361,310,361,325,328,325
266,314,323,312,324,329,266,330
189,316,221,316,221,330,189,330
224,316,253,316,253,329,224,329
158,317,186,317,186,332,158,332
369,329,405,329,405,344,369,344
315,332,365,331,365,347,316,349
274,334,301,334,301,348,274,348
324,352,414,348,415,363,325,368
264,355,319,353,320,368,265,370
396,376,449,376,449,396,396,396
324,382,391,379,392,397,325,401
278,384,322,384,322,401,278,401
233,385,276,385,276,402,233,402
357,410,382,410,382,429,357,429
300,415,353,412,354,427,301,431
307,444,397,441,397,456,308,459
281,445,305,445,305,460,281,460
197,474,214,474,214,486,197,486
164,476,190,476,190,489,164,489
216,476,241,476,241,488,216,488
146,477,162,477,162,489,146,489
322,497,354,497,354,510,322,510
356,497,380,497,380,510,356,510
293,498,313,498,313,512,293,512
254,500,293,498,293,511,254,513
187,502,255,500,256,513,188,515
146,502,182,502,182,518,146,518
270,526,305,526,305,541,270,541
213,529,236,529,236,541,213,541
235,530,269,528,269,541,236,543
169,530,208,530,208,545,169,545
144,532,169,532,169,544,144,544
430,553,445,553,445,568,430,568
490,561,509,561,509,576,490,576
366,564,389,564,389,578,366,578
308,566,325,566,325,581,308,581
202,569,230,569,230,584,202,584
232,571,266,569,267,582,233,584
426,573,452,573,452,589,426,589
489,605,510,605,510,621,489,621
510,605,540,605,540,621,510,621
366,608,386,608,386,624,366,624
388,608,414,608,414,622,388,622
246,614,268,614,268,629,246,629
208,616,244,616,244,630,208,630
177,617,205,617,205,632,177,632
246,644,278,644,278,658,246,658
208,645,244,645,244,660,208,660
177,646,205,646,205,660,177,660
492,656,513,656,513,673,492,673
513,656,541,656,541,672,513,672
389,657,416,657,416,673,389,673
369,658,389,658,389,674,369,674
216,663,267,666,266,681,215,678
177,665,214,665,214,680,177,680
178,686,208,686,208,702,178,702
460,717,548,717,548,746,460,746
205,725,264,725,264,749,205,749
266,724,316,724,316,749,266,749
149,726,201,726,201,752,149,752
484,754,513,754,513,772,484,772
513,754,550,754,550,769,513,769
152,761,182,761,182,774,152,774
184,761,210,761,210,776,184,776
508,789,552,789,552,816,508,816
484,792,510,792,510,810,484,810
182,793,206,793,206,813,182,813
208,793,257,793,257,810,208,810
152,794,181,794,181,813,152,813
270,840,310,840,310,857,270,857
310,840,362,844,360,862,309,858
401,841,430,841,430,856,401,856
362,842,397,842,397,856,362,856
232,888,297,888,297,905,232,905
308,888,340,888,340,905,308,905
450,888,490,888,490,905,450,905
370,890,416,886,417,903,372,907
418,889,446,889,446,904,418,904
341,892,369,892,369,904,341,904
