307,289,348,285,350,306,309,310
258,288,306,288,306,310,258,310
93,289,133,289,133,310,93,310
137,290,193,290,193,312,137,312
193,293,257,293,257,310,193,310
213,314,294,314,294,336,213,336
298,314,333,314,333,334,298,334
69,317,105,317,105,336,69,336
169,317,209,317,209,336,169,336
32,318,60,318,60,337,32,337
108,316,166,322,165,340,106,335
32,346,77,346,77,365,32,365
80,348,113,348,113,364,80,364
143,350,190,345,191,363,144,368
116,349,142,349,142,364,116,364
207,372,309,370,309,390,208,392
32,373,57,373,57,392,32,392
60,373,162,373,162,392,60,392
174,373,205,373,205,390,174,390
32,398,69,398,69,416,32,416
108,398,133,398,133,417,108,417
133,398,181,398,181,416,133,416
193,398,284,398,284,416,193,416
70,400,106,400,106,417,70,417
321,422,378,422,378,440,321,440
380,422,410,422,410,437,380,437
29,425,61,425,61,441,29,441
63,422,106,428,103,448,60,441
185,425,206,425,206,442,185,442
229,425,258,425,258,440,229,440
354,451,411,449,412,467,354,469
20,453,45,453,45,470,20,470
252,453,285,453,285,470,252,470
302,453,314,453,314,468,302,468
46,454,78,454,78,470,46,470
81,454,104,454,104,472,81,472
108,454,128,454,128,470,108,470
126,454,149,454,149,472,126,472
237,454,249,454,249,469,237,469
16,475,63,479,61,500,14,496
349,478,410,478,410,497,349,497
64,478,107,482,106,502,62,498
386,506,412,506,412,525,386,525
16,508,62,508,62,525,16,525
62,508,105,508,105,526,62,526
108,508,141,508,141,525,108,525
142,506,187,510,186,528,141,525
16,533,62,537,61,559,14,555
349,536,362,536,362,553,349,553
361,536,412,536,412,554,361,554
61,537,85,537,85,556,61,556
86,537,133,537,133,556,86,556
136,537,178,537,178,556,136,556
113,566,165,566,165,593,113,593
206,566,248,566,248,592,206,592
250,566,336,566,336,592,250,592
169,572,204,572,204,592,169,592
70,573,110,573,110,593,70,593
