370,87,410,92,408,111,367,107
280,95,307,101,304,114,277,109
409,95,444,101,441,119,406,113
213,103,229,103,229,113,213,113
230,102,308,121,304,135,226,116
305,104,327,104,327,119,305,119
444,99,524,120,519,140,439,120
329,106,363,113,360,127,326,120
362,114,396,120,394,133,360,127
231,117,298,129,295,145,228,132
415,115,490,138,482,163,407,139
523,119,558,124,555,142,520,137
307,124,327,124,327,135,307,135
325,126,339,126,339,138,325,138
339,131,357,131,357,142,339,142
556,128,591,131,589,150,554,146
357,133,380,133,380,145,357,145
208,133,237,137,235,149,206,145
295,132,318,137,316,148,293,143
380,138,398,138,398,149,380,149
592,132,648,143,644,162,589,152
316,140,335,140,335,151,316,151
335,142,359,142,359,154,335,154
398,142,419,142,419,154,398,154
419,145,437,145,437,158,419,158
359,145,408,155,406,168,357,158
647,145,716,157,713,176,644,164
280,147,321,154,319,166,277,158
437,151,455,151,455,161,437,161
455,154,472,154,472,165,455,165
407,158,430,158,430,170,407,170
473,156,552,168,550,181,471,169
319,159,339,159,339,168,319,168
339,158,370,167,367,178,335,169
428,161,446,161,446,172,428,172
715,158,786,173,782,191,712,176
446,165,467,165,467,177,446,177
367,168,378,168,378,177,367,177
467,168,485,168,485,175,467,175
433,177,534,177,534,197,433,197
784,176,821,180,819,197,782,192
511,188,558,188,558,197,511,197
276,191,299,197,295,209,272,203
299,195,337,203,334,216,296,209
686,200,723,208,721,220,684,212
337,203,367,212,363,225,333,217
426,207,440,207,440,220,426,220
446,209,486,209,486,220,446,220
492,209,533,209,533,222,492,222
536,209,565,209,565,222,536,222
722,205,754,215,750,227,719,217
568,211,604,211,604,225,568,225
752,212,781,220,777,232,749,224
689,216,710,216,710,229,689,229
444,220,460,220,460,232,444,232
465,222,479,222,479,232,465,232
485,222,511,222,511,234,485,234
522,220,590,224,589,238,522,234
712,222,725,222,725,232,712,232
778,220,806,224,804,236,776,231
724,220,774,233,771,246,721,232
433,232,453,232,453,245,433,245
458,232,500,234,499,248,457,246
502,232,531,232,531,247,502,247
536,236,570,236,570,248,536,248
696,236,718,236,718,248,696,248
574,238,584,238,584,250,574,250
718,241,730,241,730,250,718,250
731,239,757,247,754,259,728,251
289,238,340,251,335,270,284,258
399,243,446,243,446,257,399,257
446,245,472,245,472,257,446,257
488,243,524,243,524,259,488,259
522,247,543,247,543,261,522,261
755,248,776,248,776,261,755,261
556,250,577,250,577,263,556,263
579,248,635,250,634,267,578,265
774,252,794,252,794,264,774,264
451,257,472,257,472,270,451,270
478,259,497,259,497,271,478,271
515,261,575,261,575,275,515,275
285,258,328,267,324,288,281,279
684,266,709,266,709,277,684,277
405,268,444,268,444,282,405,282
451,268,557,275,556,290,450,283
554,276,615,280,614,293,553,290
423,282,451,282,451,296,423,296
618,282,632,282,632,293,618,293
451,284,478,284,478,296,451,296
721,281,773,293,770,307,718,294
483,287,504,287,504,296,483,296
510,287,524,287,524,298,510,298
527,289,568,289,568,302,527,302
574,293,614,293,614,305,574,305
718,298,737,298,737,311,718,311
737,302,753,302,753,314,737,314
458,303,504,303,504,316,458,316
513,305,551,309,550,321,512,317
753,307,769,307,769,316,753,316
558,308,594,311,593,324,557,321
716,311,737,311,737,323,716,323
383,312,399,312,399,325,383,325
401,312,424,312,424,328,401,328
430,314,451,314,451,328,430,328
737,316,751,316,751,327,737,327
455,318,483,318,483,330,455,330
488,317,511,320,509,333,487,330
515,319,536,319,536,334,515,334
750,319,764,319,764,330,750,330
538,319,568,319,568,335,538,335
572,323,607,327,606,340,571,336
609,327,638,327,638,339,609,339
383,333,418,336,417,350,382,346
421,334,437,334,437,348,421,348
474,337,518,337,518,367,474,367
511,337,549,337,549,355,511,355
545,341,581,341,581,357,545,357
590,343,606,343,606,359,590,359
383,346,412,346,412,360,383,360
606,346,645,346,645,360,606,360
415,350,449,350,449,362,415,362
453,348,478,348,478,364,453,364
563,355,579,355,579,369,563,369
584,357,606,357,606,371,584,371
607,357,643,357,643,373,607,373
380,370,476,374,476,391,379,388
479,376,495,376,495,392,479,392
499,380,534,380,534,394,499,394
538,383,566,383,566,398,538,398
570,382,598,382,598,398,570,398
602,385,609,385,609,396,602,396
382,387,396,387,396,399,382,399
396,387,423,387,423,401,396,401
615,386,644,389,643,402,614,399
485,391,502,391,502,405,485,405
504,391,527,391,527,407,504,407
533,396,547,396,547,408,533,408
581,396,598,396,598,412,581,412
600,396,623,396,623,412,600,412
629,399,643,399,643,412,629,412
380,397,475,401,474,418,379,414
479,407,508,407,508,419,479,419
531,408,552,408,552,423,531,423
513,410,527,410,527,421,513,421
556,408,598,408,598,424,556,424
600,410,630,410,630,426,600,426
382,414,423,414,423,428,382,428
485,417,501,417,501,433,485,433
504,419,527,419,527,433,504,433
529,421,547,421,547,435,529,435
582,424,598,424,598,437,582,437
600,424,623,424,623,439,600,439
625,424,643,424,643,439,625,439
378,424,475,429,474,446,377,441
479,431,501,431,501,446,479,446
504,430,546,433,545,450,503,447
550,437,559,437,559,449,550,449
563,436,629,439,629,453,562,451
380,442,423,442,423,456,380,456
483,444,501,444,501,460,483,460
502,446,527,446,527,462,502,462
529,447,545,447,545,462,529,462
581,449,597,449,597,463,581,463
600,449,623,449,623,465,600,465
625,449,641,449,641,465,625,465
394,456,415,456,415,470,394,470
419,460,440,460,440,472,419,472
542,462,558,462,558,476,542,476
561,462,584,462,584,476,561,476
588,463,604,463,604,476,588,476
378,467,414,467,414,483,378,483
412,469,440,469,440,483,412,483
437,469,474,469,474,485,437,485
478,472,499,472,499,486,478,486
501,472,533,472,533,488,501,488
534,474,563,474,563,490,534,490
568,478,602,478,602,490,568,490
606,476,641,476,641,492,606,492
380,483,421,483,421,495,380,495
485,486,499,486,499,499,485,499
502,486,526,486,526,501,502,501
529,488,545,488,545,501,529,501
581,490,597,490,597,504,581,504
600,490,627,490,627,504,600,504
623,490,641,490,641,504,623,504
378,493,473,497,472,514,377,509
478,501,499,501,499,513,478,513
522,501,570,501,570,517,522,517
574,501,602,501,602,517,574,517
504,504,518,504,518,515,504,515
606,504,622,504,622,518,606,518
380,510,401,510,401,522,380,522
405,511,421,511,421,524,405,524
478,515,492,515,492,527,478,527
501,513,524,513,524,529,501,529
527,513,545,513,545,529,527,529
598,515,622,515,622,531,598,531
574,518,595,518,595,531,574,531
623,517,641,517,641,533,623,533
378,520,473,523,472,541,377,537
476,526,492,526,492,540,476,540
495,529,511,529,511,542,495,542
517,528,538,531,536,544,515,541
540,527,570,527,570,543,540,543
574,529,615,531,614,546,573,543
618,529,641,529,641,545,618,545
380,536,399,536,399,550,380,550
399,538,419,538,419,550,399,550
490,542,495,542,495,552,490,552
501,540,524,540,524,556,501,556
526,540,543,540,543,556,526,556
597,542,622,542,622,558,597,558
581,545,600,545,600,558,581,558
623,543,639,543,639,558,623,558
376,547,473,551,472,568,376,564
476,553,512,556,511,569,475,566
515,556,536,556,536,568,515,568
542,556,568,556,568,570,542,570
574,558,614,558,614,570,574,570
616,556,639,556,639,572,616,572
376,561,419,561,419,577,376,577
483,568,497,568,497,581,483,581
501,566,524,566,524,582,501,582
526,568,543,568,543,582,526,582
597,568,620,568,620,584,597,584
581,572,593,572,593,582,581,582
623,572,639,572,639,584,623,584
376,575,471,577,470,594,376,592
476,580,503,583,502,596,475,594
554,582,581,582,581,597,554,597
508,584,529,584,529,597,508,597
586,584,627,584,627,598,586,598
526,584,549,584,549,609,526,609
622,584,639,584,639,611,622,611
378,591,419,591,419,604,378,604
483,595,497,595,497,607,483,607
499,593,524,593,524,609,499,609
581,597,593,597,593,609,581,609
597,595,620,595,620,611,597,611
391,606,412,606,412,618,391,618
584,606,600,606,600,623,584,623
417,607,439,607,439,620,417,620
558,607,581,607,581,623,558,623
376,615,471,618,470,635,376,632
474,622,501,622,501,634,474,634
508,623,527,623,527,636,508,636
531,622,561,622,561,638,531,638
563,622,593,622,593,650,563,650
595,623,639,623,639,654,595,654
376,632,417,632,417,645,376,645
481,634,495,634,495,646,481,646
499,634,542,634,542,648,499,648
375,643,431,643,431,659,375,659
433,645,469,645,469,659,433,659
472,645,495,645,495,661,472,661
499,648,547,648,547,662,499,662
550,650,572,650,572,662,550,662
575,648,591,648,591,664,575,664
595,648,625,648,625,666,595,666
375,655,417,655,417,671,375,671
479,659,495,659,495,673,479,673
497,659,520,659,520,675,497,675
524,661,540,661,540,675,524,675
595,661,618,661,618,677,595,677
575,662,591,662,591,677,575,677
620,662,638,662,638,678,620,678
389,671,410,671,410,684,389,684
415,675,437,675,437,687,415,687
536,673,552,673,552,689,536,689
556,673,579,673,579,689,556,689
582,677,598,677,598,689,582,689
375,681,469,683,469,700,374,698
470,686,494,686,494,700,470,700
497,686,545,686,545,702,497,702
550,689,577,689,577,703,550,703
577,689,636,691,636,706,577,703
376,696,417,696,417,710,376,710
479,702,494,702,494,712,479,712
497,700,520,700,520,714,497,714
522,700,538,700,538,714,522,714
574,702,591,702,591,718,574,718
593,702,616,702,616,718,593,718
620,702,636,702,636,718,620,718
375,709,467,709,467,726,375,726
471,712,520,715,518,742,469,739
542,714,570,714,570,730,542,730
574,714,590,714,590,730,574,730
510,718,538,718,538,730,510,730
590,718,616,718,616,732,590,732
620,718,636,718,636,744,620,744
375,725,415,725,415,737,375,737
522,726,538,726,538,741,522,741
574,728,590,728,590,742,574,742
593,728,616,728,616,744,593,744
373,737,389,737,389,751,373,751
387,737,467,737,467,753,387,753
470,741,506,741,506,755,470,755
508,739,570,739,570,755,508,755
583,730,622,759,607,779,568,751
373,748,465,748,465,778,373,778
478,753,492,753,492,767,478,767
495,751,518,751,518,767,495,767
522,755,538,755,538,767,522,767
574,755,590,755,590,769,574,769
620,758,636,758,636,771,620,771
470,767,499,767,499,780,470,780
501,766,538,766,538,782,501,782
542,768,578,770,577,784,541,781
581,771,629,771,629,785,581,785
375,778,415,778,415,790,375,790
494,778,517,778,517,794,494,794
476,780,492,780,492,794,476,794
522,782,538,782,538,794,522,794
572,782,590,782,590,798,572,798
591,782,614,782,614,798,591,798
618,782,634,782,634,798,618,798
581,790,595,790,595,810,581,810
385,792,407,792,407,803,385,803
371,792,439,792,439,817,371,817
533,792,549,792,549,808,533,808
552,792,575,792,575,808,552,808
437,803,465,803,465,819,437,819
469,806,497,806,497,819,469,819
501,805,536,805,536,821,501,821
540,808,554,808,554,821,540,821
554,810,575,810,575,822,554,822
577,810,634,810,634,837,577,837
373,815,400,817,399,831,372,828
398,814,414,814,414,830,398,830
474,817,490,817,490,831,474,831
494,817,517,817,517,833,494,833
518,819,536,819,536,833,518,833
572,821,588,821,588,835,572,835
590,821,614,821,614,837,590,837
385,830,407,830,407,842,385,842
579,830,593,830,593,849,579,849
370,828,464,830,463,859,369,856
533,831,549,831,549,847,533,847
550,831,574,831,574,847,550,847
467,844,483,844,483,858,467,858
488,846,502,846,502,858,488,858
501,844,626,850,625,865,500,859
371,856,412,856,412,869,371,869
469,858,490,858,490,870,469,870
492,856,515,856,515,872,492,872
518,858,534,858,534,872,518,872
566,862,586,862,586,874,566,874
590,862,613,862,613,876,590,876
614,863,632,863,632,878,614,878
369,867,437,867,437,883,369,883
433,869,463,869,463,885,433,885
465,870,517,873,515,900,464,897
506,874,515,874,515,886,506,886
520,873,555,876,554,889,519,886
558,878,566,878,566,888,558,888
570,878,598,878,598,890,570,890
602,878,630,878,630,890,602,890
371,883,412,883,412,895,371,895
476,885,488,885,488,897,476,897
517,885,534,885,534,899,517,899
588,886,611,886,611,902,588,902
572,890,586,890,586,901,572,901
614,888,630,888,630,904,614,904
367,894,410,894,410,910,367,910
407,895,462,895,462,911,407,911
467,899,508,899,508,913,467,913
511,901,566,901,566,915,511,915
568,901,584,901,584,915,568,915
582,902,613,902,613,933,582,933
614,906,630,906,630,931,614,931
367,908,410,908,410,922,367,922
490,911,513,911,513,927,490,927
517,911,533,911,533,927,517,927
382,924,403,924,403,936,382,936
408,925,430,925,430,938,408,938
549,925,572,925,572,941,549,941
538,929,543,929,543,940,538,940
574,927,591,927,591,941,574,941
367,933,462,935,462,952,367,950
465,938,474,938,474,952,465,952
478,940,506,940,506,954,478,954
511,941,565,941,565,956,511,956
570,943,590,943,590,957,570,957
588,945,609,945,609,957,588,957
613,945,629,945,629,972,613,972
366,947,408,947,408,963,366,963
478,954,486,954,486,965,478,965
490,952,513,952,513,968,490,968
515,952,533,952,533,968,515,968
586,954,609,954,609,972,586,972
382,965,401,965,401,977,382,977
366,965,433,965,433,991,366,991
547,966,570,966,570,984,547,984
536,970,542,970,542,981,536,981
574,968,590,968,590,984,574,984
431,975,460,975,460,993,431,993
463,979,492,979,492,993,463,993
488,981,526,981,526,1009,488,1009
527,981,577,981,577,997,527,997
581,986,602,986,602,998,581,998
607,986,629,986,629,998,607,998
367,989,408,989,408,1004,367,1004
469,993,486,993,486,1007,469,1007
515,993,531,993,531,1009,515,1009
566,997,582,997,582,1011,566,1011
586,997,609,997,609,1013,586,1013
611,997,629,997,629,1013,611,1013
364,1000,460,1003,460,1021,363,1018
463,1007,472,1007,472,1020,463,1020
476,1009,497,1009,497,1021,476,1021
501,1006,532,1009,531,1026,499,1023
533,1009,550,1009,550,1025,533,1025
554,1013,582,1013,582,1025,554,1025
584,1011,629,1011,629,1039,584,1039
366,1018,407,1018,407,1030,366,1030
469,1020,511,1020,511,1036,469,1036
513,1021,531,1021,531,1037,513,1037
584,1023,609,1023,609,1039,584,1039
364,1030,431,1030,431,1046,364,1046
430,1030,458,1030,458,1046,430,1046
463,1034,478,1034,478,1048,463,1048
476,1037,524,1037,524,1050,476,1050
526,1036,556,1036,556,1053,526,1053
558,1037,595,1037,595,1053,558,1053
598,1037,627,1037,627,1068,598,1068
366,1045,407,1045,407,1059,366,1059
470,1048,483,1048,483,1062,470,1062
481,1046,510,1046,510,1064,481,1064
513,1050,529,1050,529,1064,513,1064
574,1053,579,1053,579,1066,574,1066
584,1052,609,1052,609,1068,584,1068
364,1055,459,1059,458,1076,363,1071
462,1062,470,1062,470,1075,462,1075
506,1062,536,1062,536,1078,506,1078
474,1066,502,1066,502,1078,474,1078
538,1064,575,1064,575,1080,538,1080
579,1068,602,1068,602,1082,579,1082
611,1068,627,1068,627,1082,611,1082
366,1071,378,1071,378,1085,366,1085
385,1073,405,1073,405,1085,385,1085
467,1075,483,1075,483,1089,467,1089
486,1075,510,1075,510,1091,486,1091
511,1077,529,1077,529,1093,511,1093
566,1082,581,1082,581,1094,566,1094
584,1080,607,1080,607,1096,584,1096
611,1080,627,1080,627,1096,611,1096
362,1084,424,1084,424,1100,362,1100
421,1085,456,1085,456,1103,421,1103
462,1089,467,1089,467,1101,462,1101
474,1093,502,1093,502,1105,474,1105
504,1091,534,1091,534,1107,504,1107
536,1093,574,1093,574,1109,536,1109
577,1094,600,1094,600,1110,577,1110
364,1098,403,1098,403,1112,364,1112
467,1105,481,1105,481,1117,467,1117
485,1103,508,1103,508,1119,485,1119
511,1105,527,1105,527,1119,511,1119
582,1107,607,1107,607,1125,582,1125
565,1109,581,1109,581,1123,565,1123
609,1109,627,1109,627,1125,609,1125
362,1112,398,1112,398,1126,362,1126
394,1111,455,1113,454,1131,393,1128
460,1117,469,1117,469,1130,460,1130
504,1117,534,1117,534,1135,504,1135
472,1121,501,1121,501,1133,472,1133
536,1119,574,1121,573,1138,535,1136
362,1126,403,1126,403,1141,362,1141
577,1126,606,1126,606,1139,577,1139
472,1133,481,1133,481,1144,472,1144
483,1132,508,1132,508,1148,483,1148
511,1135,527,1135,527,1148,511,1148
582,1135,606,1135,606,1153,582,1153
360,1137,389,1137,389,1153,360,1153
572,1139,581,1139,581,1151,572,1151
609,1137,625,1137,625,1153,609,1153
387,1138,455,1141,454,1159,386,1156
458,1144,465,1144,465,1157,458,1157
472,1148,501,1148,501,1160,472,1160
502,1146,533,1146,533,1162,502,1162
534,1148,574,1148,574,1164,534,1164
360,1153,403,1153,403,1167,360,1167
609,1151,625,1151,625,1167,609,1167
577,1155,606,1155,606,1167,577,1167
472,1160,478,1160,478,1171,472,1171
483,1158,506,1158,506,1174,483,1174
511,1162,527,1162,527,1176,511,1176
570,1165,584,1165,584,1180,570,1180
582,1164,606,1164,606,1180,582,1180
609,1165,625,1165,625,1181,609,1181
361,1179,390,1182,389,1196,359,1194
412,1183,440,1183,440,1197,412,1197
392,1185,408,1185,408,1196,392,1196
446,1187,479,1187,479,1199,446,1199
485,1188,520,1191,518,1204,484,1201
554,1190,579,1190,579,1206,554,1206
581,1192,606,1192,606,1206,581,1206
393,1195,422,1198,420,1212,391,1210
607,1194,625,1194,625,1208,607,1208
424,1199,440,1199,440,1212,424,1212
446,1199,480,1202,479,1216,444,1213
483,1202,512,1205,511,1218,482,1215
590,1208,606,1208,606,1221,590,1221
359,1211,402,1213,401,1230,358,1228
405,1216,434,1218,433,1232,404,1229
437,1217,472,1217,472,1233,437,1233
478,1222,511,1222,511,1235,478,1235
367,1228,387,1228,387,1240,367,1240
392,1231,414,1231,414,1242,392,1242
360,1238,382,1238,382,1251,360,1251
554,1238,577,1238,577,1253,554,1253
385,1242,407,1242,407,1254,385,1254
581,1240,604,1240,604,1254,581,1254
412,1244,440,1244,440,1256,412,1256
606,1242,623,1242,623,1256,606,1256
444,1245,472,1245,472,1258,444,1258
360,1251,382,1251,382,1263,360,1263
568,1253,577,1253,577,1265,568,1265
362,1254,407,1254,407,1276,362,1276
412,1254,439,1254,439,1267,412,1267
581,1254,604,1254,604,1269,581,1269
604,1256,623,1256,623,1270,604,1270
444,1258,470,1258,470,1270,444,1270
478,1260,497,1260,497,1272,478,1272
407,1265,421,1265,421,1277,407,1277
559,1263,577,1263,577,1279,559,1279
424,1266,459,1268,458,1281,423,1279
579,1265,604,1265,604,1279,579,1279
606,1267,623,1267,623,1281,606,1281
463,1270,492,1270,492,1283,463,1283
375,1274,387,1274,387,1283,375,1283
497,1274,524,1274,524,1286,497,1286
526,1272,569,1274,568,1291,525,1288
392,1277,408,1277,408,1288,392,1288
469,1283,517,1283,517,1297,469,1297
375,1285,389,1285,389,1295,375,1295
394,1288,415,1288,415,1299,394,1299
426,1289,466,1292,465,1305,425,1302
470,1293,497,1293,497,1306,470,1306
389,1297,401,1297,401,1304,389,1304
502,1297,524,1297,524,1309,502,1309
407,1298,427,1300,426,1308,406,1306
534,1299,563,1299,563,1311,534,1311
431,1302,458,1302,458,1311,431,1311
567,1301,603,1304,602,1317,566,1314
389,1306,403,1306,403,1315,389,1315
427,1308,454,1313,452,1321,425,1316
460,1312,493,1316,492,1327,459,1323
561,1313,582,1313,582,1324,561,1324
495,1317,517,1317,517,1327,495,1327
522,1320,549,1320,549,1331,522,1331
