295,240,347,234,349,250,297,255
203,252,290,241,292,256,205,267
332,258,366,258,366,272,332,272
304,262,330,262,330,276,304,276
277,265,302,265,302,280,277,280
245,270,274,270,274,284,245,284
218,273,244,273,244,288,218,288
198,277,218,277,218,290,198,290
189,280,198,280,198,290,189,290
327,313,383,305,387,328,330,336
96,312,124,312,124,324,96,324
285,317,325,317,325,340,285,340
235,327,280,321,283,342,237,348
187,330,231,325,234,348,190,353
418,329,448,329,448,344,418,344
371,337,417,332,418,346,372,351
330,345,354,338,359,353,335,360
301,346,332,346,332,360,301,360
242,353,275,349,277,363,244,368
208,357,229,357,229,372,208,372
341,362,361,362,361,378,341,378
149,364,188,364,188,378,149,378
313,366,340,366,340,382,313,382
118,368,146,368,146,382,118,382
302,372,310,372,310,384,302,384
255,375,299,370,301,385,257,390
226,377,253,377,253,393,226,393
188,382,225,382,225,397,188,397
114,393,185,382,188,398,116,408
342,385,370,385,370,401,342,401
324,388,345,388,345,402,324,402
438,397,465,393,468,407,440,412
420,398,438,398,438,413,420,413
182,406,204,406,204,421,182,421
343,409,372,405,375,422,345,426
144,410,181,408,181,423,145,425
325,412,348,412,348,425,325,425
116,414,142,412,143,426,117,429
243,422,271,420,272,433,244,435
421,422,441,422,441,438,421,438
389,429,418,425,421,440,392,445
336,438,388,429,391,445,339,454
146,433,176,433,176,448,146,448
118,437,145,435,146,450,120,452
303,443,334,436,337,452,307,458
444,444,472,440,475,455,447,459
264,446,303,442,305,457,265,461
426,445,449,445,449,461,426,461
240,448,265,448,265,464,240,464
200,454,238,449,240,466,203,472
350,457,378,453,380,469,352,473
123,464,203,453,205,471,125,481
332,458,354,458,354,474,332,474
250,469,278,469,278,482,250,482
437,470,457,470,457,485,437,485
416,474,434,474,434,489,416,489
378,478,414,478,414,494,378,494
352,482,376,482,376,497,352,497
321,488,348,484,350,499,323,502
453,489,481,489,481,505,453,505
284,492,321,492,321,506,284,506
433,493,453,493,453,510,433,510
245,497,282,493,283,509,247,512
198,503,243,498,245,514,200,519
356,505,385,501,388,518,359,522
129,513,199,503,201,518,131,529
338,506,361,506,361,522,338,522
256,518,285,516,286,530,257,532
398,524,420,524,420,541,398,541
359,528,395,527,396,543,360,545
332,538,356,529,362,545,338,553
289,540,333,535,335,551,291,557
461,538,489,538,489,556,461,556
441,541,460,541,460,557,441,557
251,547,288,541,290,557,253,562
178,556,251,546,254,564,180,574
363,553,392,549,395,566,365,570
345,554,364,554,364,570,345,570
135,562,180,556,183,573,137,580
261,567,290,564,291,578,262,580
457,566,478,566,478,584,457,584
417,571,455,569,456,587,418,589
409,576,418,576,418,589,409,589
372,581,403,574,407,590,376,598
311,590,370,578,373,595,314,606
468,588,497,588,497,606,468,606
288,590,313,590,313,606,288,606
437,591,470,589,471,606,438,608
258,594,286,594,286,610,258,610
210,603,255,596,257,611,212,618
372,601,401,601,401,620,372,620
341,606,373,602,375,619,343,623
139,613,212,602,215,619,142,630
268,619,298,614,300,627,269,631
478,641,508,638,510,656,480,659
448,645,481,642,483,658,449,661
181,662,201,662,201,680,181,680
141,665,181,665,181,685,141,685
482,673,513,668,516,687,486,692
453,676,487,673,488,690,455,693
184,684,222,684,222,702,184,702
142,688,184,688,184,708,142,708
486,699,517,694,520,713,488,717
458,700,492,700,492,717,458,717
186,714,216,714,216,734,186,734
323,721,360,717,362,735,326,739
146,720,186,720,186,740,146,740
233,732,263,729,265,745,235,748
407,744,518,728,520,747,410,763
185,739,234,734,236,751,187,757
148,743,184,739,186,758,150,762
366,749,409,749,409,769,366,769
221,771,365,749,368,768,224,790
193,774,222,774,222,792,193,792
172,776,193,776,193,796,172,796
368,779,400,774,403,792,371,797
326,782,369,782,369,804,326,804
296,789,326,789,326,806,296,806
422,793,470,787,473,805,424,811
394,797,423,795,425,814,396,816
374,801,393,801,393,816,374,816
345,804,374,804,374,824,345,824
313,809,342,809,342,825,313,825
293,812,312,812,312,828,293,828
270,816,290,816,290,830,270,830
237,818,269,818,269,836,237,836
210,824,236,824,236,841,210,841
