485,320,515,320,515,339,485,339
514,321,535,321,535,337,514,337
423,325,480,325,480,345,423,345
531,339,590,336,591,356,532,359
496,341,526,341,526,361,496,361
469,345,490,345,490,362,469,362
423,348,464,348,464,366,423,366
371,353,398,353,398,369,371,369
396,353,417,353,417,371,396,371
569,361,600,358,602,378,571,381
507,366,565,361,567,381,508,386
469,369,510,365,512,385,471,389
417,373,464,373,464,389,417,389
361,377,384,377,384,394,361,394
391,377,410,377,410,393,391,393
635,386,657,383,659,396,637,399
581,384,631,384,631,403,581,403
526,387,576,387,576,405,526,405
453,393,476,393,476,412,453,412
482,393,521,393,521,412,482,412
417,396,448,396,448,414,417,414
352,399,394,397,395,417,354,420
336,401,357,401,357,421,336,421
290,402,331,405,330,425,288,423
601,405,649,405,649,425,601,425
544,411,595,406,597,426,546,431
510,412,540,412,540,432,510,432
448,417,487,417,487,435,448,435
496,419,505,419,505,432,496,432
375,421,414,421,414,441,375,441
421,425,442,425,442,437,421,437
338,424,369,427,367,445,336,442
300,426,330,426,330,444,300,444
611,428,661,426,662,445,612,447
583,432,604,432,604,449,583,449
530,435,562,435,562,453,530,453
569,439,578,439,578,451,569,451
494,439,524,439,524,457,494,457
448,442,489,442,489,460,448,460
384,446,407,446,407,464,384,464
412,446,442,446,442,464,412,464
348,448,378,448,378,466,348,466
293,449,316,449,316,469,293,469
321,451,343,451,343,467,321,467
578,454,616,457,615,477,577,474
542,458,572,458,572,476,542,476
505,460,535,460,535,480,505,480
469,464,499,464,499,482,469,482
442,467,464,467,464,483,442,483
405,469,435,469,435,487,405,487
368,471,398,471,398,489,368,489
606,476,636,476,636,496,606,496
579,480,601,480,601,498,579,498
553,483,574,483,574,501,553,501
498,485,546,488,545,508,496,504
469,489,492,489,492,506,469,506
444,492,464,492,464,508,444,508
369,494,401,494,401,512,369,512
405,493,437,496,435,514,404,511
345,498,357,498,357,514,345,514
425,515,602,502,604,525,427,538
608,505,629,505,629,519,608,519
362,517,419,517,419,537,362,537
620,530,642,530,642,542,620,542
583,530,613,530,613,546,583,546
474,536,584,531,585,551,475,556
401,540,430,540,430,558,401,558
436,542,467,539,469,554,437,557
355,542,403,542,403,562,355,562
561,576,633,572,634,592,562,596
468,583,543,578,545,599,469,603
358,590,451,585,452,606,359,611
624,599,665,599,665,618,624,618
523,604,563,600,565,620,525,624
570,601,618,601,618,618,570,618
487,608,519,608,519,624,487,624
451,610,482,610,482,627,451,627
404,614,444,610,446,628,406,632
368,615,400,615,400,633,368,633
304,618,325,618,325,638,304,638
330,618,362,618,362,640,330,640
599,645,677,638,679,658,601,665
537,649,586,646,587,666,539,669
491,653,540,649,542,669,493,674
435,658,485,658,485,679,435,679
362,663,384,663,384,681,362,681
631,665,681,665,681,686,631,686
307,666,355,666,355,686,307,686
594,670,622,670,622,690,594,690
567,674,588,674,588,691,567,691
512,677,560,677,560,697,512,697
457,680,505,683,505,701,456,698
410,684,449,684,449,702,410,702
355,690,403,690,403,707,355,707
309,691,348,691,348,709,309,709
643,716,684,716,684,736,643,736
562,720,638,720,638,739,562,739
448,729,554,720,556,741,450,750
309,738,446,729,447,752,311,762
663,736,686,736,686,757,663,757
627,739,661,739,661,763,627,763
601,743,624,743,624,763,601,763
526,747,549,747,549,768,526,768
489,748,522,748,522,771,489,771
622,752,631,752,631,763,622,763
462,752,492,752,492,773,462,773
311,765,371,759,373,780,313,786
668,786,691,786,691,809,668,809
631,789,665,789,665,811,631,811
604,791,627,791,627,812,604,812
626,800,634,800,634,812,626,812
494,800,540,800,540,818,494,818
436,805,487,803,488,822,437,824
389,809,430,809,430,827,389,827
315,813,356,816,355,836,313,834
362,814,384,814,384,830,362,830
494,827,542,827,542,846,494,846
439,830,489,830,489,850,439,850
410,835,432,835,432,851,410,851
364,837,403,837,403,857,364,857
489,876,537,876,537,894,489,894
431,881,481,878,483,898,432,901
385,885,426,885,426,903,385,903
677,887,699,887,699,907,677,907
630,892,677,885,680,908,633,915
318,891,378,891,378,910,318,910
611,892,636,892,636,914,611,914
368,912,398,912,398,932,368,932
622,917,675,913,677,936,624,941
679,914,700,914,700,933,679,933
320,916,361,916,361,935,320,935
492,926,531,926,531,946,492,946
443,931,487,927,489,950,445,954
398,935,439,935,439,953,398,953
357,943,391,939,393,959,359,963
321,942,353,942,353,962,321,962
569,946,627,946,627,965,569,965
522,949,565,949,565,971,522,971
474,953,517,953,517,976,474,976
417,956,469,956,469,980,417,980
380,962,412,962,412,981,380,981
321,967,374,962,377,986,323,991
343,992,366,992,366,1010,343,1010
371,992,394,992,394,1008,371,1008
373,1015,412,1015,412,1033,373,1033
345,1017,366,1017,366,1036,345,1036
432,1038,473,1038,473,1058,432,1058
473,1040,478,1040,478,1051,473,1051
394,1040,426,1040,426,1058,394,1058
346,1044,387,1044,387,1065,346,1065
567,1051,608,1051,608,1070,567,1070
528,1054,562,1054,562,1074,528,1074
471,1060,522,1060,522,1077,471,1077
425,1063,466,1063,466,1083,425,1083
396,1068,417,1068,417,1086,396,1086
348,1070,389,1070,389,1090,348,1090
640,1122,672,1122,672,1141,640,1141
676,1124,709,1121,710,1138,677,1141
611,1125,634,1125,634,1143,611,1143
552,1129,604,1127,605,1147,553,1149
515,1132,547,1132,547,1152,515,1152
487,1138,510,1138,510,1156,487,1156
447,1144,479,1140,481,1157,448,1160
391,1147,442,1147,442,1166,391,1166
642,1147,672,1147,672,1166,642,1166
341,1152,384,1152,384,1172,341,1172
565,1154,599,1154,599,1173,565,1173
604,1154,636,1154,636,1175,604,1175
486,1163,556,1151,560,1175,490,1187
460,1165,490,1165,490,1184,460,1184
420,1170,452,1167,454,1188,422,1190
371,1175,416,1175,416,1197,371,1197
674,1195,725,1195,725,1218,674,1218
595,1202,648,1197,651,1221,598,1226
539,1209,591,1203,593,1225,541,1230
402,1226,534,1208,538,1232,406,1250
364,1230,396,1230,396,1252,364,1252
336,1236,359,1236,359,1255,336,1255
