522,253,634,248,636,277,523,282
400,258,466,258,466,291,400,291
467,261,518,257,520,286,469,290
642,289,687,289,687,319,642,319
597,291,637,291,637,322,597,322
348,292,400,296,397,328,346,323
400,298,438,298,438,331,400,331
540,298,578,298,578,324,540,324
528,303,540,303,540,324,528,324
481,303,521,303,521,329,481,329
440,305,478,305,478,331,440,331
443,346,584,337,586,369,445,378
566,445,646,445,646,478,566,478
379,447,440,447,440,481,379,481
504,447,561,447,561,481,504,481
443,452,502,452,502,483,443,483
172,490,220,490,220,521,172,521
223,492,361,501,359,534,221,525
706,500,855,500,855,533,706,533
630,504,703,504,703,540,630,540
173,598,255,604,253,635,170,630
257,601,333,614,327,646,252,633
331,611,383,611,383,642,331,642
383,613,457,613,457,646,383,646
172,644,234,644,234,675,172,675
237,648,306,652,305,679,235,675
308,649,458,655,457,687,307,681
172,687,218,687,218,720,172,720
220,689,265,689,265,715,220,715
172,760,210,760,210,789,172,789
441,766,492,770,490,797,439,793
495,772,533,772,533,800,495,800
696,779,779,779,779,810,696,810
782,779,838,779,838,812,782,812
172,824,208,824,208,853,172,853
210,824,258,824,258,850,210,850
263,824,317,824,317,850,263,850
319,824,393,824,393,850,319,850
172,872,201,872,201,898,172,898
452,876,476,876,476,900,452,900
478,876,516,876,516,902,478,902
739,893,784,893,784,921,739,921
786,895,831,895,831,921,786,921
170,933,220,933,220,959,170,959
225,933,272,933,272,957,225,957
277,933,331,933,331,959,277,959
334,932,408,936,407,963,333,960
409,933,440,933,440,962,409,962
455,977,515,980,513,1005,453,1002
172,983,184,983,184,1004,172,1004
751,1002,782,1002,782,1026,751,1026
784,1004,829,1004,829,1028,784,1028
331,1035,450,1035,450,1061,331,1061
455,1035,483,1035,483,1064,455,1064
222,1037,270,1037,270,1064,222,1064
274,1037,329,1037,329,1064,274,1064
168,1040,220,1040,220,1066,168,1066
455,1082,469,1082,469,1104,455,1104
469,1080,509,1080,509,1106,469,1106
170,1092,184,1092,184,1111,170,1111
748,1109,779,1109,779,1135,748,1135
779,1111,827,1111,827,1139,779,1139
331,1142,360,1142,360,1165,331,1165
246,1142,327,1145,326,1173,245,1170
168,1146,206,1146,206,1173,168,1173
210,1146,241,1146,241,1173,210,1173
443,1182,471,1182,471,1206,443,1206
471,1184,511,1184,511,1210,471,1210
741,1218,772,1218,772,1241,741,1241
769,1218,822,1223,819,1250,766,1245
229,1248,317,1248,317,1277,229,1277
322,1248,350,1248,350,1272,322,1272
208,1251,229,1251,229,1277,208,1277
168,1255,203,1255,203,1279,168,1279
440,1284,469,1284,469,1305,440,1305
469,1286,509,1286,509,1312,469,1312
737,1324,767,1324,767,1350,737,1350
767,1329,815,1329,815,1355,767,1355
286,1346,343,1346,343,1372,286,1372
236,1348,279,1348,279,1374,236,1374
168,1351,233,1354,231,1382,167,1379
712,1372,763,1379,759,1407,708,1400
763,1381,812,1381,812,1412,763,1412
233,1385,293,1382,294,1412,234,1415
166,1392,231,1386,233,1414,168,1419
310,1421,345,1421,345,1445,310,1445
250,1429,307,1421,311,1446,253,1455
168,1428,248,1428,248,1455,168,1455
709,1452,809,1467,804,1495,705,1481
298,1459,345,1459,345,1483,298,1483
221,1465,293,1461,294,1486,223,1490
164,1466,217,1462,219,1490,166,1494
709,1491,758,1498,754,1525,705,1518
758,1498,808,1505,804,1532,755,1525
208,1502,239,1502,239,1528,208,1528
165,1504,206,1504,206,1528,165,1528
402,1533,445,1533,445,1559,402,1559
448,1532,518,1538,516,1565,445,1558
720,1535,753,1535,753,1559,720,1559
369,1537,400,1537,400,1559,369,1559
755,1537,803,1537,803,1566,755,1566
310,1542,364,1542,364,1566,310,1566
525,1544,575,1552,570,1578,520,1569
573,1559,618,1559,618,1587,573,1587
620,1566,658,1566,658,1592,620,1592
