352,136,380,136,380,154,352,154
380,136,408,136,408,154,380,154
494,136,521,136,521,156,494,156
522,137,532,137,532,153,522,153
408,137,425,137,425,156,408,156
425,138,434,138,434,153,425,153
437,137,464,137,464,156,437,156
462,137,494,137,494,156,462,156
380,160,397,160,397,180,380,180
398,162,405,162,405,178,398,178
409,161,434,161,434,180,409,180
465,161,493,161,493,180,465,180
494,162,504,162,504,178,494,178
434,162,466,162,466,180,434,180
193,170,315,173,314,205,192,202
502,184,532,184,532,204,502,204
353,186,361,186,361,202,353,202
365,185,394,185,394,204,365,204
394,185,424,185,424,204,394,204
425,185,444,185,444,204,425,204
446,185,474,185,474,205,446,205
475,184,505,186,503,205,473,203
382,210,461,210,461,229,382,229
461,210,497,210,497,229,461,229
308,252,338,252,338,270,308,270
344,253,365,253,365,270,344,270
372,253,401,253,401,272,372,272
406,253,446,253,446,272,406,272
189,270,228,270,228,289,189,289
234,270,273,270,273,290,234,290
272,274,364,274,364,293,272,293
486,277,563,277,563,294,486,294
370,278,416,278,416,293,370,293
469,278,488,278,488,293,469,293
188,293,228,293,228,312,188,312
228,294,262,294,262,310,228,310
452,300,497,300,497,317,452,317
494,300,572,300,572,317,494,317
188,336,217,336,217,356,188,356
225,337,266,340,264,359,224,356
352,344,372,344,372,361,352,361
377,344,408,344,408,364,377,364
503,343,562,343,562,362,503,362
440,345,458,345,458,361,440,361
188,360,218,360,218,377,188,377
224,358,274,363,272,383,222,378
278,365,297,365,297,380,278,380
306,364,363,366,362,384,306,382
394,366,452,366,452,385,394,385
368,368,389,368,389,382,368,382
474,369,522,366,523,383,474,386
457,369,469,369,469,384,457,384
530,369,552,369,552,385,530,385
186,382,234,382,234,401,186,401
233,383,308,386,307,405,232,402
358,389,413,389,413,405,358,405
511,390,569,390,569,407,511,407
188,425,226,425,226,446,188,446
233,428,273,428,273,448,233,448
278,430,317,430,317,449,278,449
341,432,380,432,380,450,341,450
324,433,341,433,341,449,324,449
510,435,569,435,569,453,510,453
186,447,227,449,226,469,185,467
233,450,272,450,272,470,233,470
277,452,288,452,288,469,277,469
296,452,334,452,334,472,296,472
186,472,226,472,226,490,186,490
232,473,281,473,281,492,232,492
288,474,316,474,316,493,288,493
509,481,568,481,568,498,509,498
194,494,234,494,234,513,194,513
241,497,270,497,270,514,241,514
517,504,566,504,566,521,517,521
194,518,244,518,244,536,194,536
517,526,534,526,534,541,517,541
534,526,566,526,566,544,534,544
185,538,225,538,225,557,185,557
230,538,260,538,260,558,230,558
266,542,297,542,297,560,266,560
556,552,565,552,565,565,556,565
257,562,296,562,296,581,257,581
301,562,322,562,322,581,301,581
364,564,393,564,393,584,364,584
328,565,357,565,357,582,328,582
400,565,437,565,437,584,400,584
444,567,491,569,490,587,443,585
210,605,240,605,240,625,210,625
245,606,294,606,294,625,245,625
182,608,204,608,204,625,182,625
300,606,340,610,338,629,298,625
417,613,434,613,434,626,417,626
508,617,534,617,534,630,508,630
533,617,562,617,562,633,533,633
182,629,212,629,212,648,182,648
218,629,354,629,354,649,218,649
361,630,408,630,408,650,361,650
181,652,202,652,202,672,181,672
209,653,249,653,249,670,209,670
254,653,302,653,302,670,254,670
406,654,564,661,563,680,405,673
242,720,273,717,274,737,244,739
280,720,317,720,317,738,280,738
360,721,390,721,390,740,360,740
324,722,354,722,354,740,324,740
396,723,445,726,443,744,395,741
449,726,489,726,489,745,449,745
178,744,208,744,208,760,178,760
216,744,281,744,281,761,216,761
286,745,324,745,324,760,286,760
332,745,353,745,353,762,332,762
361,746,415,746,415,763,361,763
440,747,480,749,479,767,439,765
421,749,441,749,441,762,421,762
485,752,525,752,525,769,485,769
531,752,563,756,560,774,528,770
224,786,254,786,254,805,224,805
260,788,281,788,281,805,260,805
288,788,317,788,317,806,288,806
322,786,372,788,371,808,322,806
377,789,397,789,397,808,377,808
402,792,434,792,434,809,402,809
440,792,470,792,470,810,440,810
476,796,506,796,506,813,476,813
206,812,214,812,214,825,206,825
214,810,250,810,250,826,214,826
258,810,361,812,361,829,258,827
176,812,205,812,205,826,176,826
366,812,439,815,438,831,366,828
448,815,514,818,513,835,447,831
520,821,549,821,549,836,520,836
