522,23,544,23,544,42,522,42
542,24,581,24,581,44,542,44
586,24,610,24,610,46,586,46
615,30,636,30,636,46,615,46
478,44,499,44,499,64,478,64
533,46,572,46,572,65,533,65
505,48,526,48,526,65,505,65
578,48,601,48,601,67,578,67
606,48,638,48,638,69,606,69
642,47,675,50,673,70,640,67
458,65,480,65,480,85,458,85
515,66,563,69,561,90,514,86
487,69,508,69,508,87,487,87
569,69,672,69,672,90,569,90
672,72,702,72,702,94,672,94
460,88,510,88,510,110,460,110
515,90,556,92,554,112,514,110
560,90,581,90,581,112,560,112
588,92,618,92,618,112,588,112
626,94,654,94,654,113,626,113
661,94,700,94,700,113,661,113
441,110,490,110,490,131,441,131
498,113,519,113,519,131,498,131
553,113,583,113,583,133,553,133
524,115,546,115,546,133,524,133
588,115,620,115,620,135,588,135
626,117,654,117,654,135,626,135
661,117,691,117,691,136,661,136
699,117,727,117,727,136,699,136
403,131,437,131,437,154,403,154
441,133,462,133,462,152,441,152
469,133,499,133,499,156,469,156
506,135,537,135,537,154,506,154
542,136,574,136,574,156,542,156
588,138,610,138,610,156,588,156
617,138,659,140,657,160,615,158
672,138,695,138,695,161,672,161
697,140,720,140,720,160,697,160
727,140,755,140,755,160,727,160
515,158,544,158,544,177,515,177
551,158,583,158,583,181,551,181
581,160,601,160,601,179,581,179
597,160,636,160,636,179,597,179
634,160,668,160,668,181,634,181
460,178,492,181,490,202,458,198
489,179,510,179,510,199,489,199
524,181,546,181,546,200,524,200
544,180,686,183,686,205,543,202
510,186,515,186,515,199,510,199
690,186,713,186,713,202,690,202
441,202,510,202,510,224,441,224
581,206,666,206,666,225,581,225
524,208,556,208,556,224,524,224
562,208,583,208,583,225,562,225
672,209,702,209,702,225,672,225
709,209,731,209,731,225,709,225
521,249,592,249,592,266,521,266
604,250,661,250,661,268,604,268
674,249,729,252,729,270,673,268
394,270,417,270,417,289,394,289
423,272,455,272,455,293,423,293
460,273,490,273,490,293,460,293
544,273,576,275,574,296,542,293
498,275,537,275,537,293,498,293
581,275,611,275,611,295,581,295
617,275,658,275,658,297,617,297
663,276,713,279,713,297,662,295
718,279,757,279,757,298,718,298
396,315,439,320,436,341,394,335
451,318,474,318,474,341,451,341
526,320,567,320,567,341,526,341
583,320,679,320,679,343,583,343
691,321,768,321,768,341,691,341
437,325,442,325,442,336,437,336
396,339,437,339,437,361,396,361
443,340,491,342,490,363,442,360
499,341,540,341,540,364,499,364
546,343,576,343,576,362,546,362
583,343,613,343,613,362,583,362
620,345,649,345,649,362,620,362
656,345,677,345,677,364,656,364
683,345,711,345,711,364,683,364
718,345,770,345,770,366,718,366
396,385,531,385,531,409,396,409
537,387,624,387,624,410,537,410
629,389,677,389,677,409,629,409
675,389,715,389,715,412,675,412
711,389,768,389,768,410,711,410
396,409,457,409,457,430,396,430
546,410,570,410,570,433,546,433
574,410,608,410,608,433,574,433
610,410,633,410,633,432,610,432
684,412,707,412,707,433,684,433
711,412,745,412,745,433,711,433
748,412,770,412,770,432,748,432
396,432,476,432,476,455,396,455
474,433,483,433,483,451,474,451
482,432,531,432,531,455,482,455
537,433,578,433,578,453,537,453
583,433,624,433,624,453,583,453
720,433,770,433,770,455,720,455
629,435,713,435,713,457,629,457
396,455,457,455,457,474,396,474
547,457,569,457,569,476,547,476
574,457,606,457,606,476,574,476
604,457,633,457,633,476,604,476
684,457,713,457,713,478,684,478
711,458,744,456,746,476,713,479
748,457,770,457,770,476,748,476
416,478,448,478,448,498,416,498
631,480,652,480,652,499,631,499
658,480,691,480,691,501,658,501
693,480,716,480,716,499,693,499
453,482,492,482,492,499,453,499
398,501,533,501,533,524,398,524
537,503,569,503,569,522,537,522
574,503,606,503,606,522,574,522
611,503,633,503,633,524,611,524
396,524,458,524,458,546,396,546
611,524,634,524,634,547,611,547
547,526,578,526,578,547,547,547
576,526,608,526,608,546,576,546
686,526,715,526,715,546,686,546
713,526,747,526,747,547,713,547
750,526,773,526,773,547,750,547
466,549,476,549,476,567,466,567
482,547,514,547,514,567,482,567
528,547,551,547,551,569,528,569
398,570,533,570,533,594,398,594
538,572,588,572,588,592,538,592
594,572,617,572,617,595,594,595
398,594,460,594,460,617,398,617
697,594,716,594,716,615,697,615
716,594,748,594,748,617,716,617
750,594,771,594,771,613,750,613
549,595,578,595,578,617,549,617
576,595,608,595,608,615,576,615
613,595,634,595,634,613,613,613
476,617,514,617,514,638,476,638
530,617,553,617,553,640,530,640
466,620,478,620,478,638,466,638
398,640,535,640,535,663,398,663
567,640,610,640,610,663,567,663
538,642,560,642,560,661,538,661
613,642,636,642,636,665,613,665
549,663,578,663,578,684,549,684
576,663,610,663,610,684,576,684
613,663,636,663,636,684,613,684
716,663,747,663,747,683,716,683
752,663,773,663,773,683,752,683
398,665,460,665,460,686,398,686
699,665,718,665,718,684,699,684
483,686,517,686,517,709,483,709
530,686,554,686,554,709,530,709
466,690,478,690,478,707,466,707
398,709,478,709,478,732,398,732
474,709,535,709,535,732,474,732
542,711,554,711,554,731,542,731
595,709,627,709,627,731,595,731
633,709,709,709,709,731,633,731
718,709,777,709,777,731,718,731
558,711,590,711,590,731,558,731
578,732,611,732,611,755,578,755
615,732,638,732,638,755,615,755
690,732,713,732,713,754,690,754
718,732,750,732,750,754,718,754
754,732,777,732,777,754,754,754
398,734,460,734,460,757,398,757
551,734,579,734,579,755,551,755
485,738,496,738,496,754,485,754
597,755,647,755,647,779,597,779
652,755,711,755,711,779,652,779
727,755,757,755,757,775,727,775
764,757,775,757,775,775,764,775
398,757,535,757,535,780,398,780
540,757,590,757,590,777,540,777
690,779,715,779,715,802,690,802
718,779,750,779,750,800,718,800
754,779,777,779,777,798,754,798
551,780,579,780,579,802,551,802
579,780,611,780,611,802,579,802
615,780,638,780,638,802,615,802
398,782,432,782,432,803,398,803
428,782,460,782,460,803,428,803
485,784,496,784,496,802,485,802
683,824,721,826,720,848,681,846
718,825,752,825,752,848,718,848
755,825,779,825,779,844,755,844
485,828,517,828,517,851,485,851
522,828,574,828,574,850,522,850
579,828,627,828,627,848,579,848
400,830,442,830,442,853,400,853
476,832,487,832,487,850,476,850
446,832,469,832,469,850,446,850
739,851,750,851,750,867,739,867
524,851,573,854,572,875,523,871
579,851,628,854,627,874,578,871
448,853,488,855,487,875,447,873
494,855,515,855,515,873,494,873
514,898,563,898,563,919,514,919
570,898,618,898,618,917,570,917
466,899,506,899,506,921,466,921
398,901,458,901,458,923,398,923
683,919,716,919,716,942,683,942
720,919,754,919,754,940,720,940
757,919,780,919,780,940,757,940
400,924,441,924,441,946,400,946
446,924,478,924,478,946,446,946
722,965,761,965,761,987,722,987
684,967,718,967,718,990,684,990
759,967,782,967,782,988,759,988
496,971,526,971,526,992,496,992
448,972,489,972,489,996,448,996
400,974,442,974,442,997,400,997
722,1013,755,1013,755,1036,722,1036
759,1013,782,1013,782,1035,759,1035
581,1017,611,1017,611,1040,581,1040
706,1019,716,1019,716,1035,706,1035
524,1019,565,1019,565,1042,524,1042
476,1020,517,1020,517,1040,476,1040
398,1022,430,1022,430,1044,398,1044
437,1024,469,1024,469,1044,437,1044
695,1038,720,1038,720,1061,695,1061
723,1038,755,1038,755,1061,723,1061
759,1038,782,1038,782,1061,759,1061
524,1042,565,1042,565,1067,524,1067
572,1042,606,1042,606,1065,572,1065
476,1044,519,1044,519,1067,476,1067
604,1047,610,1047,610,1060,604,1060
400,1047,430,1047,430,1068,400,1068
437,1049,469,1049,469,1068,437,1068
649,1063,707,1063,707,1088,649,1088
601,1065,643,1065,643,1088,601,1088
553,1067,595,1067,595,1090,553,1090
496,1068,547,1068,547,1090,496,1090
400,1070,453,1070,453,1095,400,1095
458,1070,490,1070,490,1093,458,1093
534,1091,633,1088,633,1113,535,1116
417,1097,441,1097,441,1116,417,1116
448,1099,471,1099,471,1116,448,1116
743,1109,786,1109,786,1132,743,1132
668,1111,700,1111,700,1134,668,1134
706,1111,739,1111,739,1132,706,1132
601,1113,665,1113,665,1136,601,1136
553,1115,597,1115,597,1138,553,1138
496,1116,547,1116,547,1141,496,1141
448,1120,487,1120,487,1140,448,1140
417,1122,441,1122,441,1141,417,1141
697,1136,729,1136,729,1159,697,1159
467,1143,501,1143,501,1166,467,1166
504,1145,547,1143,548,1163,505,1166
417,1145,462,1145,462,1168,417,1168
601,1163,633,1163,633,1184,601,1184
640,1163,679,1163,679,1182,640,1182
544,1165,595,1165,595,1186,544,1186
496,1168,538,1168,538,1191,496,1191
417,1170,462,1170,462,1193,417,1193
467,1172,489,1172,489,1189,467,1189
707,1234,739,1234,739,1255,707,1255
620,1236,675,1236,675,1259,620,1259
679,1236,700,1236,700,1255,679,1255
745,1237,777,1237,777,1253,745,1253
583,1239,617,1239,617,1262,583,1262
554,1243,578,1243,578,1261,554,1261
457,1245,510,1245,510,1266,457,1266
515,1245,549,1245,549,1264,515,1264
409,1246,451,1246,451,1268,409,1268
709,1259,739,1259,739,1282,709,1282
553,1266,623,1261,625,1284,555,1289
631,1262,663,1262,663,1282,631,1282
670,1262,702,1262,702,1284,670,1284
526,1266,551,1266,551,1289,526,1289
487,1269,517,1269,517,1291,487,1291
439,1271,482,1271,482,1294,439,1294
738,1307,791,1307,791,1330,738,1330
661,1309,715,1309,715,1332,661,1332
633,1310,658,1310,658,1333,633,1333
604,1312,627,1312,627,1335,604,1335
468,1319,599,1312,600,1337,469,1345
626,1316,634,1316,634,1332,626,1332
428,1321,462,1321,462,1344,428,1344
398,1325,421,1325,421,1344,398,1344
