252,139,336,143,335,158,251,153
341,144,389,147,389,161,340,158
265,162,288,163,287,172,264,170
228,200,271,202,270,221,227,219
274,203,318,205,317,223,274,221
321,206,361,206,361,225,321,225
364,208,419,210,418,229,363,227
152,221,181,221,181,234,152,234
183,220,222,225,220,241,181,235
242,225,262,225,262,238,242,238
280,226,309,226,309,240,280,240
334,229,364,232,363,244,333,242
366,233,388,233,388,246,366,246
404,232,448,236,447,249,403,246
448,236,476,236,476,249,448,249
145,239,252,243,251,258,144,254
253,244,298,248,297,261,252,258
300,250,323,252,322,261,299,259
325,249,350,249,350,262,325,262
353,252,361,252,361,264,353,264
389,252,413,252,413,265,389,265
361,253,388,253,388,266,361,266
414,253,438,253,438,266,414,266
440,254,460,254,460,266,440,266
268,265,289,265,289,277,268,277
289,266,296,266,296,277,289,277
357,270,368,270,368,282,357,282
369,270,396,270,396,284,369,284
442,274,460,274,460,288,442,288
461,274,488,274,488,288,461,288
142,282,251,287,250,302,142,297
253,288,290,288,290,302,253,302
292,290,320,290,320,305,292,305
318,293,340,293,340,306,318,306
344,293,361,293,361,308,344,308
364,291,400,296,398,311,362,306
401,296,421,296,421,309,401,309
269,310,289,310,289,322,269,322
289,312,297,312,297,322,289,322
350,313,369,313,369,328,350,328
370,314,397,314,397,329,370,329
444,318,461,318,461,332,444,332
462,318,489,318,489,333,462,333
141,328,259,333,258,347,140,342
261,334,299,336,298,350,260,348
301,335,351,340,350,354,300,349
353,338,378,338,378,353,353,353
382,340,401,340,401,353,382,353
269,354,299,356,298,368,268,366
352,358,370,358,370,372,352,372
372,358,398,358,398,373,372,373
446,361,465,361,465,376,446,376
465,362,492,362,492,376,465,376
138,373,259,378,258,394,138,389
260,380,288,380,288,394,260,394
289,381,313,381,313,396,289,396
314,381,337,381,337,396,314,396
340,382,375,385,374,400,338,397
376,385,397,385,397,398,376,398
400,385,436,385,436,400,400,400
445,386,464,386,464,400,445,400
268,402,298,404,297,417,267,415
353,405,370,405,370,420,353,420
372,405,400,405,400,420,372,420
448,408,466,408,466,422,448,422
468,409,493,409,493,422,468,422
136,423,249,428,249,444,135,440
252,427,298,430,296,447,250,443
324,430,345,430,345,445,324,445
298,432,321,432,321,446,298,446
346,432,374,432,374,446,346,446
377,432,404,432,404,448,377,448
406,433,441,433,441,449,406,449
444,433,465,433,465,448,444,448
268,453,297,453,297,465,268,465
352,454,374,454,374,470,352,470
373,454,401,454,401,470,373,470
449,456,470,456,470,472,449,472
469,456,496,456,496,470,469,470
134,477,258,477,258,494,134,494
260,480,288,480,288,494,260,494
290,480,333,480,333,494,290,494
336,480,403,483,402,498,335,495
405,481,428,481,428,498,405,498
429,481,466,481,466,500,429,500
468,482,489,482,489,497,468,497
268,502,297,502,297,514,268,514
226,504,237,504,237,514,226,514
352,504,376,504,376,520,352,520
373,504,401,504,401,517,373,517
470,504,497,504,497,518,470,518
450,505,469,505,469,518,450,518
133,529,201,529,201,545,133,545
199,529,258,529,258,546,199,546
434,529,456,529,456,545,434,545
260,530,288,530,288,546,260,546
289,530,318,530,318,545,289,545
320,531,393,529,393,545,321,547
396,530,433,530,433,548,396,548
353,553,376,553,376,569,353,569
374,553,404,553,404,569,374,569
452,553,474,553,474,569,452,569
473,553,500,553,500,568,473,568
266,554,297,554,297,566,266,566
130,581,256,581,256,598,130,598
353,581,377,581,377,600,353,600
378,581,416,581,416,600,378,600
418,581,440,581,440,597,418,597
258,582,297,582,297,598,258,598
300,584,328,584,328,600,300,600
330,584,349,584,349,597,330,597
453,604,474,604,474,621,453,621
354,605,377,605,377,621,354,621
374,605,404,605,404,621,374,621
474,605,502,605,502,620,474,620
226,608,236,608,236,620,226,620
266,606,296,606,296,618,266,618
449,632,472,632,472,649,449,649
390,633,425,633,425,649,390,649
426,633,446,633,446,649,426,649
156,636,247,633,248,651,157,654
249,634,297,634,297,650,249,650
298,634,328,634,328,650,298,650
330,634,366,634,366,649,330,649
369,634,388,634,388,649,369,649
126,636,158,636,158,653,126,653
376,657,405,657,405,674,376,674
454,657,476,657,476,673,454,673
477,657,505,657,505,673,477,673
353,658,377,658,377,674,353,674
266,660,296,660,296,673,266,673
225,662,233,662,233,673,225,673
468,685,490,685,490,702,468,702
445,686,466,686,466,702,445,702
338,688,377,688,377,705,338,705
377,688,430,688,430,702,377,702
124,692,255,689,256,707,125,711
289,689,336,689,336,705,289,705
432,689,442,689,442,701,432,701
257,690,286,690,286,706,257,706
458,710,508,710,508,728,458,728
376,712,406,712,406,729,376,729
354,713,378,713,378,730,354,730
265,716,296,716,296,729,265,729
353,742,374,742,374,761,353,761
376,742,401,742,401,760,376,760
402,742,425,742,425,758,402,758
336,744,348,744,348,760,336,760
277,746,311,744,312,762,278,764
173,748,245,748,245,766,173,766
246,748,276,748,276,764,246,764
313,748,333,748,333,764,313,764
122,750,174,750,174,769,122,769
458,764,483,766,482,783,457,781
481,765,510,765,510,784,481,784
377,768,408,768,408,786,377,786
354,769,380,769,380,788,354,788
265,772,296,772,296,786,265,786
221,776,232,776,232,788,221,788
113,812,159,814,158,836,112,834
160,813,186,813,186,832,160,832
236,813,257,813,257,829,236,829
486,824,516,824,516,841,486,841
454,825,486,825,486,842,454,842
113,838,159,841,158,861,112,859
160,839,203,841,202,860,159,858
488,852,518,852,518,870,488,870
457,853,492,853,492,872,457,872
312,861,350,861,350,880,312,880
210,862,242,862,242,881,210,881
153,867,209,864,209,883,154,886
111,868,151,866,152,886,112,888
488,881,518,881,518,901,488,901
457,884,488,884,488,902,457,902
192,898,238,896,239,915,193,917
142,900,166,900,166,920,142,920
168,900,190,900,190,920,168,920
101,903,139,901,140,921,102,923
399,925,517,918,518,938,400,945
353,928,400,928,400,950,353,950
189,938,351,928,353,949,190,959
129,941,153,941,153,961,129,961
156,941,189,941,189,960,156,960
352,961,387,959,388,978,353,980
305,962,352,962,352,986,305,986
272,966,304,966,304,985,272,985
408,981,459,977,461,995,409,999
377,984,409,981,410,1001,378,1003
354,985,376,985,376,1002,354,1002
322,986,354,986,354,1008,322,1008
288,989,320,989,320,1006,288,1006
264,990,285,990,285,1008,264,1008
200,993,236,993,236,1009,200,1009
169,994,197,994,197,1009,169,1009
238,994,260,994,260,1008,238,1008
