475,373,614,373,614,408,475,408
367,380,465,380,465,412,367,412
703,408,766,408,766,446,703,446
656,412,697,412,697,443,656,443
422,418,487,413,489,449,425,454
545,415,646,415,646,453,545,453
494,418,532,418,532,450,494,450
364,421,418,421,418,453,364,453
710,447,790,452,789,485,708,481
614,456,633,456,633,484,614,484
640,453,703,453,703,488,640,488
526,456,595,456,595,488,526,488
415,458,520,462,519,498,413,494
104,467,318,454,323,538,109,550
364,462,405,462,405,497,364,497
583,494,637,494,637,532,583,532
526,500,570,500,570,532,526,532
365,501,454,505,452,542,363,538
459,503,507,503,507,535,459,535
694,532,773,532,773,567,694,567
624,535,684,535,684,567,624,567
551,538,614,538,614,573,551,573
367,545,440,545,440,579,367,579
446,545,532,545,532,576,446,576
160,569,297,561,299,594,161,601
139,573,161,573,161,602,139,602
462,630,545,630,545,675,462,675
548,630,598,630,598,671,548,671
278,637,364,637,364,684,278,684
367,640,456,640,456,675,367,675
358,697,526,697,526,732,358,732
488,751,579,751,579,785,488,785
399,754,481,754,481,792,399,792
294,757,392,757,392,798,294,798
557,820,621,820,621,852,557,852
355,844,476,848,475,884,353,880
272,852,348,852,348,884,272,884
88,855,148,855,148,890,88,890
155,855,212,855,212,887,155,887
218,855,266,855,266,887,218,887
556,859,760,852,761,889,558,896
274,942,395,918,404,963,283,987
431,928,475,928,475,963,431,963
408,938,431,938,431,963,408,963
148,938,206,938,206,972,148,972
212,938,272,938,272,969,212,969
88,941,142,941,142,976,88,976
260,990,352,999,347,1044,256,1035
158,998,240,998,240,1039,158,1039
351,998,408,998,408,1033,351,1033
88,1004,152,1004,152,1036,88,1036
668,1052,782,1052,782,1087,668,1087
526,1058,602,1058,602,1090,526,1090
437,1080,478,1080,478,1115,437,1115
245,1080,338,1088,335,1127,241,1118
171,1087,237,1087,237,1121,171,1121
532,1099,595,1099,595,1131,532,1131
747,1150,811,1150,811,1185,747,1185
335,1166,358,1166,358,1194,335,1194
247,1166,301,1166,301,1197,247,1197
304,1166,332,1166,332,1194,304,1194
139,1169,215,1169,215,1197,139,1197
88,1175,133,1175,133,1197,88,1197
652,1245,728,1245,728,1277,652,1277
272,1249,365,1254,364,1290,271,1286
193,1255,266,1255,266,1289,193,1289
98,1255,188,1261,186,1297,96,1291
196,1343,301,1343,301,1378,196,1378
96,1348,192,1344,194,1381,98,1385
743,1407,819,1402,822,1438,745,1443
662,1407,741,1407,741,1445,662,1445
101,1416,177,1416,177,1451,101,1451
183,1416,250,1416,250,1457,183,1457
250,1414,344,1419,342,1455,248,1451
199,1583,281,1575,285,1612,203,1621
637,1578,827,1578,827,1616,637,1616
108,1578,198,1585,195,1621,105,1614
288,1581,358,1581,358,1613,288,1613
107,1651,218,1651,218,1689,107,1689
339,1651,437,1651,437,1689,339,1689
225,1654,332,1654,332,1686,225,1686
675,1654,760,1654,760,1692,675,1692
757,1654,833,1654,833,1689,757,1689
183,1724,244,1724,244,1765,183,1765
107,1727,177,1727,177,1762,107,1762
757,1727,836,1727,836,1768,757,1768
678,1730,757,1730,757,1768,678,1768
167,1800,228,1800,228,1835,167,1835
237,1800,316,1800,316,1835,237,1835
320,1800,396,1800,396,1838,320,1838
694,1800,779,1800,779,1841,694,1841
599,1800,689,1805,687,1845,597,1841
405,1806,491,1806,491,1838,405,1838
497,1809,592,1809,592,1844,497,1844
110,1930,228,1930,228,1990,110,1990
218,1936,275,1936,275,1990,218,1990
500,1936,602,1936,602,1990,500,1990
287,1932,398,1946,391,1996,281,1982
608,1942,671,1942,671,1990,608,1990
675,1945,747,1945,747,1993,675,1993
402,1949,491,1949,491,1987,402,1987
754,1949,843,1949,843,1993,754,1993
82,1996,148,1996,148,2044,82,2044
152,2002,264,2006,262,2054,150,2050
270,1996,376,2010,369,2059,264,2045
526,2002,589,2002,589,2050,526,2050
380,2006,405,2006,405,2044,380,2044
415,2006,516,2006,516,2056,415,2056
598,2006,690,2006,690,2053,598,2053
700,2006,789,2006,789,2053,700,2053
82,2053,180,2053,180,2098,82,2098
272,2056,329,2056,329,2098,272,2098
463,2049,590,2062,585,2115,458,2103
186,2060,266,2060,266,2101,186,2101
336,2057,456,2068,452,2114,332,2103
736,2056,836,2063,833,2115,732,2108
595,2063,640,2063,640,2107,595,2107
643,2063,728,2063,728,2107,643,2107
79,2104,155,2104,155,2148,79,2148
159,2111,309,2101,312,2151,162,2161
321,2107,404,2119,397,2167,314,2155
469,2110,545,2110,545,2158,469,2158
408,2113,459,2113,459,2158,408,2158
557,2113,649,2113,649,2161,557,2161
660,2109,813,2117,810,2175,657,2167
820,2123,877,2123,877,2174,820,2174
79,2159,182,2165,180,2210,77,2204
190,2161,253,2161,253,2202,190,2202
342,2164,458,2157,461,2209,345,2216
469,2166,579,2172,576,2217,467,2211
263,2170,332,2170,332,2202,263,2202
687,2172,805,2184,801,2230,683,2218
586,2177,678,2177,678,2218,586,2218
79,2211,233,2222,230,2267,76,2257
237,2218,335,2218,335,2262,237,2262
338,2222,445,2213,449,2265,343,2274
453,2221,538,2221,538,2272,453,2272
117,2332,212,2332,212,2373,117,2373
221,2335,285,2335,285,2376,221,2376
291,2335,383,2335,383,2389,291,2389
387,2336,524,2340,522,2387,385,2383
529,2342,564,2342,564,2383,529,2383
573,2345,665,2345,665,2392,573,2392
671,2348,763,2348,763,2402,671,2402
770,2354,858,2354,858,2399,770,2399
