267,36,464,43,461,115,265,108
481,60,740,50,742,105,483,115
638,141,690,141,690,170,638,170
598,142,634,142,634,168,598,168
320,142,445,149,443,177,318,170
534,145,594,145,594,173,534,173
449,148,532,152,531,176,448,172
557,180,622,180,622,204,557,204
386,180,485,182,485,207,386,205
486,181,556,181,556,205,486,205
342,221,465,221,465,262,342,262
566,222,665,222,665,262,566,262
473,230,556,230,556,266,473,266
185,285,222,285,222,309,185,309
809,286,825,286,825,306,809,306
320,288,361,288,361,316,320,316
505,288,542,288,542,313,505,313
544,289,638,289,638,313,544,313
380,294,416,294,416,317,380,317
365,304,374,304,374,310,365,310
184,322,221,322,221,346,184,346
698,327,825,323,825,347,698,350
225,324,277,324,277,348,225,348
506,326,582,326,582,356,506,356
184,364,230,364,230,388,184,388
236,366,293,366,293,389,236,389
758,365,792,365,792,388,758,388
790,366,826,366,826,389,790,389
318,366,353,366,353,390,318,390
350,368,384,368,384,390,350,390
506,366,552,366,552,390,506,390
557,373,593,373,593,390,557,390
182,406,236,406,236,432,182,432
240,408,316,408,316,436,240,436
326,409,396,409,396,433,326,433
298,454,345,454,345,481,298,481
636,454,674,454,674,480,636,480
756,451,831,458,828,486,754,479
352,456,402,456,402,481,352,481
185,458,213,458,213,477,185,477
506,457,537,457,537,481,506,481
609,457,630,457,630,480,609,480
218,500,313,500,313,525,218,525
316,500,382,500,382,525,316,525
388,500,449,500,449,525,388,525
749,514,782,514,782,538,749,538
785,514,833,514,833,538,785,538
593,516,624,516,624,540,593,540
628,516,674,516,674,538,628,538
189,518,200,518,200,537,189,537
496,518,520,518,520,544,496,544
516,517,548,517,548,541,516,541
217,530,261,530,261,554,217,554
169,616,234,616,234,645,169,645
724,616,762,616,762,642,724,642
768,616,828,616,828,642,768,642
241,617,333,617,333,645,241,645
338,617,413,617,413,645,338,645
416,625,428,625,428,644,416,644
165,705,232,705,232,730,165,730
758,705,788,705,788,728,758,728
790,705,834,705,834,728,790,728
237,708,288,708,288,730,237,730
217,742,276,742,276,766,217,766
166,744,213,744,213,768,166,768
348,777,434,777,434,804,348,804
490,778,514,778,514,804,490,804
625,783,716,775,719,804,627,811
432,782,487,780,488,806,433,808
518,782,568,782,568,804,518,804
570,782,625,782,625,809,570,809
312,832,382,832,382,861,312,861
256,833,308,833,308,861,256,861
216,836,253,836,253,865,216,865
397,907,537,905,537,931,397,933
240,908,302,911,301,934,239,931
305,910,367,908,368,934,306,936
