460,88,484,88,484,106,460,106
484,89,492,89,492,104,484,104
433,90,460,90,460,108,433,108
386,92,401,92,401,108,386,108
410,92,434,92,434,109,410,109
338,93,361,93,361,108,338,108
362,93,386,93,386,110,362,110
401,94,408,94,408,108,401,108
436,112,460,112,460,128,436,128
460,113,468,113,468,126,460,126
388,113,409,113,409,129,388,129
409,113,436,113,436,128,409,128
362,114,377,114,377,128,362,128
378,116,385,116,385,129,378,129
206,129,308,129,308,156,206,156
468,130,493,130,493,148,468,148
444,132,465,132,465,148,444,148
374,133,400,133,400,149,374,149
402,133,417,133,417,148,402,148
420,133,444,133,444,149,420,149
350,134,376,134,376,150,350,150
432,154,463,152,464,167,433,169
366,154,392,154,392,170,366,170
389,154,432,154,432,169,389,169
386,189,421,189,421,204,386,204
302,190,328,190,328,205,302,205
333,190,353,190,353,206,333,206
357,190,382,190,382,205,357,205
439,208,521,206,521,221,440,223
202,208,234,208,234,224,202,224
240,207,273,209,273,224,239,222
272,209,350,209,350,224,272,224
380,209,397,209,397,224,380,224
357,210,381,210,381,224,357,224
426,227,527,225,528,240,426,243
201,226,234,226,234,241,201,241
234,228,264,228,264,241,234,241
201,262,226,262,226,280,201,280
472,262,521,262,521,278,472,278
232,263,266,265,265,280,231,278
362,267,388,264,390,279,364,282
341,266,358,266,358,280,341,280
418,266,434,266,434,280,418,280
200,281,224,281,224,297,200,297
270,282,302,282,302,298,270,298
456,282,506,282,506,298,456,298
232,284,265,284,265,297,232,297
309,285,349,285,349,300,309,300
378,285,426,285,426,300,378,300
433,285,452,285,452,298,433,298
513,286,521,286,521,296,513,296
356,286,372,286,372,300,356,300
200,302,241,302,241,317,200,317
248,302,265,302,265,317,248,317
198,321,240,321,240,336,198,336
504,321,529,321,529,336,504,336
240,322,304,322,304,337,240,337
488,322,504,322,504,336,488,336
370,324,396,324,396,338,370,338
356,325,366,325,366,338,356,338
200,340,234,340,234,356,200,356
277,341,312,341,312,356,277,356
317,341,349,341,349,357,317,357
238,342,272,342,272,357,238,357
425,342,449,342,449,358,425,358
456,342,481,342,481,357,456,357
488,342,513,342,513,356,488,356
356,344,381,344,381,357,356,357
388,343,420,345,419,359,387,357
198,358,302,361,302,376,198,374
480,361,500,361,500,377,480,377
502,361,529,361,529,374,502,374
348,362,365,362,365,376,348,376
370,362,396,362,396,376,370,376
198,378,241,378,241,393,198,393
246,379,280,381,279,396,246,394
285,380,318,380,318,394,285,394
362,380,396,380,396,396,362,396
323,382,357,380,357,394,324,396
456,380,482,382,481,397,455,395
488,381,513,381,513,394,488,394
401,382,426,382,426,397,401,397
433,382,449,382,449,396,433,396
198,397,302,399,302,414,198,412
480,400,497,400,497,413,480,413
502,400,529,400,529,413,502,413
348,401,365,401,365,413,348,413
370,401,396,401,396,414,370,414
222,416,254,416,254,432,222,432
198,417,217,417,217,430,198,430
261,417,286,417,286,432,261,432
324,418,358,420,357,435,323,433
293,420,317,420,317,434,293,434
198,434,302,437,302,453,198,450
348,438,365,438,365,452,348,452
370,438,396,438,396,452,370,452
480,438,497,438,497,452,480,452
502,438,529,438,529,452,502,452
198,456,224,456,224,470,198,470
229,456,248,456,248,473,229,473
253,457,272,457,272,470,253,470
277,457,310,457,310,473,277,473
197,476,302,476,302,490,197,490
346,477,365,477,365,490,346,490
370,477,396,477,396,490,370,490
478,477,498,477,498,492,478,492
502,477,529,477,529,492,502,492
214,494,240,494,240,512,214,512
308,494,334,494,334,513,308,513
197,496,213,496,213,509,197,509
245,496,285,496,285,510,245,510
293,497,301,497,301,509,293,509
340,496,357,496,357,510,340,510
362,496,404,496,404,510,362,510
409,495,435,497,434,512,408,510
441,497,449,497,449,512,441,512
449,497,480,497,480,512,449,512
196,514,269,514,269,529,196,529
269,516,300,516,300,529,269,529
346,516,365,516,365,529,346,529
369,516,394,516,394,530,369,530
480,517,497,517,497,530,480,530
502,517,529,517,529,530,502,530
197,550,232,550,232,569,197,569
237,552,272,552,272,569,237,569
276,552,310,552,310,568,276,568
332,553,365,553,365,568,332,568
316,554,326,554,326,568,316,568
472,556,497,556,497,569,472,569
504,556,530,556,530,570,504,570
197,570,232,570,232,589,197,589
237,572,272,572,272,589,237,589
277,573,285,573,285,588,277,588
292,572,326,572,326,589,292,589
513,578,522,578,522,589,513,589
196,592,230,592,230,609,196,609
236,592,278,592,278,608,236,608
284,592,309,592,309,609,284,609
472,594,497,594,497,609,472,609
498,596,530,596,530,609,498,609
202,612,238,612,238,629,202,629
242,613,269,613,269,628,242,628
472,614,498,614,498,629,472,629
504,616,530,616,530,630,504,630
202,633,245,633,245,648,202,648
488,636,500,636,500,649,488,649
504,636,530,636,530,650,504,650
236,650,261,650,261,669,236,669
193,652,229,652,229,669,193,669
266,653,292,653,292,668,266,668
524,658,530,658,530,669,524,669
257,673,291,671,292,689,258,691
297,672,316,672,316,689,297,689
385,672,420,672,420,690,385,690
321,673,346,673,346,688,321,688
352,673,380,673,380,690,352,690
425,674,466,674,466,692,425,692
216,712,244,712,244,730,216,730
248,713,292,713,292,730,248,730
296,712,332,714,331,732,295,730
193,714,212,714,212,730,193,730
482,717,524,717,524,732,482,732
192,733,218,733,218,750,192,750
224,732,267,734,266,752,223,750
352,732,395,734,394,753,351,751
265,735,345,735,345,750,265,750
190,753,210,753,210,772,190,772
256,754,298,754,298,770,256,770
216,756,249,756,249,770,216,770
392,755,533,758,533,776,391,773
246,816,273,816,273,833,246,833
278,816,313,816,313,834,278,834
350,817,380,817,380,836,350,836
318,817,346,820,345,835,317,833
384,817,430,821,428,839,382,835
433,820,469,820,469,840,433,840
190,837,216,837,216,852,190,852
222,836,280,837,279,854,222,853
285,840,320,840,320,854,285,854
326,840,345,840,345,856,326,856
352,841,402,841,402,857,352,857
425,841,461,841,461,858,425,858
408,842,425,842,425,856,408,856
465,844,501,844,501,858,465,858
506,844,536,844,536,862,506,862
229,878,257,878,257,897,229,897
261,880,281,880,281,897,261,897
285,880,313,880,313,897,285,897
318,880,364,880,364,898,318,898
368,882,386,882,386,900,368,900
392,884,421,884,421,901,392,901
425,884,453,884,453,901,425,901
458,885,486,885,486,902,458,902
188,900,213,900,213,914,188,914
214,901,221,901,221,914,214,914
221,901,253,901,253,916,221,916
261,901,353,902,353,918,261,916
358,904,425,904,425,920,358,920
432,906,494,906,494,921,432,921
498,908,526,908,526,922,498,922
