406,220,452,216,454,235,408,239
345,223,403,218,405,238,347,243
297,224,342,222,343,242,298,244
238,227,294,225,295,245,238,247
151,230,198,228,199,247,152,249
202,229,236,229,236,248,202,248
388,249,413,249,413,268,388,268
344,253,377,253,377,269,344,269
305,254,342,254,342,270,305,270
265,254,298,259,295,277,263,272
214,257,225,257,225,273,214,273
226,257,264,257,264,274,226,274
190,258,212,258,212,273,190,273
349,273,483,270,484,288,349,291
276,278,341,278,341,293,276,293
234,280,264,280,264,296,234,296
124,280,154,282,153,297,123,295
158,281,234,281,234,296,158,296
366,298,408,300,407,317,366,315
407,300,446,297,447,312,408,314
321,300,366,300,366,317,321,317
186,302,217,302,217,318,186,318
257,302,292,302,292,318,257,318
156,304,186,304,186,320,156,320
220,304,256,304,256,321,220,321
345,333,405,333,405,357,345,357
197,334,242,334,242,360,197,360
297,334,341,334,341,358,297,358
246,341,294,337,295,358,248,362
330,370,364,370,364,385,330,385
281,372,333,372,333,386,281,386
238,373,272,373,272,388,238,388
441,390,472,390,472,405,441,405
390,392,438,392,438,406,390,406
346,398,371,393,374,408,349,413
313,396,345,396,345,410,313,410
216,397,236,397,236,412,216,412
253,397,286,397,286,412,253,412
120,398,149,398,149,413,120,413
152,396,194,400,192,416,150,412
114,423,234,420,234,437,114,439
400,442,421,442,421,457,400,457
271,446,316,441,318,461,273,466
348,444,394,444,394,458,348,458
317,445,345,445,345,460,317,460
134,448,164,448,164,464,134,464
237,448,273,448,273,464,237,464
166,448,204,450,203,465,165,463
117,450,133,450,133,464,117,464
205,450,233,450,233,462,205,462
433,465,486,465,486,482,433,482
353,468,382,468,382,485,353,485
332,469,353,469,353,485,332,485
245,472,274,472,274,485,245,485
111,500,153,504,151,523,109,519
150,502,172,502,172,518,150,518
224,504,244,504,244,518,224,518
205,505,217,505,217,518,205,518
461,516,490,516,490,530,461,530
438,517,460,517,460,533,438,533
220,524,253,524,253,542,220,542
256,524,298,524,298,542,256,542
110,523,153,526,151,546,109,542
192,525,218,525,218,542,192,542
152,525,191,527,190,543,151,541
464,544,494,544,494,561,464,561
442,546,464,546,464,562,442,562
298,551,332,549,333,565,298,567
151,554,199,552,200,567,152,569
202,552,231,554,230,568,201,566
114,554,148,554,148,569,114,569
383,578,497,578,497,598,383,598
159,586,330,582,330,601,160,605
333,582,381,582,381,604,333,604
100,588,124,588,124,605,100,605
125,588,157,588,157,605,125,605
316,612,381,612,381,629,316,629
272,613,313,613,313,632,272,632
240,614,269,614,269,629,240,629
320,638,368,638,368,656,320,656
369,638,413,638,413,657,369,657
290,641,320,641,320,660,290,660
205,642,230,642,230,657,205,657
233,642,265,642,265,657,233,657
268,644,288,644,288,657,268,657
164,702,459,692,460,720,165,730
