407,0,432,0,432,10,407,10
511,10,702,3,703,28,512,35
433,14,499,14,499,35,433,35
352,16,382,16,382,39,352,39
393,19,421,19,421,37,393,37
676,34,745,37,745,57,675,55
755,35,786,35,786,51,755,51
593,38,663,35,664,56,594,59
526,40,584,42,583,66,525,63
432,42,474,42,474,64,432,64
485,42,528,42,528,67,485,67
311,46,394,46,394,72,311,72
243,46,302,51,300,75,241,70
704,62,773,62,773,83,704,83
621,65,695,63,695,87,622,89
569,67,613,67,613,90,569,90
474,72,530,72,530,92,474,92
366,74,423,74,423,97,366,97
542,74,556,74,556,90,542,90
311,74,357,80,354,105,308,98
256,78,300,78,300,101,256,101
433,78,462,78,462,94,433,94
719,90,791,88,792,110,720,112
677,92,707,92,707,115,677,115
595,97,638,97,638,119,595,119
540,99,586,99,586,122,540,122
650,99,666,99,666,115,650,115
475,100,532,103,531,126,473,124
323,104,366,104,366,126,323,126
378,104,407,104,407,124,378,124
419,106,460,106,460,128,419,128
241,108,272,108,272,128,241,128
282,110,311,110,311,128,282,128
666,124,713,124,713,145,666,145
611,126,656,126,656,147,611,147
558,128,599,128,599,149,558,149
503,129,546,129,546,152,503,152
407,133,451,133,451,156,407,156
462,133,492,133,492,154,462,154
713,135,723,135,723,147,713,147
352,135,393,135,393,156,352,156
709,152,754,152,754,176,709,176
668,154,699,154,699,177,668,177
627,156,658,156,658,183,627,183
544,159,615,164,613,186,542,180
503,161,533,161,533,184,503,184
460,163,487,163,487,184,460,184
350,165,396,165,396,188,350,188
405,164,447,167,446,189,404,186
309,167,336,167,336,188,309,188
433,193,714,183,715,212,434,222
713,186,741,186,741,204,713,204
337,195,423,195,423,220,337,220
671,220,728,217,729,236,672,238
729,218,759,218,759,234,729,234
503,222,672,222,672,247,503,247
323,227,435,224,436,249,323,253
448,227,505,227,505,245,448,245
636,279,748,274,749,302,637,307
495,284,606,281,607,307,496,311
323,290,465,285,466,311,323,316
576,315,638,312,639,337,578,341
651,312,726,316,725,340,649,336
736,314,795,314,795,337,736,337
522,316,567,316,567,341,522,341
464,318,510,318,510,343,464,343
391,325,451,318,453,341,393,347
337,321,382,321,382,346,337,346
279,323,327,323,327,353,279,353
238,325,268,325,268,350,238,350
698,377,816,372,817,398,699,403
523,381,672,376,673,403,524,408
437,385,512,385,512,414,437,414
323,389,355,389,355,414,323,414
236,390,310,395,309,421,235,416
741,408,819,404,820,432,742,435
684,410,729,410,729,435,684,435
566,413,629,411,630,437,567,439
640,412,672,412,672,437,640,437
496,414,556,414,556,441,496,441
394,419,485,419,485,449,394,449
307,421,380,421,380,448,307,448
236,425,297,425,297,449,236,449
729,482,779,474,784,500,734,509
793,476,825,476,825,501,793,501
600,480,720,476,721,504,601,507
512,482,590,486,588,513,510,508
234,491,442,484,443,512,235,519
455,485,501,485,501,510,455,510
735,511,828,508,829,536,736,539
693,512,738,512,738,542,693,542
514,518,606,514,607,541,515,545
485,519,515,519,515,549,485,549
232,527,325,524,326,552,233,554
366,524,384,524,384,546,366,546
784,546,832,546,832,578,784,578
499,551,590,551,590,579,499,579
603,553,682,548,683,574,604,578
693,553,769,550,770,575,693,577
232,561,442,554,443,583,233,590
453,554,485,554,485,581,453,581
696,584,791,580,792,611,697,615
791,581,835,581,835,608,791,608
576,586,610,586,610,613,576,613
486,590,577,586,578,620,487,623
366,595,384,595,384,618,366,618
231,597,325,597,325,626,231,626
745,652,798,652,798,684,745,684
796,654,843,654,843,681,796,681
700,654,736,654,736,684,700,684
519,663,595,663,595,690,519,690
428,667,506,664,507,692,428,694
736,668,748,668,748,686,736,686
352,668,416,668,416,695,352,695
231,671,296,676,294,705,229,700
305,675,339,675,339,699,305,699
519,699,596,704,595,732,517,728
427,703,507,706,506,734,426,732
306,706,371,712,369,739,304,734
382,709,414,709,414,732,382,732
507,778,586,782,584,810,505,806
414,780,494,780,494,809,414,809
336,784,401,784,401,811,336,811
224,786,324,791,323,820,222,815
710,811,858,804,860,838,712,845
302,823,352,823,352,851,302,851
225,825,289,825,289,853,225,853
827,844,864,844,864,875,827,875
730,850,828,846,829,881,731,885
508,853,572,853,572,885,508,885
428,855,496,855,496,887,428,887
350,860,417,860,417,889,350,889
224,866,273,866,273,892,224,892
286,867,337,867,337,898,286,898
634,889,736,889,736,923,634,923
556,891,624,891,624,923,556,923
474,894,544,894,544,926,474,926
378,897,464,895,464,928,379,930
316,899,368,899,368,930,316,930
220,901,304,901,304,935,220,935
250,944,288,944,288,976,250,976
302,949,336,949,336,974,302,974
249,987,284,987,284,1019,249,1019
298,988,364,988,364,1017,298,1017
332,1029,385,1029,385,1060,332,1060
247,1029,318,1029,318,1061,247,1061
396,1029,478,1029,478,1063,396,1063
631,1065,697,1065,697,1095,631,1095
563,1067,617,1067,617,1097,563,1097
464,1069,552,1074,550,1105,462,1100
379,1069,452,1074,449,1109,376,1103
247,1074,318,1074,318,1106,247,1106
330,1079,368,1079,368,1104,330,1104
755,1198,812,1198,812,1230,755,1230
599,1200,691,1200,691,1234,599,1234
704,1200,745,1200,745,1232,704,1232
825,1204,880,1201,881,1228,827,1231
533,1202,591,1208,587,1243,529,1237
311,1210,403,1215,401,1251,309,1246
483,1213,521,1213,521,1237,483,1237
224,1213,297,1213,297,1245,224,1245
414,1214,469,1214,469,1241,414,1241
761,1245,814,1242,815,1276,763,1279
620,1248,679,1248,679,1282,620,1282
432,1250,606,1250,606,1291,432,1291
691,1252,750,1252,750,1287,691,1287
362,1253,416,1253,416,1289,362,1289
274,1255,351,1263,347,1298,271,1290
819,1335,910,1335,910,1364,819,1364
679,1339,771,1339,771,1364,679,1364
574,1342,665,1342,665,1364,574,1364
327,1346,558,1346,558,1364,327,1364
257,1355,293,1355,293,1364,257,1364
