289,166,312,166,312,181,289,181
310,166,356,166,356,181,310,181
356,166,377,166,377,181,356,181
377,166,397,166,397,180,377,180
268,168,289,168,289,181,268,181
357,182,380,182,380,198,357,198
378,184,398,184,398,197,378,197
281,185,325,185,325,198,281,198
325,184,359,186,358,201,324,199
266,186,281,186,281,198,266,198
144,200,237,200,237,224,144,224
293,202,316,202,316,217,293,217
314,202,334,202,334,217,314,217
336,202,367,204,366,219,335,217
365,202,389,202,389,216,365,216
277,204,292,204,292,217,277,217
348,220,377,220,377,234,348,234
288,221,349,221,349,236,288,236
232,253,256,253,256,268,232,268
280,253,304,253,304,268,280,268
308,253,338,253,338,266,308,266
258,254,277,254,277,266,258,266
356,270,428,270,428,284,356,284
141,272,172,272,172,286,141,286
205,272,248,272,248,286,205,286
245,272,276,272,276,285,245,285
280,272,316,272,316,285,280,285
176,273,205,273,205,285,176,285
377,286,413,286,413,301,377,301
412,286,436,286,436,300,412,300
342,288,378,288,378,301,342,301
142,289,172,289,172,304,142,304
176,289,198,289,198,302,176,302
172,293,177,293,177,301,172,301
398,320,429,320,429,334,398,334
285,323,310,320,311,335,287,338
142,322,165,322,165,337,142,337
169,322,201,322,201,337,169,337
266,322,284,322,284,336,266,336
336,322,350,322,350,336,336,336
385,322,400,322,400,334,385,334
342,338,373,338,373,354,342,354
378,338,414,338,414,352,378,352
142,340,158,340,158,354,142,354
162,340,200,340,200,354,162,354
205,340,226,340,226,353,205,353
232,340,254,340,254,353,232,353
260,340,296,340,296,353,260,353
294,340,344,340,344,353,294,353
392,356,413,356,413,369,392,369
412,356,436,356,436,369,412,369
142,357,234,357,234,372,142,372
274,357,290,357,290,370,274,370
294,357,318,357,318,370,294,370
294,372,324,372,324,388,294,388
266,373,289,373,289,388,266,388
142,374,193,374,193,389,142,389
218,373,263,375,262,389,218,387
322,374,360,374,360,388,322,388
365,374,386,374,386,386,365,386
198,376,213,376,213,388,198,388
294,390,317,390,317,404,294,404
392,390,408,390,408,404,392,404
413,390,436,390,436,404,413,404
142,392,193,392,193,405,142,405
192,392,234,392,234,405,192,405
274,392,290,392,290,404,274,404
302,408,332,408,332,422,302,422
142,409,165,409,165,422,142,422
177,409,200,409,200,422,177,422
205,409,221,409,221,422,205,422
226,409,269,409,269,422,226,422
273,409,296,409,296,422,273,422
172,412,178,412,178,422,172,422
393,424,414,424,414,437,393,437
413,424,437,424,437,437,413,437
276,425,296,425,296,438,276,438
296,425,318,425,318,438,296,438
142,426,234,426,234,440,142,440
414,441,437,441,437,454,414,454
392,442,409,442,409,454,392,454
142,444,160,444,160,457,142,457
170,460,200,460,200,473,170,473
205,460,249,460,249,473,205,473
253,460,284,460,284,473,253,473
288,460,325,460,325,473,288,473
330,460,353,460,353,472,330,472
144,461,165,461,165,474,144,474
296,476,318,476,318,489,296,489
401,477,410,477,410,489,401,489
414,476,437,476,437,489,414,489
142,477,234,477,234,490,142,490
414,492,438,492,438,506,414,506
142,494,160,494,160,508,142,508
394,496,409,496,409,505,394,505
142,526,174,526,174,544,142,544
212,526,242,526,242,541,212,541
261,526,292,526,292,541,261,541
177,528,208,528,208,542,177,542
393,528,412,528,412,540,393,540
416,528,440,528,440,540,416,540
249,530,256,530,256,541,249,541
142,544,173,544,173,560,142,560
226,544,257,544,257,558,226,558
177,545,208,545,208,560,177,560
213,546,221,546,221,560,213,560
388,545,405,545,405,557,388,557
409,545,433,545,433,558,409,558
218,561,242,561,242,577,218,577
142,562,173,562,173,578,142,578
177,562,216,562,216,577,177,577
394,562,412,562,412,576,394,576
417,562,440,562,440,576,417,576
394,578,440,578,440,593,394,593
148,580,180,580,180,594,148,594
184,581,208,581,208,594,184,594
140,598,171,596,172,611,141,613
177,597,200,597,200,612,177,612
396,597,418,597,418,610,396,610
417,597,441,597,441,610,417,610
204,598,228,598,228,612,204,612
232,614,249,614,249,629,232,629
281,614,305,614,305,630,281,630
310,614,341,614,341,628,310,628
345,614,382,614,382,629,345,629
197,616,226,616,226,630,197,630
253,616,277,616,277,629,253,629
189,666,213,666,213,682,189,682
281,666,306,666,306,682,281,682
217,668,248,668,248,682,217,682
253,668,277,668,277,682,253,682
310,667,349,669,349,684,310,682
353,668,385,668,385,684,353,684
168,686,220,686,220,701,168,701
282,686,328,686,328,701,282,701
332,686,378,686,378,701,332,701
140,688,162,688,162,701,140,701
224,688,254,688,254,701,224,701
260,688,277,688,277,701,260,701
382,688,414,688,414,701,382,701
418,688,442,688,442,701,418,701
253,721,293,721,293,737,253,737
174,722,198,722,198,737,174,737
202,722,220,722,220,737,202,737
225,722,249,722,249,737,225,737
297,722,313,722,313,737,297,737
348,722,372,722,372,737,348,737
318,724,342,724,342,738,318,738
376,724,401,724,401,737,376,737
202,741,285,741,285,756,202,756
137,742,161,742,161,756,137,756
160,742,197,742,197,756,160,756
289,742,320,742,320,756,289,756
326,742,349,742,349,756,326,756
354,742,408,742,408,756,354,756
412,742,437,742,437,756,412,756
