133,326,170,326,170,345,133,345
173,328,222,328,222,346,173,346
280,329,322,329,322,349,280,349
222,332,277,332,277,346,222,346
324,332,358,332,358,350,324,350
113,349,145,349,145,366,113,366
80,350,105,350,105,365,80,365
146,347,200,353,198,371,145,366
200,350,236,352,235,369,198,366
238,352,272,352,272,369,238,369
273,352,310,352,310,370,273,370
313,353,345,353,345,372,313,372
80,374,120,374,120,392,80,392
121,376,150,376,150,392,121,392
153,377,177,377,177,392,153,392
178,377,220,377,220,394,178,394
80,398,102,398,102,416,80,416
104,398,194,398,194,417,104,417
204,400,232,402,231,417,203,415
233,400,324,402,323,420,233,418
78,420,110,420,110,436,78,436
112,422,187,419,188,435,113,438
189,422,209,422,209,437,189,437
221,421,300,424,299,441,220,439
77,444,105,444,105,458,77,458
107,442,143,448,140,465,104,459
213,446,232,446,232,461,213,461
252,448,277,448,277,461,252,461
302,448,324,448,324,464,302,464
332,448,380,448,380,465,332,465
380,449,406,449,406,464,380,464
69,469,96,469,96,485,69,485
94,470,109,470,109,484,94,484
112,470,149,470,149,486,112,486
150,470,182,470,182,485,150,485
241,473,269,473,269,486,241,486
270,473,300,473,300,489,270,489
341,473,368,473,368,488,341,488
369,473,405,473,405,489,369,489
68,488,108,492,106,511,66,507
107,491,145,495,143,511,105,507
334,496,365,496,365,513,334,513
365,496,405,496,405,513,365,513
68,517,106,517,106,532,68,532
108,517,145,517,145,533,108,533
145,518,174,518,174,533,145,533
176,517,216,520,215,535,175,532
384,521,405,521,405,537,384,537
68,539,109,542,107,562,66,558
106,542,126,542,126,558,106,558
129,544,168,544,168,558,129,558
170,544,204,544,204,558,170,558
333,544,364,544,364,561,333,561
365,544,405,544,405,562,365,562
152,569,197,569,197,592,152,592
232,570,266,570,266,592,232,592
269,570,341,570,341,592,269,592
116,573,149,573,149,592,116,592
198,573,229,573,229,592,198,592
