313,188,334,188,334,202,313,202
333,187,362,189,361,204,332,202
301,189,314,189,314,202,301,202
262,190,277,190,277,204,262,204
277,192,284,192,284,204,277,204
282,190,301,190,301,204,282,204
222,192,244,192,244,206,222,206
244,192,265,192,265,208,244,208
293,208,298,208,298,218,293,218
301,206,322,206,322,220,301,220
322,206,350,208,349,221,321,219
277,208,290,208,290,221,277,221
237,209,258,209,258,224,237,224
258,209,278,209,278,222,258,222
116,222,204,222,204,248,116,248
329,222,350,222,350,236,329,236
301,222,331,224,330,239,300,237
272,225,292,225,292,240,272,240
293,226,300,226,300,237,293,237
250,226,272,226,272,241,250,241
237,228,249,228,249,240,237,240
310,240,337,240,337,254,310,254
250,243,309,240,309,255,250,258
270,272,301,272,301,285,270,285
200,274,222,274,222,288,200,288
226,274,242,274,242,288,226,288
246,274,269,274,269,288,246,288
316,287,385,284,385,298,317,301
247,290,281,288,282,302,248,304
213,292,243,290,244,303,214,305
114,292,144,292,144,306,114,306
148,292,176,292,176,305,148,305
176,292,216,292,216,305,176,305
304,303,393,299,393,314,305,318
116,308,145,308,145,322,116,322
144,309,170,309,170,321,144,321
345,333,389,333,389,348,345,348
254,338,277,338,277,353,254,353
302,340,316,340,316,349,302,349
142,339,174,340,173,355,142,353
236,340,252,340,252,352,236,352
117,341,140,341,140,354,117,354
118,356,153,356,153,370,118,370
177,356,200,356,200,369,177,369
204,356,233,356,233,368,204,368
236,356,258,356,258,368,236,368
158,357,173,357,173,369,158,369
372,366,396,364,398,378,373,380
354,366,370,366,370,380,354,380
244,370,260,370,260,384,244,384
262,370,285,370,285,382,262,382
118,373,206,371,206,385,118,387
376,397,398,397,398,410,376,410
356,398,372,398,372,412,356,412
232,401,261,401,261,416,232,416
185,402,216,402,216,417,185,417
120,404,149,404,149,418,120,418
153,404,182,404,182,418,153,418
221,405,233,405,233,416,221,416
200,418,229,418,229,433,200,433
121,420,150,420,150,434,121,434
154,420,182,420,182,434,154,434
188,421,196,421,196,433,188,433
377,429,400,429,400,442,377,442
358,430,380,430,380,444,358,444
194,434,216,434,216,449,194,449
121,436,150,436,150,450,121,450
154,436,190,436,190,450,154,450
377,445,401,445,401,458,377,458
358,446,374,446,374,460,358,460
128,453,157,453,157,468,128,468
161,453,184,453,184,466,161,466
156,468,177,468,177,482,156,482
121,469,152,469,152,484,121,484
181,470,205,470,205,482,181,482
280,482,310,480,311,494,281,496
314,481,349,481,349,494,314,494
254,482,277,482,277,497,254,497
209,484,224,484,224,498,209,498
176,485,205,485,205,500,176,500
229,485,250,485,250,497,229,497
322,529,352,529,352,544,322,544
257,530,280,530,280,545,257,545
284,532,320,532,320,545,284,545
172,533,193,533,193,548,172,548
197,533,226,533,226,548,197,548
230,533,253,533,253,546,230,546
382,544,406,544,406,557,382,557
349,546,379,544,380,557,350,559
304,546,346,546,346,560,304,560
258,549,299,547,300,561,258,563
204,550,233,550,233,564,204,564
237,550,253,550,253,562,237,562
152,552,201,552,201,566,152,566
125,553,146,553,146,566,125,566
318,578,341,578,341,593,318,593
345,578,369,578,369,592,345,592
292,580,316,580,316,594,292,594
233,581,270,581,270,596,233,596
273,581,288,581,288,594,273,594
206,582,229,582,229,597,206,597
158,584,182,584,182,598,158,598
186,584,202,584,202,597,186,597
326,596,375,594,376,607,326,609
380,594,402,594,402,606,380,606
266,597,321,597,321,610,266,610
184,601,262,598,263,612,185,615
125,602,181,602,181,617,125,617
