240,130,367,135,366,153,239,149
376,137,449,137,449,154,376,154
210,155,254,161,252,177,207,171
256,160,290,160,290,174,256,174
294,161,336,161,336,176,294,176
343,160,379,164,378,180,341,177
384,164,420,164,420,178,384,178
424,165,472,165,472,180,424,180
68,184,102,184,102,198,68,198
195,224,260,222,261,254,196,256
342,228,404,228,404,256,342,256
268,229,334,229,334,254,268,254
410,229,494,229,494,257,410,257
81,268,122,268,122,286,81,286
128,265,186,271,184,291,126,286
220,268,248,268,248,286,220,286
277,268,324,268,324,286,277,286
411,271,447,266,449,289,414,293
362,269,409,269,409,288,362,288
474,269,544,269,544,289,474,289
546,269,591,271,590,291,546,289
70,300,231,299,232,321,70,322
236,300,262,300,262,321,236,321
268,301,349,301,349,321,268,321
352,297,394,304,390,326,348,320
396,302,434,302,434,322,396,322
437,302,477,302,477,322,437,322
480,302,526,302,526,322,480,322
532,302,564,302,564,322,532,322
202,336,212,336,212,349,202,349
260,334,302,334,302,352,260,352
418,334,460,334,460,356,418,356
537,334,572,334,572,357,537,357
568,334,609,334,609,354,568,354
388,336,421,336,421,357,388,357
65,374,230,374,230,396,65,396
234,374,272,374,272,394,234,394
278,374,336,376,335,396,278,394
338,374,380,374,380,398,338,398
385,374,416,374,416,394,385,394
540,408,614,405,615,429,541,431
420,408,462,408,462,429,420,429
201,410,210,410,210,425,201,425
258,409,302,409,302,426,258,426
388,409,422,409,422,432,388,432
59,449,229,446,229,470,60,473
233,448,270,448,270,470,233,470
334,448,377,448,377,473,334,473
381,449,413,449,413,470,381,470
276,450,332,450,332,470,276,470
574,481,620,481,620,505,574,505
542,484,578,484,578,508,542,508
257,485,302,485,302,504,257,504
389,485,424,485,424,509,389,509
421,485,464,485,464,506,421,506
385,524,418,524,418,548,385,548
481,524,514,524,514,548,481,548
283,528,329,522,333,548,287,555
418,525,477,525,477,552,418,552
58,527,241,525,241,550,58,552
244,526,285,526,285,550,244,550
333,530,382,530,382,549,333,549
388,564,465,561,466,586,389,589
546,562,582,562,582,588,546,588
578,561,624,561,624,585,578,585
256,565,302,565,302,582,256,582
197,568,206,568,206,581,197,581
416,605,450,605,450,629,416,629
230,606,292,606,292,632,230,632
296,608,358,608,358,630,296,630
362,608,378,608,378,629,362,629
381,606,409,606,409,629,381,629
54,608,226,608,226,633,54,633
582,642,626,642,626,666,582,666
404,645,426,645,426,670,404,670
422,644,468,644,468,668,422,668
549,645,585,645,585,669,549,669
264,648,296,648,296,666,264,666
401,686,449,686,449,712,401,712
562,686,596,686,596,710,562,710
452,686,527,689,526,715,451,711
528,688,560,688,560,710,528,710
242,689,298,689,298,714,242,714
302,690,398,690,398,716,302,716
53,690,236,690,236,716,53,716
582,724,626,724,626,746,582,746
550,726,586,726,586,749,550,749
390,728,428,728,428,753,390,753
424,726,469,726,469,749,424,749
254,730,301,730,301,749,254,749
47,775,108,781,106,809,44,803
109,782,146,782,146,805,109,805
586,806,629,806,629,828,586,828
540,808,589,808,589,832,540,832
48,809,111,815,108,842,46,836
113,815,171,817,170,840,112,838
585,845,628,845,628,866,585,866
185,846,228,846,228,870,185,870
540,846,588,846,588,869,540,869
50,848,102,848,102,873,50,873
104,848,181,846,181,871,105,873
327,849,379,847,380,871,328,873
582,884,626,884,626,908,582,908
549,888,586,888,586,910,549,910
40,892,89,892,89,917,40,917
92,892,125,892,125,917,92,917
160,892,222,892,222,916,160,916
126,893,156,893,156,917,126,917
454,938,621,935,621,958,454,960
157,945,382,936,383,962,158,971
385,937,449,937,449,965,385,965
77,944,109,944,109,970,77,970
113,946,156,946,156,970,113,970
385,977,432,977,432,1001,385,1001
317,986,380,976,384,1001,321,1012
272,985,314,985,314,1005,272,1005
465,1006,533,1006,533,1022,465,1022
421,1008,462,1008,462,1022,421,1022
389,1009,417,1009,417,1022,389,1022
344,1012,385,1012,385,1022,344,1022
297,1016,322,1016,322,1022,297,1022
325,1018,337,1018,337,1022,325,1022
