185,477,232,477,232,500,185,500
236,477,297,477,297,501,236,501
370,476,422,476,422,501,370,501
426,478,469,478,469,501,426,501
300,482,369,482,369,501,300,501
320,508,409,508,409,529,320,529
158,509,198,509,198,528,158,528
202,505,268,512,266,534,200,527
272,509,314,509,314,529,272,529
413,509,452,509,452,529,413,529
117,512,149,512,149,530,117,530
118,542,166,542,166,561,118,561
169,542,208,542,208,561,169,561
242,545,293,539,296,561,244,567
210,544,241,544,241,561,210,561
117,572,145,572,145,592,117,592
148,572,262,572,262,590,148,590
276,572,310,572,310,592,276,592
313,572,424,572,424,592,313,592
117,598,158,598,158,618,117,618
296,597,395,599,394,619,295,617
202,600,228,600,228,620,202,620
230,600,254,600,254,620,230,620
257,600,282,600,282,617,257,617
160,601,204,601,204,622,160,622
114,629,149,629,149,648,114,648
286,629,312,629,312,648,286,648
152,628,198,633,195,654,149,649
336,630,368,630,368,648,336,648
400,630,425,630,425,649,400,649
436,629,499,631,498,652,435,650
501,632,537,632,537,652,501,652
104,661,137,661,137,680,104,680
137,661,156,661,156,680,137,680
158,661,193,661,193,680,158,680
194,664,241,658,244,680,196,686
301,662,314,662,314,678,301,678
344,662,394,662,394,681,344,681
414,664,426,664,426,680,414,680
460,664,535,666,534,685,459,683
103,685,152,690,150,713,100,707
152,688,204,693,202,713,150,709
301,692,313,692,313,709,301,709
453,694,480,694,480,714,453,714
482,696,533,696,533,716,482,716
102,720,152,720,152,740,102,740
152,721,197,721,197,740,152,740
200,721,234,721,234,741,200,741
237,721,290,726,289,745,236,740
506,729,533,729,533,748,506,748
103,748,152,752,150,775,101,771
150,752,176,752,176,773,150,773
177,754,226,754,226,773,177,773
230,754,277,754,277,774,230,774
453,760,478,760,478,780,453,780
481,759,535,761,534,783,480,781
206,786,261,786,261,814,206,814
160,790,202,790,202,813,160,813
306,790,352,790,352,817,306,817
356,790,448,790,448,818,356,818
265,792,304,792,304,816,265,816
