246,242,393,245,393,273,246,269
402,245,488,245,488,272,402,272
214,285,268,291,265,317,211,311
268,288,306,288,306,313,268,313
310,290,358,290,358,314,310,314
364,290,405,290,405,316,364,316
409,290,452,290,452,314,409,314
456,290,512,290,512,314,456,314
57,328,98,328,98,348,57,348
206,381,277,381,277,421,206,421
440,384,532,384,532,418,440,418
365,385,432,385,432,420,365,420
285,388,357,388,357,421,285,421
585,428,633,428,633,452,585,452
504,431,582,428,583,453,505,455
437,435,477,430,481,457,440,462
83,432,132,436,130,460,81,456
135,431,200,438,197,465,132,458
233,434,266,434,266,460,233,460
386,436,436,436,436,457,386,457
293,436,345,436,345,458,293,458
438,470,473,470,473,494,438,494
74,473,117,473,117,497,74,497
117,473,248,473,248,498,117,498
358,474,372,474,372,494,358,494
378,474,434,474,434,496,378,496
298,479,353,477,353,499,298,501
252,480,293,480,293,501,252,501
571,506,651,504,652,530,572,532
409,508,489,508,489,534,409,534
278,512,325,512,325,530,278,530
545,549,580,549,580,573,545,573
250,552,305,552,305,581,250,581
306,553,342,553,342,577,306,577
345,554,388,554,388,576,345,576
392,552,475,556,474,579,391,575
478,556,539,554,540,573,478,575
116,555,247,553,248,577,117,580
73,556,118,556,118,580,73,580
571,586,653,584,653,613,572,615
410,588,490,588,490,616,410,616
277,592,322,592,322,610,277,610
64,640,127,644,126,674,62,670
126,644,166,644,166,670,126,670
252,649,265,649,265,668,252,668
576,674,659,671,660,699,577,702
63,675,127,681,124,710,61,704
128,680,201,682,201,708,127,706
200,714,245,714,245,740,200,740
576,716,659,713,660,741,577,743
62,716,117,716,117,742,62,742
120,717,197,715,197,741,121,742
354,716,409,716,409,741,354,741
475,768,651,766,652,792,476,794
172,773,403,768,404,795,173,800
406,769,472,769,472,800,406,800
89,774,122,774,122,801,89,801
125,776,170,776,170,801,125,801
406,812,454,812,454,838,406,838
337,813,402,813,402,844,337,844
288,816,334,816,334,840,288,840
489,842,562,842,562,868,489,868
566,846,574,846,574,864,566,864
409,845,440,845,440,870,409,870
442,845,488,845,488,872,442,872
361,846,408,846,408,874,361,874
189,849,240,849,240,873,189,873
280,850,309,850,309,872,280,872
314,850,358,850,358,872,314,872
145,850,185,850,185,874,145,874
245,854,274,854,274,873,245,873
