386,19,542,30,538,77,383,67
184,44,605,81,602,114,182,77
232,138,282,138,282,179,232,179
296,145,433,152,430,192,293,185
449,156,497,156,497,196,449,196
514,161,562,161,562,201,514,201
577,169,623,169,623,206,577,206
640,174,706,174,706,214,640,214
232,181,280,181,280,222,232,222
297,191,345,191,345,227,297,227
364,188,457,196,453,239,360,231
492,199,709,217,705,260,489,242
454,209,469,209,469,234,454,234
257,227,320,227,320,267,257,267
342,229,458,243,453,285,337,271
473,242,584,256,579,295,468,281
598,254,623,254,623,292,598,292
101,255,345,274,342,317,98,298
638,259,661,259,661,295,638,295
404,275,583,290,579,335,400,321
598,295,668,303,664,342,594,334
664,302,854,311,852,352,662,342
254,315,323,315,323,355,254,355
344,317,432,330,427,369,338,356
449,323,666,340,662,386,446,368
104,343,175,352,170,393,99,385
170,348,240,356,235,397,165,389
255,355,789,396,786,439,252,398
167,391,282,399,279,442,164,434
280,402,345,406,342,447,277,443
807,403,850,403,850,434,807,434
360,418,431,418,431,446,360,446
449,421,494,421,494,456,449,456
512,425,646,429,645,467,511,464
658,439,729,439,729,471,658,471
741,441,787,441,787,471,741,471
285,468,435,476,433,512,283,504
464,480,585,490,581,526,461,516
37,492,85,492,85,532,37,532
610,491,725,496,723,530,609,525
100,499,171,499,171,540,100,540
194,507,257,507,257,545,194,545
280,514,365,514,365,552,280,552
384,514,455,522,450,562,380,554
469,527,537,527,537,562,469,562
552,529,638,529,638,567,552,567
659,533,770,543,766,582,655,572
782,547,868,547,868,585,782,585
36,557,150,571,145,612,31,599
166,565,217,565,217,608,166,608
344,577,455,594,448,638,337,621
470,583,685,595,682,643,467,630
37,603,128,603,128,643,37,643
722,601,892,608,890,650,720,643
147,606,260,618,256,657,143,645
278,617,370,624,367,662,275,655
383,624,476,629,473,668,381,663
635,640,681,640,681,678,635,678
698,643,762,643,762,681,698,681
782,644,892,651,890,691,780,684
83,690,347,702,345,744,81,732
363,705,433,709,431,750,361,746
446,714,494,714,494,751,446,751
509,719,557,719,557,754,509,754
572,719,620,719,620,762,572,762
656,724,764,724,764,764,656,764
35,729,176,737,173,778,33,770
363,749,434,749,434,789,363,789
446,754,517,754,517,794,446,794
529,759,577,759,577,797,529,797
699,765,766,772,761,811,695,804
759,772,830,772,830,810,759,810
842,774,890,774,890,812,842,812
191,784,217,784,217,817,191,817
234,784,305,784,305,825,234,825
340,789,388,789,388,827,340,827
33,811,347,827,345,872,30,857
363,832,455,843,451,880,359,869
469,842,532,842,532,878,469,878
558,846,662,853,660,889,555,883
676,850,724,850,724,893,676,893
37,859,175,864,173,905,36,900
386,875,434,875,434,916,386,916
446,878,517,878,517,918,446,918
529,883,577,883,577,923,529,923
698,893,762,893,762,936,698,936
759,893,825,893,825,933,759,933
842,898,888,898,888,936,842,936
191,910,219,910,219,948,191,948
234,910,302,910,302,951,234,951
340,918,388,918,388,953,340,953
30,940,347,953,345,998,28,986
363,958,408,958,408,999,363,999
428,966,492,966,492,1001,428,1001
509,966,557,966,557,1004,509,1004
555,966,618,966,618,1006,555,1006
635,971,681,971,681,1014,635,1014
35,986,175,992,173,1033,34,1028
386,1001,434,1001,434,1042,386,1042
446,1004,517,1004,517,1044,446,1044
529,1009,577,1009,577,1047,529,1047
719,1016,762,1016,762,1057,719,1057
764,1019,830,1019,830,1057,764,1057
842,1021,888,1021,888,1059,842,1059
189,1039,214,1039,214,1074,189,1074
237,1039,302,1039,302,1080,237,1080
338,1042,388,1042,388,1082,338,1082
36,1118,129,1128,125,1168,31,1157
211,1125,234,1125,234,1160,211,1160
323,1127,431,1127,431,1168,323,1168
146,1130,194,1130,194,1163,146,1163
450,1130,557,1143,553,1180,445,1167
701,1140,749,1140,749,1180,701,1180
764,1143,890,1143,890,1183,764,1183
146,1163,238,1173,233,1213,142,1202
323,1169,431,1176,428,1215,320,1208
447,1171,556,1184,551,1223,443,1210
802,1186,827,1186,827,1221,802,1221
33,1227,171,1237,168,1278,30,1268
189,1234,281,1238,279,1277,187,1274
297,1236,408,1236,408,1276,297,1276
426,1241,532,1241,532,1279,426,1279
35,1273,105,1277,102,1316,33,1311
232,1278,324,1282,322,1320,230,1316
123,1281,214,1281,214,1319,123,1319
698,1289,746,1289,746,1327,698,1327
759,1286,830,1286,830,1329,759,1329
842,1294,890,1294,890,1332,842,1332
78,1319,123,1319,123,1360,78,1360
143,1322,211,1322,211,1360,143,1360
446,1332,514,1332,514,1365,446,1365
75,1362,123,1362,123,1403,75,1403
340,1367,426,1367,426,1408,340,1408
446,1367,494,1367,494,1405,446,1405
141,1370,211,1370,211,1408,141,1408
232,1370,317,1370,317,1405,232,1405
33,1404,102,1408,100,1447,30,1442
212,1406,299,1410,297,1451,210,1448
315,1410,406,1410,406,1450,315,1450
446,1410,512,1410,512,1450,446,1450
121,1413,191,1413,191,1450,121,1450
721,1418,759,1418,759,1456,721,1456
764,1418,847,1418,847,1456,764,1456
847,1418,890,1418,890,1456,847,1456
32,1445,146,1445,146,1488,32,1488
164,1450,234,1450,234,1491,164,1491
252,1453,365,1453,365,1493,252,1493
383,1453,471,1453,471,1493,383,1493
492,1456,580,1456,580,1493,492,1493
595,1456,721,1456,721,1496,595,1496
75,1496,121,1496,121,1534,75,1534
143,1501,189,1501,189,1534,143,1534
78,1541,123,1541,123,1574,78,1574
143,1541,199,1541,199,1574,143,1574
78,1579,98,1579,98,1612,78,1612
186,1584,257,1584,257,1620,186,1620
151,1592,166,1592,166,1612,151,1612
272,1589,365,1589,365,1627,272,1627
75,1620,169,1620,169,1657,75,1657
253,1623,345,1630,342,1670,249,1662
489,1625,555,1625,555,1662,489,1662
189,1627,234,1627,234,1660,189,1660
575,1627,658,1627,658,1662,575,1662
361,1629,472,1632,471,1668,359,1665
532,1708,640,1708,640,1748,532,1748
295,1710,365,1710,365,1748,295,1748
447,1709,514,1714,511,1752,444,1748
381,1715,428,1715,428,1748,381,1748
534,1751,595,1751,595,1789,534,1789
358,1753,428,1753,428,1789,358,1789
446,1758,514,1758,514,1794,446,1794
779,1859,888,1859,888,1900,779,1900
184,1862,469,1862,469,1905,184,1905
489,1864,595,1864,595,1902,489,1902
615,1864,724,1864,724,1905,615,1905
95,1867,164,1867,164,1907,95,1907
27,1872,75,1872,75,1907,27,1907
