302,262,569,250,571,278,303,290
411,325,440,325,440,343,411,343
443,326,463,326,463,338,443,338
465,325,500,325,500,341,465,341
500,325,528,325,528,341,500,341
317,327,361,331,359,348,315,344
361,330,410,330,410,346,361,346
416,348,460,348,460,368,416,368
461,351,491,351,491,368,461,368
349,356,414,354,415,373,350,375
578,376,613,376,613,398,578,398
397,382,578,377,578,400,398,405
613,378,636,378,636,396,613,396
226,383,258,383,258,403,226,403
353,383,396,383,396,405,353,405
256,383,343,385,343,405,256,403
558,413,581,413,581,431,558,431
583,413,616,413,616,431,583,431
536,415,558,415,558,431,536,431
496,416,535,416,535,433,496,433
226,418,258,418,258,436,226,436
260,420,291,420,291,436,260,436
532,445,584,442,585,460,533,463
586,443,621,443,621,460,586,460
226,446,258,446,258,463,226,463
398,448,434,444,436,462,400,466
505,446,530,446,530,461,505,461
260,448,291,448,291,465,260,465
583,469,625,471,624,491,582,488
443,471,483,471,483,490,443,490
486,471,521,471,521,488,486,488
523,471,551,471,551,488,523,488
553,471,583,471,583,490,553,490
230,476,261,476,261,493,230,493
261,476,283,476,283,493,261,493
476,505,511,505,511,525,476,525
543,504,584,506,583,524,542,522
585,504,625,506,624,526,583,523
513,506,541,506,541,525,513,525
433,508,473,508,473,526,433,526
230,511,261,511,261,528,230,528
261,511,285,511,285,530,261,530
585,527,628,532,625,552,582,547
486,531,508,531,508,546,486,546
561,531,583,531,583,548,561,548
341,565,395,565,395,581,341,581
231,566,288,566,288,583,231,583
453,568,485,568,485,580,453,580
400,588,440,588,440,606,400,606
441,588,471,588,471,605,441,605
588,588,620,588,620,605,588,605
351,590,398,590,398,606,351,606
473,590,496,590,496,608,473,608
498,590,535,590,535,608,498,608
535,590,560,590,560,606,535,606
561,590,586,590,586,603,561,603
330,591,350,591,350,608,330,608
495,615,621,615,621,633,495,633
560,643,591,643,591,658,560,658
593,643,623,643,623,660,593,660
341,645,371,645,371,661,341,661
373,645,395,645,395,661,373,661
233,646,286,646,286,663,233,663
530,668,550,668,550,685,530,685
550,667,592,670,591,687,549,685
593,669,624,671,622,689,592,686
340,671,371,671,371,688,340,688
371,671,395,671,395,688,371,688
451,693,490,693,490,713,451,713
530,695,558,695,558,713,530,713
490,696,528,696,528,713,490,713
561,696,595,696,595,711,561,711
596,696,620,696,620,713,596,713
428,698,448,698,448,713,428,713
495,721,621,721,621,740,495,740
540,746,584,748,583,765,539,763
345,751,374,746,377,764,349,769
441,750,476,750,476,768,441,768
585,750,616,750,616,766,585,766
276,750,328,752,328,770,276,768
376,751,411,751,411,768,376,768
493,751,516,751,516,766,493,766
241,753,275,753,275,768,241,768
356,778,444,776,445,793,356,796
455,776,491,776,491,793,455,793
434,810,484,807,485,832,435,834
486,808,536,808,536,835,486,835
311,810,378,810,378,835,311,835
381,810,428,810,428,833,381,833
458,854,510,849,512,869,460,874
268,855,306,855,306,871,268,871
308,854,352,856,351,875,307,873
515,855,546,855,546,871,515,871
353,856,400,856,400,875,353,875
435,856,461,856,461,873,435,873
548,856,578,856,578,871,548,871
580,878,615,878,615,895,580,895
226,880,331,880,331,900,226,900
378,880,450,880,450,898,378,898
463,880,495,880,495,898,463,898
493,880,531,880,531,896,493,896
531,880,575,880,575,898,531,898
331,885,371,883,372,896,331,898
429,901,463,907,460,925,426,919
463,905,503,905,503,921,463,921
503,905,516,905,516,921,503,921
518,905,541,905,541,921,518,921
376,906,418,906,418,923,376,923
301,908,328,908,328,926,301,926
341,908,375,908,375,925,341,925
533,931,586,931,586,955,533,955
430,935,490,935,490,956,430,956
493,935,530,935,530,953,493,953
376,936,425,936,425,958,376,958
309,939,373,936,374,958,310,962
256,940,305,940,305,961,256,961
