360,189,378,189,378,204,360,204
269,190,292,190,292,205,269,205
290,190,337,190,337,205,290,205
337,190,360,190,360,204,337,204
248,192,269,192,269,205,248,205
360,208,380,208,380,221,360,221
261,209,306,209,306,224,261,224
306,208,339,210,338,225,305,223
340,209,361,209,361,222,340,222
246,210,260,210,260,224,246,224
122,225,216,225,216,252,122,252
273,228,297,228,297,244,273,244
294,228,314,228,314,242,294,242
317,227,348,229,347,244,316,242
346,228,370,228,370,241,346,241
256,229,272,229,272,242,256,242
329,245,357,245,357,260,329,260
268,246,329,246,329,261,268,261
288,278,318,278,318,293,288,293
210,280,234,280,234,294,210,294
238,280,257,280,257,294,238,294
260,280,285,280,285,294,260,294
337,296,410,296,410,310,337,310
184,298,220,298,220,313,184,313
220,300,226,300,226,312,220,312
225,298,256,298,256,312,225,312
261,298,276,298,276,312,261,312
274,298,297,298,297,312,274,312
120,300,150,300,150,314,120,314
154,300,184,300,184,313,154,313
394,312,417,312,417,326,394,326
358,313,396,313,396,328,358,328
324,314,360,314,360,328,324,328
121,317,150,317,150,332,121,332
149,317,177,317,177,332,149,332
381,346,412,346,412,361,381,361
268,349,290,349,290,365,268,365
368,350,376,350,376,361,368,361
148,349,180,351,179,367,147,365
246,350,264,350,264,364,246,364
317,350,332,350,332,362,317,362
121,352,144,352,144,366,121,366
184,366,213,366,213,381,184,381
310,366,348,368,347,381,310,380
352,366,382,366,382,380,352,380
218,368,234,368,234,381,218,381
240,368,277,368,277,381,240,381
282,368,305,368,305,381,282,381
142,369,180,369,180,382,142,382
121,370,138,370,138,382,121,382
394,382,418,382,418,396,394,396
373,384,390,384,390,397,373,397
121,385,214,385,214,400,121,400
254,385,270,385,270,398,254,398
274,385,298,385,298,398,274,398
394,418,418,416,419,430,396,432
122,418,153,418,153,436,122,436
157,418,188,418,188,436,157,436
190,418,221,418,221,434,190,434
374,418,390,418,390,432,374,432
241,420,270,420,270,433,241,433
228,422,241,422,241,433,228,433
205,436,236,436,236,452,205,452
121,437,152,437,152,452,121,452
157,437,186,437,186,452,157,452
192,438,200,438,200,452,192,452
374,453,390,453,390,466,374,466
396,453,420,453,420,466,396,466
121,454,152,454,152,469,121,469
156,454,194,454,194,469,156,469
198,454,221,454,221,469,198,469
374,470,390,470,390,484,374,484
396,470,418,470,418,484,396,484
128,473,166,473,166,486,128,486
121,489,152,489,152,504,121,504
157,489,180,489,180,504,157,504
184,490,208,490,208,504,184,504
325,505,361,505,361,520,325,520
212,506,229,506,229,521,212,521
261,506,285,506,285,521,261,521
289,506,321,506,321,520,289,520
177,508,208,508,208,521,177,521
233,508,257,508,257,521,233,521
141,541,165,541,165,556,141,556
169,541,208,541,208,556,169,556
212,540,243,542,242,557,211,555
396,541,418,541,418,554,396,554
120,542,137,542,137,556,120,556
377,544,397,544,397,553,377,553
261,557,298,557,298,573,261,573
120,558,144,558,144,573,120,573
148,560,185,560,185,573,148,573
197,560,256,560,256,573,197,573
186,562,193,562,193,573,186,573
176,576,214,576,214,590,176,590
297,576,421,576,421,590,297,590
120,577,137,577,137,592,120,592
141,578,172,578,172,592,141,592
169,629,192,629,192,644,169,644
197,629,228,629,228,644,197,644
261,629,286,629,286,644,261,644
333,629,364,629,364,645,333,645
233,630,257,630,257,644,233,644
290,629,329,631,329,645,290,643
326,648,358,648,358,661,326,661
118,649,142,649,142,664,118,664
148,649,200,649,200,662,148,662
204,649,234,649,234,662,204,662
240,649,257,649,257,662,240,662
262,649,308,649,308,662,262,662
312,649,328,649,328,661,312,661
362,649,393,649,393,662,362,662
398,649,422,649,422,664,398,664
233,682,273,682,273,698,233,698
154,684,178,684,178,698,154,698
182,684,200,684,200,698,182,698
205,684,228,684,228,698,205,698
277,684,293,684,293,698,277,698
298,684,322,684,322,698,298,698
326,684,350,684,350,698,326,698
354,684,380,684,380,698,354,698
182,702,264,702,264,717,182,717
269,702,300,702,300,716,269,716
298,702,328,702,328,716,298,716
342,702,386,702,386,716,342,716
116,704,141,704,141,717,116,717
140,704,176,704,176,717,140,717
336,705,344,705,344,716,336,716
392,704,416,704,416,716,392,716
