149,214,186,214,186,234,149,234
189,217,240,223,238,241,187,235
293,222,336,222,336,242,293,242
336,224,370,224,370,241,336,241
237,225,290,225,290,240,237,240
94,232,121,232,121,250,94,250
128,232,163,236,160,255,126,251
161,237,213,244,211,261,159,253
216,244,252,244,252,262,216,262
253,245,286,245,286,262,253,262
286,245,325,245,325,264,286,264
326,245,358,245,358,264,326,264
96,254,138,260,135,278,93,272
136,262,168,262,168,278,136,278
169,264,194,267,192,282,168,279
194,269,230,269,230,285,194,285
94,278,117,278,117,297,94,297
119,280,212,289,210,307,117,298
220,290,248,290,248,306,220,306
249,293,336,293,336,308,249,308
94,300,127,303,126,319,93,317
129,308,161,308,161,321,129,321
162,308,184,308,184,325,162,325
184,310,205,310,205,326,184,326
204,310,225,310,225,326,204,326
236,311,313,314,313,330,235,327
92,323,121,326,119,342,90,338
122,324,159,334,155,349,118,340
229,336,244,336,244,349,229,349
266,337,293,337,293,350,266,350
346,338,394,338,394,352,346,352
396,338,421,338,421,352,396,352
82,349,112,349,112,366,82,366
113,354,150,354,150,373,113,373
152,355,181,357,179,372,150,370
180,359,207,361,206,376,178,374
265,361,285,361,285,377,265,377
286,361,313,361,313,376,286,376
365,361,384,361,384,376,365,376
385,361,422,361,422,376,385,376
83,369,125,377,121,396,79,388
124,375,153,380,150,395,122,391
154,377,181,377,181,393,154,393
182,382,220,382,220,398,182,398
265,382,285,382,285,400,265,400
286,382,314,382,314,398,286,398
365,382,385,382,385,398,365,398
386,382,424,382,424,400,386,400
81,397,113,397,113,416,81,416
116,398,150,398,150,414,116,414
153,404,180,404,180,417,153,417
265,405,285,405,285,420,265,420
286,405,316,405,316,421,286,421
366,405,386,405,386,421,366,421
386,405,424,405,424,421,386,421
81,418,114,418,114,437,81,437
114,422,152,422,152,438,114,438
286,426,316,426,316,444,286,444
386,426,424,426,424,444,386,444
265,428,285,428,285,442,265,442
366,428,386,428,386,442,366,442
80,442,108,442,108,458,80,458
108,445,128,445,128,461,108,461
130,447,177,449,177,464,130,462
265,449,286,449,286,465,265,465
286,449,316,449,316,465,286,465
386,449,424,449,424,465,386,465
366,450,385,450,385,465,366,465
78,459,121,468,118,488,74,480
120,465,163,471,160,488,118,482
384,472,425,472,425,489,384,489
352,473,382,473,382,488,352,488
77,492,120,492,120,509,77,509
120,493,158,493,158,510,120,510
160,494,189,494,189,512,160,512
190,494,229,498,227,514,189,510
402,497,424,497,424,512,402,512
77,514,119,520,116,541,74,535
117,520,140,520,140,537,117,537
140,521,181,521,181,536,140,536
184,522,217,522,217,537,184,537
352,522,384,522,384,540,352,540
384,522,426,522,426,540,384,540
165,548,210,548,210,570,165,570
246,549,284,549,284,570,246,570
286,551,359,549,360,570,286,572
125,552,162,552,162,570,125,570
213,553,245,553,245,570,213,570
