320,312,349,312,349,333,320,333
238,313,268,313,268,332,238,332
266,313,297,313,297,333,266,333
296,313,320,313,320,332,296,332
349,313,376,313,376,333,349,333
218,336,237,336,237,357,218,357
237,337,261,337,261,357,237,357
364,335,398,342,394,362,360,356
261,338,290,338,290,357,261,357
290,338,317,338,317,357,290,357
320,340,329,340,329,356,320,356
333,338,362,338,362,357,333,357
46,356,174,356,174,388,46,388
232,364,250,364,250,382,232,382
254,364,285,364,285,382,254,382
284,364,310,364,310,384,284,384
312,360,355,366,352,387,309,382
352,364,382,364,382,382,352,382
272,388,366,388,366,408,272,408
248,389,272,389,272,408,248,408
94,432,192,432,192,452,94,452
45,433,94,433,94,453,45,453
302,433,341,433,341,450,302,450
348,433,397,433,397,453,348,453
396,433,444,433,444,449,396,449
226,456,268,456,268,474,226,474
180,457,221,457,221,474,180,474
274,457,313,457,313,473,274,473
45,478,85,478,85,500,45,500
322,480,446,480,446,497,322,497
85,481,121,481,121,496,85,496
45,502,76,502,76,521,45,521
112,504,190,504,190,521,112,521
84,505,113,505,113,521,84,521
44,525,65,525,65,545,44,545
73,528,96,528,96,545,73,545
102,528,181,528,181,544,102,544
