336,105,394,105,394,122,336,122
232,112,330,106,331,125,233,131
372,132,410,132,410,145,372,145
341,133,370,133,370,148,341,148
310,136,338,136,338,150,310,150
245,138,273,138,273,153,245,153
274,138,308,138,308,153,274,153
210,140,244,140,244,156,210,156
105,157,130,157,130,170,105,170
360,189,424,189,424,216,360,216
309,193,356,193,356,218,309,218
202,194,250,194,250,220,202,220
254,197,305,197,305,220,254,220
461,217,494,217,494,234,461,234
406,221,459,219,460,236,406,239
117,221,150,225,148,241,115,236
361,224,388,224,388,245,361,245
152,222,196,228,194,245,150,239
220,228,242,228,242,245,220,245
325,228,358,228,358,241,325,241
261,229,296,229,296,244,261,244
469,242,493,242,493,258,469,258
426,245,468,245,468,262,426,262
110,248,169,248,169,265,110,265
384,250,422,247,423,262,385,266
169,250,240,253,239,271,168,267
352,250,384,250,384,268,352,268
310,252,349,254,349,269,310,267
241,254,281,254,281,269,241,269
284,254,308,254,308,270,284,270
473,266,505,266,505,282,473,282
449,269,476,269,476,285,449,285
339,276,393,272,394,290,340,293
249,278,280,278,280,290,249,290
460,296,484,296,484,313,460,313
412,301,451,299,452,314,413,316
108,300,207,303,206,321,107,318
348,302,378,302,378,320,348,320
381,302,410,302,410,318,381,318
205,303,239,305,238,323,204,321
314,304,346,304,346,321,314,321
240,305,278,305,278,321,240,321
282,308,312,308,312,321,282,321
474,320,508,320,508,338,474,338
449,322,477,322,477,340,449,340
362,328,394,326,395,343,364,346
340,327,366,329,365,345,338,343
246,329,278,329,278,342,246,342
407,355,497,350,498,368,408,374
106,356,236,358,235,377,106,374
281,357,328,357,328,374,281,374
366,357,406,357,406,373,366,373
237,358,278,358,278,374,237,374
333,358,364,358,364,373,333,373
476,376,509,376,509,394,476,394
450,378,477,378,477,396,450,396
340,382,366,384,365,400,338,398
364,382,396,382,396,400,364,400
246,384,277,384,277,397,246,397
461,408,485,408,485,426,461,426
436,409,458,409,458,426,436,426
269,410,302,410,302,430,269,430
304,412,353,412,353,430,304,430
397,412,432,412,432,429,397,429
105,413,234,413,234,430,105,430
234,416,267,412,269,428,236,432
353,416,394,413,395,428,354,431
340,438,397,436,397,456,341,458
102,438,132,438,132,456,102,456
135,436,177,440,175,459,133,455
176,440,204,440,204,458,176,458
477,461,512,461,512,481,477,481
444,462,480,462,480,482,444,482
100,464,129,464,129,481,100,481
362,464,396,464,396,482,362,482
130,464,168,466,167,481,130,479
189,465,210,465,210,480,189,480
244,465,277,465,277,478,244,478
340,465,365,465,365,482,340,482
91,496,134,500,132,519,89,515
134,500,160,500,160,516,134,516
212,502,233,502,233,517,212,517
87,520,131,524,130,543,85,539
446,522,481,522,481,541,446,541
481,522,517,522,517,542,481,542
132,522,174,526,173,542,131,538
81,555,126,559,125,579,79,575
126,558,160,558,160,576,126,576
446,558,486,558,486,577,446,577
482,558,518,558,518,576,482,576
77,582,116,582,116,600,77,600
118,582,174,582,174,601,118,601
177,582,210,582,210,600,177,600
286,586,326,586,326,602,286,602
448,586,488,586,488,606,448,606
484,586,520,586,520,605,484,605
74,629,102,629,102,648,74,648
105,629,144,629,144,648,105,648
162,628,298,630,298,649,162,647
100,663,170,652,174,678,104,688
72,658,100,658,100,681,72,681
174,660,201,660,201,680,174,680
204,660,244,660,244,678,204,678
244,660,304,660,304,681,244,681
71,689,119,693,118,712,69,709
122,694,166,694,166,709,122,709
498,694,524,694,524,714,498,714
72,721,118,721,118,741,72,741
121,724,162,724,162,742,121,742
164,725,208,725,208,744,164,744
481,728,524,727,525,747,482,749
473,729,484,729,484,746,473,746
73,751,123,757,120,778,71,772
124,756,164,756,164,776,124,776
165,757,209,757,209,776,165,776
74,782,105,782,105,802,74,802
106,784,129,784,129,805,106,805
131,779,199,786,197,810,128,803
198,788,236,788,236,806,198,806
237,789,274,789,274,810,237,810
461,793,526,793,526,814,461,814
90,822,114,822,114,842,90,842
116,825,150,825,150,844,116,844
152,825,325,831,325,851,151,846
328,830,381,837,379,858,326,852
382,833,521,836,521,856,382,853
238,860,273,860,273,878,238,878
276,862,326,862,326,882,276,882
328,864,366,864,366,881,328,881
137,875,166,877,165,891,136,889
169,878,205,878,205,892,169,892
208,882,230,882,230,894,208,894
233,882,254,882,254,896,233,896
258,882,292,882,292,898,258,898
296,885,330,885,330,902,296,902
332,885,354,885,354,901,332,901
393,888,450,888,450,905,393,905
357,889,390,889,390,905,357,905
