558,245,643,245,643,273,558,273
482,248,554,245,555,273,483,276
393,251,479,248,480,275,394,277
323,252,387,252,387,277,323,277
767,284,812,284,812,309,767,309
726,286,762,286,762,311,726,311
686,287,721,287,721,312,686,312
490,291,568,291,568,319,490,319
572,291,616,291,616,316,572,316
620,290,683,292,682,316,619,314
439,292,489,295,488,320,437,317
348,295,383,295,383,319,348,319
387,295,435,295,435,319,387,319
277,295,345,298,344,324,276,321
223,298,271,298,271,321,223,321
161,300,222,300,222,323,161,323
485,332,646,332,646,357,485,357
321,335,469,335,469,360,321,360
478,430,542,430,542,463,478,463
543,430,636,430,636,462,543,462
335,435,401,435,401,463,335,463
407,437,474,437,474,463,407,463
685,487,826,484,826,511,686,514
607,490,682,490,682,520,607,520
151,495,191,495,191,524,151,524
193,497,325,494,325,521,193,525
737,549,819,544,819,552,737,557
774,595,831,595,831,630,774,630
677,604,771,604,771,630,677,630
471,614,517,604,523,635,477,644
412,611,472,611,472,638,412,638
147,614,186,614,186,641,147,641
626,655,753,653,753,685,627,688
408,655,590,658,589,694,408,691
141,664,266,661,267,696,142,699
275,666,319,666,319,694,275,694
382,666,399,666,399,687,382,687
335,670,371,670,371,691,335,691
731,706,842,702,843,740,732,744
447,712,510,712,510,748,447,748
421,714,455,714,455,748,421,748
407,773,485,773,485,812,407,812
287,774,399,774,399,808,287,808
140,777,245,784,242,818,138,811
250,780,284,780,284,808,250,808
787,821,853,821,853,856,787,856
735,822,792,822,792,862,735,862
458,826,520,826,520,860,458,860
410,828,463,828,463,863,410,863
545,888,630,888,630,924,545,924
378,890,444,890,444,929,378,929
529,892,545,892,545,920,529,920
328,892,367,892,367,925,328,925
136,895,254,895,254,927,136,927
261,894,323,894,323,929,261,929
447,897,520,893,522,928,450,932
744,945,801,945,801,984,744,984
794,945,860,945,860,982,794,982
421,949,513,949,513,986,421,986
745,1020,866,1015,868,1060,747,1065
218,1018,282,1018,282,1059,218,1059
126,1020,220,1027,217,1069,123,1062
290,1019,374,1029,369,1067,286,1056
255,1114,325,1114,325,1146,255,1146
435,1116,534,1116,534,1148,435,1148
375,1117,431,1117,431,1153,375,1153
542,1117,607,1117,607,1151,542,1151
673,1117,730,1117,730,1151,673,1151
611,1119,671,1119,671,1155,611,1155
330,1122,372,1125,370,1149,329,1146
