293,196,352,190,354,209,295,214
187,209,288,197,291,215,190,228
332,221,371,217,373,231,333,235
300,223,330,219,332,234,301,238
270,225,298,225,298,240,270,240
234,230,266,230,266,245,234,245
204,233,232,233,232,248,204,248
168,234,203,236,202,251,167,249
70,268,89,268,89,278,70,278
322,277,389,269,392,296,326,304
273,282,321,282,321,309,273,309
217,291,270,286,272,311,219,315
164,292,213,292,213,318,164,318
430,296,465,296,465,314,430,314
372,306,428,298,431,316,375,324
329,310,357,310,357,332,329,332
292,317,326,317,326,332,292,332
226,324,263,320,265,337,228,341
185,326,208,326,208,342,185,342
114,328,160,330,159,348,114,346
78,330,110,330,110,346,78,346
368,332,392,332,392,350,368,350
348,336,365,336,365,353,348,353
334,338,346,338,346,353,334,353
309,341,331,339,333,354,311,356
273,345,309,342,310,358,274,360
446,347,480,342,483,360,448,365
240,351,272,344,275,360,243,367
413,352,446,347,448,364,415,369
197,352,239,349,240,365,198,367
71,357,197,351,198,370,72,375
334,364,368,359,370,377,336,381
304,365,334,365,334,382,304,382
219,376,251,373,252,387,220,389
312,394,334,394,334,412,312,412
256,400,309,396,310,414,257,418
237,404,254,404,254,417,237,417
201,407,235,403,237,419,203,423
103,410,199,406,200,424,104,428
71,413,105,411,106,429,72,431
327,420,373,412,376,430,330,438
455,428,490,424,492,443,457,447
433,430,460,430,460,448,433,448
152,434,178,434,178,452,152,452
105,436,150,436,150,453,105,453
70,438,102,436,103,453,72,455
327,446,375,439,378,459,330,466
221,456,256,452,258,466,223,470
105,462,144,462,144,478,105,478
72,464,102,464,102,481,72,481
465,484,504,484,504,512,465,512
429,493,464,489,466,507,431,512
114,498,142,498,142,516,114,516
68,499,114,500,113,521,67,519
468,524,504,519,507,539,471,544
116,524,162,524,162,542,116,542
68,524,115,526,114,547,67,545
433,527,474,525,475,545,434,547
471,553,508,549,511,569,474,573
436,557,478,555,479,574,437,576
116,560,150,560,150,580,116,580
68,560,115,562,114,584,67,582
279,574,321,572,322,591,280,593
173,581,206,581,206,601,173,601
459,588,510,579,514,600,463,609
110,588,170,583,171,602,112,607
67,590,109,588,109,607,68,609
153,618,202,614,204,634,155,638
128,620,152,620,152,638,128,638
101,621,126,621,126,641,101,641
68,624,98,624,98,644,68,644
165,663,299,650,301,670,167,684
105,668,146,665,147,685,107,688
76,670,105,670,105,690,76,690
213,690,254,690,254,706,213,706
153,696,211,690,213,710,155,716
501,693,526,693,526,713,501,713
105,699,152,695,154,716,107,719
76,700,105,700,105,724,76,724
476,730,530,727,531,749,477,753
128,733,175,729,177,745,129,749
73,735,124,731,126,751,75,755
173,759,219,754,221,774,175,779
129,762,172,762,172,782,129,782
74,766,125,762,127,784,76,788
175,793,223,788,225,807,178,813
130,796,175,792,177,814,132,818
472,800,538,795,539,819,473,823
77,801,130,801,130,821,77,821
253,816,292,816,292,838,253,838
212,821,251,819,252,839,213,841
139,823,211,821,212,846,140,848
114,830,138,830,138,852,114,852
77,833,111,831,113,851,78,854
401,849,542,843,543,866,402,871
346,852,400,852,400,878,346,878
159,871,344,852,347,877,161,895
93,874,121,874,121,900,93,900
124,876,160,876,160,897,124,897
348,889,388,889,388,913,348,913
291,901,345,888,351,913,296,925
256,901,292,901,292,921,256,921
416,917,476,911,479,933,419,939
381,918,416,918,416,941,381,941
353,920,378,920,378,941,353,941
314,922,353,922,353,948,314,948
276,929,313,929,313,948,276,948
249,930,273,930,273,950,249,950
176,936,217,936,217,957,176,957
220,936,245,936,245,953,220,953
142,940,173,940,173,958,142,958
