313,342,421,342,421,360,313,360
428,342,492,342,492,360,428,360
287,365,325,371,323,387,285,382
326,369,357,369,357,385,326,385
360,369,394,369,394,384,360,384
398,370,430,370,430,386,398,386
434,370,466,370,466,385,434,385
469,370,512,370,512,385,469,385
166,392,200,392,200,406,166,406
277,430,330,430,330,458,277,458
397,433,450,433,450,460,397,460
456,433,526,433,526,461,456,461
336,434,393,434,393,460,336,460
182,468,218,468,218,486,182,486
222,465,271,473,268,493,219,485
297,470,322,470,322,489,297,489
344,470,384,470,384,489,344,489
414,472,453,472,453,490,414,490
454,475,485,470,488,490,457,494
508,473,568,473,568,492,508,492
569,473,606,473,606,492,569,492
176,498,230,498,230,517,176,517
230,497,319,500,318,519,230,517
321,501,345,501,345,518,321,518
413,502,446,502,446,521,413,521
449,502,474,502,474,521,449,521
476,502,512,502,512,521,476,521
346,504,409,504,409,518,346,518
514,503,550,505,549,523,513,521
552,505,574,505,574,522,552,522
580,505,605,505,605,522,580,522
285,530,293,530,293,542,285,542
330,529,365,529,365,544,330,544
434,532,461,532,461,552,434,552
458,532,494,532,494,549,458,549
557,533,585,533,585,554,557,554
584,533,618,533,618,552,584,552
177,559,318,561,318,581,177,578
345,561,380,561,380,581,345,581
321,562,344,562,344,580,321,580
381,562,417,562,417,581,381,581
418,564,453,564,453,582,418,582
456,565,482,565,482,582,456,582
329,592,365,592,365,605,329,605
442,594,493,592,493,611,442,614
566,597,584,597,584,614,566,614
582,597,617,597,617,614,582,614
177,621,296,622,295,642,177,640
294,622,318,622,318,641,294,641
320,624,344,624,344,641,320,641
345,624,377,624,377,642,345,642
437,625,468,625,468,644,437,644
380,626,436,626,436,642,380,642
470,628,497,628,497,645,470,645
329,653,365,653,365,666,329,666
441,654,458,654,458,673,441,673
457,654,492,654,492,673,457,673
556,657,578,657,578,674,556,674
580,658,616,658,616,676,580,676
177,682,314,682,314,701,177,701
320,685,344,685,344,702,320,702
344,685,377,685,377,702,344,702
426,686,464,688,463,705,425,703
468,688,502,688,502,708,468,708
505,688,532,688,532,705,505,705
378,689,422,689,422,705,378,705
329,712,364,712,364,726,329,726
441,714,490,714,490,734,441,734
562,717,612,717,612,736,562,736
173,741,220,746,218,766,171,762
220,745,244,745,244,764,220,764
175,763,222,769,219,790,172,784
221,768,266,772,265,791,220,787
552,780,613,780,613,798,552,798
176,792,214,792,214,812,176,812
217,794,272,794,272,813,217,813
273,796,306,796,306,814,273,814
386,802,426,802,426,821,386,821
552,809,612,810,611,830,551,828
193,836,217,836,217,856,193,856
218,837,252,837,252,857,218,857
253,837,421,842,421,862,252,857
424,844,473,844,473,866,424,866
474,844,605,848,605,868,474,865
336,873,369,873,369,892,336,892
370,876,420,876,420,896,370,896
422,876,458,876,458,894,422,894
230,894,260,894,260,912,230,912
262,896,300,896,300,913,262,913
328,898,349,898,349,913,328,913
352,898,385,898,385,914,352,914
302,900,324,900,324,913,302,913
389,900,422,900,422,920,389,920
424,900,446,900,446,917,424,917
482,901,537,901,537,920,482,920
448,902,481,902,481,921,448,921
