375,405,431,402,432,420,376,423
276,408,370,405,371,424,277,426
409,432,448,432,448,446,409,446
381,433,408,433,408,448,381,448
352,434,378,434,378,450,352,450
290,436,317,436,317,453,290,453
318,436,349,436,349,450,318,450
257,437,290,437,290,454,257,454
170,466,186,466,186,477,170,477
398,492,460,492,460,517,398,517
352,493,396,493,396,518,352,518
253,496,298,496,298,520,253,520
302,496,348,496,348,518,302,518
496,521,516,521,516,537,496,537
443,523,493,521,493,537,444,538
514,524,526,524,526,536,514,536
401,525,426,525,426,544,401,544
366,526,398,526,398,541,366,541
270,528,293,528,293,545,270,545
308,528,340,528,340,542,308,542
177,530,206,530,206,545,177,545
209,529,248,532,247,548,208,545
489,546,510,546,510,564,489,564
432,549,462,549,462,566,432,566
466,549,485,549,485,562,466,562
346,550,390,550,390,565,346,565
320,552,345,552,345,566,320,566
392,552,429,552,429,566,392,566
244,553,272,553,272,570,244,570
269,553,290,553,290,569,269,569
290,553,318,553,318,568,290,568
172,555,245,553,245,571,173,573
508,569,538,569,538,585,508,585
477,570,510,570,510,586,477,586
374,573,408,573,408,590,374,590
405,573,436,573,436,590,405,590
300,576,329,576,329,589,300,589
469,600,492,600,492,616,469,616
421,601,468,601,468,617,421,617
338,602,392,602,392,617,338,617
393,602,417,602,417,616,393,616
317,604,336,604,336,620,317,620
218,605,284,605,284,622,218,622
173,606,218,606,218,622,173,622
284,606,314,606,314,618,284,618
396,625,410,625,410,641,396,641
409,625,440,625,440,641,409,641
241,629,264,629,264,645,241,645
174,630,201,630,201,646,174,646
202,630,240,630,240,646,202,646
512,648,542,648,542,664,512,664
490,649,514,649,514,665,490,665
397,652,405,652,405,665,397,665
409,650,438,650,438,668,409,668
300,653,332,653,332,665,300,665
174,654,201,654,201,670,174,670
202,654,234,654,234,669,202,669
461,676,493,680,491,698,459,694
494,677,517,677,517,694,494,694
408,678,458,678,458,694,408,694
366,679,405,681,405,696,365,694
174,683,285,679,285,697,174,701
285,681,313,681,313,696,285,696
316,682,344,682,344,696,316,696
345,682,365,682,365,694,345,694
493,702,517,702,517,718,493,718
514,702,546,702,546,720,514,720
389,704,413,704,413,720,389,720
410,704,441,704,441,720,410,720
302,705,333,705,333,718,302,718
168,740,210,744,208,763,166,759
209,742,230,742,230,758,209,758
488,761,525,761,525,780,488,780
521,761,553,761,553,780,521,780
168,763,210,767,208,787,166,783
209,765,249,767,249,785,208,783
490,796,526,796,526,814,490,814
522,796,556,796,556,814,522,814
168,798,208,800,207,820,167,818
208,800,238,800,238,817,208,817
168,822,204,822,204,841,168,841
205,822,256,822,256,840,205,840
256,822,285,822,285,837,256,837
524,822,556,822,556,841,524,841
349,824,385,824,385,841,349,841
492,824,524,824,524,841,492,841
240,857,386,859,386,880,239,878
529,858,552,858,552,874,529,874
432,862,530,858,531,877,433,881
185,861,208,861,208,880,185,880
388,861,433,861,433,884,388,884
209,862,238,862,238,880,209,880
312,889,342,889,342,908,312,908
342,892,386,892,386,912,342,912
388,892,421,892,421,909,388,909
444,912,493,912,493,929,444,929
220,913,246,913,246,929,220,929
248,913,281,913,281,929,248,929
284,913,302,913,302,926,284,926
305,913,325,913,325,929,305,929
328,913,357,913,357,932,328,932
358,914,389,914,389,934,358,934
390,914,412,914,412,932,390,932
413,914,442,914,442,932,413,932
