389,112,417,112,417,132,389,132
360,113,390,113,390,133,360,133
294,116,359,113,360,134,294,136
264,117,296,117,296,137,264,137
233,118,264,118,264,137,233,137
393,137,421,137,421,157,393,157
364,140,394,140,394,158,364,158
317,140,365,144,363,164,316,161
253,142,318,142,318,162,253,162
233,144,253,144,253,164,233,164
377,165,409,165,409,185,377,185
304,167,337,169,335,189,303,187
334,167,378,169,377,189,333,187
273,169,305,169,305,189,273,189
54,169,188,169,188,206,54,206
250,170,270,170,270,190,250,190
354,192,393,192,393,212,354,212
267,196,354,192,355,214,268,218
298,242,341,242,341,261,298,261
260,244,292,244,292,264,260,264
189,246,222,246,222,266,189,266
229,246,253,246,253,265,229,265
388,262,471,259,472,279,389,283
369,265,390,265,390,282,369,282
290,269,313,269,313,286,290,286
260,270,284,270,284,289,260,289
150,273,253,273,253,294,150,294
109,276,150,276,150,297,109,297
58,280,101,280,101,300,58,300
399,287,482,282,483,301,400,307
352,289,402,289,402,309,352,309
61,302,104,302,104,324,61,324
110,302,142,302,142,321,110,321
105,308,112,308,112,320,105,320
416,332,477,332,477,353,416,353
345,340,366,340,366,358,345,358
272,344,307,339,310,360,275,365
245,345,269,345,269,364,245,364
104,352,148,352,148,372,104,372
64,354,97,354,97,374,64,374
446,358,469,358,469,376,446,376
386,361,440,361,440,380,386,380
345,364,378,361,379,381,347,383
297,368,338,368,338,385,297,385
216,372,289,367,290,387,217,391
177,373,210,373,210,393,177,393
157,376,176,376,176,392,157,392
126,378,149,378,149,396,126,396
65,381,117,381,117,398,65,398
456,382,490,380,491,399,457,402
428,384,452,384,452,402,428,402
368,389,380,389,380,405,368,405
288,392,321,392,321,410,288,410
258,394,282,394,282,412,258,412
66,404,199,397,201,417,68,425
460,432,495,429,496,449,461,451
432,433,456,433,456,452,432,452
242,441,285,441,285,462,242,462
172,445,216,445,216,466,172,466
222,446,242,446,242,462,222,462
120,449,164,446,166,468,121,471
70,452,113,452,113,473,70,473
474,457,485,457,485,472,474,472
193,469,237,469,237,490,193,490
172,472,185,472,185,490,172,490
121,474,166,471,167,493,123,496
72,477,116,477,116,498,72,498
465,481,498,481,498,500,465,500
436,482,461,482,461,501,436,501
185,496,218,493,219,515,186,517
122,500,178,496,179,518,124,522
72,501,116,501,116,524,72,524
468,505,501,505,501,524,468,524
438,506,462,506,462,525,438,525
136,525,169,525,169,545,136,545
84,526,128,526,128,548,84,548
128,548,160,548,160,570,128,570
168,549,201,549,201,569,168,569
73,553,119,550,120,572,75,575
371,560,423,558,424,578,372,580
320,562,363,559,365,581,321,584
280,565,314,565,314,588,280,588
208,568,232,568,232,590,208,590
240,570,273,570,273,589,240,589
157,575,201,571,202,592,159,596
388,634,432,634,432,656,388,656
326,638,382,638,382,658,326,658
286,640,321,640,321,661,286,661
245,644,278,644,278,665,245,665
192,646,237,644,238,666,193,668
153,648,185,648,185,670,153,670
482,656,516,656,516,676,482,676
432,658,476,658,476,677,432,677
378,662,424,657,426,678,381,683
360,662,382,662,382,682,360,682
288,668,351,664,352,684,289,688
257,670,281,670,281,689,257,689
204,674,247,671,249,691,205,694
122,680,197,675,198,695,124,700
81,684,114,684,114,702,81,702
426,710,461,710,461,730,426,730
386,712,420,712,420,733,386,733
313,716,336,716,336,738,313,738
344,716,378,716,378,737,344,737
249,721,306,718,307,740,250,743
207,727,242,722,244,743,210,747
177,728,202,728,202,748,177,748
136,729,170,729,170,752,136,752
478,737,514,733,516,751,480,755
396,740,482,734,483,754,397,760
356,742,388,742,388,762,356,762
303,746,357,743,358,763,304,766
177,755,296,746,298,767,178,776
82,764,127,758,129,779,84,785
126,760,169,760,169,778,126,778
