273,371,353,359,356,383,276,395
176,388,269,374,272,395,179,410
123,393,171,389,173,411,125,415
322,390,346,390,346,402,322,402
302,393,321,393,321,406,302,406
289,397,304,397,304,409,289,409
255,399,287,397,288,411,256,413
228,404,254,404,254,418,228,418
202,409,226,409,226,421,202,421
168,414,199,412,200,425,169,427
296,428,398,413,400,427,299,442
265,416,288,416,288,432,265,432
142,417,166,417,166,430,142,430
206,425,226,425,226,440,206,440
273,432,297,432,297,445,273,445
253,434,272,434,272,448,253,448
218,442,251,437,253,449,220,454
188,446,219,442,221,456,189,459
172,448,189,448,189,461,172,461
124,459,170,450,172,463,127,472
97,458,125,458,125,472,97,472
164,468,202,460,204,474,167,481
129,469,166,469,166,486,129,486
378,471,415,467,417,480,380,485
100,476,126,476,126,489,100,489
303,484,324,481,326,495,305,498
144,485,181,483,182,496,145,499
293,486,305,486,305,498,293,498
100,492,141,485,144,501,103,507
250,494,266,494,266,505,250,505
400,496,424,493,426,507,401,510
385,498,401,498,401,512,385,512
184,502,210,502,210,517,184,517
158,508,182,508,182,521,158,521
311,511,336,508,338,522,312,524
296,513,312,513,312,526,296,526
384,526,428,518,431,532,387,540
202,521,221,521,221,534,202,534
175,526,201,524,202,538,176,540
150,530,175,526,177,540,152,545
133,533,150,533,150,546,133,546
389,549,434,542,436,557,391,564
133,548,170,543,172,558,134,563
391,564,436,555,439,570,394,579
180,560,212,560,212,574,180,574
132,569,178,561,181,575,135,584
433,576,441,576,441,585,433,585
184,585,219,581,221,595,185,599
137,593,183,588,185,602,139,608
421,592,446,589,447,604,422,607
216,594,245,592,246,606,217,608
405,596,422,596,422,610,405,610
171,603,215,595,217,610,173,617
139,609,171,603,173,618,141,623
170,620,201,614,204,628,172,634
142,622,170,622,170,638,142,638
214,628,242,628,242,644,214,644
189,633,214,633,214,649,189,649
158,640,188,640,188,654,158,654
