242,444,376,444,376,468,242,468
382,445,458,445,458,468,382,468
265,484,298,484,298,505,265,505
217,482,263,487,262,507,215,503
302,485,345,485,345,505,302,505
349,485,385,485,385,505,349,505
390,485,426,485,426,505,390,505
430,484,479,488,478,507,429,503
84,518,118,518,118,534,84,534
212,562,274,560,275,594,213,596
349,563,408,561,410,594,350,596
414,564,496,564,496,596,414,596
280,566,344,566,344,594,280,594
289,608,333,608,333,628,289,628
369,607,413,609,413,629,368,627
412,613,446,604,453,626,418,635
541,606,583,608,582,629,540,627
106,609,146,609,146,629,106,629
151,606,207,612,204,634,149,628
236,609,264,609,264,628,236,628
473,609,538,609,538,629,473,629
428,641,473,641,473,662,428,662
99,642,261,642,261,664,99,664
264,642,297,642,297,662,264,662
301,641,379,645,378,665,300,662
381,642,421,642,421,662,381,662
476,642,526,642,526,662,476,662
536,642,565,642,565,662,536,662
390,674,458,674,458,697,390,697
528,673,562,677,559,698,526,694
557,674,596,674,596,694,557,694
274,676,316,676,316,693,274,693
221,677,232,677,232,692,221,692
92,717,145,722,143,746,90,740
145,721,177,721,177,742,145,742
253,725,265,725,265,741,253,741
92,746,146,752,143,777,90,771
562,749,602,749,602,769,562,769
534,750,566,750,566,772,534,772
147,750,198,754,197,776,145,772
92,782,137,782,137,804,92,804
209,782,248,782,248,804,209,804
141,784,205,784,205,804,141,804
342,786,389,786,389,808,342,808
536,786,568,786,568,809,536,809
565,786,604,786,604,806,565,806
112,832,141,832,141,856,112,856
184,833,384,833,384,857,184,857
386,833,444,833,444,861,386,861
448,834,601,834,601,856,448,856
144,836,182,836,182,856,144,856
323,878,381,870,384,896,326,904
385,873,429,873,429,897,385,897
284,876,322,876,322,897,284,897
160,902,193,902,193,924,160,924
197,904,240,904,240,925,197,925
274,905,300,905,300,926,274,926
460,904,525,904,525,928,460,928
304,906,344,908,343,928,303,926
346,905,386,905,386,930,346,930
389,906,416,906,416,928,389,928
417,905,458,905,458,930,417,930
529,909,537,909,537,922,529,922
244,909,270,909,270,925,244,925
