394,240,421,240,421,258,394,258
420,241,444,241,444,258,420,258
324,242,350,242,350,260,324,260
349,242,376,242,376,260,349,260
374,242,396,242,396,260,374,260
308,262,322,262,322,281,308,281
406,262,433,262,433,281,406,281
433,261,464,265,462,283,431,280
324,264,345,264,345,282,324,282
344,264,370,264,370,282,344,282
369,264,393,264,393,282,369,282
396,265,404,265,404,280,396,280
158,278,269,278,269,309,158,309
388,284,425,288,423,307,386,303
424,285,450,285,450,302,424,302
318,286,336,286,336,304,318,304
337,286,364,286,364,302,337,302
362,286,386,286,386,304,362,304
353,308,404,308,404,326,353,326
401,308,436,308,436,325,401,325
333,310,354,310,354,326,333,326
265,348,293,348,293,364,265,364
298,348,318,348,318,365,298,365
354,348,390,348,390,362,354,362
324,349,350,349,350,364,324,364
427,367,497,365,497,382,428,384
157,368,194,368,194,386,157,386
198,368,234,368,234,384,198,384
233,368,318,368,318,386,233,386
322,369,342,369,342,385,322,385
341,369,365,369,365,384,341,384
412,369,429,369,429,382,412,382
437,386,505,386,505,404,437,404
158,388,194,388,194,406,158,406
397,388,438,388,438,402,397,402
200,389,225,389,225,404,200,404
194,393,201,393,201,404,194,404
446,427,497,424,498,441,446,443
158,429,186,429,186,448,158,448
192,428,230,430,229,448,191,446
332,429,360,429,360,446,332,446
389,429,406,429,406,444,389,444
308,430,326,430,326,444,308,444
324,448,352,448,352,466,324,466
260,449,294,449,294,466,260,466
373,449,400,449,400,465,373,465
158,450,213,450,213,466,158,466
217,450,252,450,252,465,217,465
300,450,317,450,317,464,300,464
357,452,366,452,366,464,357,464
406,453,414,453,414,464,406,464
478,466,506,466,506,481,478,481
454,468,480,468,480,482,454,482
341,469,366,469,366,484,341,484
408,470,414,470,414,482,408,482
158,470,242,470,242,485,158,485
242,470,269,470,269,485,242,485
316,470,336,470,336,484,316,484
242,508,280,508,280,526,242,526
300,509,337,507,338,525,301,527
456,508,474,508,474,522,456,522
480,508,508,508,508,522,480,522
160,509,196,509,196,528,160,528
201,509,238,509,238,528,201,528
284,510,301,510,301,524,284,524
260,528,296,528,296,546,260,546
160,529,197,529,197,548,160,548
202,529,238,529,238,548,202,548
490,530,500,530,500,541,490,541
242,530,253,530,253,545,242,545
252,549,278,549,278,566,252,566
456,549,476,549,476,564,456,564
481,549,509,549,509,562,481,562
160,550,196,550,196,569,160,569
201,550,246,550,246,566,201,566
449,569,476,569,476,584,449,584
481,569,509,569,509,584,481,584
168,572,205,572,205,589,168,589
210,573,237,573,237,589,210,589
481,590,510,588,511,605,482,607
202,590,229,590,229,609,202,609
457,590,477,590,477,605,457,605
158,592,196,592,196,610,158,610
234,593,262,593,262,608,234,608
358,609,394,609,394,628,358,628
400,609,442,609,442,628,400,628
325,610,353,610,353,629,325,629
225,613,261,611,262,629,226,631
266,612,286,612,286,629,266,629
292,612,318,612,318,626,292,626
325,672,354,672,354,690,325,690
217,673,244,673,244,693,217,693
249,674,286,672,287,691,250,693
408,673,445,673,445,692,408,692
360,674,403,676,402,691,359,689
292,676,320,676,320,690,292,690
400,694,438,694,438,712,400,712
326,696,378,696,378,713,326,713
384,696,401,696,401,710,384,710
258,697,293,697,293,712,258,712
301,697,320,697,320,712,301,712
442,697,478,697,478,712,442,712
485,697,514,697,514,714,485,714
192,698,253,698,253,714,192,714
158,700,185,700,185,716,158,716
292,738,338,736,339,754,293,756
344,737,362,737,362,754,344,754
401,737,430,737,430,756,401,756
200,738,229,738,229,757,200,757
233,738,254,738,254,757,233,757
260,738,288,738,288,756,260,756
368,738,397,738,397,756,368,756
436,740,465,740,465,756,436,756
233,760,329,760,329,777,233,777
334,760,402,760,402,776,334,776
409,761,478,761,478,777,409,777
157,762,184,762,184,777,157,777
185,764,192,764,192,777,185,777
193,762,225,762,225,777,193,777
478,762,506,762,506,777,478,777
