186,88,397,88,397,164,186,164
414,102,677,98,677,157,414,160
541,193,578,193,578,218,541,218
581,193,632,193,632,222,581,222
476,194,538,194,538,224,476,224
385,198,473,200,473,227,384,225
249,199,381,202,381,233,248,229
500,232,567,229,568,254,501,257
428,233,499,230,500,256,429,259
322,236,426,233,427,259,322,263
512,272,613,272,613,316,512,316
278,281,410,276,411,321,280,326
416,282,504,282,504,321,416,321
453,344,590,340,591,366,454,371
260,353,305,353,305,385,260,385
114,354,154,354,154,380,114,380
324,356,361,356,361,381,324,381
308,368,318,368,318,376,308,376
684,373,778,369,779,394,685,399
649,377,689,377,689,400,649,400
458,384,536,384,536,414,458,414
116,394,157,394,157,421,116,421
161,396,216,396,216,421,161,421
745,412,782,412,782,437,745,437
714,413,749,413,749,437,714,437
460,426,506,426,506,452,460,452
510,432,549,428,551,448,512,451
264,437,334,434,335,460,265,463
118,438,169,438,169,465,118,465
174,438,237,438,237,465,174,465
274,481,347,477,348,503,276,507
180,490,262,477,267,508,185,520
121,486,178,486,178,512,121,512
717,504,790,504,790,530,717,530
594,512,635,509,637,537,596,539
570,517,600,517,600,540,570,540
465,521,496,521,496,546,465,546
303,529,357,525,359,553,305,557
249,530,298,530,298,558,249,558
128,542,158,542,158,561,128,561
746,552,793,552,793,578,746,578
713,554,744,554,744,580,713,580
590,561,638,561,638,588,590,588
556,564,586,564,586,590,556,590
477,569,509,569,509,594,477,594
457,573,481,573,481,598,457,598
165,587,295,580,296,607,166,614
134,593,148,593,148,613,134,613
730,644,788,640,790,667,732,671
689,645,728,645,728,674,689,674
300,669,379,666,380,696,301,699
195,678,295,670,297,703,197,710
381,674,393,674,393,693,381,693
120,685,191,679,193,711,123,717
756,730,797,730,797,753,756,753
725,732,752,732,752,756,725,756
198,772,253,772,253,796,198,796
122,779,193,772,196,799,124,806
180,808,242,808,242,834,180,834
596,818,687,805,691,837,601,850
123,815,176,811,178,838,125,842
543,821,600,817,603,848,545,853
490,825,543,821,545,847,492,851
466,824,490,824,490,850,466,850
318,835,407,828,409,856,320,863
406,832,463,828,465,856,408,861
285,890,358,890,358,921,285,921
225,900,281,894,284,923,228,929
186,904,228,904,228,936,186,936
375,963,516,950,519,977,377,990
281,971,347,965,349,992,284,999
210,980,279,978,280,1005,210,1007
