324,73,371,70,372,85,325,89
405,70,438,70,438,86,405,86
374,72,402,72,402,84,374,84
450,72,514,72,514,86,450,86
293,73,322,73,322,86,293,86
250,74,292,74,292,92,250,92
384,116,435,117,434,134,383,133
437,120,477,120,477,134,437,134
345,121,381,121,381,134,345,134
312,122,341,122,341,137,312,137
545,165,572,165,572,184,545,184
493,166,545,166,545,185,493,185
573,166,601,166,601,181,573,181
188,174,212,174,212,192,188,192
540,201,569,201,569,216,540,216
570,201,594,201,594,217,570,217
594,204,602,204,602,217,594,217
189,210,228,210,228,228,189,228
228,210,249,210,249,226,228,226
552,229,606,233,605,255,550,251
486,234,547,232,548,252,486,255
432,236,480,236,480,252,432,252
190,242,281,240,281,263,190,265
546,282,577,282,577,298,546,298
505,284,544,284,544,297,505,297
480,285,502,285,502,298,480,298
593,286,601,286,601,298,593,298
321,290,354,290,354,306,321,306
357,290,377,290,377,308,357,308
198,293,228,293,228,310,198,310
229,293,250,293,250,310,229,310
528,309,577,314,575,331,526,326
484,335,535,333,536,349,485,351
538,336,577,336,577,352,538,352
328,344,357,344,357,361,328,361
358,344,378,344,378,358,358,358
201,346,230,346,230,364,201,364
232,346,253,346,253,364,232,364
546,356,576,356,576,370,546,370
506,357,544,357,544,370,506,370
472,358,502,358,502,372,472,372
290,399,318,396,319,413,292,415
482,402,517,400,517,413,482,415
520,401,548,401,548,416,520,416
421,405,440,405,440,420,421,420
356,406,380,406,380,421,356,421
233,410,252,410,252,424,233,424
298,420,313,420,313,433,298,433
542,445,581,437,584,452,545,460
584,442,609,442,609,456,584,456
480,444,513,444,513,457,480,457
513,445,537,445,537,457,513,457
442,446,477,446,477,460,442,460
570,469,609,469,609,484,570,484
524,473,565,473,565,485,524,485
434,477,494,474,495,487,434,490
494,474,525,474,525,488,494,488
365,478,425,478,425,492,365,492
562,501,591,499,592,513,562,515
593,500,612,500,612,513,593,513
537,501,556,501,556,514,537,514
510,502,536,502,536,514,510,514
444,530,468,530,468,545,444,545
348,534,442,530,443,546,349,550
393,564,450,560,451,578,394,582
364,564,392,564,392,582,364,582
478,593,522,593,522,610,478,610
430,594,476,594,476,613,430,613
356,597,426,594,427,613,357,617
297,600,352,600,352,621,297,621
428,626,488,626,488,641,428,641
330,632,426,628,427,646,330,650
382,648,437,648,437,668,382,668
452,650,481,650,481,665,452,665
341,654,380,654,380,670,341,670
426,672,489,668,490,688,427,692
576,669,605,669,605,684,576,684
537,670,572,670,572,685,537,685
502,672,534,672,534,686,502,686
356,674,384,674,384,693,356,693
388,676,424,676,424,690,388,690
252,683,287,676,290,695,255,701
290,680,341,680,341,697,290,697
216,684,252,684,252,698,216,698
390,706,436,703,438,725,392,728
543,728,599,725,600,745,544,748
509,729,541,729,541,749,509,749
456,732,504,730,505,753,457,755
414,733,453,733,453,753,414,753
351,736,410,733,411,757,352,759
297,740,346,736,347,758,299,762
228,740,281,740,281,766,228,766
