145,251,195,251,195,263,145,263
145,268,238,268,238,280,145,280
201,283,245,283,245,295,201,295
145,283,168,283,168,296,145,296
171,283,188,283,188,296,171,296
193,285,201,285,201,296,193,296
256,296,330,296,330,311,256,311
145,300,173,300,173,313,145,313
179,300,211,298,212,311,180,313
213,298,258,298,258,311,213,311
176,313,195,313,195,328,176,328
211,315,245,315,245,328,211,328
243,313,316,313,316,328,243,328
321,313,343,313,343,328,321,328
341,313,360,313,360,328,341,328
144,317,173,315,174,328,145,330
201,316,213,316,213,328,201,328
276,346,295,346,295,361,276,361
313,346,345,346,345,361,313,361
235,348,275,348,275,361,235,361
413,361,446,361,446,378,413,378
393,365,410,365,410,376,393,376
141,365,160,365,160,378,141,378
165,366,180,366,180,378,165,378
141,397,174,399,173,415,140,413
176,398,216,398,216,413,176,413
220,398,253,398,253,413,220,413
393,400,418,400,418,411,393,411
423,400,448,400,448,411,423,411
393,413,418,413,418,430,393,430
421,413,448,413,448,428,421,428
141,413,174,416,173,432,140,429
176,415,210,415,210,430,176,430
206,431,238,431,238,446,206,446
381,433,396,433,396,446,381,446
393,431,420,431,420,446,393,446
421,431,448,431,448,445,421,445
141,433,173,433,173,448,141,448
178,435,201,435,201,446,178,446
138,449,171,447,172,463,140,465
176,448,201,448,201,463,176,463
205,448,246,448,246,463,205,463
423,448,448,448,448,463,423,463
396,451,420,451,420,463,396,463
140,466,185,466,185,483,140,483
185,468,223,468,223,481,185,481
140,482,174,484,172,500,139,498
176,483,216,483,216,498,176,498
220,483,253,483,253,498,220,498
395,483,421,483,421,498,395,498
423,483,450,483,450,498,423,498
381,486,398,486,398,498,381,498
301,500,333,500,333,516,301,516
258,501,298,501,298,516,258,516
420,516,451,516,451,531,420,531
138,518,156,518,156,533,138,533
161,518,178,518,178,533,161,533
396,518,415,518,415,533,396,533
271,520,288,520,288,533,271,533
138,553,171,553,171,568,138,568
385,555,393,555,393,568,385,568
396,553,423,553,423,568,396,568
421,553,451,553,451,568,421,568
175,555,200,555,200,568,175,568
381,566,420,566,420,596,381,596
166,571,193,571,193,586,166,586
198,571,223,571,223,586,198,586
138,573,165,573,165,586,138,586
138,590,170,590,170,605,138,605
175,590,208,590,208,606,175,606
211,590,253,590,253,605,211,605
256,590,290,590,290,605,256,605
428,606,455,606,455,621,428,621
136,608,178,608,178,623,136,623
400,608,425,608,425,623,400,623
160,625,178,625,178,641,160,641
136,626,161,626,161,640,136,640
181,626,206,626,206,641,181,641
211,625,245,627,244,643,210,641
386,638,428,638,428,668,386,668
345,640,386,640,386,675,345,675
136,643,161,643,161,660,136,660
166,643,193,643,193,660,166,660
431,643,456,643,456,658,431,658
196,645,230,645,230,660,196,660
318,646,340,646,340,680,318,680
136,661,161,661,161,678,136,678
165,663,191,663,191,678,165,678
196,663,216,663,216,678,196,678
136,680,161,680,161,696,136,696
165,680,191,680,191,696,165,696
196,680,236,680,236,696,196,696
156,698,191,698,191,716,156,716
195,698,215,698,215,715,195,715
135,700,151,700,151,715,135,715
218,700,245,700,245,715,218,715
250,700,291,700,291,715,250,715
295,700,320,700,320,715,295,715
135,718,168,718,168,736,135,736
173,718,206,718,206,735,173,735
388,720,398,720,398,733,388,733
403,718,428,718,428,733,403,733
431,718,458,718,458,733,431,733
180,756,215,756,215,771,180,771
220,756,253,756,253,771,220,771
435,756,461,756,461,771,435,771
135,758,176,758,176,773,135,773
203,775,238,775,238,791,203,791
133,776,160,776,160,793,133,793
165,776,198,776,198,793,165,793
241,776,268,776,268,791,241,791
218,813,253,813,253,831,218,831
131,815,166,815,166,831,131,831
170,815,191,815,191,831,170,831
195,815,211,815,211,831,195,831
130,835,166,835,166,868,130,868
168,835,206,835,206,866,168,866
130,866,165,866,165,883,130,883
201,866,221,866,221,883,201,883
225,866,261,866,261,883,225,883
265,866,308,866,308,883,265,883
398,866,426,866,426,883,398,883
430,866,456,866,456,881,430,881
168,868,196,868,196,883,168,883
130,886,165,886,165,905,130,905
168,886,188,886,188,905,168,905
195,886,236,886,236,903,195,903
126,908,165,908,165,941,126,941
200,908,246,908,246,940,200,940
166,910,196,910,196,940,166,940
126,963,180,963,180,980,126,980
126,983,186,983,186,1001,126,1001
158,1005,186,1005,186,1021,158,1021
191,1005,220,1005,220,1021,191,1021
126,1006,155,1006,155,1021,126,1021
226,1008,235,1008,235,1020,226,1020
256,1025,293,1025,293,1041,256,1041
126,1026,161,1026,161,1043,126,1043
166,1026,203,1026,203,1043,166,1043
208,1026,251,1026,251,1043,208,1043
125,1048,170,1048,170,1065,125,1065
256,1066,285,1066,285,1085,256,1085
290,1066,326,1066,326,1085,290,1085
125,1071,251,1071,251,1085,125,1085
333,1071,366,1071,366,1081,333,1081
148,1186,215,1186,215,1211,148,1211
216,1186,303,1186,303,1210,216,1210
115,1191,146,1191,146,1215,115,1215
141,1213,203,1216,203,1235,141,1233
206,1215,245,1215,245,1233,206,1233
113,1218,138,1218,138,1236,113,1236
