514,261,566,261,566,284,514,284
447,265,496,261,498,284,449,288
384,269,445,266,445,287,385,290
258,272,290,272,290,293,258,293
293,274,339,270,341,290,295,293
344,272,382,272,382,290,344,290
203,279,257,276,258,295,204,297
358,296,403,292,405,314,360,318
542,322,577,322,577,337,542,337
506,324,538,324,538,341,506,341
454,325,502,325,502,340,454,340
370,326,406,326,406,342,370,342
411,325,440,329,437,345,408,340
261,330,292,330,292,345,261,345
306,330,368,330,368,346,306,346
192,333,220,333,220,348,192,348
224,333,258,333,258,346,224,346
413,348,452,348,452,364,413,364
313,350,344,350,344,368,313,368
358,352,410,352,410,368,358,368
425,370,462,370,462,385,425,385
368,372,425,372,425,386,368,386
305,374,361,374,361,389,305,389
442,398,499,396,500,418,442,420
367,404,438,402,439,420,368,421
270,404,314,404,314,422,270,422
317,405,364,405,364,422,317,422
402,434,429,434,429,453,402,453
342,438,397,438,397,454,342,454
349,469,442,467,442,482,349,484
322,470,346,470,346,484,322,484
236,500,253,500,253,513,236,513
254,498,299,500,298,515,254,513
178,501,198,501,198,514,178,514
198,501,229,501,229,513,198,513
365,525,425,525,425,538,365,538
294,528,317,525,318,539,296,541
334,526,356,526,356,538,334,538
318,528,333,528,333,538,318,538
181,529,220,529,220,545,181,545
225,529,296,529,296,541,225,541
312,556,348,556,348,569,312,569
206,559,246,555,247,570,208,575
253,557,276,557,276,569,253,569
180,558,206,558,206,572,180,572
278,560,310,560,310,570,278,570
478,585,494,585,494,600,478,600
541,594,561,594,561,609,541,609
350,596,369,596,369,613,350,613
410,596,434,596,434,610,410,610
241,598,269,598,269,613,241,613
272,600,306,600,306,613,272,613
474,605,501,605,501,622,474,622
281,642,315,640,316,655,283,658
242,642,280,642,280,657,242,657
212,645,240,645,240,658,212,658
542,646,562,646,562,664,542,664
412,648,433,648,433,665,412,665
433,648,466,648,466,662,433,662
564,648,594,648,594,664,564,664
369,649,380,649,380,664,369,664
278,662,308,662,308,678,278,678
218,664,250,664,250,681,218,681
252,664,276,664,276,681,252,681
509,700,545,700,545,722,509,722
541,698,601,698,601,724,541,724
238,706,301,706,301,725,238,725
180,706,234,706,234,732,180,732
306,707,355,709,354,725,306,723
533,737,564,737,564,754,533,754
565,737,604,737,604,754,565,754
182,741,213,741,213,756,182,756
181,777,211,775,213,794,182,796
213,776,238,776,238,794,213,794
241,776,292,776,292,793,241,793
534,776,561,776,561,793,534,793
560,776,605,776,605,798,560,798
306,834,348,834,348,850,306,850
446,834,476,834,476,850,446,850
350,835,402,838,401,855,349,852
405,837,441,837,441,850,405,850
266,885,308,885,308,900,266,900
310,885,334,885,334,901,310,901
413,886,460,883,462,899,414,903
497,885,538,885,538,900,497,900
348,886,380,886,380,901,348,901
464,886,494,886,494,900,464,900
382,889,412,889,412,901,382,901
