348,286,375,286,375,296,348,296
383,287,420,290,419,299,383,295
316,293,401,293,401,307,316,307
295,293,316,293,316,307,295,307
430,300,467,300,467,311,430,311
485,303,501,303,501,311,485,311
369,307,399,307,399,321,369,321
561,304,600,311,598,326,558,319
408,309,437,309,437,321,408,321
533,309,540,309,540,323,533,323
465,311,531,311,531,323,465,323
606,316,632,316,632,323,606,323
367,320,609,322,609,339,367,337
300,321,330,321,330,337,300,337
341,323,359,323,359,337,341,337
618,330,639,330,639,341,618,341
327,335,367,335,367,353,327,353
366,335,398,335,398,353,366,353
454,338,522,336,522,350,455,352
522,337,531,337,531,348,522,348
531,337,542,337,542,350,531,350
550,337,581,337,581,350,550,350
415,339,446,339,446,351,415,351
590,339,611,339,611,351,590,351
458,357,513,357,513,375,458,375
526,357,540,357,540,373,526,373
540,357,581,357,581,373,540,373
404,360,445,358,446,375,405,378
376,360,405,360,405,376,376,376
499,375,542,375,542,396,499,396
549,375,602,375,602,394,549,394
607,375,652,375,652,392,607,392
421,376,453,376,453,396,421,396
462,376,492,376,492,396,462,396
373,378,414,378,414,398,373,398
334,380,364,380,364,398,334,398
268,382,289,382,289,401,268,401
295,382,327,382,327,401,295,401
639,399,662,399,662,421,639,421
578,403,641,400,642,421,579,424
480,407,564,404,565,428,481,431
699,399,726,414,691,476,664,461
460,407,483,407,483,426,460,426
403,408,444,408,444,430,403,430
323,410,346,410,346,428,323,428
266,412,314,412,314,431,266,431
444,414,449,414,449,424,444,424
608,423,662,420,663,441,609,443
570,424,600,424,600,444,570,444
540,426,561,426,561,446,540,446
373,428,426,428,426,449,373,449
431,428,463,428,463,447,431,447
314,430,364,430,364,449,314,449
266,431,307,431,307,451,266,451
620,463,652,463,652,483,620,483
559,465,611,465,611,486,559,486
430,467,492,467,492,488,430,488
499,467,552,467,552,486,499,486
264,469,405,469,405,492,264,492
412,469,426,469,426,488,412,488
598,483,664,480,665,502,599,505
430,488,484,485,486,508,432,511
490,486,513,486,513,506,490,506
581,488,593,488,593,504,581,504
266,490,327,490,327,511,266,511
579,494,602,494,602,526,579,526
540,506,575,506,575,527,540,527
522,510,533,510,533,527,522,527
286,511,318,511,318,531,286,531
325,513,357,513,357,533,325,533
599,525,664,522,665,546,600,549
539,528,591,524,592,545,540,548
501,527,534,527,534,550,501,550
481,529,495,529,495,549,481,549
266,531,330,531,330,554,266,554
327,531,369,531,369,552,327,552
364,531,407,531,407,550,364,550
414,531,433,531,433,550,414,550
431,531,474,531,474,550,431,550
600,543,636,543,636,568,600,568
639,545,664,545,664,566,639,566
572,547,593,547,593,566,572,566
453,549,486,549,486,572,453,572
490,549,513,549,513,568,490,568
266,550,330,550,330,574,266,574
424,550,453,550,453,572,424,572
564,569,662,564,663,587,565,591
490,568,563,568,563,591,490,591
414,570,466,572,465,594,413,591
268,572,327,572,327,593,268,593
327,572,408,572,408,593,327,593
470,572,485,572,485,590,470,590
572,588,662,588,662,609,572,609
287,591,330,591,330,614,287,614
424,591,515,591,515,611,424,611
268,593,291,593,291,614,268,614
542,609,575,609,575,629,542,629
513,611,534,611,534,630,513,630
286,614,319,614,319,632,286,632
325,616,358,614,360,632,327,635
531,623,577,625,575,654,530,652
494,630,526,630,526,652,494,652
268,632,405,632,405,654,268,654
414,632,447,632,447,654,414,654
453,632,485,632,485,652,453,652
453,650,488,650,488,673,453,673
572,650,600,650,600,671,572,671
600,650,636,650,636,671,600,671
643,652,654,652,654,668,643,668
424,652,447,652,447,673,424,673
492,652,515,652,515,671,492,671
268,654,328,654,328,673,268,673
266,671,408,671,408,694,266,694
414,671,447,671,447,694,414,694
453,671,524,671,524,691,453,691
531,671,552,671,552,691,531,691
561,671,604,671,604,691,561,691
611,671,661,671,661,691,611,691
492,691,515,691,515,712,492,712
266,693,328,693,328,714,266,714
424,693,449,693,449,714,424,714
453,693,486,693,486,712,453,712
570,693,636,693,636,712,570,712
511,712,571,709,572,730,512,733
584,710,634,710,634,730,584,730
264,712,412,712,412,735,264,735
414,712,458,712,458,734,414,734
460,712,506,712,506,732,460,732
572,732,597,732,597,753,572,753
602,732,636,732,636,751,602,751
641,732,664,732,664,751,641,751
264,735,326,733,327,753,265,756
424,734,455,734,455,753,424,753
453,734,494,734,494,753,453,753
492,734,517,734,517,753,492,753
582,753,604,753,604,771,582,771
284,755,316,755,316,774,284,774
565,757,575,757,575,771,565,771
323,757,357,757,357,776,323,776
312,774,344,774,344,794,312,794
364,774,407,774,407,794,364,794
414,774,446,774,446,796,414,796
453,774,485,774,485,794,453,794
494,774,546,776,545,796,493,794
591,774,614,774,614,792,591,792
282,776,305,776,305,796,282,796
552,776,584,776,584,794,552,794
261,794,407,794,407,817,261,817
414,794,435,794,435,814,414,814
444,794,508,794,508,815,444,815
552,794,595,794,595,814,552,814
645,794,668,794,668,817,645,817
513,796,545,796,545,814,513,814
602,798,636,798,636,815,602,815
486,814,515,814,515,835,486,835
574,814,597,814,597,835,574,835
602,814,639,814,639,837,602,837
433,815,488,815,488,837,433,837
643,815,668,815,668,837,643,837
261,817,325,817,325,837,261,837
355,819,366,819,366,835,355,835
543,835,579,835,579,858,543,858
582,835,607,835,607,858,582,858
524,837,545,837,545,856,524,856
282,838,314,838,314,858,282,858
323,840,357,840,357,860,323,860
260,858,358,856,359,880,261,882
353,856,408,856,408,879,353,879
414,856,437,856,437,878,414,878
444,856,545,856,545,878,444,878
554,858,586,858,586,878,554,878
594,857,669,861,667,882,592,877
433,878,447,878,447,897,433,897
453,878,488,878,488,899,453,899
486,878,517,878,517,899,486,899
261,879,325,879,325,899,261,899
586,881,597,881,597,899,586,899
604,879,641,879,641,901,604,901
645,879,670,879,670,902,645,902
263,899,357,899,357,922,263,922
353,899,407,899,407,922,353,922
414,899,437,899,437,922,414,922
444,899,517,899,517,920,444,920
515,899,547,899,547,920,515,920
554,901,588,901,588,920,554,920
595,901,669,905,668,924,594,920
263,920,325,920,325,941,263,941
453,920,488,920,488,943,453,943
433,922,447,922,447,940,433,940
494,922,517,922,517,943,494,943
584,922,607,922,607,943,584,943
606,922,641,922,641,945,606,945
646,922,671,922,671,945,646,945
263,941,316,941,316,963,263,963
316,943,325,943,325,961,316,961
323,941,407,941,407,965,323,965
414,943,426,943,426,963,414,963
502,941,590,941,590,966,502,966
472,943,497,943,497,965,472,965
639,945,646,945,646,961,639,961
431,945,465,945,465,965,431,965
659,947,670,947,670,965,659,965
595,947,609,947,609,965,595,965
614,947,638,947,638,965,614,965
261,963,325,963,325,982,261,982
455,965,485,965,485,979,455,979
609,968,639,968,639,981,609,981
266,1004,318,1004,318,1027,266,1027
323,1005,355,1005,355,1025,323,1025
360,1005,414,1005,414,1029,360,1029
417,1007,462,1007,462,1029,417,1029
467,1007,510,1007,510,1030,467,1030
515,1007,576,1010,575,1034,514,1031
282,1027,303,1027,303,1046,282,1046
311,1030,332,1030,332,1048,311,1048
280,1046,302,1046,302,1066,280,1066
309,1047,342,1050,341,1070,307,1067
277,1068,319,1068,319,1089,277,1089
327,1069,360,1069,360,1089,327,1089
366,1073,408,1073,408,1093,366,1093
275,1086,319,1090,317,1112,273,1108
355,1090,397,1093,396,1115,354,1112
405,1092,458,1096,456,1117,403,1112
463,1093,497,1093,497,1116,463,1116
325,1094,348,1094,348,1112,325,1112
502,1094,543,1094,543,1116,502,1116
371,1135,407,1135,407,1160,371,1160
442,1139,476,1139,476,1164,442,1164
481,1139,536,1139,536,1162,481,1162
412,1141,435,1141,435,1158,412,1158
401,1160,435,1160,435,1183,401,1183
483,1162,506,1162,506,1185,483,1185
440,1164,474,1164,474,1183,440,1183
241,1217,266,1217,266,1240,241,1240
273,1217,307,1217,307,1242,273,1242
316,1216,453,1220,453,1246,315,1242
460,1222,494,1222,494,1245,460,1245
490,1222,515,1222,515,1245,490,1245
520,1222,566,1222,566,1247,520,1247
604,1224,648,1224,648,1249,604,1249
