370,84,619,100,616,150,367,134
373,151,405,151,405,170,373,170
407,152,449,152,449,172,407,172
451,154,485,154,485,172,451,172
499,153,543,156,542,176,498,174
544,156,586,156,586,174,544,174
588,156,620,156,620,174,588,174
320,199,355,199,355,211,320,211
357,197,393,197,393,211,357,211
396,197,423,197,423,213,396,213
426,197,474,197,474,213,426,213
478,197,521,197,521,213,478,213
524,198,557,201,556,215,523,213
355,254,391,254,391,270,355,270
394,254,414,254,414,270,394,270
417,254,451,254,451,270,417,270
455,254,490,254,490,270,455,270
494,254,521,254,521,270,494,270
522,254,551,254,551,272,522,272
581,253,658,256,658,274,581,271
554,256,578,256,578,272,554,272
453,288,489,288,489,320,453,320
496,288,547,288,547,320,496,320
473,366,492,366,492,384,473,384
496,365,539,367,538,386,495,384
542,366,560,366,560,384,542,384
567,368,576,368,576,382,567,382
437,387,448,387,448,405,437,405
451,385,478,385,478,403,451,403
483,385,510,385,510,403,483,403
412,387,432,387,432,405,412,405
341,389,361,389,361,409,341,409
366,389,409,389,409,407,366,407
627,419,688,419,688,439,627,439
583,423,622,423,622,441,583,441
455,426,489,426,489,444,455,444
414,428,449,428,449,446,414,446
337,430,364,430,364,448,337,448
368,430,410,430,410,448,368,448
629,439,668,439,668,457,629,457
583,442,617,442,617,458,583,458
376,447,458,444,459,465,377,468
339,449,371,449,371,467,339,467
456,465,558,461,559,480,457,485
371,469,451,466,452,485,371,487
341,469,366,469,366,487,341,487
457,485,476,485,476,503,457,503
473,485,506,485,506,501,473,501
380,487,407,487,407,505,380,505
345,489,377,489,377,508,345,508
563,501,581,501,581,517,563,517
348,508,371,508,371,526,348,526
681,531,706,531,706,549,681,549
659,533,679,533,679,549,659,549
602,535,627,535,627,553,602,553
579,537,599,537,599,554,579,554
567,540,574,540,574,551,567,551
348,546,387,546,387,563,348,563
393,546,441,546,441,562,393,562
573,555,649,551,650,571,574,575
514,558,538,558,538,576,514,576
544,558,570,558,570,576,544,576
476,560,510,560,510,578,476,578
373,563,426,563,426,581,373,581
355,565,375,565,375,581,355,581
683,567,707,567,707,585,683,585
663,570,681,570,681,586,663,586
602,572,636,572,636,590,602,590
581,574,599,574,599,590,581,590
569,578,578,578,578,590,569,590
432,578,510,578,510,595,432,595
508,579,526,579,526,594,508,594
394,581,428,581,428,597,394,597
352,583,391,583,391,599,352,599
543,593,650,587,651,607,544,612
514,595,540,595,540,611,514,611
384,597,430,597,430,615,384,615
478,597,512,597,512,615,478,615
359,601,384,601,384,617,359,617
684,604,709,604,709,622,684,622
672,608,681,608,681,622,672,622
581,608,599,608,599,626,581,626
602,608,636,608,636,624,602,624
569,613,576,613,576,624,569,624
428,615,460,615,460,633,428,633
384,617,423,617,423,633,384,633
353,618,385,618,385,634,353,634
611,624,650,624,650,642,611,642
545,629,613,624,614,642,546,647
515,629,542,629,542,645,515,645
480,631,512,631,512,647,480,647
385,633,432,633,432,650,385,650
432,634,439,634,439,647,432,647
362,634,382,634,382,650,362,650
393,668,417,668,417,684,393,684
357,670,389,670,389,686,357,686
688,674,713,674,713,691,688,691
665,675,684,675,684,691,665,691
458,683,485,683,485,700,458,700
393,686,426,686,426,702,393,702
432,688,457,688,457,700,432,700
359,688,389,688,389,704,359,704
423,702,462,702,462,720,423,720
378,704,419,704,419,722,378,722
357,706,375,706,375,722,357,722
663,729,688,729,688,747,663,747
691,729,718,729,718,747,691,747
394,739,419,739,419,757,394,757
359,741,391,741,391,759,359,759
670,766,697,766,697,784,670,784
693,766,720,766,720,784,693,784
417,775,460,775,460,795,417,795
462,775,494,775,494,793,462,793
389,777,414,777,414,796,389,796
359,779,384,779,384,796,359,796
481,842,618,838,619,870,482,874
617,885,652,885,652,903,617,903
654,885,681,885,681,903,654,903
579,887,613,887,613,907,579,907
505,889,530,889,530,907,505,907
535,889,576,889,576,907,535,907
467,891,501,891,501,908,467,908
430,892,464,892,464,910,430,910
499,926,547,926,547,958,499,958
569,972,602,972,602,992,569,992
629,972,673,974,671,993,628,990
675,972,700,972,700,990,675,990
606,974,626,974,626,990,606,990
454,979,488,977,490,995,455,998
492,978,565,978,565,996,492,996
432,981,451,981,451,999,432,999
530,1013,581,1013,581,1047,530,1047
503,1019,533,1019,533,1049,503,1049
649,1092,684,1092,684,1109,649,1109
688,1092,707,1092,707,1109,688,1109
544,1093,578,1093,578,1113,544,1113
581,1093,615,1093,615,1113,581,1113
618,1093,645,1093,645,1111,618,1111
711,1093,731,1093,731,1109,711,1109
496,1098,540,1094,541,1112,498,1115
474,1100,494,1100,494,1116,474,1116
451,1102,471,1102,471,1118,451,1118
421,1104,448,1104,448,1120,421,1120
613,1110,648,1113,647,1132,612,1129
650,1111,684,1111,684,1129,650,1129
688,1111,707,1111,707,1131,688,1131
521,1115,547,1115,547,1132,521,1132
551,1115,578,1115,578,1131,551,1131
581,1115,608,1115,608,1129,581,1129
490,1116,517,1116,517,1134,490,1134
452,1121,486,1119,488,1136,453,1139
421,1124,448,1124,448,1143,421,1143
560,1131,594,1131,594,1149,560,1149
522,1132,556,1132,556,1150,522,1150
567,1150,610,1150,610,1168,567,1168
613,1150,640,1150,640,1168,613,1168
645,1150,670,1150,670,1168,645,1168
674,1150,710,1152,709,1169,673,1166
498,1154,525,1151,528,1171,500,1175
531,1152,563,1152,563,1170,531,1170
452,1159,497,1157,498,1175,453,1178
423,1161,449,1161,449,1179,423,1179
528,1172,563,1168,565,1187,530,1190
569,1170,595,1170,595,1188,569,1188
599,1170,634,1170,634,1188,599,1188
478,1177,505,1177,505,1195,478,1195
508,1177,526,1177,526,1191,508,1191
675,1186,695,1186,695,1204,675,1204
699,1184,742,1187,741,1204,698,1202
562,1189,588,1189,588,1205,562,1205
638,1189,672,1189,672,1205,638,1205
531,1191,558,1191,558,1209,531,1209
594,1191,634,1191,634,1207,594,1207
501,1195,528,1195,528,1211,501,1211
461,1199,497,1196,499,1214,462,1217
401,1200,428,1200,428,1220,401,1220
433,1200,458,1200,458,1218,433,1218
378,1202,398,1202,398,1220,378,1220
