321,120,352,120,352,138,321,138
352,120,381,120,381,140,352,140
382,121,404,121,404,141,382,141
449,121,472,121,472,142,449,142
404,122,421,122,421,141,404,141
421,122,450,122,450,142,421,142
472,124,501,124,501,142,472,142
528,125,536,125,536,141,528,141
501,128,525,128,525,142,501,142
332,146,352,146,352,165,332,165
352,146,377,146,377,165,352,165
378,146,414,146,414,166,378,166
441,150,449,150,449,166,441,166
454,150,464,150,464,166,454,166
468,149,498,149,498,168,468,168
414,150,438,150,438,166,414,166
500,150,528,150,528,169,500,169
158,157,291,159,290,193,158,191
342,173,364,173,364,192,342,192
365,173,396,173,396,193,365,193
397,174,424,174,424,193,397,193
428,176,440,176,440,192,428,192
441,174,485,178,483,199,439,195
484,176,514,176,514,194,484,194
366,198,392,198,392,218,366,218
392,198,452,198,452,220,392,220
449,200,489,200,489,221,449,221
285,242,317,242,317,261,285,261
324,244,348,244,348,262,324,262
354,244,386,244,386,264,354,264
393,244,436,246,435,265,392,263
154,261,198,264,196,284,153,281
204,264,245,264,245,284,204,284
245,264,347,269,346,290,244,285
354,270,404,270,404,288,354,288
461,272,482,272,482,289,461,289
480,272,562,272,562,289,480,289
153,286,196,286,196,308,153,308
196,290,236,290,236,308,196,308
441,296,492,296,492,314,441,314
490,296,573,296,573,314,490,314
153,336,185,336,185,357,153,357
193,336,238,340,236,361,191,356
333,342,356,342,356,361,333,361
361,344,394,341,395,362,362,364
500,344,563,341,564,362,501,365
432,345,453,345,453,362,432,362
152,362,177,362,177,381,152,381
175,361,236,363,235,385,174,383
244,362,284,362,284,384,244,384
293,364,337,368,335,388,292,384
152,386,285,390,285,410,151,405
342,393,366,393,366,410,342,410
372,393,404,393,404,410,372,410
500,394,540,394,540,410,500,410
538,394,572,394,572,412,538,412
152,433,196,433,196,456,152,456
204,436,246,436,246,457,204,457
253,437,296,437,296,457,253,457
324,438,365,438,365,458,324,458
304,441,322,441,322,457,304,457
500,442,533,442,533,461,500,461
538,444,573,444,573,461,538,461
152,458,194,458,194,480,152,480
202,460,246,460,246,481,202,481
252,461,264,461,264,480,252,480
273,461,316,461,316,482,273,482
549,469,561,469,561,482,549,482
152,484,194,484,194,505,152,505
201,485,256,485,256,505,201,505
264,485,294,485,294,506,264,506
500,492,541,492,541,509,500,509
538,492,572,492,572,509,538,509
160,509,204,509,204,530,160,530
212,512,244,512,244,530,212,530
500,516,533,516,533,534,500,534
538,516,572,516,572,534,538,534
160,536,213,536,213,554,160,554
509,541,533,541,533,558,509,558
538,541,572,541,572,558,538,558
149,558,193,558,193,580,149,580
201,558,233,558,233,580,201,580
240,561,273,561,273,581,240,581
561,569,570,569,570,582,561,582
229,586,271,584,272,605,230,607
278,584,301,584,301,605,278,605
349,586,382,586,382,608,349,608
389,586,432,586,432,606,389,606
309,588,342,588,342,606,309,606
438,589,489,589,489,609,438,609
177,634,210,634,210,656,177,656
217,636,270,636,270,656,217,656
279,634,322,638,321,659,277,655
148,637,169,637,169,656,148,656
409,640,542,640,542,658,409,658
541,644,549,644,549,657,541,657
549,642,572,642,572,660,549,660
146,661,178,661,178,681,146,681
186,661,258,661,258,682,186,682
348,661,400,661,400,682,348,682
257,662,338,662,338,681,257,681
550,668,561,668,561,684,550,684
145,685,168,685,168,706,145,706
226,686,280,686,280,708,226,708
176,688,218,688,218,706,176,706
398,688,481,690,481,710,398,708
480,690,573,693,573,712,479,709
214,762,246,762,246,784,214,784
254,764,298,764,298,785,254,785
346,764,381,764,381,785,346,785
306,765,340,765,340,785,306,785
388,766,442,768,441,788,387,785
448,766,492,766,492,789,448,789
144,789,176,789,176,808,144,808
185,790,257,790,257,809,185,809
264,792,288,792,288,810,264,810
286,792,306,792,306,810,286,810
316,792,338,792,338,810,316,810
348,792,410,792,410,812,348,812
417,793,482,793,482,811,417,811
540,793,574,797,572,817,538,812
488,796,532,796,532,813,488,813
194,837,228,837,228,858,194,858
234,838,258,838,258,858,234,858
265,841,297,841,297,860,265,860
305,841,360,841,360,861,305,861
366,841,389,841,389,862,366,862
438,842,472,842,472,864,438,864
397,845,430,845,430,864,397,864
478,845,512,845,512,864,478,864
144,862,185,862,185,881,144,881
185,863,226,866,225,883,184,881
233,864,348,867,347,886,232,883
356,866,438,868,438,888,355,886
446,869,529,869,529,888,446,888
528,872,561,872,561,889,528,889
