450,169,484,169,484,192,450,192
484,170,513,170,513,192,484,192
380,173,450,168,451,193,381,198
318,174,350,174,350,196,318,196
349,174,382,174,382,197,349,197
452,198,485,198,485,222,452,222
484,198,514,198,514,221,484,221
337,201,404,203,403,226,336,223
316,204,336,204,336,224,316,224
404,202,452,202,452,228,404,228
131,226,267,221,268,255,132,260
332,230,352,230,352,252,332,252
356,230,388,230,388,252,356,252
465,230,497,230,497,252,465,252
388,231,421,233,419,255,386,252
420,233,464,233,464,257,420,257
349,261,438,261,438,281,349,281
438,261,478,261,478,281,438,281
262,309,297,309,297,329,262,329
304,310,328,310,328,329,304,329
336,310,369,310,369,330,336,330
377,310,421,310,421,330,377,330
126,333,170,333,170,354,126,354
178,332,222,334,221,354,177,353
222,336,326,336,326,356,222,356
522,337,556,337,556,356,522,356
336,338,388,338,388,357,336,357
448,338,524,338,524,357,448,357
126,358,160,358,160,378,126,378
178,361,210,361,210,380,178,380
427,365,566,363,566,383,428,385
128,410,161,410,161,432,128,432
168,408,216,412,214,434,166,430
342,415,377,412,378,434,344,436
314,414,337,414,337,433,314,433
510,414,556,414,556,434,510,434
417,417,438,417,438,434,417,434
490,417,510,417,510,433,490,433
128,436,192,438,191,457,127,455
201,436,244,438,243,459,200,457
250,436,337,439,337,460,250,457
344,441,409,441,409,460,344,460
416,442,450,442,450,460,416,460
126,461,264,464,263,484,126,481
324,466,348,466,348,484,324,484
353,466,388,466,388,484,353,484
498,468,522,468,522,485,498,485
530,468,565,468,565,486,530,486
128,510,172,510,172,532,128,532
232,512,274,512,274,533,232,533
180,513,224,513,224,533,180,533
304,513,348,513,348,534,304,534
282,517,302,517,302,532,282,532
498,518,522,518,522,537,498,537
529,520,565,520,565,537,529,537
128,536,172,536,172,558,128,558
180,537,224,537,224,558,180,558
252,537,296,537,296,560,252,560
230,538,242,538,242,557,230,557
541,546,552,546,552,561,541,561
128,562,172,562,172,584,128,584
178,563,233,564,233,585,178,583
241,564,273,564,273,585,241,585
498,570,530,570,530,589,498,589
529,572,564,572,564,589,529,589
137,589,181,589,181,610,137,610
188,592,222,592,222,610,188,610
498,597,522,597,522,616,498,616
521,598,562,598,562,614,521,614
126,613,170,613,170,636,126,636
177,614,210,614,210,636,177,636
218,618,253,618,253,637,218,637
509,624,565,624,565,642,509,642
257,640,281,640,281,662,257,662
208,642,250,642,250,664,208,664
330,642,365,642,365,665,330,665
289,644,324,644,324,662,289,662
373,644,416,644,416,665,373,665
424,646,477,646,477,668,424,668
194,718,228,718,228,740,194,740
236,720,280,720,280,741,236,741
288,721,321,721,321,741,288,741
329,721,364,721,364,742,329,742
371,723,427,726,426,747,369,743
433,725,478,725,478,748,433,748
124,745,156,745,156,764,124,764
165,744,238,749,237,769,164,764
243,749,289,748,289,766,244,768
330,749,395,750,394,771,330,769
297,750,321,750,321,768,297,768
401,751,467,751,467,771,401,771
476,755,521,756,521,775,475,773
529,755,563,757,562,778,528,775
173,796,208,796,208,817,173,817
214,797,238,797,238,818,214,818
286,798,342,798,342,820,286,820
245,800,280,800,280,818,245,818
350,800,373,800,373,820,350,820
424,802,457,802,457,824,424,824
381,804,416,804,416,822,381,822
465,806,500,806,500,825,465,825
122,821,154,821,154,840,122,840
154,822,162,822,162,837,154,837
164,821,205,821,205,841,164,841
213,824,330,826,330,846,213,843
338,828,382,828,382,846,338,846
381,829,422,829,422,848,381,848
433,830,516,832,515,850,432,847
517,834,552,834,552,852,517,852
