377,89,396,89,396,112,377,112
316,92,346,92,346,112,316,112
346,92,377,92,377,112,346,112
397,92,421,92,421,112,397,112
422,92,440,92,440,112,422,112
441,92,458,92,458,112,441,112
458,92,486,92,486,112,458,112
486,92,521,92,521,112,486,112
521,90,558,96,554,117,518,111
342,120,362,120,362,138,342,138
362,120,388,120,388,138,362,138
390,120,409,120,409,138,390,138
409,120,428,120,428,138,409,138
430,120,458,120,458,138,430,138
458,120,493,120,493,138,458,138
494,120,528,120,528,142,494,142
165,137,296,137,296,172,165,172
460,145,490,145,490,166,460,166
492,145,517,145,517,166,492,166
353,148,362,148,362,164,353,164
366,146,398,146,398,166,366,166
398,146,433,146,433,169,398,169
437,146,457,146,457,165,437,165
372,172,458,172,458,193,372,193
457,172,496,172,496,193,457,193
290,218,322,218,322,238,290,238
329,218,353,218,353,238,329,238
360,218,392,218,392,238,360,238
398,218,441,218,441,238,398,238
162,242,204,242,204,264,162,264
210,244,252,244,252,262,210,262
252,244,352,244,352,264,252,264
486,244,569,244,569,262,486,262
358,245,381,245,381,264,358,264
380,246,410,246,410,264,380,264
466,246,488,246,488,262,466,262
161,266,205,266,205,288,161,288
495,269,579,267,580,286,496,288
210,269,242,269,242,286,210,286
448,270,498,270,498,288,448,288
204,273,212,273,212,285,204,285
162,316,193,316,193,336,162,336
525,317,570,315,571,335,526,337
201,315,245,319,243,339,199,335
366,319,399,316,401,338,368,340
338,320,361,320,361,337,338,337
437,320,458,320,458,338,437,338
508,320,526,320,526,336,508,336
161,341,205,341,205,360,161,360
212,341,253,341,253,361,212,361
298,344,332,344,332,362,298,362
378,345,469,342,469,363,378,366
477,344,528,344,528,364,477,364
260,345,292,345,292,364,260,364
338,345,369,345,369,362,338,362
161,366,292,366,292,385,161,385
545,368,580,368,580,385,545,385
349,369,377,369,377,386,349,386
377,369,409,369,409,386,377,386
517,369,540,369,540,386,517,386
458,373,465,373,465,384,458,384
270,390,302,390,302,412,270,412
161,392,224,392,224,409,161,409
232,392,262,392,262,412,232,412
496,392,548,392,548,413,496,413
309,393,328,393,328,409,309,409
328,393,369,393,369,412,328,412
397,393,448,393,448,412,397,412
378,396,388,396,388,410,378,410
456,394,488,394,488,413,456,413
160,413,292,417,291,437,159,433
348,418,370,418,370,436,348,436
376,418,409,418,409,436,376,436
514,418,538,418,538,436,514,436
545,418,578,418,578,436,545,436
161,461,204,461,204,482,161,482
212,462,253,462,253,484,212,484
261,464,302,464,302,484,261,484
329,464,370,464,370,484,329,484
310,466,329,466,329,482,310,482
514,468,538,468,538,485,514,485
545,468,578,468,578,485,545,485
161,486,204,486,204,506,161,506
212,486,253,486,253,508,212,508
260,488,272,488,272,506,260,506
280,488,322,488,322,508,280,508
557,496,566,496,566,508,557,508
161,510,204,510,204,532,161,532
210,512,264,512,264,532,210,532
270,512,301,512,301,532,270,532
514,517,538,517,538,534,514,534
544,517,578,517,578,534,544,534
172,536,213,536,213,556,172,556
221,537,253,537,253,556,221,556
514,541,538,541,538,558,514,558
544,542,578,542,578,560,544,560
160,560,202,560,202,580,160,580
210,560,242,560,242,580,210,580
250,562,282,562,282,581,250,581
240,585,280,585,280,606,240,606
286,584,309,584,309,605,286,605
356,585,388,585,388,608,356,608
317,586,349,586,349,605,317,605
396,586,437,586,437,606,396,606
444,589,494,589,494,609,444,609
188,633,220,633,220,654,188,654
228,634,280,634,280,654,228,654
286,634,330,637,328,658,285,654
160,637,181,637,181,654,160,654
414,637,577,643,577,661,414,655
197,657,270,661,269,682,196,679
354,658,405,659,405,681,354,679
158,660,190,660,190,680,158,680
266,661,346,661,346,680,266,680
158,684,180,684,180,704,158,704
237,684,289,684,289,704,237,704
188,685,230,685,230,704,188,704
404,686,487,689,486,708,403,705
484,689,578,693,577,712,483,708
226,757,257,757,257,777,226,777
265,757,308,757,308,778,265,778
354,758,388,758,388,780,354,780
314,760,346,760,346,778,314,778
394,762,447,764,446,784,393,781
453,764,496,764,496,785,453,785
157,784,188,784,188,802,157,802
197,784,268,784,268,802,197,802
274,785,316,785,316,802,274,802
324,785,346,785,346,804,324,804
356,786,416,786,416,805,356,805
422,788,445,788,445,806,422,806
442,788,486,788,486,808,442,808
493,791,536,793,535,811,492,809
544,791,578,796,576,816,541,811
206,830,240,830,240,852,206,852
245,832,269,832,269,852,245,852
276,832,308,832,308,852,276,852
314,833,368,833,368,853,314,853
374,834,396,834,396,854,374,854
444,837,476,837,476,857,444,857
402,838,436,838,436,856,402,856
484,841,516,841,516,860,484,860
197,855,237,858,235,877,196,874
156,857,197,857,197,876,156,876
245,858,356,858,356,877,245,877
362,860,414,860,414,878,362,878
413,861,444,861,444,880,413,880
452,861,534,865,533,884,451,881
532,868,566,868,566,885,532,885
