528,179,568,181,567,203,526,200
492,181,530,181,530,206,492,206
421,183,451,183,451,204,421,204
451,183,476,183,476,206,451,206
476,183,496,183,496,204,476,204
578,206,599,206,599,225,578,225
544,208,578,208,578,231,544,231
487,208,532,214,529,234,485,229
531,211,542,211,542,227,531,227
410,211,426,211,426,231,410,231
426,213,453,213,453,234,426,234
453,213,487,213,487,234,453,234
224,233,357,233,357,270,224,270
451,236,489,236,489,263,451,263
510,236,530,236,530,257,510,257
530,236,556,236,556,257,530,257
487,238,510,238,510,261,487,261
437,241,449,241,449,259,437,259
515,263,551,263,551,286,515,286
433,265,460,265,460,288,433,288
458,265,519,265,519,288,458,288
547,266,554,266,554,281,547,281
393,313,428,313,428,334,393,334
432,313,466,313,466,332,432,332
471,313,514,313,514,332,471,332
353,314,387,314,387,334,353,334
226,317,269,321,268,340,224,336
276,322,418,340,415,359,273,342
608,330,638,330,638,350,608,350
527,335,609,330,610,351,528,356
425,339,446,339,446,357,425,357
444,339,474,339,474,357,444,357
224,341,268,341,268,362,224,362
268,346,309,346,309,364,268,364
608,355,640,355,640,373,608,373
542,360,590,356,591,374,544,379
588,357,608,357,608,373,588,373
512,361,546,361,546,378,512,378
224,391,257,391,257,412,224,412
267,392,311,398,309,419,264,413
597,400,638,400,638,419,597,419
405,405,437,405,437,426,405,426
510,409,528,409,528,426,510,426
441,412,474,409,476,428,443,431
224,416,257,416,257,433,224,433
277,419,309,419,309,439,277,439
266,423,277,423,277,437,266,437
317,422,389,430,387,449,315,441
556,429,608,427,608,444,556,446
394,432,435,432,435,449,394,449
482,432,512,432,512,451,482,451
521,432,551,432,551,448,521,448
443,433,476,436,474,456,441,453
222,435,360,449,358,469,220,455
606,453,627,453,627,466,606,466
576,455,606,455,606,469,576,469
416,458,445,460,444,475,415,472
442,458,474,458,474,476,442,476
224,460,278,463,277,483,223,480
287,463,342,471,339,492,284,484
346,473,368,473,368,490,346,490
377,474,407,474,407,494,377,494
414,478,437,478,437,498,414,498
444,482,466,482,466,503,444,503
473,482,521,482,521,501,473,501
222,483,360,495,358,515,220,503
604,498,636,498,636,515,604,515
565,499,597,499,597,517,565,517
407,503,439,503,439,521,407,521
442,505,474,505,474,522,442,522
222,509,289,515,287,535,220,529
296,513,341,518,338,540,293,534
346,517,382,517,382,542,346,542
386,522,428,527,426,547,384,542
220,535,287,539,286,559,219,555
284,540,360,544,358,564,283,560
606,547,638,547,638,565,606,565
576,549,601,549,601,567,576,567
414,551,437,551,437,569,414,569
442,553,474,553,474,570,442,570
220,561,287,564,286,584,219,581
293,566,356,569,355,589,292,586
364,569,394,569,394,590,364,590
403,572,446,572,446,594,403,594
451,574,483,574,483,594,451,594
492,574,521,574,521,594,492,594
530,574,570,574,570,594,530,594
219,585,356,593,355,613,217,606
606,595,640,595,640,613,606,613
578,597,601,597,601,615,578,615
414,599,435,599,435,615,414,615
442,599,474,599,474,617,442,617
521,601,531,601,531,617,521,617
218,611,241,611,241,631,218,631
249,615,293,615,293,633,249,633
302,615,367,620,365,640,301,634
373,617,396,617,396,640,373,640
558,620,622,620,622,640,558,640
629,622,640,622,640,636,629,636
403,622,425,622,425,640,403,640
432,622,453,622,453,640,432,640
462,622,522,622,522,640,462,640
528,622,553,622,553,640,528,640
216,638,273,638,273,658,216,658
281,640,304,640,304,659,281,659
217,661,354,666,353,686,216,681
410,668,473,668,473,686,410,686
578,668,601,668,601,686,578,686
601,668,642,668,642,686,601,686
215,708,262,711,261,735,214,732
268,711,314,711,314,734,268,734
320,713,364,713,364,734,320,734
371,716,385,716,385,734,371,734
391,716,433,716,433,734,391,734
610,716,643,716,643,736,610,736
569,718,601,718,601,736,569,736
215,733,262,736,261,760,214,757
268,738,311,738,311,757,268,757
318,738,343,738,343,761,318,761
350,738,394,738,394,761,350,761
213,761,259,761,259,784,213,784
265,763,321,763,321,782,265,782
330,763,361,763,361,784,330,784
570,766,602,766,602,784,570,784
602,766,643,766,643,784,602,784
254,787,300,787,300,811,254,811
305,787,332,787,332,811,305,811
337,787,369,787,369,809,337,809
222,789,243,789,243,807,222,807
378,789,432,789,432,809,378,809
439,790,472,793,470,812,437,809
569,791,602,791,602,809,569,809
610,791,643,791,643,811,610,811
209,812,256,812,256,834,209,834
265,812,298,812,298,835,265,835
305,816,339,816,339,834,305,834
345,837,369,837,369,860,345,860
295,839,337,839,337,859,295,859
377,839,410,839,410,859,377,859
417,839,453,839,453,862,417,862
458,839,501,839,501,859,458,859
510,841,562,841,562,860,510,860
235,891,273,888,275,912,237,915
279,889,337,889,337,914,279,914
343,889,388,892,387,913,342,910
206,892,229,892,229,910,206,910
478,892,643,892,643,912,478,912
202,916,250,916,250,940,202,940
257,916,311,916,311,939,257,939
425,916,473,916,473,939,425,939
314,921,325,921,325,937,314,937
323,919,416,919,416,937,323,937
626,921,647,921,647,939,626,939
202,944,227,944,227,967,202,967
287,945,344,943,345,964,288,966
466,944,647,944,647,965,466,965
234,946,281,946,281,965,234,965
275,1022,311,1022,311,1047,275,1047
318,1022,362,1022,362,1047,318,1047
369,1024,407,1024,407,1047,369,1047
412,1024,449,1024,449,1047,412,1047
519,1026,567,1026,567,1051,519,1051
455,1026,512,1029,512,1049,454,1047
241,1052,321,1052,321,1076,241,1076
327,1052,369,1052,369,1072,327,1072
380,1054,405,1054,405,1076,380,1076
414,1054,478,1054,478,1074,414,1074
487,1054,510,1054,510,1074,487,1074
508,1054,556,1054,556,1076,508,1076
197,1056,233,1056,233,1076,197,1076
562,1056,608,1056,608,1074,562,1074
616,1053,652,1058,649,1079,613,1074
293,1106,321,1106,321,1129,293,1129
327,1106,362,1106,362,1129,327,1129
370,1104,429,1107,428,1131,369,1129
508,1106,546,1106,546,1129,508,1129
249,1108,288,1108,288,1131,249,1131
433,1108,457,1108,457,1129,433,1129
466,1108,503,1108,503,1131,466,1131
553,1109,588,1109,588,1129,553,1129
519,1134,606,1134,606,1154,519,1154
291,1136,337,1136,337,1157,291,1157
337,1136,416,1136,416,1157,337,1157
423,1136,478,1136,478,1156,423,1156
476,1136,510,1136,510,1156,476,1156
606,1138,642,1138,642,1156,606,1156
190,1140,227,1140,227,1161,190,1161
229,1141,238,1141,238,1159,229,1159
238,1140,282,1140,282,1159,238,1159
