183,396,416,398,416,429,183,427
183,433,238,433,238,460,183,460
311,433,422,440,421,471,310,465
230,469,291,472,289,510,228,507
296,470,413,470,413,508,296,508
93,506,155,506,155,530,93,530
186,508,213,508,213,530,186,530
218,508,280,508,280,531,218,531
510,508,566,508,566,531,510,531
353,510,413,510,413,533,353,533
410,510,468,510,468,533,410,533
93,561,131,561,131,585,93,585
138,565,188,565,188,586,138,586
263,565,300,565,300,586,263,586
320,565,345,565,345,586,320,586
410,565,431,565,431,586,410,586
431,565,480,565,480,588,431,588
105,589,176,589,176,613,105,613
185,590,245,590,245,613,185,613
310,591,336,591,336,613,310,613
343,591,380,591,380,615,343,615
498,591,526,591,526,615,498,615
531,591,570,591,570,615,531,615
115,672,164,675,163,699,113,696
171,673,231,673,231,700,171,700
230,673,288,673,288,696,230,696
443,675,471,675,471,696,443,696
476,675,515,675,515,696,476,696
91,701,140,701,140,725,91,725
148,701,185,701,185,725,148,725
251,701,280,701,280,725,251,725
285,701,323,701,323,723,285,723
331,701,380,701,380,725,331,725
388,701,425,701,425,723,388,723
491,701,528,701,528,725,491,725
533,703,571,703,571,725,533,725
91,728,140,728,140,751,91,751
148,728,196,728,196,751,148,751
388,728,416,728,416,751,388,751
421,728,460,728,460,751,421,751
89,785,163,782,163,806,90,809
193,783,278,783,278,808,193,808
216,811,344,811,344,836,216,836
88,813,116,813,116,836,88,836
123,813,161,813,161,838,123,838
160,815,185,815,185,835,160,835
