416,252,476,252,476,269,416,269
307,256,410,253,411,270,308,273
422,280,453,280,453,294,422,294
456,280,494,280,494,293,456,293
392,281,422,281,422,297,392,297
324,282,352,282,352,300,324,300
353,282,388,282,388,297,353,297
286,285,321,285,321,300,286,300
177,313,208,313,208,328,177,328
446,338,513,338,513,364,446,364
393,340,442,340,442,365,393,365
282,342,332,342,332,370,282,370
337,344,389,344,389,368,337,368
552,368,587,366,588,385,553,387
495,372,550,370,550,386,496,387
450,373,477,373,477,393,450,393
410,374,446,374,446,390,410,390
345,377,382,377,382,394,345,394
302,380,326,380,326,396,302,396
197,382,229,382,229,398,197,398
233,381,276,383,275,399,232,397
438,400,462,400,462,417,438,417
338,402,401,402,401,421,338,421
404,402,436,402,436,421,404,421
220,408,314,404,315,422,221,426
316,405,337,405,337,422,316,422
190,409,222,409,222,426,190,426
441,428,487,423,489,440,443,445
223,431,267,435,266,454,221,450
266,433,290,433,290,452,266,452
189,434,220,434,220,452,189,452
570,448,604,448,604,466,570,466
545,448,575,451,573,470,543,466
457,453,488,453,488,470,457,470
441,454,457,454,457,472,441,472
336,457,368,457,368,472,336,472
282,460,304,460,304,473,282,473
190,461,221,461,221,480,190,480
222,461,261,461,261,477,222,477
510,482,536,482,536,500,510,500
465,484,509,484,509,502,465,502
393,485,420,485,420,504,393,504
421,486,463,484,464,502,422,504
349,489,390,487,391,503,350,505
318,489,349,489,349,506,318,506
192,494,317,489,317,508,193,513
572,506,605,506,605,525,572,525
548,508,574,508,574,524,548,524
458,510,490,510,490,529,458,529
444,512,460,512,460,529,444,529
338,516,372,516,372,529,338,529
234,554,261,554,261,572,234,572
311,556,333,553,335,569,312,571
190,555,236,557,235,576,189,574
543,568,610,566,611,585,544,587
192,578,236,581,235,601,191,599
237,579,281,581,281,600,236,598
545,602,578,602,578,621,545,621
578,602,612,602,612,620,578,620
238,614,270,614,270,634,238,634
192,614,238,616,237,637,191,635
546,630,582,630,582,649,546,649
578,630,612,630,612,648,578,648
393,636,432,636,432,653,393,653
290,637,321,637,321,654,290,654
234,640,289,640,289,658,234,658
194,641,233,641,233,660,194,660
297,683,409,677,410,696,298,702
285,685,300,685,300,702,285,702
230,686,268,686,268,705,230,705
202,689,229,689,229,706,202,706
232,712,299,708,300,731,233,736
329,709,366,709,366,726,329,726
301,710,326,710,326,729,301,729
204,716,230,716,230,736,204,736
592,728,610,728,610,741,592,741
204,744,249,744,249,761,204,761
252,744,294,744,294,758,252,758
566,756,611,753,612,769,566,772
293,766,333,766,333,784,293,784
204,769,250,766,251,787,205,789
252,769,290,769,290,785,252,785
294,796,337,796,337,813,294,813
254,797,294,797,294,816,254,816
208,799,254,801,253,820,207,818
585,810,616,810,616,828,585,828
558,812,582,812,582,829,558,829
361,821,396,821,396,841,361,841
261,821,325,823,325,845,260,843
325,822,360,822,360,841,325,841
206,828,237,828,237,846,206,846
238,828,261,828,261,846,238,846
491,853,613,848,613,867,492,872
442,854,489,854,489,877,442,877
280,865,440,855,442,875,281,885
221,866,245,866,245,886,221,886
245,868,279,865,281,884,247,887
443,886,477,884,478,903,444,906
396,889,442,889,442,910,396,910
361,892,394,892,394,910,361,910
502,907,553,905,553,923,502,925
469,909,501,909,501,929,469,929
414,912,446,912,446,933,414,933
446,912,469,912,469,928,446,928
378,914,410,914,410,930,378,930
356,916,377,916,377,934,356,934
290,921,327,917,328,934,292,938
330,920,352,920,352,934,330,934
262,921,290,921,290,938,262,938
