322,472,392,472,392,485,322,485
396,472,436,472,436,485,396,485
308,493,332,493,332,505,308,505
332,493,352,493,352,505,332,505
353,493,376,493,376,505,353,505
377,493,398,493,398,505,377,505
398,493,420,493,420,505,398,505
421,494,448,494,448,504,421,504
233,510,254,510,254,522,233,522
304,537,338,537,338,556,304,556
378,537,410,537,410,556,378,556
413,537,458,537,458,556,413,556
341,538,376,538,376,556,341,556
444,558,481,558,481,572,444,572
481,558,505,558,505,572,481,572
389,560,413,560,413,573,389,573
413,560,432,560,432,574,413,574
245,561,269,561,269,574,245,574
269,559,301,562,299,576,268,573
316,561,333,561,333,573,316,573
345,561,369,561,369,573,345,573
241,579,323,577,324,591,241,594
380,578,401,578,401,592,380,592
401,578,422,578,422,592,401,592
424,578,477,578,477,590,424,590
480,578,496,578,496,590,480,590
325,580,349,580,349,592,325,592
350,579,380,580,379,593,349,591
417,596,438,596,438,609,417,609
240,597,261,597,261,610,240,610
262,596,292,598,291,612,261,610
292,597,310,597,310,610,292,610
409,598,418,598,418,609,409,609
474,613,492,613,492,626,474,626
490,613,514,613,514,626,490,626
408,616,418,616,418,628,408,628
416,614,438,614,438,626,416,626
240,616,260,616,260,629,240,629
261,616,288,616,288,629,261,629
302,617,317,617,317,626,302,626
338,617,361,617,361,626,338,626
445,634,480,634,480,648,445,648
481,634,498,634,498,646,481,646
239,637,330,635,331,649,240,652
332,636,360,636,360,649,332,649
425,636,444,636,444,648,425,648
361,637,385,637,385,649,361,649
386,638,425,638,425,648,386,648
492,652,514,652,514,666,492,666
417,653,440,653,440,666,417,666
484,654,492,654,492,665,484,665
337,654,361,654,361,666,337,666
409,656,416,656,416,666,409,666
235,679,267,683,266,698,233,694
265,681,282,681,282,694,265,694
317,682,333,682,333,694,317,694
480,694,496,694,496,708,480,708
496,694,518,694,518,708,496,708
234,697,266,699,265,715,233,713
266,699,296,701,295,715,265,713
480,718,520,718,520,732,480,732
234,722,266,725,265,740,233,738
265,724,288,724,288,738,265,738
496,738,521,738,521,752,496,752
481,740,497,740,497,752,481,752
234,741,261,741,261,756,234,756
262,741,300,741,300,754,262,754
301,741,324,741,324,754,301,754
374,741,401,741,401,754,374,754
433,766,518,764,518,779,433,781
287,769,398,767,398,781,288,784
400,768,432,768,432,782,400,782
248,769,264,769,264,784,248,784
265,770,288,770,288,782,265,782
342,788,365,788,365,800,342,800
366,788,398,788,398,801,366,801
400,788,424,788,424,800,400,800
440,801,474,801,474,810,440,810
277,802,294,802,294,812,277,812
297,802,321,802,321,812,297,812
340,802,353,802,353,812,340,812
356,802,377,802,377,812,356,812
418,802,438,802,438,812,418,812
324,804,337,804,337,812,324,812
380,804,400,804,400,813,380,813
401,804,416,804,416,812,401,812
