272,353,374,353,374,372,272,372
380,353,440,353,440,372,380,372
249,384,284,384,284,400,249,400
286,384,314,384,314,401,286,401
316,383,350,385,349,400,315,398
385,384,414,384,414,400,385,400
417,383,456,386,455,402,416,398
353,385,382,385,382,401,353,401
146,409,170,409,170,424,146,424
241,445,290,445,290,470,241,470
350,445,400,445,400,470,350,470
404,445,469,445,469,469,404,469
294,448,346,448,346,470,294,470
508,477,542,477,542,493,508,493
405,478,432,478,432,500,405,500
452,478,506,478,506,496,452,496
156,480,188,480,188,497,156,497
258,480,282,480,282,497,258,497
301,480,338,480,338,496,301,496
366,480,401,480,401,494,366,494
190,479,234,484,232,500,189,496
304,505,348,505,348,522,304,522
428,505,470,505,470,524,428,524
473,505,497,505,497,522,473,522
148,506,278,506,278,524,148,524
281,506,302,506,302,522,281,522
350,506,423,506,423,522,350,522
522,530,557,530,557,548,522,548
288,532,320,532,320,545,288,545
382,532,404,532,404,546,382,546
401,532,440,532,440,549,401,549
498,532,525,532,525,549,498,549
277,560,309,560,309,578,277,578
140,561,202,561,202,578,140,578
201,561,276,561,276,578,201,578
312,561,334,561,334,578,312,578
336,559,391,562,390,582,335,578
393,562,446,565,445,580,392,577
448,562,505,562,505,578,448,578
514,562,541,562,541,578,514,578
282,588,317,588,317,601,282,601
382,588,409,588,409,605,382,605
408,588,441,588,441,605,408,605
526,588,561,588,561,606,526,606
501,589,528,589,528,606,501,606
132,618,268,618,268,636,132,636
273,618,302,618,302,636,273,636
306,618,372,620,371,640,306,637
373,618,428,620,427,638,372,636
429,620,462,620,462,638,429,638
462,621,494,621,494,637,462,637
500,621,525,621,525,638,500,638
278,646,313,646,313,661,278,661
381,648,410,648,410,668,381,668
408,648,442,648,442,665,408,665
504,649,533,649,533,669,504,669
529,649,565,649,565,668,529,668
122,678,254,678,254,698,122,698
257,678,280,678,280,698,257,698
284,681,352,681,352,700,284,700
352,681,386,681,386,702,352,702
389,681,422,681,422,701,389,701
424,682,457,682,457,700,424,700
460,682,500,682,500,701,460,701
504,682,530,682,530,701,504,701
276,710,312,710,312,725,276,725
381,712,410,712,410,733,381,733
408,712,442,712,442,730,408,730
506,713,536,713,536,734,506,734
532,713,568,713,568,732,532,732
115,743,163,749,160,772,112,766
161,749,188,749,188,769,161,769
116,770,164,776,161,797,113,791
164,775,210,779,209,798,162,795
498,781,538,781,538,801,498,801
534,781,572,781,572,800,534,800
117,800,157,800,157,818,117,818
160,802,217,802,217,820,160,820
220,802,252,802,252,820,220,820
330,808,372,808,372,826,330,826
496,812,537,812,537,830,496,830
534,812,570,812,570,829,534,829
120,830,149,830,149,849,120,849
150,832,174,832,174,850,150,850
177,834,198,834,198,850,177,850
202,834,249,834,249,852,202,852
506,841,530,841,530,860,506,860
532,841,568,841,568,860,532,860
141,866,166,866,166,885,141,885
168,869,200,869,200,884,168,884
202,869,372,873,371,892,202,887
376,874,426,874,426,896,376,896
428,876,538,876,538,894,428,894
536,878,560,878,560,893,536,893
288,900,320,900,320,914,288,914
323,902,371,899,372,916,324,919
376,902,410,902,410,917,376,917
185,914,213,914,213,929,185,929
216,916,253,916,253,930,216,930
281,917,303,920,302,932,280,930
306,917,339,921,338,935,305,931
257,921,278,921,278,930,257,930
342,920,374,920,374,934,342,934
377,921,398,921,398,934,377,934
437,921,489,921,489,934,437,934
402,922,433,922,433,936,402,936
