536,21,591,23,590,37,535,35
600,21,656,26,655,40,599,35
372,24,482,37,480,52,370,40
491,36,558,42,556,59,489,53
566,40,600,40,600,54,566,54
610,41,644,41,644,56,610,56
654,41,666,41,666,54,654,54
372,41,414,46,412,62,370,56
425,50,458,50,458,65,425,65
468,52,525,58,523,73,466,66
534,56,600,60,599,75,533,72
610,58,644,58,644,72,610,72
654,58,689,58,689,73,654,73
697,58,710,58,710,72,697,72
720,57,767,61,766,76,719,73
776,59,812,61,811,75,775,73
369,61,393,61,393,76,369,76
689,64,697,64,697,73,689,73
393,64,404,64,404,77,393,77
404,62,448,71,445,86,401,78
456,69,509,72,509,87,455,84
448,73,454,73,454,82,448,82
511,73,599,73,599,90,511,90
652,74,764,76,763,91,651,90
600,76,640,76,640,89,600,89
368,77,413,83,411,98,366,92
644,80,652,80,652,89,644,89
445,87,500,89,499,104,444,102
500,90,555,93,554,107,499,105
564,94,605,95,605,108,563,106
608,96,630,96,630,108,608,108
368,94,424,101,422,117,366,110
423,101,454,105,452,120,421,116
465,108,500,110,499,122,464,120
509,110,619,110,619,125,509,125
629,112,672,114,671,126,628,125
674,114,697,114,697,126,674,126
529,144,562,144,562,160,529,160
573,145,608,145,608,160,573,160
616,145,650,145,650,160,616,160
660,145,682,145,682,161,660,161
582,162,626,162,626,177,582,177
362,185,385,185,385,202,362,202
385,186,418,186,418,205,385,205
418,190,472,193,471,209,417,205
504,197,534,197,534,212,504,212
536,197,560,197,560,212,536,212
713,200,768,203,767,219,712,217
781,201,850,201,850,218,781,218
361,205,384,205,384,218,361,218
394,208,417,208,417,222,394,222
437,210,514,214,513,230,436,225
514,214,602,214,602,230,514,230
360,222,390,222,390,237,360,237
458,232,504,234,503,250,458,248
513,233,546,233,546,248,513,248
358,257,393,261,391,276,357,273
401,263,434,261,435,278,402,280
545,269,568,269,568,285,545,285
577,269,634,274,633,290,576,285
733,274,790,274,790,290,733,290
802,276,849,276,849,290,802,290
357,296,366,296,366,309,357,309
378,297,400,297,400,312,378,312
410,298,455,301,454,316,410,313
465,304,522,304,522,318,465,318
532,305,565,305,565,320,532,320
576,308,620,308,620,322,576,322
630,309,642,309,642,322,630,322
388,314,431,317,430,333,387,330
432,316,531,322,530,338,431,332
742,330,786,330,786,345,742,345
810,330,834,330,834,345,810,345
387,331,411,333,410,348,385,346
420,333,455,335,454,351,419,349
462,337,486,337,486,352,462,352
456,344,464,344,464,353,456,353
574,342,586,342,586,357,574,357
596,342,631,344,630,359,595,357
354,349,364,349,364,364,354,364
741,348,766,348,766,362,741,362
588,350,594,350,594,358,588,358
776,349,848,349,848,365,776,365
374,350,409,350,409,365,374,365
418,353,452,353,452,369,418,369
462,354,507,357,506,372,461,369
518,358,563,360,562,375,518,373
573,361,630,361,630,376,573,376
384,368,529,375,529,391,383,383
740,385,785,385,785,400,740,400
810,385,834,385,834,400,810,400
384,386,406,386,406,401,384,401
417,389,450,389,450,404,417,404
460,390,482,390,482,405,460,405
617,401,625,401,625,412,617,412
738,402,773,402,773,417,738,417
776,401,822,405,821,420,775,417
821,404,845,404,845,418,821,418
348,434,394,441,391,460,345,452
347,452,393,460,390,478,344,471
738,457,772,457,772,472,738,472
773,458,810,458,810,473,773,473
810,458,844,458,844,474,810,474
401,460,446,463,445,477,400,475
490,462,514,462,514,482,490,482
456,464,489,464,489,480,456,480
524,467,569,468,569,484,523,482
346,473,392,479,390,495,344,490
784,476,810,476,810,492,784,492
810,477,844,477,844,493,810,493
400,478,422,478,422,493,400,493
422,481,445,481,445,494,422,494
736,491,809,494,809,511,735,507
345,492,390,497,389,512,344,508
810,494,844,494,844,510,810,510
400,496,455,500,454,515,399,511
466,501,500,501,500,516,466,516
344,511,388,513,387,529,343,527
724,512,762,512,762,528,724,528
770,513,810,513,810,530,770,530
810,514,844,514,844,530,810,530
398,517,432,517,432,532,398,532
442,518,476,518,476,536,442,536
488,521,522,521,522,536,488,536
532,523,588,525,587,540,531,538
736,530,761,530,761,546,736,546
769,532,809,532,809,549,769,549
818,534,844,534,844,552,818,552
341,547,374,549,373,564,340,562
384,549,430,552,429,568,383,565
440,553,484,555,483,571,439,569
496,557,541,557,541,573,496,573
350,568,361,568,361,581,350,581
370,568,394,568,394,582,370,582
746,569,768,569,768,584,746,584
770,568,844,571,843,589,770,586
348,585,373,585,373,602,348,602
381,586,404,586,404,602,381,602
772,589,808,589,808,604,772,604
817,590,844,590,844,606,817,606
373,593,380,593,380,602,373,602
746,606,760,606,760,621,746,621
770,606,809,606,809,625,770,625
818,609,842,609,842,625,818,625
332,620,365,620,365,637,332,637
377,624,422,624,422,640,377,640
433,627,491,629,490,644,432,642
501,630,548,634,547,648,500,645
329,636,376,641,374,656,328,651
385,645,421,645,421,658,385,658
720,659,769,663,767,680,719,675
769,662,819,666,818,683,768,679
818,666,845,666,845,682,818,682
324,673,360,678,358,693,322,688
369,677,405,681,403,697,368,694
418,683,473,685,473,701,418,699
484,685,529,688,527,705,483,702
733,701,760,701,760,717,733,717
769,704,809,704,809,721,769,721
818,706,845,706,845,722,818,722
319,711,356,715,354,731,317,727
810,713,818,713,818,722,810,722
365,716,426,719,425,738,364,734
435,721,492,728,490,744,433,738
316,732,340,732,340,749,316,749
340,733,365,733,365,750,340,750
374,737,424,739,423,757,374,755
433,741,482,744,481,759,432,757
482,749,489,749,489,760,482,760
550,748,576,748,576,765,550,765
313,752,337,752,337,769,313,769
337,754,364,754,364,770,337,770
542,756,548,756,548,764,542,764
372,756,420,760,419,776,371,772
431,759,490,767,488,786,428,779
525,766,536,766,536,781,525,781
310,772,334,772,334,790,310,790
334,772,361,772,361,793,334,793
370,777,396,777,396,794,370,794
406,777,464,786,461,805,403,796
548,789,561,789,561,805,548,805
572,790,597,790,597,808,572,808
329,813,378,819,377,835,327,830
389,818,452,825,450,845,387,838
460,822,502,824,501,844,459,842
509,830,533,830,533,845,509,845
545,833,584,833,584,853,545,853
594,832,659,836,658,855,593,851
350,838,386,838,386,858,350,858
669,838,696,838,696,857,669,857
400,840,520,848,519,866,399,858
706,844,744,846,743,861,705,859
757,844,811,853,808,872,754,863
532,850,609,857,607,877,530,871
618,856,658,860,656,878,616,874
669,861,708,861,708,881,669,881
718,865,732,865,732,881,718,881
444,864,484,871,481,891,441,885
492,873,532,873,532,892,492,892
542,873,580,873,580,894,542,894
451,984,739,1005,737,1030,449,1009
