419,52,495,64,490,99,414,88
505,63,602,92,592,128,494,100
285,80,342,85,339,114,282,109
347,81,426,105,416,138,337,114
607,90,732,113,727,143,602,121
423,100,504,114,498,146,417,133
736,107,839,118,835,152,733,142
509,117,590,129,585,162,504,149
593,133,648,139,644,175,590,169
650,145,699,145,699,178,650,178
707,150,799,162,795,190,703,178
486,157,558,167,554,195,482,186
798,163,857,163,857,196,798,196
560,169,757,198,753,227,555,198
862,171,902,171,902,199,862,199
909,175,959,175,959,204,909,204
543,224,625,231,622,267,540,260
630,238,686,247,682,278,625,269
220,265,265,265,265,298,220,298
269,269,339,281,334,314,263,302
340,286,387,286,387,317,340,317
216,304,301,326,292,360,207,337
300,328,341,328,341,357,300,357
347,335,435,340,433,372,345,367
207,349,290,367,283,401,199,383
823,352,974,367,970,399,820,384
293,374,331,374,331,404,293,404
335,371,397,378,393,411,332,405
197,399,256,405,252,439,193,433
883,403,946,408,943,440,881,435
259,409,329,416,326,448,256,441
949,414,968,414,968,440,949,440
775,444,857,444,857,473,775,473
188,445,248,452,245,486,184,479
863,451,969,463,966,490,860,477
248,461,293,466,290,492,246,487
712,474,880,494,877,524,708,504
883,493,968,501,965,533,880,525
705,518,876,537,872,570,701,550
880,540,964,547,962,577,878,570
166,564,240,574,236,612,161,602
244,570,336,592,326,630,235,607
673,633,716,633,716,668,673,668
154,627,274,642,269,675,150,660
277,647,302,647,302,675,277,675
838,652,888,652,888,690,838,690
889,657,958,662,955,697,886,691
144,669,280,682,276,720,141,707
829,711,900,718,897,754,825,747
894,718,956,724,953,756,891,751
134,732,190,736,188,771,131,768
126,779,156,779,156,815,126,815
153,779,220,784,217,819,150,813
864,820,892,820,892,855,864,855
889,821,953,826,950,860,886,854
110,867,209,891,199,936,99,913
816,952,889,961,884,999,812,990
882,961,946,967,943,1002,879,997
82,1005,198,1031,186,1086,70,1060
67,1084,149,1084,149,1128,67,1128
744,1083,944,1105,938,1158,738,1136
152,1096,230,1096,230,1138,152,1138
782,1150,860,1162,853,1204,776,1192
850,1157,941,1170,935,1214,844,1201
162,1177,250,1182,247,1221,159,1216
310,1194,336,1194,336,1228,310,1228
255,1194,303,1194,303,1225,255,1225
342,1193,432,1199,429,1238,340,1232
436,1197,506,1213,497,1253,427,1237
505,1211,581,1211,581,1253,505,1253
583,1221,671,1221,671,1268,583,1268
673,1227,765,1233,762,1279,670,1273
765,1237,827,1237,827,1275,765,1275
342,1265,498,1276,495,1315,339,1304
501,1279,548,1279,548,1326,501,1326
551,1282,644,1290,641,1329,547,1321
