131,488,188,488,188,516,131,516
193,485,272,488,271,519,192,516
361,486,430,486,430,520,361,520
433,491,486,491,486,520,433,520
273,495,360,495,360,520,273,520
100,526,146,526,146,551,100,551
152,524,233,531,231,557,149,551
298,526,410,526,410,555,298,555
236,528,291,528,291,553,236,553
416,528,465,528,465,555,416,555
46,530,91,530,91,551,46,551
48,568,108,568,108,593,48,593
111,568,160,568,160,593,111,593
163,570,200,570,200,595,163,595
203,570,268,570,268,596,203,596
46,605,81,605,81,628,46,628
85,604,226,604,226,629,85,629
243,608,286,608,286,631,243,631
290,608,428,608,428,633,290,633
46,638,96,638,96,661,46,661
100,640,150,640,150,666,100,666
146,639,253,639,253,663,146,663
268,638,392,641,391,666,267,663
41,676,85,676,85,700,41,700
88,673,147,681,143,706,85,699
256,678,286,678,286,700,256,700
316,678,358,678,358,701,316,701
396,680,430,680,430,703,396,703
443,678,520,680,519,705,442,703
523,680,566,680,566,705,523,705
28,716,58,716,58,740,28,740
116,716,165,716,165,745,116,745
313,718,345,718,345,741,313,741
346,718,390,718,390,741,346,741
63,720,113,720,113,741,63,741
415,721,430,721,430,740,415,740
471,721,503,721,503,745,471,745
505,721,563,721,563,745,505,745
25,747,87,752,84,781,23,776
89,751,153,756,151,781,86,776
461,756,496,756,496,781,461,781
496,758,560,758,560,783,496,783
25,791,86,791,86,815,25,815
88,791,145,791,145,815,88,815
150,791,193,791,193,815,150,815
197,791,263,796,261,820,195,814
526,798,558,798,558,820,526,820
25,827,86,832,84,861,23,856
86,831,118,831,118,856,86,856
186,831,245,831,245,856,186,856
120,833,181,833,181,856,120,856
460,835,493,835,493,858,460,858
488,835,558,835,558,860,488,860
156,871,225,871,225,905,156,905
281,873,336,873,336,905,281,905
341,873,455,873,455,905,341,905
96,876,151,876,151,905,96,905
230,876,278,876,278,905,230,905
