700,561,947,567,946,614,699,608
943,566,1090,566,1090,613,943,613
1084,567,1162,573,1158,619,1080,612
473,610,510,610,510,636,473,636
513,610,560,610,560,643,513,643
564,608,663,622,658,656,560,642
663,620,720,620,720,650,663,650
723,623,786,623,786,656,723,656
791,618,905,630,902,666,787,653
903,626,943,626,943,656,903,656
953,630,983,630,983,663,953,663
990,630,1053,630,1053,660,990,660
1053,630,1146,630,1146,663,1053,663
1156,630,1253,630,1253,663,1156,663
1256,632,1387,636,1386,670,1255,666
443,660,483,660,483,680,443,680
493,654,586,662,583,700,490,692
594,661,652,666,648,702,590,697
658,663,746,676,740,715,652,701
751,667,837,676,832,718,746,708
846,676,900,676,900,713,846,713
910,676,960,676,960,713,910,713
966,676,1050,676,1050,713,966,713
1060,680,1166,680,1166,730,1060,730
1174,674,1368,686,1365,735,1171,722
704,723,951,732,948,808,701,799
966,746,1133,746,1133,813,966,813
410,873,463,873,463,920,410,920
843,875,1304,887,1303,934,842,922
466,880,580,880,580,930,466,930
1300,890,1370,890,1370,926,1300,926
583,893,656,893,656,930,583,930
843,933,960,933,960,976,843,976
406,966,473,966,473,1010,406,1010
480,973,560,973,560,1010,480,1010
840,987,1094,996,1092,1041,838,1032
403,1024,498,1028,496,1074,401,1069
500,1033,583,1033,583,1080,500,1080
590,1040,663,1040,663,1076,590,1076
837,1042,1016,1057,1012,1101,834,1086
1020,1054,1238,1062,1236,1107,1018,1099
396,1146,490,1146,490,1193,396,1193
496,1160,556,1160,556,1193,496,1193
833,1160,922,1183,910,1231,820,1209
920,1166,1000,1166,1000,1216,920,1216
1006,1174,1148,1181,1146,1224,1004,1217
393,1206,473,1206,473,1250,393,1250
576,1210,653,1210,653,1263,576,1263
480,1217,572,1223,569,1261,477,1255
827,1227,965,1235,963,1277,824,1270
386,1320,440,1320,440,1370,386,1370
443,1330,506,1330,506,1373,443,1373
516,1336,593,1336,593,1376,516,1376
816,1350,956,1350,956,1396,816,1396
956,1356,1053,1356,1053,1403,956,1403
383,1386,456,1386,456,1426,383,1426
466,1393,546,1393,546,1430,466,1430
817,1407,956,1424,951,1466,812,1449
963,1418,1051,1423,1049,1461,961,1456
1063,1423,1143,1423,1143,1463,1063,1463
382,1439,487,1460,477,1508,372,1487
483,1460,556,1460,556,1493,483,1493
563,1466,633,1466,633,1503,563,1503
640,1466,680,1466,680,1500,640,1500
813,1470,886,1470,886,1513,813,1513
890,1476,963,1476,963,1513,890,1513
375,1497,480,1517,471,1568,366,1547
476,1510,550,1510,550,1556,476,1556
558,1513,660,1534,651,1578,549,1557
660,1530,733,1530,733,1566,660,1566
806,1533,903,1533,903,1576,806,1576
906,1540,993,1540,993,1580,906,1580
1128,1534,1235,1555,1224,1611,1117,1591
1001,1550,1119,1544,1121,1593,1003,1599
356,1656,480,1656,480,1713,356,1713
797,1655,952,1665,949,1711,794,1701
547,1671,675,1663,678,1716,550,1724
976,1666,1073,1666,1073,1716,976,1716
483,1670,546,1670,546,1713,483,1713
1080,1674,1153,1680,1149,1728,1076,1722
1161,1663,1280,1692,1267,1749,1147,1720
790,1715,912,1721,909,1769,787,1762
443,1820,510,1820,510,1866,443,1866
513,1826,583,1826,583,1873,513,1873
590,1833,666,1833,666,1876,590,1876
676,1845,768,1850,766,1886,674,1880
776,1846,846,1846,846,1893,776,1893
851,1853,951,1865,946,1911,845,1899
953,1860,1026,1860,1026,1906,953,1906
1030,1873,1150,1873,1150,1916,1030,1916
1156,1876,1276,1876,1276,1930,1156,1930
437,1878,620,1892,616,1940,433,1926
1280,1886,1353,1886,1353,1940,1280,1940
616,1904,690,1893,698,1942,624,1953
696,1903,766,1903,766,1946,696,1946
770,1902,946,1916,942,1964,766,1950
950,1915,1093,1928,1089,1975,946,1962
1096,1930,1186,1930,1186,1976,1096,1976
1184,1932,1351,1953,1345,2002,1178,1981
321,1997,407,2007,402,2049,316,2038
410,2010,440,2010,440,2050,410,2050
316,2060,430,2060,430,2113,316,2113
433,2076,500,2076,500,2116,433,2116
506,2083,580,2083,580,2133,506,2133
586,2075,720,2102,710,2154,576,2127
716,2103,770,2103,770,2146,716,2146
773,2110,843,2110,843,2156,773,2156
843,2110,896,2110,896,2160,843,2160
902,2109,997,2128,988,2175,892,2155
996,2116,1066,2116,1066,2170,996,2170
316,2126,370,2126,370,2156,316,2156
1072,2123,1155,2135,1149,2183,1065,2171
373,2136,406,2136,406,2153,373,2153
410,2127,535,2140,532,2170,407,2156
1154,2137,1237,2145,1232,2188,1150,2180
1236,2210,1283,2210,1283,2240,1236,2240
1290,2220,1363,2220,1363,2250,1290,2250
