980,811,1041,816,1039,841,978,836
1103,813,1163,813,1163,840,1103,840
1043,816,1096,816,1096,843,1043,843
700,818,887,823,886,858,699,853
903,836,940,836,940,863,903,863
946,840,986,840,986,863,946,863
990,843,1033,843,1033,866,990,866
1036,843,1086,843,1086,866,1036,866
1090,846,1136,846,1136,866,1090,866
1140,846,1190,846,1190,870,1140,870
1193,843,1230,843,1230,870,1193,870
750,856,840,856,840,880,750,880
960,866,1003,866,1003,890,960,890
1006,870,1083,870,1083,893,1006,893
1086,866,1176,866,1176,893,1086,893
783,913,856,913,856,950,783,950
940,915,1064,921,1062,955,938,949
860,920,936,920,936,950,860,950
1066,920,1160,920,1160,953,1066,953
886,956,920,956,920,980,886,980
923,956,966,956,966,980,923,980
970,956,1056,956,1056,980,970,980
690,1003,726,1003,726,1026,690,1026
726,1000,766,1000,766,1026,726,1026
773,1003,866,1003,866,1030,773,1030
966,1010,1010,1010,1010,1033,966,1033
1010,1010,1100,1010,1100,1040,1010,1040
1103,1013,1176,1013,1176,1040,1103,1040
1177,1009,1243,1017,1239,1048,1173,1040
686,1033,736,1033,736,1056,686,1056
743,1036,786,1036,786,1060,743,1060
786,1033,820,1033,820,1060,786,1060
837,1034,895,1044,891,1069,833,1060
896,1040,943,1040,943,1066,896,1066
966,1040,1020,1040,1020,1060,966,1060
680,1060,723,1060,723,1086,680,1086
726,1066,776,1066,776,1090,726,1090
783,1066,847,1070,845,1094,781,1090
960,1066,1033,1066,1033,1096,960,1096
1036,1070,1066,1070,1066,1093,1036,1093
1066,1070,1110,1070,1110,1100,1066,1100
1113,1073,1146,1073,1146,1096,1113,1096
1150,1070,1210,1070,1210,1100,1150,1100
963,1100,1003,1100,1003,1123,963,1123
1003,1103,1040,1103,1040,1123,1003,1123
1046,1103,1093,1103,1093,1123,1046,1123
1093,1103,1110,1103,1110,1123,1093,1123
686,1126,736,1126,736,1150,686,1150
783,1130,826,1130,826,1153,783,1153
833,1136,883,1136,883,1156,833,1156
930,1136,960,1136,960,1156,930,1156
983,1136,1033,1136,1033,1160,983,1160
1036,1140,1073,1140,1073,1163,1036,1163
1110,1140,1180,1140,1180,1163,1110,1163
1183,1143,1233,1143,1233,1166,1183,1166
750,1166,793,1166,793,1190,750,1190
796,1170,833,1170,833,1190,796,1190
763,1200,806,1200,806,1226,763,1226
810,1203,846,1203,846,1226,810,1226
850,1203,883,1203,883,1226,850,1226
1000,1210,1033,1210,1033,1230,1000,1230
1033,1206,1080,1206,1080,1233,1033,1233
1166,1213,1200,1213,1200,1236,1166,1236
1200,1213,1246,1213,1246,1236,1200,1236
660,1240,733,1240,733,1263,660,1263
740,1243,793,1243,793,1266,740,1266
1166,1253,1203,1253,1203,1280,1166,1280
1203,1253,1253,1253,1253,1280,1203,1280
653,1275,715,1281,712,1305,651,1299
716,1280,773,1280,773,1303,716,1303
1170,1296,1210,1296,1210,1320,1170,1320
1206,1296,1256,1296,1256,1320,1206,1320
673,1308,748,1314,746,1338,671,1333
750,1316,806,1316,806,1336,750,1336
810,1316,860,1316,860,1340,810,1340
863,1320,913,1320,913,1343,863,1343
1170,1326,1256,1326,1256,1353,1170,1353
650,1343,703,1343,703,1366,650,1366
703,1346,770,1346,770,1370,703,1370
1173,1362,1260,1366,1259,1392,1172,1387
643,1376,700,1376,700,1406,643,1406
703,1380,763,1380,763,1410,703,1410
1170,1400,1210,1400,1210,1430,1170,1430
1206,1400,1256,1400,1256,1433,1206,1433
793,1420,860,1420,860,1450,793,1450
860,1423,986,1423,986,1456,860,1456
990,1426,1093,1426,1093,1460,990,1460
793,1453,856,1453,856,1483,793,1483
866,1463,1090,1463,1090,1490,866,1490
763,1478,898,1486,896,1519,762,1512
900,1486,1023,1486,1023,1520,900,1520
1026,1493,1113,1493,1113,1523,1026,1523
797,1513,901,1519,899,1551,795,1545
900,1520,953,1520,953,1550,900,1550
956,1520,1010,1520,1010,1553,956,1553
1010,1523,1080,1523,1080,1553,1010,1553
730,1610,793,1610,793,1643,730,1643
793,1613,833,1613,833,1643,793,1643
836,1616,903,1616,903,1646,836,1646
903,1616,940,1616,940,1646,903,1646
940,1620,986,1620,986,1650,940,1650
987,1615,1056,1624,1052,1659,983,1650
1056,1626,1136,1626,1136,1656,1056,1656
693,2043,756,2043,756,2080,693,2080
800,2050,856,2050,856,2086,800,2086
760,2053,796,2053,796,2080,760,2080
856,2053,943,2053,943,2090,856,2090
943,2060,980,2060,980,2090,943,2090
980,2060,1033,2060,1033,2096,980,2096
1036,2063,1090,2063,1090,2100,1036,2100
1093,2066,1140,2066,1140,2100,1093,2100
780,2085,901,2091,899,2125,778,2118
900,2093,936,2093,936,2126,900,2126
936,2093,1010,2093,1010,2130,936,2130
1006,2103,1043,2103,1043,2130,1006,2130
