706,643,1026,643,1026,760,706,760
1133,750,1246,750,1246,793,1133,793
663,766,703,766,703,810,663,810
556,770,606,770,606,816,556,816
610,773,656,773,656,813,610,813
1113,803,1186,803,1186,850,1113,850
1190,803,1246,803,1246,846,1190,846
926,806,1020,806,1020,856,926,856
1043,806,1113,806,1113,853,1043,853
1016,813,1033,813,1033,850,1016,850
603,813,653,813,653,863,603,863
870,813,923,813,923,856,870,856
826,816,860,816,860,856,826,856
550,823,600,823,600,866,550,866
1083,856,1153,856,1153,906,1083,906
1186,856,1246,856,1246,903,1186,903
1026,860,1083,860,1083,906,1026,906
1146,860,1183,860,1183,903,1146,903
983,863,1020,863,1020,906,983,906
950,866,986,866,986,906,950,906
1083,913,1243,913,1243,963,1083,963
540,923,606,923,606,973,540,973
613,926,690,926,690,970,613,970
566,1080,630,1080,630,1140,566,1140
763,1089,1180,1089,1180,1139,763,1139
650,1096,736,1096,736,1140,650,1140
740,1143,856,1143,856,1200,740,1200
596,1146,716,1146,716,1200,596,1200
1056,1146,1180,1146,1180,1200,1056,1200
883,1153,1029,1153,1029,1199,883,1199
530,1250,586,1250,586,1303,530,1303
590,1256,670,1256,670,1303,590,1303
1096,1263,1240,1263,1240,1313,1096,1313
526,1310,566,1310,566,1353,526,1353
570,1310,666,1310,666,1353,570,1353
520,1360,560,1360,560,1403,520,1403
566,1360,646,1360,646,1403,566,1403
1113,1370,1150,1370,1150,1410,1113,1410
1160,1373,1213,1373,1213,1416,1160,1416
513,1410,566,1410,566,1456,513,1456
506,1466,593,1466,593,1513,506,1513
600,1466,670,1466,670,1513,600,1513
1120,1470,1173,1470,1173,1516,1120,1516
1180,1470,1250,1470,1250,1520,1180,1520
496,1523,583,1523,583,1573,496,1573
950,1523,1113,1523,1113,1573,950,1573
1123,1526,1256,1526,1256,1573,1123,1573
553,1583,630,1583,630,1633,553,1633
1183,1583,1260,1583,1260,1636,1183,1636
496,1586,550,1586,550,1633,496,1633
486,1696,620,1696,620,1763,486,1763
993,1706,1070,1706,1070,1760,993,1760
1090,1706,1196,1706,1196,1763,1090,1763
1223,1713,1263,1713,1263,1763,1223,1763
580,1840,873,1840,873,1893,580,1893
900,1843,1166,1843,1166,1896,900,1896
690,1906,806,1906,806,1956,690,1956
820,1904,1054,1909,1053,1961,819,1956
670,1963,746,1963,746,2020,670,2020
753,1970,810,1970,810,2023,753,2023
816,1973,890,1973,890,2020,816,2020
900,1973,1073,1973,1073,2023,900,2023
666,2080,720,2080,720,2136,666,2136
616,2086,656,2086,656,2133,616,2133
726,2086,763,2086,763,2133,726,2133
1000,2086,1060,2086,1060,2143,1000,2143
823,2093,913,2093,913,2140,823,2140
920,2093,993,2093,993,2143,920,2143
1066,2093,1130,2093,1130,2146,1066,2146
776,2096,816,2096,816,2136,776,2136
1053,2113,1070,2113,1070,2136,1053,2136
496,2136,556,2136,556,2176,496,2176
560,2136,646,2136,646,2180,560,2180
653,2143,706,2143,706,2183,653,2183
716,2143,790,2143,790,2186,716,2186
793,2146,866,2146,866,2190,793,2190
873,2146,916,2146,916,2193,873,2193
923,2150,996,2150,996,2196,923,2196
1003,2153,1060,2153,1060,2200,1003,2200
1066,2156,1126,2156,1126,2200,1066,2200
1133,2156,1210,2156,1210,2203,1133,2203
1213,2156,1273,2156,1273,2203,1213,2203
736,2193,856,2193,856,2236,736,2236
863,2196,900,2196,900,2233,863,2233
910,2196,1028,2202,1026,2241,908,2235
716,2233,796,2233,796,2266,716,2266
806,2236,873,2236,873,2270,806,2270
883,2240,970,2240,970,2273,883,2273
973,2246,1060,2246,1060,2276,973,2276
