774,140,923,152,919,201,770,189
1136,156,1183,156,1183,200,1136,200
938,156,1019,168,1011,216,931,204
1070,173,1116,173,1116,223,1070,223
1216,184,1349,170,1354,222,1221,235
1030,180,1053,180,1053,216,1030,216
580,190,663,190,663,240,580,240
683,200,706,200,706,240,683,240
727,194,834,205,829,255,722,245
1104,225,1202,192,1218,241,1120,274
846,206,930,206,930,256,846,256
963,216,1010,216,1010,263,963,263
1030,230,1086,230,1086,276,1030,276
776,316,873,316,873,366,776,366
893,320,993,320,993,370,893,370
1091,338,1189,318,1199,369,1101,388
1010,328,1089,334,1086,382,1006,375
823,440,946,440,946,490,823,490
966,443,1043,443,1043,493,966,493
1056,443,1153,443,1153,493,1056,493
1286,526,1340,526,1340,580,1286,580
490,553,543,553,543,600,490,600
563,556,706,556,706,603,563,603
726,556,876,556,876,606,726,606
1103,560,1196,560,1196,606,1103,606
1200,603,1270,603,1270,650,1200,650
490,610,563,610,563,660,490,660
586,613,730,613,730,663,586,663
1103,613,1183,613,1183,663,1103,663
750,616,853,616,853,663,750,663
873,620,923,620,923,663,873,663
1335,647,1445,633,1452,685,1342,699
1470,640,1490,640,1490,676,1470,676
1168,668,1315,647,1322,699,1176,720
490,670,543,670,543,716,490,716
563,673,706,673,706,720,563,720
726,673,756,673,756,716,726,716
1103,673,1160,673,1160,716,1103,716
490,726,570,726,570,776,490,776
680,726,733,726,733,773,680,773
726,726,923,726,923,776,726,776
939,729,1109,725,1111,773,940,777
583,730,656,730,656,773,583,773
1130,730,1183,730,1183,773,1130,773
676,777,924,783,922,836,675,830
940,780,1110,780,1110,830,940,830
1130,780,1183,780,1183,826,1130,826
490,783,570,783,570,833,490,833
590,783,656,783,656,830,590,830
727,838,878,848,875,898,723,888
893,840,963,840,963,890,893,890
986,840,1066,840,1066,886,986,886
1080,838,1231,843,1229,890,1078,885
486,843,590,843,590,890,486,890
606,843,676,843,676,886,606,886
490,895,569,900,566,947,487,942
583,896,703,896,703,950,583,950
726,896,803,896,803,943,726,943
913,896,1010,896,1010,943,913,943
823,900,890,900,890,950,823,950
1403,994,1511,999,1509,1051,1401,1046
1226,1006,1306,1006,1306,1056,1226,1056
650,1010,730,1010,730,1060,650,1060
483,1013,536,1013,536,1060,483,1060
746,1013,803,1013,803,1056,746,1056
1332,1117,1509,1112,1511,1166,1333,1171
480,1123,630,1123,630,1173,480,1173
796,1123,900,1123,900,1170,796,1170
963,1123,1066,1123,1066,1176,963,1176
650,1126,776,1126,776,1170,650,1170
920,1133,933,1133,933,1163,920,1163
887,1174,995,1179,993,1231,885,1226
693,1180,773,1180,773,1226,693,1226
790,1186,866,1186,866,1223,790,1223
1010,1186,1086,1186,1086,1223,1010,1223
693,1236,916,1236,916,1286,693,1286
1013,1290,1141,1295,1139,1347,1011,1343
1433,1293,1510,1293,1510,1343,1433,1343
473,1296,603,1296,603,1346,473,1346
646,1296,726,1296,726,1346,646,1346
746,1296,843,1296,843,1343,746,1343
867,1295,994,1300,993,1347,865,1343
1383,1296,1436,1296,1436,1343,1383,1343
1380,1353,1506,1353,1506,1403,1380,1403
476,1356,603,1356,603,1406,476,1406
646,1356,753,1356,753,1403,646,1403
773,1356,873,1356,873,1406,773,1406
1333,1470,1500,1470,1500,1520,1333,1520
600,1473,680,1473,680,1526,600,1526
691,1481,795,1468,801,1520,698,1533
480,1474,585,1479,582,1531,477,1526
748,1593,869,1587,872,1639,750,1645
1330,1590,1406,1590,1406,1640,1330,1640
1400,1590,1496,1590,1496,1640,1400,1640
480,1594,585,1599,582,1651,477,1646
603,1596,730,1596,730,1646,603,1646
1416,1706,1493,1706,1493,1756,1416,1756
1353,1710,1406,1710,1406,1756,1353,1756
476,1720,553,1720,553,1770,476,1770
573,1720,630,1720,630,1770,573,1770
1420,1823,1490,1823,1490,1873,1420,1873
1320,1826,1416,1826,1416,1876,1320,1876
476,1841,601,1846,599,1898,474,1893
1413,1980,1493,1980,1493,2066,1413,2066
1313,1983,1403,1983,1403,2073,1313,2073
476,2000,586,2000,586,2090,476,2090
600,2000,733,2000,733,2080,600,2080
746,2000,876,2000,876,2083,746,2083
1250,2173,1316,2173,1316,2223,1250,2223
580,2176,660,2176,660,2223,580,2223
750,2176,826,2176,826,2230,750,2230
846,2180,976,2180,976,2233,846,2233
1156,2183,1233,2183,1233,2243,1156,2243
676,2186,733,2186,733,2226,676,2226
993,2190,1046,2190,1046,2240,993,2240
1063,2196,1143,2196,1143,2250,1063,2250
630,2236,753,2236,753,2286,630,2286
1230,2236,1276,2236,1276,2283,1230,2283
773,2246,853,2246,853,2293,773,2293
870,2246,950,2246,950,2293,870,2293
1156,2246,1230,2246,1230,2296,1156,2296
966,2256,1046,2256,1046,2303,966,2303
1063,2266,1143,2266,1143,2313,1063,2313
