910,263,953,263,953,306,910,306
1076,278,1204,256,1213,308,1085,330
850,270,896,270,896,320,850,320
783,283,840,283,840,333,783,333
1046,286,1073,286,1073,330,1046,330
924,309,1031,289,1040,338,933,358
1122,321,1232,311,1236,359,1127,369
843,320,920,320,920,370,843,370
1023,346,1113,327,1122,373,1032,391
790,336,830,336,830,380,790,380
710,350,780,350,780,396,710,396
960,356,1016,356,1016,396,960,396
660,363,696,363,696,403,660,403
900,363,946,363,946,410,900,410
850,373,886,373,886,416,850,416
583,376,656,376,656,423,583,423
903,414,1100,379,1109,428,911,463
766,393,836,393,836,433,766,433
686,406,760,406,760,453,686,453
572,430,679,419,683,464,577,475
802,431,897,418,904,467,808,479
760,440,796,440,796,483,760,483
1026,440,1090,440,1090,486,1026,486
949,452,1032,444,1037,494,954,502
710,453,753,453,753,496,710,496
827,476,940,457,948,508,836,527
766,490,823,490,823,533,766,533
992,500,1074,486,1082,532,1000,546
716,496,760,496,760,540,716,540
910,506,986,506,986,556,910,556
826,530,893,530,893,566,826,566
756,533,813,533,813,580,756,580
970,546,1046,546,1046,596,970,596
1230,556,1290,556,1290,603,1230,603
876,565,956,558,960,604,881,612
772,579,869,569,873,615,777,625
710,633,766,633,766,670,710,670
656,636,710,636,710,673,656,673
563,640,656,640,656,673,563,673
1253,656,1280,656,1280,693,1253,693
816,710,928,700,932,739,820,749
1240,703,1303,703,1303,750,1240,750
1186,710,1243,710,1243,750,1186,750
743,713,803,713,803,750,743,750
563,716,660,716,660,753,563,753
673,716,733,716,733,750,673,750
963,740,1023,740,1023,780,963,780
910,746,966,746,966,783,910,783
1260,750,1290,750,1290,790,1260,790
596,756,640,756,640,790,596,790
636,756,696,756,696,790,636,790
726,756,770,756,770,793,726,793
803,763,823,763,823,790,803,790
798,793,933,787,934,825,800,831
563,793,636,793,636,830,563,830
726,793,786,793,786,830,726,830
653,796,713,796,713,830,653,830
1246,796,1310,796,1310,843,1246,843
1190,806,1236,806,1236,850,1190,850
966,826,1030,826,1030,870,966,870
913,833,970,833,970,870,913,870
710,836,766,836,766,870,710,870
803,843,823,843,823,870,803,870
1263,846,1293,846,1293,886,1263,886
802,874,939,870,940,913,803,917
556,876,623,876,623,916,556,916
633,876,696,876,696,916,633,916
710,876,790,876,790,916,710,916
1250,893,1310,893,1310,936,1250,936
1193,900,1240,900,1240,943,1193,943
973,913,1030,913,1030,950,973,950
900,916,973,916,973,953,900,953
596,920,623,920,623,953,596,953
620,920,696,920,696,956,620,956
726,920,770,920,770,956,726,956
806,926,826,926,826,953,806,953
1270,940,1296,940,1296,976,1270,976
840,956,883,956,883,993,840,993
896,956,940,956,940,993,896,993
556,960,656,960,656,996,556,996
673,960,733,960,733,996,673,996
746,960,826,960,826,996,746,996
1256,983,1316,983,1316,1026,1256,1026
1216,986,1256,986,1256,1023,1216,1023
973,996,1033,996,1033,1033,973,1033
710,1000,770,1000,770,1040,710,1040
936,1000,973,1000,973,1036,936,1036
806,1013,826,1013,826,1040,806,1040
1273,1026,1303,1026,1303,1063,1273,1063
669,1045,829,1041,830,1079,670,1083
843,1043,943,1043,943,1080,843,1080
556,1046,660,1046,660,1086,556,1086
1260,1070,1323,1070,1323,1110,1260,1110
1223,1073,1260,1073,1260,1110,1223,1110
976,1083,1036,1083,1036,1120,976,1120
710,1086,770,1086,770,1130,710,1130
940,1086,976,1086,976,1123,940,1123
810,1096,830,1096,830,1123,810,1123
1203,1156,1326,1156,1326,1233,1203,1233
956,1173,1023,1173,1023,1236,956,1236
550,1176,640,1176,640,1243,550,1243
646,1176,740,1176,740,1250,646,1250
813,1316,830,1316,830,1353,813,1353
550,1316,596,1316,596,1363,550,1363
613,1316,733,1316,733,1360,613,1360
1280,1393,1346,1393,1346,1436,1280,1436
1220,1396,1283,1396,1283,1440,1220,1440
970,1403,1030,1403,1030,1440,970,1440
546,1413,636,1413,636,1456,546,1456
770,1453,873,1453,873,1496,770,1496
666,1456,753,1456,753,1500,666,1500
543,1463,646,1463,646,1503,543,1503
1290,1490,1353,1490,1353,1533,1290,1533
1030,1493,1100,1493,1100,1540,1030,1540
1246,1493,1290,1493,1290,1533,1246,1533
973,1496,1023,1496,1023,1540,973,1540
706,1503,796,1503,796,1546,706,1546
601,1509,693,1504,695,1549,603,1554
546,1513,570,1513,570,1550,546,1550
1233,1586,1360,1586,1360,1636,1233,1636
953,1593,1023,1593,1023,1640,953,1640
1033,1593,1126,1593,1126,1640,1033,1640
1120,1593,1183,1593,1183,1636,1120,1636
790,1600,860,1600,860,1646,790,1646
540,1610,630,1610,630,1660,540,1660
1175,1640,1366,1635,1367,1684,1177,1690
1040,1643,1123,1643,1123,1690,1040,1690
1120,1643,1166,1643,1166,1686,1120,1686
772,1650,939,1645,941,1693,773,1699
953,1646,1020,1646,1020,1690,953,1690
535,1660,756,1651,758,1702,537,1711
1050,2046,1143,2046,1143,2096,1050,2096
1153,2046,1206,2046,1206,2093,1153,2093
963,2050,1033,2050,1033,2100,963,2100
876,2053,946,2053,946,2100,876,2100
776,2060,862,2053,866,2104,780,2111
713,2063,766,2063,766,2113,713,2113
1200,2096,1296,2096,1296,2146,1200,2146
1090,2102,1185,2097,1188,2149,1093,2154
923,2106,970,2106,970,2156,923,2156
986,2106,1080,2106,1080,2153,986,2153
814,2121,902,2106,910,2156,822,2170
716,2120,810,2120,810,2170,716,2170
623,2126,693,2126,693,2176,623,2176
1385,2271,1483,2278,1464,2562,1366,2555
