1549,261,1791,268,1789,331,1547,325
1260,267,1501,267,1501,325,1260,325
1065,341,1165,341,1165,409,1065,409
1407,341,1548,341,1548,409,1407,409
1548,341,1648,341,1648,414,1548,414
549,351,1002,341,1003,414,551,425
1212,346,1354,346,1354,404,1212,404
2399,367,2509,367,2509,441,2399,441
2132,390,2337,369,2344,436,2138,456
1989,393,2084,393,2084,451,1989,451
1795,399,1947,399,1947,467,1795,467
1548,414,1743,414,1743,472,1548,472
546,425,645,425,645,493,546,493
876,425,997,425,997,488,876,488
1212,425,1296,425,1296,483,1212,483
1307,421,1503,429,1500,489,1305,482
682,430,829,430,829,488,682,488
1018,430,1149,430,1149,493,1018,493
1734,477,2241,448,2245,521,1738,549
1551,495,1726,485,1729,540,1554,551
1164,501,1553,491,1555,561,1166,571
918,509,1002,509,1002,567,918,567
997,509,1144,509,1144,561,997,561
546,514,640,514,640,572,546,572
645,514,908,514,908,572,645,572
1596,572,1690,572,1690,619,1596,619
1401,577,1575,577,1575,630,1401,630
997,582,1113,582,1113,645,997,645
1111,586,1358,577,1360,638,1113,646
546,588,735,588,735,656,546,656
876,588,997,588,997,651,876,651
1895,635,1989,635,1989,682,1895,682
1157,656,1642,635,1645,699,1160,720
1690,640,1874,640,1874,693,1690,693
546,666,903,666,903,729,546,729
997,672,1118,672,1118,719,997,719
1837,761,1937,761,1937,834,1837,834
1638,777,1785,777,1785,834,1638,834
1436,793,1585,785,1587,841,1438,849
1244,792,1391,792,1391,861,1244,861
1443,861,1638,861,1638,918,1443,918
2407,971,2734,961,2736,1032,2410,1042
2087,975,2345,966,2348,1053,2090,1062
1131,1024,1369,1015,1372,1075,1134,1084
522,1043,965,1026,968,1101,525,1117
979,1103,1579,1079,1582,1152,982,1177
840,1107,960,1107,960,1176,840,1176
519,1118,614,1118,614,1191,519,1191
651,1118,745,1118,745,1176,651,1176
1167,1187,1268,1177,1274,1238,1173,1248
960,1197,1155,1197,1155,1265,960,1265
514,1207,635,1207,635,1265,514,1265
2523,1295,2749,1288,2752,1375,2526,1382
2198,1318,2472,1311,2474,1383,2200,1389
1317,1328,1422,1328,1422,1407,1317,1407
1470,1337,1728,1344,1726,1421,1468,1414
693,1354,834,1354,834,1438,693,1438
509,1365,645,1365,645,1422,509,1422
1984,1501,2094,1501,2094,1569,1984,1569
1468,1511,1931,1501,1933,1573,1470,1583
738,1522,934,1515,936,1586,740,1593
976,1517,1176,1517,1176,1585,976,1585
1223,1517,1422,1517,1422,1580,1223,1580
593,1522,693,1522,693,1590,593,1590
514,1533,540,1533,540,1585,514,1585
2577,1580,2693,1580,2693,1648,2577,1648
2252,1585,2415,1585,2415,1653,2252,1653
976,1596,1275,1596,1275,1669,976,1669
645,1601,955,1601,955,1674,645,1674
2415,1664,2593,1664,2593,1737,2415,1737
2593,1664,2745,1664,2745,1743,2593,1743
2247,1669,2399,1669,2399,1732,2247,1732
1569,1674,1727,1674,1727,1748,1569,1748
645,1680,1029,1680,1029,1753,645,1753
1470,1680,1569,1680,1569,1753,1470,1753
516,1913,704,1929,697,2014,509,1998
2415,1932,2588,1932,2588,2005,2415,2005
2578,1937,2738,1923,2745,1999,2585,2013
2247,1937,2394,1937,2394,2000,2247,2000
745,1995,939,1995,939,2079,745,2079
517,1989,710,2012,700,2094,507,2071
981,2000,1233,2000,1233,2079,981,2079
1275,2000,1475,2000,1475,2084,1275,2084
2462,2016,2583,2016,2583,2089,2462,2089
2588,2016,2740,2016,2740,2089,2588,2089
517,2069,711,2091,701,2178,507,2155
745,2084,939,2084,939,2163,745,2163
2241,2105,2404,2105,2404,2168,2241,2168
2409,2105,2588,2105,2588,2178,2409,2178
2583,2110,2740,2110,2740,2184,2583,2184
514,2168,698,2168,698,2241,514,2241
741,2169,963,2179,960,2251,737,2242
1029,2173,1181,2173,1181,2247,1029,2247
2241,2194,2415,2194,2415,2262,2241,2262
2409,2194,2588,2194,2588,2268,2409,2268
2577,2199,2740,2199,2740,2273,2577,2273
514,2247,698,2247,698,2325,514,2325
740,2257,892,2257,892,2325,740,2325
981,2262,1076,2262,1076,2336,981,2336
1134,2262,1275,2262,1275,2320,1134,2320
1328,2262,1575,2262,1575,2331,1328,2331
2462,2283,2577,2283,2577,2357,2462,2357
2588,2289,2740,2289,2740,2357,2588,2357
698,2409,892,2409,892,2488,698,2488
934,2409,1134,2409,1134,2488,934,2488
1181,2409,1380,2409,1380,2493,1181,2493
514,2415,651,2415,651,2483,514,2483
2405,2449,2742,2462,2739,2541,2402,2528
2299,2457,2404,2457,2404,2514,2299,2514
556,2493,750,2493,750,2567,556,2567
2299,2535,2399,2535,2399,2604,2299,2604
2405,2536,2575,2544,2571,2622,2401,2613
2583,2551,2735,2551,2735,2625,2583,2625
703,2646,897,2646,897,2724,703,2724
519,2651,656,2651,656,2719,519,2719
966,2661,1181,2661,1181,2724,966,2724
1233,2672,1428,2672,1428,2730,1233,2730
525,2725,947,2745,943,2826,521,2807
2241,2793,2362,2793,2362,2866,2241,2866
2406,2795,2588,2810,2581,2886,2400,2871
2574,2816,2723,2809,2726,2876,2578,2883
525,2887,666,2887,666,2950,525,2950
708,2898,950,2898,950,2966,708,2966
993,2899,1232,2923,1225,2994,986,2970
619,2955,724,2955,724,3034,619,3034
530,2961,624,2961,624,3029,530,3029
756,2976,950,2976,950,3050,756,3050
997,2982,1223,2982,1223,3045,997,3045
1475,3003,1575,3003,1575,3066,1475,3066
624,3034,724,3034,724,3113,624,3113
530,3039,624,3039,624,3108,530,3108
762,3050,947,3061,944,3122,758,3112
998,3056,1233,3077,1226,3151,991,3130
535,3113,729,3113,729,3192,535,3192
761,3129,861,3129,861,3197,761,3197
903,3139,971,3139,971,3197,903,3197
976,3150,1123,3150,1123,3213,976,3213
1475,3165,1533,3165,1533,3234,1475,3234
1538,3176,1669,3176,1669,3239,1538,3239
588,3273,771,3291,765,3351,582,3333
803,3297,897,3297,897,3360,803,3360
903,3297,976,3297,976,3354,903,3354
997,3297,1092,3297,1092,3360,997,3360
1144,3312,1286,3312,1286,3381,1144,3381
1333,3318,1475,3318,1475,3391,1333,3391
1522,3333,1622,3333,1622,3396,1522,3396
1674,3349,1827,3349,1827,3423,1674,3423
2076,3355,2277,3345,2280,3409,2079,3419
720,3352,869,3360,865,3430,715,3422
1879,3360,2021,3360,2021,3423,1879,3423
908,3365,976,3365,976,3423,908,3423
1092,3375,1291,3375,1291,3444,1092,3444
981,3381,1044,3381,1044,3428,981,3428
1340,3387,1581,3420,1572,3486,1330,3452
541,3425,727,3436,723,3495,537,3485
1622,3428,1879,3428,1879,3491,1622,3491
768,3434,986,3458,979,3523,761,3500
1052,3441,1206,3455,1201,3520,1046,3506
981,3465,1008,3465,1008,3507,981,3507
1239,3470,1333,3470,1333,3522,1239,3522
1386,3483,1535,3492,1531,3562,1382,3553
2220,3486,2415,3486,2415,3538,2220,3538
1575,3488,1828,3495,1826,3555,1573,3548
1874,3501,1974,3501,1974,3554,1874,3554
2021,3501,2168,3501,2168,3549,2021,3549
677,3512,819,3512,819,3585,677,3585
866,3522,987,3522,987,3585,866,3585
983,3517,1337,3540,1332,3606,978,3583
1380,3554,1480,3554,1480,3622,1380,3622
1528,3560,1673,3575,1668,3630,1523,3616
1722,3570,1968,3570,1968,3627,1722,3627
1147,3606,1293,3630,1283,3693,1136,3669
1527,3633,1669,3633,1669,3696,1527,3696
1338,3638,1485,3638,1485,3706,1338,3706
1178,3892,2224,3830,2228,3897,1182,3960
