530,283,636,283,636,306,530,306
657,281,768,290,765,318,655,309
206,309,410,317,409,347,205,339
440,313,486,313,486,343,440,343
593,313,656,313,656,343,593,343
510,320,573,320,573,343,510,343
656,320,700,320,700,350,656,350
203,343,250,343,250,376,203,376
270,346,336,346,336,380,270,380
353,346,410,346,410,376,353,376
506,353,533,353,533,380,506,380
550,346,638,353,636,384,547,377
656,349,744,353,743,384,655,379
1016,350,1066,350,1066,383,1016,383
423,356,483,356,483,383,423,383
763,353,830,353,830,383,763,383
850,360,890,360,890,386,850,386
912,362,999,357,1000,386,913,391
203,383,356,383,356,416,203,416
530,383,616,383,616,413,530,413
616,386,636,386,636,413,616,413
376,386,413,386,413,416,376,416
410,386,480,386,480,416,410,416
490,390,510,390,510,416,490,416
510,390,530,390,530,416,510,416
636,390,656,390,656,413,636,413
660,390,740,390,740,416,660,416
740,386,953,386,953,420,740,420
206,420,293,420,293,453,206,453
356,423,413,423,413,453,356,453
420,423,463,423,463,453,420,453
466,426,573,426,573,453,466,453
596,430,673,430,673,453,596,453
683,430,723,430,723,453,683,453
596,460,700,460,700,486,596,486
206,460,313,460,313,490,206,490
316,463,376,463,376,490,316,490
489,465,596,460,597,486,490,490
723,466,803,466,803,490,723,490
810,466,853,466,853,486,810,486
416,470,470,470,470,490,416,490
783,516,830,516,830,550,783,550
526,526,593,526,593,556,526,556
613,526,680,526,680,556,613,556
700,526,766,526,766,553,700,553
636,563,703,563,703,586,636,586
1022,610,1156,606,1157,639,1023,643
893,620,983,620,983,650,893,650
483,626,543,626,543,653,483,653
543,623,590,623,590,653,543,653
311,630,409,625,411,656,313,662
266,630,316,630,316,660,266,660
210,633,250,633,250,660,210,660
476,655,676,651,677,683,476,687
416,656,480,656,480,686,416,686
350,660,400,660,400,690,350,690
266,666,313,666,313,693,266,693
210,673,250,673,250,696,210,696
523,690,570,690,570,716,523,716
407,693,504,697,503,724,405,719
210,703,263,703,263,730,210,730
1076,746,1166,746,1166,776,1076,776
939,753,1056,749,1057,780,940,784
563,753,610,753,610,783,563,783
630,751,745,760,742,791,628,783
286,766,350,766,350,800,286,800
206,773,270,773,270,800,206,800
606,823,676,823,676,853,606,853
696,823,790,823,790,853,696,853
500,826,590,826,590,856,500,856
411,833,479,828,481,859,413,864
350,833,393,833,393,863,350,863
241,841,329,835,332,866,243,873
206,846,223,846,223,870,206,870
1100,853,1150,853,1150,883,1100,883
963,856,1033,856,1033,886,963,886
408,864,542,857,544,891,410,898
266,870,390,870,390,903,266,903
1036,886,1106,886,1106,920,1036,920
1126,886,1173,886,1173,916,1126,916
966,890,1016,890,1016,920,966,920
326,903,393,903,393,936,326,936
413,903,456,903,456,933,413,933
263,906,313,906,313,940,263,940
970,996,1020,996,1020,1026,970,1026
1040,996,1110,996,1110,1026,1040,1026
198,1008,289,1017,285,1055,194,1046
540,1033,633,1033,633,1070,540,1070
1070,1036,1110,1036,1110,1060,1070,1060
476,1040,523,1040,523,1073,476,1073
413,1046,476,1046,476,1076,413,1076
197,1045,286,1054,282,1088,193,1079
303,1050,346,1050,346,1080,303,1080
346,1050,393,1050,393,1080,346,1080
970,1066,1023,1066,1023,1100,970,1100
1040,1066,1113,1066,1113,1100,1040,1100
197,1081,285,1085,283,1124,195,1119
303,1086,346,1086,346,1116,303,1116
350,1093,393,1093,393,1116,350,1116
973,1103,1023,1103,1023,1136,973,1136
1043,1103,1113,1103,1113,1136,1043,1136
480,1120,500,1120,500,1146,480,1146
300,1120,403,1120,403,1153,300,1153
430,1120,476,1120,476,1150,430,1150
196,1126,240,1126,240,1156,196,1156
236,1126,283,1126,283,1153,236,1153
970,1143,1023,1143,1023,1176,970,1176
1043,1143,1116,1143,1116,1176,1043,1176
560,1146,673,1146,673,1180,560,1180
476,1153,543,1153,543,1183,476,1183
300,1156,366,1156,366,1190,300,1190
410,1156,453,1156,453,1193,410,1193
196,1163,283,1163,283,1193,196,1193
491,1222,582,1215,585,1252,494,1259
1043,1216,1116,1216,1116,1250,1043,1250
1000,1220,1026,1220,1026,1250,1000,1250
1140,1220,1183,1220,1183,1246,1140,1246
385,1233,472,1227,474,1256,387,1262
280,1230,320,1230,320,1263,280,1263
320,1230,366,1230,366,1260,320,1260
196,1233,256,1233,256,1263,196,1263
1000,1256,1023,1256,1023,1286,1000,1286
1043,1256,1116,1256,1116,1290,1043,1290
1120,1256,1186,1256,1186,1293,1120,1293
256,1266,300,1266,300,1300,256,1300
216,1273,240,1273,240,1300,216,1300
273,1336,360,1336,360,1370,273,1370
375,1341,492,1335,494,1368,377,1374
513,1336,606,1336,606,1366,513,1366
190,1340,253,1340,253,1373,190,1373
973,1373,1030,1373,1030,1403,973,1403
1046,1373,1123,1373,1123,1406,1046,1406
1140,1373,1190,1373,1190,1406,1140,1406
186,1380,273,1380,273,1410,186,1410
290,1380,360,1380,360,1410,290,1410
973,1450,1026,1450,1026,1483,973,1483
1046,1450,1120,1450,1120,1486,1046,1486
266,1453,333,1453,333,1486,266,1486
396,1453,466,1453,466,1486,396,1486
533,1453,573,1453,573,1486,533,1486
1140,1453,1186,1453,1186,1493,1140,1493
186,1456,250,1456,250,1486,186,1486
360,1456,390,1456,390,1490,360,1490
486,1456,536,1456,536,1486,486,1486
183,1530,250,1530,250,1563,183,1563
263,1530,373,1530,373,1560,263,1560
394,1526,508,1534,505,1569,391,1561
183,1566,223,1566,223,1600,183,1600
223,1566,270,1566,270,1600,223,1600
281,1570,373,1565,374,1599,283,1604
626,1566,673,1566,673,1596,626,1596
396,1570,493,1570,493,1600,396,1600
220,1603,270,1603,270,1636,220,1636
180,1606,220,1606,220,1636,180,1636
283,1610,373,1610,373,1640,283,1640
396,1610,506,1610,506,1643,396,1643
220,1640,266,1640,266,1676,220,1676
673,1643,720,1643,720,1673,673,1673
176,1646,220,1646,220,1676,176,1676
283,1646,326,1646,326,1680,283,1680
350,1646,390,1646,390,1676,350,1676
383,1650,460,1650,460,1683,383,1683
560,1716,626,1716,626,1750,560,1750
903,1716,1000,1716,1000,1753,903,1753
396,1720,443,1720,443,1753,396,1753
653,1720,700,1720,700,1746,653,1746
720,1720,793,1720,793,1753,720,1753
813,1720,883,1720,883,1756,813,1756
196,1723,283,1723,283,1753,196,1753
350,1723,386,1723,386,1753,350,1753
466,1723,540,1723,540,1753,466,1753
300,1726,346,1726,346,1760,300,1760
443,1756,540,1756,540,1786,443,1786
563,1755,677,1760,676,1794,562,1789
256,1760,330,1760,330,1793,256,1793
350,1760,390,1760,390,1793,350,1793
696,1760,796,1760,796,1793,696,1793
390,1766,423,1766,423,1790,390,1790
420,1793,500,1793,500,1826,420,1826
673,1793,793,1793,793,1826,673,1826
583,1796,653,1796,653,1830,583,1830
973,1795,1071,1800,1069,1834,972,1829
170,1800,263,1800,263,1833,170,1833
520,1803,563,1803,563,1826,520,1826
813,1800,860,1800,860,1826,813,1826
283,1803,390,1803,390,1833,283,1833
883,1806,953,1806,953,1830,883,1830
390,1830,540,1830,540,1863,390,1863
583,1830,633,1830,633,1860,583,1860
650,1830,723,1830,723,1860,650,1860
743,1830,810,1830,810,1863,743,1863
813,1833,863,1833,863,1866,813,1866
330,1836,390,1836,390,1866,330,1866
543,1840,563,1840,563,1860,543,1860
236,1840,306,1840,306,1873,236,1873
650,1866,720,1866,720,1903,650,1903
470,1870,540,1870,540,1903,470,1903
563,1873,633,1873,633,1906,563,1906
482,2031,992,2007,994,2043,483,2067
