673,476,780,476,780,500,673,500
543,480,650,480,650,503,543,503
606,503,670,503,670,530,606,530
673,506,716,506,716,533,673,533
453,510,500,510,500,536,453,536
520,513,586,513,586,536,520,536
222,525,422,515,424,541,223,551
935,522,1025,518,1027,549,937,554
1043,516,1093,516,1093,550,1043,550
780,526,850,526,850,553,780,553
870,530,913,530,913,553,870,553
673,533,760,533,760,560,673,560
566,540,653,540,653,566,566,566
520,543,560,543,560,566,520,566
370,550,423,550,423,573,370,573
436,550,496,550,496,573,436,573
220,550,263,550,263,580,220,580
283,553,350,553,350,576,283,576
758,558,979,548,981,583,760,592
542,567,756,561,757,595,543,601
500,570,543,570,543,600,500,600
423,573,493,573,493,603,423,603
386,580,423,580,423,606,386,606
263,583,370,583,370,613,263,613
216,586,263,586,263,616,216,616
696,606,740,606,740,626,696,626
503,610,590,610,590,636,503,636
610,610,680,610,680,633,610,633
430,610,476,610,476,640,430,640
366,613,423,613,423,643,366,643
480,616,500,616,500,640,480,640
214,623,303,616,305,648,217,654
833,636,876,636,876,656,833,656
498,641,719,632,721,666,500,675
743,640,826,640,826,663,743,663
431,656,482,651,485,674,433,679
215,658,326,652,328,682,217,689
330,656,386,656,386,680,330,680
806,696,853,696,853,730,806,730
720,703,790,703,790,736,720,736
633,706,700,706,700,740,633,740
543,710,610,710,610,743,543,743
660,746,726,746,726,773,660,773
1053,800,1186,800,1186,833,1053,833
920,806,1013,806,1013,843,920,843
498,821,613,815,614,849,500,855
264,829,332,825,335,859,266,864
330,826,430,826,430,860,330,860
220,833,263,833,263,863,220,863
435,859,702,848,704,883,437,894
373,863,430,863,430,893,373,893
223,866,266,866,266,900,223,900
286,866,333,866,333,896,286,896
526,896,573,896,573,926,526,926
432,907,522,900,524,931,434,938
223,906,283,906,283,936,223,936
1103,946,1196,946,1196,976,1103,976
969,953,1086,948,1087,980,970,984
596,956,640,956,640,993,596,993
660,959,777,963,776,998,658,994
310,973,376,973,376,1010,310,1010
223,976,290,976,290,1010,223,1010
686,1033,800,1033,800,1063,686,1063
596,1036,666,1036,666,1066,596,1066
486,1040,580,1040,580,1070,486,1070
376,1043,433,1043,433,1076,376,1076
443,1046,466,1046,466,1073,443,1073
266,1046,376,1046,376,1080,266,1080
226,1053,246,1053,246,1080,226,1080
1130,1056,1176,1056,1176,1086,1130,1086
995,1063,1066,1058,1068,1089,997,1094
443,1076,530,1076,530,1110,443,1110
530,1076,576,1076,576,1106,530,1106
290,1080,420,1080,420,1113,290,1113
1153,1090,1200,1090,1200,1123,1153,1123
1066,1093,1136,1093,1136,1126,1066,1126
1023,1100,1046,1100,1046,1126,1023,1126
730,1103,780,1103,780,1136,730,1136
686,1106,716,1106,716,1136,686,1136
333,1116,406,1116,406,1150,333,1150
423,1120,466,1120,466,1143,423,1143
293,1123,316,1123,316,1150,293,1150
776,1140,893,1140,893,1170,776,1170
686,1143,756,1143,756,1173,686,1173
576,1146,666,1146,666,1176,576,1176
490,1150,556,1150,556,1180,490,1180
376,1153,436,1153,436,1183,376,1183
446,1156,466,1156,466,1180,446,1180
270,1156,360,1156,360,1190,270,1190
230,1163,250,1163,250,1190,230,1190
1136,1166,1183,1166,1183,1196,1136,1196
1000,1170,1070,1170,1070,1200,1000,1200
442,1186,579,1181,581,1216,443,1221
293,1190,380,1190,380,1223,293,1223
380,1190,436,1190,436,1220,380,1220
1070,1203,1143,1203,1143,1236,1070,1236
1160,1203,1206,1203,1206,1233,1160,1233
1033,1213,1073,1213,1073,1240,1033,1240
693,1220,716,1220,716,1250,693,1250
736,1216,780,1216,780,1246,736,1246
336,1226,410,1226,410,1260,336,1260
407,1233,469,1228,471,1255,410,1261
296,1233,333,1233,333,1260,296,1260
1076,1313,1150,1313,1150,1346,1076,1346
1166,1313,1213,1313,1213,1346,1166,1346
1006,1316,1076,1316,1076,1350,1006,1350
230,1334,321,1339,319,1377,228,1373
1103,1353,1150,1353,1150,1383,1103,1383
1170,1353,1213,1353,1213,1383,1170,1383
516,1366,563,1366,563,1403,516,1403
583,1366,676,1366,676,1400,583,1400
383,1370,430,1370,430,1406,383,1406
450,1373,513,1373,513,1403,450,1403
230,1374,321,1379,319,1414,228,1409
340,1376,383,1376,383,1406,340,1406
1170,1386,1216,1386,1216,1420,1170,1420
1080,1390,1150,1390,1150,1423,1080,1423
1010,1393,1063,1393,1063,1423,1010,1423
230,1407,321,1412,319,1451,228,1446
340,1413,383,1413,383,1443,340,1443
383,1413,430,1413,430,1443,383,1443
1083,1426,1153,1426,1153,1460,1083,1460
1173,1426,1220,1426,1220,1456,1173,1456
1010,1430,1066,1430,1066,1463,1010,1463
520,1446,540,1446,540,1476,520,1476
230,1450,320,1450,320,1483,230,1483
336,1450,443,1450,443,1480,336,1480
473,1453,520,1453,520,1476,473,1476
1106,1466,1156,1466,1156,1496,1106,1496
1176,1466,1220,1466,1220,1496,1176,1496
606,1480,723,1480,723,1513,606,1513
516,1483,586,1483,586,1513,516,1513
340,1486,406,1486,406,1520,340,1520
450,1486,493,1486,493,1523,450,1523
230,1490,320,1490,320,1520,230,1520
1086,1540,1160,1540,1160,1573,1086,1573
1180,1540,1223,1540,1223,1570,1180,1570
1043,1546,1066,1546,1066,1576,1043,1576
538,1555,632,1548,635,1586,540,1593
316,1556,406,1556,406,1593,316,1593
450,1556,520,1556,520,1590,450,1590
226,1563,293,1563,293,1596,226,1596
1090,1580,1163,1580,1163,1613,1090,1613
1183,1580,1226,1580,1226,1610,1183,1610
1046,1586,1070,1586,1070,1613,1046,1613
293,1600,340,1600,340,1633,293,1633
246,1603,276,1603,276,1633,246,1633
313,1673,406,1673,406,1710,313,1710
450,1673,543,1673,543,1706,450,1706
566,1673,660,1673,660,1703,566,1703
226,1680,290,1680,290,1710,226,1710
1096,1693,1170,1693,1170,1730,1096,1730
1186,1693,1233,1693,1233,1726,1186,1726
1023,1696,1076,1696,1076,1730,1023,1730
223,1716,316,1716,316,1750,223,1750
336,1716,406,1716,406,1746,336,1746
450,1788,564,1794,562,1828,448,1823
313,1793,430,1793,430,1826,313,1826
226,1796,293,1796,293,1826,226,1826
683,1826,730,1826,730,1856,683,1856
270,1830,323,1830,323,1866,270,1866
453,1830,546,1830,546,1863,453,1863
223,1833,270,1833,270,1866,223,1866
336,1833,430,1833,430,1870,336,1870
270,1870,320,1870,320,1906,270,1906
450,1868,551,1873,549,1911,448,1906
223,1873,270,1873,270,1906,223,1906
336,1873,430,1873,430,1903,336,1903
730,1903,780,1903,780,1936,730,1936
686,1910,710,1910,710,1936,686,1936
270,1910,320,1910,320,1943,270,1943
336,1910,383,1910,383,1943,336,1943
406,1910,443,1910,443,1940,406,1940
223,1913,270,1913,270,1943,223,1943
450,1913,503,1913,503,1946,450,1946
966,1973,1063,1973,1063,2010,966,2010
876,1980,946,1980,946,2016,876,2016
616,1983,683,1983,683,2020,616,2020
710,1983,760,1983,760,2016,710,2016
780,1983,853,1983,853,2023,780,2023
403,1990,440,1990,440,2023,403,2023
450,1990,496,1990,496,2023,450,2023
246,1993,340,1993,340,2026,246,2026
356,1993,403,1993,403,2030,356,2030
523,1993,593,1993,593,2026,523,2026
856,2026,876,2026,876,2040,856,2040
756,2026,856,2026,856,2063,756,2063
496,2030,593,2030,593,2063,496,2063
617,2023,738,2032,736,2068,614,2059
310,2033,383,2033,383,2066,310,2066
406,2033,443,2033,443,2063,406,2063
440,2033,476,2033,476,2063,440,2063
1040,2055,1141,2060,1139,2094,1038,2089
876,2060,926,2060,926,2093,876,2093
733,2063,856,2063,856,2096,733,2096
946,2063,1020,2063,1020,2093,946,2093
473,2066,553,2066,553,2103,473,2103
640,2070,713,2070,713,2103,640,2103
216,2073,313,2073,313,2106,216,2106
333,2073,443,2073,443,2106,333,2106
570,2073,620,2073,620,2100,570,2100
806,2103,876,2103,876,2136,806,2136
640,2106,690,2106,690,2140,640,2140
710,2106,783,2106,783,2140,710,2140
880,2106,930,2106,930,2140,880,2140
450,2110,620,2110,620,2143,450,2143
286,2113,356,2113,356,2153,286,2153
383,2113,443,2113,443,2146,383,2146
713,2146,783,2146,783,2186,713,2186
523,2153,596,2153,596,2190,523,2190
620,2153,693,2153,693,2190,620,2190
573,2326,1076,2322,1076,2364,573,2368
