530,453,626,453,626,476,530,476
646,452,747,456,746,480,645,476
583,476,643,476,643,506,583,506
646,483,686,483,686,506,646,506
443,483,486,483,486,513,443,513
506,486,566,486,566,510,506,510
332,493,416,488,417,512,333,517
235,500,332,492,334,517,237,526
746,506,810,506,810,530,746,530
890,506,926,506,926,533,890,533
930,506,953,506,953,530,930,530
646,510,726,510,726,533,646,533
826,510,853,510,853,530,826,530
546,511,627,515,626,540,545,536
986,510,1030,510,1030,543,986,543
506,516,530,516,530,540,506,540
366,520,416,520,416,543,366,543
426,520,483,520,483,546,426,546
290,523,350,523,350,546,290,546
233,526,273,526,273,550,233,550
722,533,926,528,927,559,723,564
488,543,722,533,724,563,490,573
290,550,366,550,366,573,290,573
386,550,480,550,480,573,386,573
226,556,270,556,270,576,226,576
666,573,706,573,706,593,666,593
586,576,660,576,660,596,586,596
366,580,416,580,416,603,366,603
420,576,463,576,463,603,420,603
466,580,580,580,580,603,466,603
226,583,283,583,283,606,226,606
283,583,303,583,303,603,283,603
485,609,685,598,687,627,486,638
706,603,783,603,783,626,706,626
790,603,830,603,830,623,790,623
223,613,320,613,320,636,223,636
326,613,366,613,366,636,326,636
416,616,480,616,480,636,416,636
763,656,806,656,806,690,763,690
683,663,746,663,746,693,683,693
520,666,583,666,583,696,520,696
600,666,666,666,666,693,600,693
623,703,703,703,703,726,623,726
989,756,1116,752,1117,785,990,789
866,756,966,756,966,793,866,793
213,766,256,766,256,796,213,796
256,766,413,766,413,796,256,796
480,770,580,770,580,793,480,793
415,799,663,792,664,826,416,832
216,800,260,800,260,830,216,830
356,800,410,800,410,830,356,830
276,803,320,803,320,830,276,830
500,836,543,836,543,863,500,863
216,840,273,840,273,863,216,863
416,840,493,840,493,866,416,866
560,893,603,893,603,926,560,926
910,893,1016,893,1016,923,910,923
1033,893,1120,893,1120,923,1033,923
620,895,728,903,726,934,618,926
213,900,276,900,276,930,213,930
293,900,356,900,356,933,293,933
251,970,316,965,318,996,253,1001
436,966,543,966,543,996,436,996
560,966,666,966,666,996,560,996
683,966,746,966,746,993,683,993
766,966,833,966,833,993,766,993
853,970,870,970,870,993,853,993
333,970,410,970,410,996,333,996
1060,1000,1100,1000,1100,1026,1060,1026
273,1000,410,1000,410,1033,273,1033
416,1000,543,1000,543,1030,416,1030
930,1000,996,1000,996,1026,930,1026
993,1030,1120,1030,1120,1063,993,1063
316,1036,380,1036,380,1066,316,1066
396,1040,440,1040,440,1063,396,1063
478,1070,563,1065,564,1096,480,1100
580,1066,643,1066,643,1096,580,1096
663,1066,726,1066,726,1096,663,1096
743,1066,833,1066,833,1096,743,1096
830,1066,870,1066,870,1096,830,1096
223,1073,240,1073,240,1100,223,1100
336,1070,440,1070,440,1100,336,1100
440,1073,460,1073,460,1096,440,1096
260,1073,323,1073,323,1100,260,1100
1056,1100,1100,1100,1100,1126,1056,1126
280,1103,413,1103,413,1133,280,1133
416,1103,460,1103,460,1133,416,1133
460,1103,500,1103,500,1133,460,1133
500,1103,540,1103,540,1133,500,1133
930,1103,996,1103,996,1130,930,1130
996,1133,1080,1133,1080,1166,996,1166
1076,1133,1120,1133,1120,1163,1076,1163
960,1140,976,1140,976,1163,960,1163
283,1143,306,1143,306,1166,283,1166
320,1140,383,1140,383,1166,320,1166
400,1143,440,1143,440,1166,400,1166
217,1231,305,1241,301,1275,214,1266
993,1236,1063,1236,1063,1266,993,1266
1080,1236,1123,1236,1123,1266,1080,1266
933,1243,993,1243,993,1266,933,1266
217,1267,301,1272,299,1308,214,1303
360,1270,400,1270,400,1303,360,1303
480,1270,523,1270,523,1303,480,1303
540,1270,626,1270,626,1303,540,1303
316,1273,356,1273,356,1303,316,1303
416,1273,476,1273,476,1303,416,1303
1020,1276,1063,1276,1063,1300,1020,1300
1083,1276,1123,1276,1123,1300,1083,1300
214,1299,302,1307,299,1342,211,1334
316,1306,356,1306,356,1336,316,1336
356,1306,400,1306,400,1336,356,1336
930,1306,993,1306,993,1336,930,1336
996,1306,1063,1306,1063,1336,996,1336
1086,1310,1123,1310,1123,1333,1086,1333
213,1340,296,1340,296,1370,213,1370
320,1343,423,1343,423,1370,320,1370
440,1343,500,1343,500,1370,440,1370
996,1340,1066,1340,1066,1373,996,1373
933,1346,993,1346,993,1373,933,1373
1086,1346,1123,1346,1123,1370,1086,1370
213,1373,296,1373,296,1403,213,1403
316,1376,380,1376,380,1406,316,1406
480,1376,543,1376,543,1406,480,1406
560,1376,666,1376,666,1406,560,1406
1020,1376,1066,1376,1066,1406,1020,1406
1086,1380,1126,1380,1126,1406,1086,1406
416,1380,456,1380,456,1410,416,1410
333,1440,376,1440,376,1473,333,1473
500,1440,583,1440,583,1473,500,1473
210,1443,273,1443,273,1473,210,1473
293,1443,333,1443,333,1473,293,1473
406,1446,480,1446,480,1473,406,1473
996,1446,1066,1446,1066,1476,996,1476
1086,1450,1126,1450,1126,1476,1086,1476
230,1476,256,1476,256,1506,230,1506
270,1476,313,1476,313,1506,270,1506
996,1480,1063,1480,1063,1513,996,1513
1070,1486,1126,1486,1126,1513,1070,1513
206,1546,266,1546,266,1576,206,1576
286,1546,330,1546,330,1576,286,1576
326,1546,373,1546,373,1576,326,1576
403,1550,496,1550,496,1580,403,1580
516,1550,603,1550,603,1580,516,1580
203,1580,246,1580,246,1610,203,1610
246,1586,290,1586,290,1610,246,1610
306,1586,370,1586,370,1610,306,1610
933,1586,996,1586,996,1620,933,1620
1000,1586,1070,1586,1070,1620,1000,1620
1086,1590,1130,1590,1130,1620,1086,1620
200,1650,263,1650,263,1680,200,1680
283,1648,391,1653,389,1686,281,1681
407,1649,512,1658,509,1692,404,1683
240,1683,286,1683,286,1716,240,1716
200,1686,240,1686,240,1716,200,1716
301,1689,389,1684,391,1719,303,1724
406,1690,510,1690,510,1720,406,1720
620,1690,663,1690,663,1720,620,1720
240,1720,286,1720,286,1753,240,1753
200,1723,240,1723,240,1750,200,1750
300,1726,386,1726,386,1756,300,1756
407,1723,511,1731,509,1762,404,1755
196,1756,236,1756,236,1786,196,1786
243,1763,286,1763,286,1786,243,1786
300,1760,343,1760,343,1790,300,1790
363,1760,396,1760,396,1790,363,1790
660,1760,703,1760,703,1790,660,1790
396,1763,466,1763,466,1796,396,1796
620,1766,640,1766,640,1790,620,1790
223,1833,303,1833,303,1860,223,1860
363,1836,396,1836,396,1863,363,1863
400,1833,443,1833,443,1863,400,1863
553,1833,616,1833,616,1863,553,1863
700,1833,743,1833,743,1870,700,1870
316,1836,360,1836,360,1866,316,1866
466,1836,533,1836,533,1870,466,1870
636,1836,683,1836,683,1863,636,1863
746,1840,766,1840,766,1866,746,1866
790,1835,852,1840,849,1874,787,1869
870,1836,960,1836,960,1873,870,1873
276,1866,340,1866,340,1900,276,1900
360,1870,393,1870,393,1896,360,1896
443,1870,533,1870,533,1900,443,1900
396,1876,426,1876,426,1900,396,1900
553,1873,663,1873,663,1906,553,1906
680,1868,771,1875,769,1911,677,1904
193,1900,280,1900,280,1930,193,1930
296,1902,394,1907,392,1939,295,1934
423,1906,493,1906,493,1933,423,1933
656,1906,770,1906,770,1940,656,1940
513,1913,553,1913,553,1936,513,1936
573,1910,640,1910,640,1940,573,1940
786,1910,830,1910,830,1940,786,1940
853,1920,916,1920,916,1943,853,1943
936,1913,1028,1920,1025,1954,934,1947
253,1940,316,1940,316,1973,253,1973
340,1943,393,1943,393,1970,340,1970
400,1943,553,1943,553,1970,400,1970
573,1940,620,1940,620,1970,573,1970
633,1943,703,1943,703,1973,633,1973
720,1943,786,1943,786,1976,720,1976
786,1946,833,1946,833,1980,786,1980
463,1976,530,1976,530,2010,463,2010
550,1980,616,1980,616,2016,550,2016
633,1980,700,1980,700,2013,633,2013
503,2132,964,2150,962,2197,501,2179
