1129,336,1366,345,1364,407,1126,398
1412,346,1648,346,1648,409,1412,409
389,382,889,401,886,465,386,446
929,404,1029,404,1029,472,929,472
1076,414,1223,414,1223,472,1076,472
1270,414,1412,414,1412,483,1270,483
1412,425,1512,425,1512,483,1412,483
2241,430,2346,430,2346,498,2241,498
1985,453,2184,431,2192,497,1992,520
383,456,488,456,488,519,383,519
535,467,682,467,682,525,535,525
1848,467,1942,467,1942,519,1848,519
735,472,855,472,855,530,735,530
1653,477,1800,477,1800,535,1653,535
882,483,981,483,981,546,882,546
1081,483,1134,483,1134,540,1081,540
1176,485,1373,499,1368,559,1172,544
1417,488,1606,488,1606,546,1417,546
1601,556,2093,512,2100,584,1608,628
383,535,488,535,488,598,383,598
488,540,766,540,766,603,488,603
782,551,861,551,861,609,782,609
861,556,1013,556,1013,609,861,609
1034,550,1597,562,1595,624,1033,612
378,619,582,619,582,682,378,682
735,624,861,624,861,693,735,693
861,630,976,630,976,687,861,687
976,631,1256,638,1254,694,975,687
1270,640,1449,640,1449,693,1270,693
1470,645,1559,645,1559,693,1470,693
378,691,767,702,766,765,376,755
1029,698,1523,707,1522,769,1028,761
1764,703,1858,703,1858,756,1764,756
861,714,981,714,981,756,861,756
1564,714,1748,714,1748,766,1564,766
1711,840,1811,840,1811,918,1711,918
1123,845,1275,845,1275,913,1123,913
1522,850,1669,850,1669,918,1522,918
1323,855,1475,855,1475,918,1323,918
1375,929,1527,929,1527,987,1375,987
2264,1050,2576,1030,2581,1101,2269,1122
1968,1050,2210,1050,2210,1139,1968,1139
362,1071,850,1071,850,1149,362,1149
1023,1081,1275,1081,1275,1155,1023,1155
362,1149,467,1149,467,1218,362,1218
514,1155,619,1155,619,1212,514,1212
724,1155,850,1155,850,1223,724,1223
871,1159,1475,1165,1475,1242,870,1236
362,1233,498,1233,498,1296,362,1296
857,1236,1097,1262,1090,1334,849,1308
1128,1254,1233,1254,1233,1317,1128,1317
2397,1332,2608,1325,2610,1401,2399,1408
2080,1376,2344,1349,2350,1410,2086,1437
1223,1386,1328,1386,1328,1464,1223,1464
1380,1395,1633,1402,1632,1473,1379,1467
362,1401,519,1401,519,1470,362,1470
558,1412,718,1386,731,1467,571,1492
1834,1544,1989,1536,1992,1606,1838,1614
1632,1548,1785,1548,1785,1617,1632,1617
1074,1566,1380,1558,1382,1629,1076,1638
1428,1559,1585,1559,1585,1627,1428,1627
848,1577,1033,1567,1037,1637,851,1647
372,1580,409,1580,409,1632,372,1632
472,1575,535,1575,535,1643,472,1643
572,1575,777,1575,777,1643,572,1643
2478,1575,2588,1575,2588,1638,2478,1638
2143,1602,2309,1587,2315,1653,2149,1668
853,1654,1280,1640,1282,1714,856,1729
2492,1653,2648,1638,2656,1715,2499,1731
519,1653,855,1653,855,1727,519,1727
2312,1656,2498,1648,2501,1726,2316,1734
2152,1669,2278,1669,2278,1737,2152,1737
1428,1716,1632,1716,1632,1790,1428,1790
871,1732,976,1732,976,1800,871,1800
519,1737,635,1737,635,1806,519,1806
672,1737,824,1737,824,1806,672,1806
2504,1921,2665,1906,2672,1983,2511,1998
2161,1927,2513,1914,2516,1991,2164,2004
348,1961,555,1976,549,2061,342,2046
2520,2000,2672,2000,2672,2073,2520,2073
2388,2005,2514,2005,2514,2079,2388,2079
843,2041,1117,2034,1119,2115,845,2122
1165,2037,1375,2037,1375,2110,1165,2110
590,2047,796,2037,800,2120,593,2130
338,2040,546,2055,539,2145,332,2130
2509,2100,2674,2085,2681,2162,2516,2177
2341,2094,2525,2094,2525,2168,2341,2168
2173,2100,2336,2100,2336,2173,2173,2173
339,2121,548,2144,538,2236,330,2213
585,2140,796,2133,799,2209,588,2217
2346,2184,2525,2184,2525,2262,2346,2262
2525,2184,2677,2184,2677,2262,2525,2262
2173,2194,2341,2194,2341,2268,2173,2268
897,2215,1065,2215,1065,2294,897,2294
588,2226,829,2226,829,2299,588,2299
336,2231,540,2231,540,2304,336,2304
2404,2278,2525,2278,2525,2352,2404,2352
2530,2278,2682,2278,2682,2352,2530,2352
1216,2301,1485,2294,1486,2367,1218,2374
339,2313,544,2306,547,2388,342,2395
1013,2310,1170,2310,1170,2378,1013,2378
593,2315,750,2315,750,2388,593,2388
850,2315,950,2315,950,2394,850,2394
2519,2456,2675,2442,2682,2519,2526,2533
1070,2468,1283,2447,1291,2529,1078,2550
2352,2451,2514,2451,2514,2530,2352,2530
808,2462,1023,2462,1023,2546,808,2546
2241,2462,2299,2462,2299,2525,2241,2525
556,2472,761,2472,761,2556,556,2556
357,2488,504,2488,504,2556,357,2556
2530,2535,2677,2535,2677,2614,2530,2614
2357,2546,2509,2546,2509,2614,2357,2614
2241,2551,2294,2551,2294,2609,2241,2609
477,2567,619,2567,619,2640,477,2640
414,2572,472,2572,472,2635,414,2635
1149,2698,1349,2698,1349,2761,1149,2761
585,2712,791,2705,794,2787,588,2794
879,2720,1095,2705,1099,2767,883,2782
388,2724,535,2724,535,2793,388,2793
2184,2787,2310,2787,2310,2861,2184,2861
2347,2782,2668,2793,2666,2866,2344,2855
645,2798,798,2798,798,2856,645,2856
399,2803,598,2803,598,2866,399,2866
619,2945,871,2945,871,3013,619,3013
913,2945,1149,2945,1149,3008,913,3008
422,2958,570,2951,573,3013,425,3020
922,3012,1154,3006,1156,3065,924,3072
530,3013,640,3013,640,3087,530,3087
669,3027,873,3000,883,3074,679,3102
1417,3013,1517,3013,1517,3081,1417,3081
430,3029,535,3029,535,3092,430,3092
934,3080,1172,3089,1170,3158,932,3149
540,3087,645,3087,645,3165,540,3165
685,3094,881,3087,883,3149,688,3156
441,3102,535,3102,535,3171,441,3171
840,3160,913,3160,913,3218,840,3218
551,3165,656,3165,656,3239,551,3239
918,3165,1039,3165,1039,3223,918,3223
693,3171,798,3171,798,3234,693,3234
1044,3176,1071,3176,1071,3213,1044,3213
1422,3171,1485,3171,1485,3234,1422,3234
447,3182,543,3172,549,3233,453,3243
1485,3176,1617,3176,1617,3234,1485,3234
950,3302,1044,3302,1044,3370,950,3370
850,3312,929,3312,929,3370,850,3370
1103,3302,1244,3320,1237,3380,1096,3362
1286,3318,1422,3318,1422,3381,1286,3381
525,3323,714,3323,714,3381,525,3381
750,3328,845,3328,845,3386,750,3386
1480,3328,1575,3328,1575,3386,1480,3386
1627,3333,1785,3333,1785,3407,1627,3407
2032,3329,2238,3335,2235,3408,2030,3401
1832,3344,1974,3344,1974,3407,1832,3407
1055,3365,1246,3376,1242,3435,1052,3424
861,3386,939,3386,939,3438,861,3438
939,3386,1008,3386,1008,3433,939,3433
1292,3381,1538,3408,1531,3469,1285,3442
672,3391,813,3391,813,3444,672,3444
1580,3412,1832,3412,1832,3475,1580,3475
1008,3444,1163,3430,1169,3496,1014,3510
1207,3454,1296,3454,1296,3501,1207,3501
493,3459,682,3459,682,3522,493,3522
729,3465,945,3465,945,3517,729,3517
1349,3470,1485,3470,1485,3528,1349,3528
1534,3464,1787,3481,1783,3539,1530,3521
1832,3480,1926,3480,1926,3538,1832,3538
2185,3482,2388,3502,2382,3563,2179,3542
1979,3496,2131,3496,2131,3543,1979,3543
955,3517,1302,3517,1302,3575,955,3575
1349,3522,1438,3522,1438,3580,1349,3580
645,3528,782,3528,782,3591,645,3591
834,3528,950,3528,950,3575,834,3575
1491,3535,1640,3544,1637,3596,1488,3586
1685,3543,1827,3543,1827,3596,1685,3596
1832,3549,1932,3549,1932,3601,1832,3601
1119,3582,1262,3591,1259,3648,1115,3639
1312,3596,1449,3596,1449,3654,1312,3654
1496,3594,1635,3601,1631,3658,1493,3650
1232,3883,2215,3855,2217,3949,1234,3977
1181,3900,1223,3900,1223,3937,1181,3937
