665,469,763,465,764,489,666,494
551,480,649,472,651,497,553,506
610,503,666,503,666,526,610,526
670,503,706,503,706,526,670,526
943,506,983,506,983,533,943,533
1001,503,1045,510,1041,535,996,528
470,514,512,507,516,532,474,539
533,510,593,510,593,530,533,530
903,510,940,510,940,536,903,536
267,536,445,513,449,539,271,562
766,516,826,516,826,540,766,540
843,516,883,516,883,536,843,536
670,526,750,526,750,550,670,550
573,531,654,535,652,561,572,556
533,536,556,536,556,560,533,560
742,541,943,533,944,565,743,574
400,546,446,546,446,570,400,570
456,546,510,546,510,570,456,570
321,557,379,551,381,575,323,581
667,559,742,548,746,573,671,584
270,560,306,560,306,583,270,583
551,560,669,552,671,584,553,592
516,566,556,566,556,593,516,593
414,575,509,567,511,593,417,601
264,590,398,575,401,602,267,617
693,586,730,586,730,606,693,606
616,593,680,593,680,616,616,616
456,600,610,600,610,626,456,626
400,606,450,606,450,630,400,630
813,610,853,610,853,630,813,630
733,613,806,613,806,633,733,633
264,620,339,613,341,638,267,645
517,633,712,612,715,639,520,660
453,636,500,636,500,656,453,656
264,650,359,641,361,666,267,674
363,643,416,643,416,663,363,663
790,660,833,660,833,693,790,693
713,666,776,666,776,696,713,696
636,680,696,680,696,703,636,703
553,680,616,680,616,710,553,710
638,710,719,703,721,729,640,736
1076,746,1136,746,1136,776,1076,776
1013,750,1076,750,1076,780,1013,780
895,758,979,754,981,786,897,791
576,773,616,773,616,803,576,803
520,780,576,780,576,803,520,803
360,783,453,783,453,816,360,816
303,790,366,790,366,823,303,823
270,800,306,800,306,823,270,823
617,800,679,794,682,826,620,831
680,800,700,800,700,823,680,823
455,810,599,801,601,834,457,842
603,806,623,806,623,830,603,830
396,816,453,816,453,846,396,846
323,823,366,823,366,853,323,853
266,826,306,826,306,856,266,856
560,836,603,836,603,866,560,866
442,850,543,846,544,876,443,880
270,863,323,863,323,890,270,890
1070,880,1150,880,1150,903,1070,903
943,880,1050,880,1050,910,943,910
603,896,646,896,646,930,603,930
663,896,766,896,766,926,663,926
346,920,406,920,406,953,346,953
270,926,330,926,330,953,270,953
810,953,913,953,913,983,810,983
790,960,810,960,810,983,790,983
665,962,769,956,771,988,666,994
545,971,649,965,651,997,547,1003
1093,973,1136,973,1136,1003,1093,1003
486,976,530,976,530,1003,486,1003
972,986,1036,981,1038,1007,974,1012
390,983,463,983,463,1013,390,1013
313,993,373,993,373,1016,313,1016
276,996,293,996,293,1020,276,1020
470,1006,590,1006,590,1040,470,1040
1036,1006,1100,1006,1100,1040,1036,1040
1103,1010,1160,1010,1160,1040,1103,1040
331,1020,462,1009,465,1042,333,1053
996,1016,1033,1016,1033,1040,996,1040
730,1023,773,1023,773,1053,730,1053
693,1033,713,1033,713,1056,693,1056
375,1052,493,1045,494,1074,377,1081
817,1054,899,1046,902,1080,820,1088
340,1056,373,1056,373,1080,340,1080
730,1060,796,1060,796,1090,730,1090
650,1063,713,1063,713,1093,650,1093
511,1074,636,1065,638,1097,513,1105
1103,1076,1143,1076,1143,1103,1103,1103
476,1080,496,1080,496,1103,476,1103
976,1080,1040,1080,1040,1110,976,1110
353,1083,440,1083,440,1113,353,1113
316,1090,353,1090,353,1116,316,1116
280,1093,300,1093,300,1116,280,1116
471,1108,599,1101,601,1134,473,1141
1126,1110,1166,1110,1166,1136,1126,1136
1043,1110,1106,1110,1106,1140,1043,1140
336,1113,470,1113,470,1146,336,1146
978,1118,1038,1114,1041,1143,980,1147
713,1126,776,1126,776,1156,713,1156
673,1133,700,1133,700,1160,673,1160
480,1146,520,1146,520,1173,480,1173
396,1146,460,1146,460,1176,396,1176
340,1153,396,1153,396,1180,340,1180
1046,1210,1113,1210,1113,1243,1046,1243
1130,1210,1170,1210,1170,1240,1130,1240
983,1216,1033,1216,1033,1246,983,1246
1130,1250,1171,1244,1175,1269,1134,1275
284,1244,368,1249,366,1287,281,1283
1070,1246,1113,1246,1113,1273,1070,1273
603,1263,686,1263,686,1296,603,1296
543,1270,586,1270,586,1300,543,1300
483,1273,543,1273,543,1303,483,1303
426,1283,466,1283,466,1310,426,1310
1050,1280,1116,1280,1116,1310,1050,1310
1136,1283,1156,1283,1156,1303,1136,1303
1156,1283,1173,1283,1173,1303,1156,1303
284,1280,368,1285,366,1320,282,1316
383,1283,426,1283,426,1310,383,1310
986,1283,1036,1283,1036,1313,986,1313
287,1311,371,1315,369,1351,285,1346
386,1313,426,1313,426,1343,386,1343
430,1316,466,1316,466,1340,430,1340
1053,1313,1116,1313,1116,1343,1053,1343
1136,1316,1176,1316,1176,1340,1136,1340
990,1316,1053,1316,1053,1350,990,1350
507,1346,567,1337,571,1365,511,1374
386,1343,480,1343,480,1376,386,1376
285,1352,369,1347,371,1379,287,1384
1096,1353,1116,1353,1116,1376,1096,1376
625,1368,729,1362,731,1394,627,1399
550,1373,610,1373,610,1403,550,1403
486,1376,526,1376,526,1410,486,1410
390,1380,450,1380,450,1410,390,1410
288,1385,372,1381,374,1412,290,1417
1140,1410,1183,1410,1183,1440,1140,1440
1019,1419,1126,1415,1127,1443,1020,1447
567,1435,652,1428,655,1462,570,1470
486,1436,553,1436,553,1470,486,1470
370,1443,453,1443,453,1476,370,1476
1060,1446,1126,1446,1126,1476,1060,1476
1143,1446,1186,1446,1186,1473,1143,1473
293,1450,353,1450,353,1480,293,1480
1020,1450,1060,1450,1060,1480,1020,1480
353,1480,396,1480,396,1513,353,1513
316,1486,340,1486,340,1513,316,1513
376,1540,456,1540,456,1576,376,1576
596,1540,676,1540,676,1570,596,1570
493,1543,580,1543,580,1573,493,1573
1153,1546,1196,1546,1196,1580,1153,1580
300,1550,360,1550,360,1580,300,1580
1070,1550,1136,1550,1136,1580,1070,1580
1003,1553,1053,1553,1053,1583,1003,1583
397,1589,459,1581,462,1606,401,1615
300,1586,383,1586,383,1616,300,1616
380,1646,483,1646,483,1676,380,1676
500,1646,600,1646,600,1676,500,1676
306,1653,366,1653,366,1680,306,1680
703,1670,746,1670,746,1700,703,1700
503,1680,600,1680,600,1706,503,1706
400,1680,483,1680,483,1716,400,1716
343,1683,386,1683,386,1713,343,1713
303,1686,346,1686,346,1716,303,1716
500,1713,603,1713,603,1746,500,1746
343,1716,386,1716,386,1750,343,1750
403,1720,483,1720,483,1746,403,1746
303,1720,343,1720,343,1750,303,1750
746,1740,790,1740,790,1766,746,1766
403,1750,443,1750,443,1780,403,1780
466,1753,560,1753,560,1780,466,1780
306,1753,346,1753,346,1780,306,1780
346,1753,390,1753,390,1780,346,1780
955,1802,1046,1797,1048,1833,957,1837
644,1813,706,1808,708,1839,647,1844
726,1810,770,1810,770,1840,726,1840
790,1810,833,1810,833,1843,790,1843
836,1813,856,1813,856,1840,836,1840
873,1810,936,1810,936,1840,873,1840
500,1816,543,1816,543,1846,500,1846
563,1816,626,1816,626,1846,563,1846
326,1823,406,1823,406,1850,326,1850
463,1823,493,1823,493,1846,463,1846
420,1826,460,1826,460,1853,420,1853
540,1850,630,1850,630,1880,540,1880
646,1850,753,1850,753,1883,646,1883
766,1850,856,1850,856,1880,766,1880
380,1853,443,1853,443,1883,380,1883
463,1856,523,1856,523,1883,463,1883
1023,1876,1113,1876,1113,1906,1023,1906
750,1880,860,1880,860,1910,750,1910
876,1880,920,1880,920,1910,876,1910
943,1883,1006,1883,1006,1906,943,1906
670,1883,733,1883,733,1916,670,1916
520,1886,593,1886,593,1916,520,1916
606,1886,650,1886,650,1913,606,1913
303,1890,384,1894,382,1920,302,1916
403,1893,506,1893,506,1920,403,1920
670,1916,713,1916,713,1946,670,1946
813,1916,876,1916,876,1946,813,1946
500,1920,630,1920,630,1953,500,1953
730,1920,796,1920,796,1946,730,1946
880,1920,923,1920,923,1950,880,1950
360,1923,420,1923,420,1960,360,1960
440,1923,493,1923,493,1953,440,1953
630,1926,650,1926,650,1950,630,1950
730,1953,793,1953,793,1990,730,1990
563,1956,630,1956,630,1993,563,1993
646,1960,713,1960,713,1993,646,1993
583,2109,1063,2113,1063,2152,583,2149
