703,496,813,496,813,523,703,523
570,500,680,500,680,526,570,526
633,526,700,526,700,556,633,556
700,526,746,526,746,556,700,556
476,533,523,533,523,563,476,563
546,536,613,536,613,560,546,560
350,540,460,540,460,566,350,566
236,540,350,540,350,570,236,570
970,550,1063,550,1063,583,970,583
1083,550,1136,550,1136,583,1083,583
813,553,883,553,883,583,813,583
700,556,793,556,793,586,700,586
906,560,950,560,950,583,906,583
546,566,570,566,570,593,546,593
586,563,680,563,680,593,586,593
236,570,280,570,280,600,236,600
390,570,446,570,446,600,390,600
300,573,370,573,370,603,300,603
460,576,520,576,520,600,460,600
790,586,1016,586,1016,620,790,620
566,593,786,593,786,626,566,626
523,600,543,600,543,626,523,626
546,600,566,600,566,626,546,626
445,606,515,600,518,626,447,632
413,606,446,606,446,633,413,633
283,606,323,606,323,640,283,640
233,610,283,610,283,640,233,640
323,610,390,610,390,636,323,636
450,633,496,633,496,663,450,663
500,636,626,636,626,663,500,663
633,636,716,636,716,660,633,660
726,636,770,636,770,660,726,660
386,636,443,636,443,666,386,666
231,647,322,640,324,671,233,678
518,672,746,661,747,694,520,705
770,670,853,670,853,693,770,693
863,670,906,670,906,690,863,690
232,680,339,675,341,707,233,711
343,680,390,680,390,703,343,703
446,680,513,680,513,700,446,700
833,726,883,726,883,763,833,763
743,733,816,733,816,763,743,763
560,736,630,736,630,770,560,770
653,736,723,736,723,766,653,766
658,779,746,773,747,799,660,805
1090,840,1230,840,1230,873,1090,873
950,843,1063,843,1063,880,950,880
336,846,440,846,440,880,336,880
513,846,583,846,583,876,513,876
580,846,626,846,626,876,580,876
220,850,266,850,266,880,220,880
270,850,336,850,336,883,270,883
442,883,723,878,723,913,443,918
223,886,270,886,270,916,223,916
376,886,436,886,436,916,376,916
290,890,336,890,336,916,290,916
560,920,610,920,610,950,560,950
433,921,541,926,539,957,432,952
220,926,283,926,283,953,220,953
603,986,653,986,653,1023,603,1023
673,992,794,997,792,1031,671,1025
1000,993,1120,993,1120,1026,1000,1026
1140,990,1234,994,1233,1027,1138,1023
216,996,286,996,286,1026,216,1026
306,996,376,996,376,1033,306,1033
216,1073,233,1073,233,1100,216,1100
256,1070,326,1070,326,1103,256,1103
350,1070,396,1070,396,1103,350,1103
443,1073,466,1073,466,1100,443,1100
486,1070,533,1070,533,1100,486,1100
603,1070,700,1070,700,1100,603,1100
280,1106,430,1106,430,1140,280,1140
440,1106,583,1106,583,1140,440,1140
1023,1110,1096,1110,1096,1140,1023,1140
1166,1110,1213,1110,1213,1140,1166,1140
280,1146,306,1146,306,1176,280,1176
326,1146,400,1146,400,1176,326,1176
416,1150,466,1150,466,1176,416,1176
1096,1146,1170,1146,1170,1180,1096,1180
1190,1146,1236,1146,1236,1180,1190,1180
208,1252,303,1261,299,1301,204,1292
1100,1263,1173,1263,1173,1296,1100,1296
1053,1266,1080,1266,1080,1296,1053,1296
1220,1270,1236,1270,1236,1293,1220,1293
510,1293,560,1293,560,1333,510,1333
580,1293,676,1293,676,1333,580,1333
207,1292,302,1300,299,1338,204,1330
366,1296,416,1296,416,1333,366,1333
320,1300,370,1300,370,1330,320,1330
435,1301,509,1296,511,1329,437,1334
1123,1300,1173,1300,1173,1333,1123,1333
1193,1303,1240,1303,1240,1333,1193,1333
207,1332,302,1341,299,1378,204,1369
320,1340,416,1340,416,1370,320,1370
1100,1340,1173,1340,1173,1373,1100,1373
1196,1340,1240,1340,1240,1370,1196,1370
206,1376,296,1376,296,1410,206,1410
316,1376,430,1376,430,1410,316,1410
460,1376,533,1376,533,1410,460,1410
1103,1376,1176,1376,1176,1410,1103,1410
210,1416,300,1416,300,1450,210,1450
320,1416,390,1416,390,1450,320,1450
433,1420,480,1420,480,1456,433,1456
506,1420,580,1420,580,1450,506,1450
600,1420,723,1420,723,1453,600,1453
1126,1420,1176,1420,1176,1450,1126,1450
343,1490,390,1490,390,1526,343,1526
460,1490,506,1490,506,1530,460,1530
530,1490,626,1490,626,1530,530,1530
210,1493,276,1493,276,1526,210,1526
296,1493,343,1493,343,1526,296,1526
410,1496,460,1496,460,1526,410,1526
1106,1496,1180,1496,1180,1530,1106,1530
1203,1496,1253,1496,1253,1530,1203,1530
230,1533,260,1533,260,1566,230,1566
273,1533,323,1533,323,1566,273,1566
1110,1536,1183,1536,1183,1570,1110,1570
1206,1536,1253,1536,1253,1570,1206,1570
297,1603,394,1608,392,1647,295,1642
213,1610,276,1610,276,1643,213,1643
426,1613,533,1613,533,1646,426,1646
553,1616,650,1616,650,1650,553,1650
213,1650,303,1650,303,1683,213,1683
320,1653,393,1653,393,1686,320,1686
1113,1660,1186,1660,1186,1693,1113,1693
1210,1660,1260,1660,1260,1693,1210,1693
213,1730,283,1730,283,1760,213,1760
300,1730,416,1730,416,1763,300,1763
440,1729,552,1740,548,1776,436,1765
260,1763,310,1763,310,1796,260,1796
210,1766,260,1766,260,1796,210,1796
326,1770,396,1770,396,1803,326,1803
396,1773,416,1773,416,1800,396,1800
440,1768,551,1773,549,1808,438,1803
673,1776,723,1776,723,1810,673,1810
260,1800,313,1800,313,1836,260,1836
213,1803,260,1803,260,1836,213,1836
327,1803,421,1810,419,1845,324,1837
440,1808,552,1818,549,1856,436,1846
260,1840,310,1840,310,1876,260,1876
213,1843,260,1843,260,1873,213,1873
326,1846,373,1846,373,1880,326,1880
393,1850,430,1850,430,1880,393,1880
430,1853,490,1853,490,1893,430,1893
673,1860,703,1860,703,1893,673,1893
723,1860,770,1860,770,1893,723,1893
240,1920,331,1927,329,1958,237,1951
346,1930,390,1930,390,1966,346,1966
390,1930,430,1930,430,1963,390,1963
436,1930,483,1930,483,1963,436,1963
603,1936,673,1936,673,1973,603,1973
510,1940,580,1940,580,1976,510,1976
696,1946,746,1946,746,1976,696,1976
770,1946,846,1946,846,1983,770,1983
870,1950,940,1950,940,1986,870,1986
966,1950,1066,1950,1066,1983,966,1983
304,1957,376,1966,372,2001,300,1992
393,1970,430,1970,430,2000,393,2000
426,1973,463,1973,463,2003,426,2003
483,1973,580,1973,580,2006,483,2006
604,1974,726,1986,722,2022,600,2009
746,1985,848,1992,846,2028,744,2021
210,2000,306,2000,306,2033,210,2033
327,2001,448,2015,444,2048,323,2033
460,2006,541,2012,539,2048,458,2042
556,2023,603,2023,603,2050,556,2050
723,2023,846,2023,846,2060,723,2060
626,2026,700,2026,700,2060,626,2060
870,2030,920,2030,920,2063,870,2063
1040,2028,1146,2039,1142,2075,1037,2065
943,2036,1016,2036,1016,2063,943,2063
280,2043,350,2043,350,2080,280,2080
373,2043,430,2043,430,2076,373,2076
430,2049,604,2057,603,2092,428,2083
626,2060,676,2060,676,2090,626,2090
696,2063,773,2063,773,2096,696,2096
793,2066,866,2066,866,2100,793,2100
870,2070,920,2070,920,2106,870,2106
506,2096,580,2096,580,2133,506,2133
603,2103,676,2103,676,2140,603,2140
696,2103,766,2103,766,2140,696,2140
523,2265,1067,2272,1066,2312,522,2305
