625,512,729,506,730,529,626,535
750,510,850,510,850,530,750,530
686,533,743,533,743,556,686,556
543,536,583,536,583,560,543,560
603,536,666,536,666,560,603,560
750,536,790,536,790,560,750,560
325,546,526,539,527,564,326,571
995,555,1079,551,1080,576,997,581
1096,550,1143,550,1143,580,1096,580
850,556,913,556,913,580,850,580
933,556,973,556,973,580,933,580
746,560,830,560,830,583,746,583
643,561,727,565,726,590,642,586
603,566,626,566,626,586,603,586
380,570,443,570,443,593,380,593
460,570,510,570,510,590,460,590
523,570,576,570,576,593,523,593
323,573,363,573,363,593,323,593
826,580,1036,580,1036,610,826,610
623,590,823,590,823,616,623,616
580,590,623,590,623,616,580,616
480,596,510,596,510,620,480,620
510,596,576,596,576,616,510,616
315,603,379,598,381,623,316,627
380,600,460,600,460,623,380,623
516,623,556,623,556,650,516,650
580,623,676,623,676,646,580,646
683,623,760,623,760,643,683,643
766,623,806,623,806,640,766,640
455,630,509,625,511,649,457,654
560,626,580,626,580,646,560,646
313,626,373,626,373,656,313,656
376,630,396,630,396,653,376,653
579,653,786,646,787,673,580,680
806,650,886,650,886,670,806,670
893,650,933,650,933,670,893,670
416,660,470,660,470,683,416,683
513,660,570,660,570,680,513,680
316,663,413,663,413,690,316,690
866,700,910,700,910,733,866,733
783,706,850,706,850,736,783,736
613,710,680,710,680,740,613,740
696,710,766,710,766,736,696,736
703,743,803,743,803,770,703,770
1103,796,1236,796,1236,826,1103,826
973,800,1066,800,1066,833,973,833
570,810,676,810,676,843,570,843
410,813,503,813,503,846,410,846
346,816,410,816,410,850,346,850
306,820,346,820,346,850,306,850
505,845,759,838,760,872,506,879
443,850,500,850,500,880,443,880
303,853,346,853,346,883,303,883
363,853,410,853,410,883,363,883
590,883,633,883,633,910,590,910
504,892,585,885,587,911,507,918
303,890,360,890,360,916,303,916
1200,933,1243,933,1243,966,1200,966
1019,940,1133,935,1134,967,1020,971
1153,936,1200,936,1200,966,1153,966
653,946,696,946,696,976,653,976
716,946,826,946,826,980,716,980
379,961,443,950,448,979,384,989
303,960,363,960,363,983,303,983
846,1010,980,1010,980,1043,846,1043
780,1013,826,1013,826,1043,780,1043
610,1016,700,1016,700,1046,610,1046
716,1016,760,1016,760,1043,716,1043
420,1020,486,1020,486,1050,420,1050
503,1020,590,1020,590,1050,503,1050
336,1023,403,1023,403,1053,336,1053
300,1030,316,1030,316,1053,300,1053
1176,1043,1223,1043,1223,1073,1176,1073
1043,1046,1113,1046,1113,1073,1043,1073
543,1050,633,1050,633,1083,543,1083
355,1056,493,1051,494,1083,356,1089
493,1053,543,1053,543,1083,493,1083
1110,1076,1183,1076,1183,1110,1110,1110
1200,1076,1246,1076,1246,1106,1200,1106
1043,1080,1096,1080,1096,1110,1043,1110
416,1086,483,1086,483,1120,416,1120
500,1086,546,1086,546,1116,500,1116
353,1090,416,1090,416,1120,353,1120
1043,1186,1113,1186,1113,1220,1043,1220
1113,1186,1183,1186,1183,1220,1113,1220
1206,1186,1250,1186,1250,1216,1206,1216
290,1191,375,1195,373,1231,288,1226
493,1223,606,1223,606,1256,493,1256
623,1223,716,1223,716,1256,623,1256
1143,1226,1186,1226,1186,1253,1143,1253
1206,1223,1250,1223,1250,1253,1206,1253
287,1222,375,1231,372,1268,283,1259
433,1226,476,1226,476,1260,433,1260
390,1230,433,1230,433,1260,390,1260
284,1255,373,1264,369,1302,280,1292
1046,1260,1100,1260,1100,1290,1046,1290
1113,1260,1186,1260,1186,1290,1113,1290
1206,1260,1253,1260,1253,1290,1206,1290
430,1263,473,1263,473,1296,430,1296
390,1270,433,1270,433,1296,390,1296
513,1296,580,1296,580,1330,513,1330
1046,1296,1096,1296,1096,1330,1046,1330
1116,1296,1186,1296,1186,1330,1116,1330
1206,1296,1253,1296,1253,1326,1206,1326
283,1300,366,1300,366,1330,283,1330
386,1300,486,1300,486,1330,386,1330
1140,1333,1186,1333,1186,1366,1140,1366
1210,1333,1256,1333,1256,1366,1210,1366
280,1336,366,1336,366,1366,280,1366
383,1336,450,1336,450,1366,383,1366
556,1336,626,1336,626,1366,556,1366
643,1336,756,1336,756,1366,643,1366
490,1340,533,1340,533,1373,490,1373
403,1403,446,1403,446,1440,403,1440
576,1403,666,1403,666,1440,576,1440
276,1406,336,1406,336,1436,276,1436
360,1406,403,1406,403,1436,360,1436
510,1406,556,1406,556,1440,510,1440
466,1413,510,1413,510,1440,466,1440
1070,1410,1116,1410,1116,1440,1070,1440
1116,1410,1190,1410,1190,1440,1116,1440
1210,1410,1256,1410,1256,1440,1210,1440
293,1443,380,1443,380,1476,293,1476
1073,1446,1190,1446,1190,1480,1073,1480
1193,1446,1260,1446,1260,1483,1193,1483
356,1513,443,1513,443,1550,356,1550
270,1516,333,1516,333,1546,270,1546
473,1520,576,1520,576,1550,473,1550
596,1523,686,1523,686,1553,596,1553
270,1553,356,1553,356,1586,270,1586
373,1556,443,1556,443,1586,373,1586
1046,1560,1116,1560,1116,1593,1046,1593
1120,1560,1196,1560,1196,1596,1120,1596
1213,1563,1260,1563,1260,1596,1213,1596
266,1630,333,1630,333,1660,266,1660
353,1630,463,1630,463,1663,353,1663
483,1630,592,1638,589,1672,481,1664
310,1663,360,1663,360,1696,310,1696
266,1666,310,1666,310,1696,266,1696
373,1666,463,1666,463,1703,373,1703
483,1670,576,1670,576,1700,483,1700
706,1670,753,1670,753,1703,706,1703
310,1700,356,1700,356,1736,310,1736
266,1703,310,1703,310,1733,266,1733
373,1706,463,1706,463,1736,373,1736
484,1702,592,1713,588,1750,480,1739
310,1736,356,1736,356,1773,310,1773
266,1740,306,1740,306,1770,266,1770
373,1743,420,1743,420,1773,373,1773
440,1743,473,1743,473,1773,440,1773
473,1750,546,1750,546,1783,473,1783
706,1750,733,1750,733,1780,706,1780
753,1750,800,1750,800,1780,753,1780
293,1820,376,1820,376,1846,293,1846
436,1820,473,1820,473,1850,436,1850
480,1820,523,1820,523,1853,480,1853
390,1823,436,1823,436,1856,390,1856
640,1823,703,1823,703,1856,640,1856
550,1826,620,1826,620,1860,550,1860
730,1830,776,1830,776,1860,730,1860
796,1830,870,1830,870,1866,796,1866
890,1833,960,1833,960,1870,890,1870
983,1833,1076,1833,1076,1866,983,1866
350,1853,420,1853,420,1886,350,1886
436,1856,473,1856,473,1886,436,1886
476,1863,506,1863,506,1886,476,1886
526,1860,620,1860,620,1890,526,1890
640,1862,754,1868,753,1901,638,1895
773,1870,893,1870,893,1903,773,1903
267,1885,358,1892,355,1924,264,1917
373,1892,478,1897,476,1929,371,1923
503,1896,580,1896,580,1926,503,1926
600,1906,643,1906,643,1930,600,1930
750,1903,870,1903,870,1933,750,1933
663,1906,730,1906,730,1936,663,1936
890,1906,936,1906,936,1936,890,1936
1050,1905,1148,1910,1146,1944,1048,1939
960,1916,1030,1916,1030,1936,960,1936
333,1926,396,1926,396,1960,333,1960
423,1933,476,1933,476,1960,423,1960
483,1933,643,1933,643,1963,483,1963
663,1936,710,1936,710,1963,663,1963
733,1943,800,1943,800,1966,733,1966
820,1940,890,1940,890,1970,820,1970
890,1943,940,1943,940,1973,890,1973
551,1963,623,1973,618,2005,546,1995
730,1970,796,1970,796,2003,730,2003
643,1973,713,1973,713,2003,643,2003
583,2090,1043,2090,1043,2116,583,2116
