696,552,797,556,796,580,695,576
576,556,676,556,676,580,576,580
635,586,692,582,694,606,637,611
493,586,536,586,536,610,493,610
556,586,616,586,616,610,556,610
696,586,736,586,736,610,696,610
282,603,466,591,467,617,283,629
940,596,1020,596,1020,623,940,623
1036,596,1083,596,1083,626,1036,626
796,606,860,606,860,626,796,626
876,606,903,606,903,623,876,623
696,610,776,610,776,633,696,633
596,611,677,615,676,640,595,636
416,616,463,616,463,640,416,640
476,616,533,616,533,643,476,643
556,616,576,616,576,636,556,636
276,626,320,626,320,650,276,650
335,630,396,625,398,646,337,651
772,629,979,620,981,653,773,661
700,636,773,636,773,660,700,660
531,641,696,632,697,663,533,672
463,643,530,643,530,670,463,670
318,653,413,648,414,673,320,678
433,650,466,650,466,673,433,673
270,653,316,653,316,680,270,680
635,674,712,670,713,693,636,697
720,673,760,673,760,693,720,693
515,679,619,673,620,699,516,704
413,680,463,680,463,703,413,703
473,680,513,680,513,703,473,703
273,683,353,683,353,706,273,706
535,705,739,698,740,725,536,732
758,701,835,697,837,719,760,724
843,700,883,700,883,720,843,720
273,710,370,710,370,736,273,736
373,710,413,710,413,733,373,733
470,713,516,713,516,733,470,733
736,756,803,756,803,786,736,786
816,756,863,756,863,786,816,786
573,760,636,760,636,793,573,793
656,760,720,760,720,790,656,790
680,796,743,796,743,823,680,823
923,853,1010,853,1010,890,923,890
1043,853,1166,853,1166,883,1043,883
593,860,640,860,640,890,593,890
310,863,466,863,466,896,310,896
536,866,596,866,596,890,536,890
266,866,310,866,310,896,266,896
470,893,620,893,620,926,470,926
616,893,700,893,700,926,616,926
410,896,463,896,463,926,410,926
703,900,720,900,720,923,703,923
270,900,313,900,313,930,270,930
326,900,373,900,373,930,326,930
453,933,560,937,559,967,452,963
576,933,620,933,620,960,576,960
270,940,326,940,326,963,270,963
1090,986,1133,986,1133,1016,1090,1016
1136,990,1176,990,1176,1016,1136,1016
966,990,1073,990,1073,1020,966,1020
616,996,660,996,660,1023,616,1023
680,996,786,996,786,1026,680,1026
350,1000,416,1000,416,1036,350,1036
270,1006,333,1006,333,1030,270,1030
743,1060,850,1060,850,1090,743,1090
535,1066,646,1062,647,1093,536,1097
660,1063,726,1063,726,1093,660,1093
473,1066,516,1066,516,1096,473,1096
270,1073,283,1073,283,1093,270,1093
310,1070,373,1070,373,1100,310,1100
393,1070,456,1070,456,1096,393,1096
1116,1086,1160,1086,1160,1116,1116,1116
993,1090,1060,1090,1060,1120,993,1120
476,1100,603,1100,603,1130,476,1130
330,1103,466,1103,466,1133,330,1133
1056,1120,1123,1120,1123,1150,1056,1150
1140,1120,1180,1120,1180,1150,1140,1150
1020,1126,1040,1126,1040,1150,1020,1150
743,1126,790,1126,790,1156,743,1156
706,1133,730,1133,730,1160,706,1160
330,1136,356,1136,356,1163,330,1163
373,1140,440,1140,440,1163,373,1163
456,1140,500,1140,500,1163,456,1163
1023,1230,1046,1230,1046,1256,1023,1256
1060,1226,1126,1226,1126,1256,1060,1256
1143,1226,1183,1226,1183,1253,1143,1253
267,1234,355,1239,353,1274,265,1269
1143,1256,1183,1256,1183,1286,1143,1286
1080,1260,1126,1260,1126,1286,1080,1286
603,1263,690,1263,690,1296,603,1296
540,1266,583,1266,583,1296,540,1296
290,1268,355,1273,353,1308,287,1303
413,1270,460,1270,460,1300,413,1300
476,1270,540,1270,540,1300,476,1300
270,1276,290,1276,290,1303,270,1303
370,1273,413,1273,413,1300,370,1300
1060,1293,1126,1293,1126,1323,1060,1323
1143,1293,1183,1293,1183,1320,1143,1320
1020,1296,1046,1296,1046,1323,1020,1323
266,1304,355,1309,353,1344,265,1339
370,1306,413,1306,413,1336,370,1336
413,1306,460,1306,460,1336,413,1336
1063,1326,1126,1326,1126,1360,1063,1360
1146,1330,1186,1330,1186,1353,1146,1353
1023,1333,1046,1333,1046,1356,1023,1356
500,1340,566,1340,566,1370,500,1370
373,1340,473,1340,473,1370,373,1370
270,1343,353,1343,353,1373,270,1373
1090,1366,1130,1366,1130,1390,1090,1390
1150,1366,1186,1366,1186,1390,1150,1390
622,1372,732,1367,734,1399,623,1404
543,1373,610,1373,610,1403,543,1403
373,1376,436,1376,436,1406,373,1406
476,1376,520,1376,520,1410,476,1410
270,1380,356,1380,356,1410,270,1410
1070,1430,1133,1430,1133,1460,1070,1460
566,1436,650,1436,650,1473,566,1473
396,1440,440,1440,440,1476,396,1476
500,1440,546,1440,546,1473,500,1473
460,1446,503,1446,503,1473,460,1473
273,1446,333,1446,333,1476,273,1476
353,1446,396,1446,396,1476,353,1476
1070,1463,1133,1463,1133,1496,1070,1496
1150,1463,1193,1463,1193,1493,1150,1493
293,1483,320,1483,320,1513,293,1513
333,1483,380,1483,380,1513,333,1513
400,1546,443,1546,443,1580,400,1580
480,1546,570,1546,570,1580,480,1580
586,1546,673,1546,673,1573,586,1573
276,1550,336,1550,336,1580,276,1580
356,1550,400,1550,400,1580,356,1580
1156,1566,1200,1566,1200,1600,1156,1600
1030,1570,1056,1570,1056,1600,1030,1600
1073,1570,1140,1570,1140,1600,1073,1600
276,1586,320,1586,320,1616,276,1616
380,1590,443,1590,443,1616,380,1616
320,1593,360,1593,360,1616,320,1616
358,1656,466,1652,467,1684,360,1689
483,1651,587,1656,586,1688,482,1683
280,1660,343,1660,343,1686,280,1686
696,1680,740,1680,740,1710,696,1710
380,1691,469,1684,471,1717,383,1724
486,1686,590,1686,590,1716,486,1716
276,1690,320,1690,320,1720,276,1720
323,1693,370,1693,370,1720,323,1720
487,1718,577,1723,576,1757,485,1753
320,1723,366,1723,366,1753,320,1753
383,1726,466,1726,466,1753,383,1753
276,1726,316,1726,316,1753,276,1753
736,1750,783,1750,783,1780,736,1780
320,1756,366,1756,366,1790,320,1790
273,1760,316,1760,316,1790,273,1790
380,1760,426,1760,426,1790,380,1790
446,1763,480,1763,480,1786,446,1786
480,1763,546,1763,546,1793,480,1793
953,1820,1043,1820,1043,1853,953,1853
636,1823,696,1823,696,1853,636,1853
720,1826,763,1826,763,1853,720,1853
780,1823,846,1823,846,1860,780,1860
870,1823,933,1823,933,1856,870,1856
446,1833,480,1833,480,1860,446,1860
486,1830,530,1830,530,1860,486,1860
550,1830,616,1830,616,1860,550,1860
303,1836,383,1836,383,1863,303,1863
400,1836,443,1836,443,1866,400,1866
530,1860,620,1860,620,1893,530,1893
636,1860,743,1860,743,1893,636,1893
760,1863,850,1863,850,1893,760,1893
360,1866,426,1866,426,1896,360,1896
446,1870,510,1870,510,1896,446,1896
740,1893,853,1893,853,1923,740,1923
1020,1890,1112,1899,1109,1931,1017,1922
510,1896,580,1896,580,1926,510,1926
660,1896,723,1896,723,1930,660,1930
870,1896,913,1896,913,1923,870,1923
596,1900,640,1900,640,1926,596,1926
936,1903,1000,1903,1000,1923,936,1923
273,1903,363,1903,363,1936,273,1936
386,1906,494,1910,493,1938,385,1934
660,1930,703,1930,703,1960,660,1960
720,1930,790,1930,790,1960,720,1960
806,1930,870,1930,870,1960,806,1960
485,1935,619,1930,621,1963,486,1968
873,1933,916,1933,916,1966,873,1966
426,1940,480,1940,480,1966,426,1966
620,1940,640,1940,640,1963,620,1963
340,1940,403,1940,403,1976,340,1976
723,1966,786,1966,786,2000,723,2000
550,1973,620,1973,620,2006,550,2006
640,1973,706,1973,706,2006,640,2006
596,2127,1053,2118,1053,2158,596,2167
