1150,465,1368,478,1364,540,1146,526
494,473,919,514,912,580,488,540
1408,479,1628,510,1620,571,1400,540
976,525,1065,525,1065,593,976,593
1107,546,1233,546,1233,603,1107,603
493,551,588,551,588,624,493,624
1281,556,1407,556,1407,619,1281,619
1407,561,1496,561,1496,635,1407,635
626,567,762,584,755,639,619,622
803,588,913,588,913,645,803,645
934,603,1023,603,1023,661,934,661
1107,614,1155,614,1155,666,1107,666
1193,613,1370,637,1361,702,1184,679
493,635,630,635,630,698,493,698
1402,630,1572,641,1569,700,1399,689
630,645,672,645,672,703,630,703
1617,645,1743,645,1743,703,1617,703
672,648,806,657,802,716,668,707
1785,656,1869,656,1869,714,1785,714
1905,656,2079,656,2079,719,1905,719
2126,661,2220,661,2220,735,2126,735
840,666,918,666,918,724,840,724
808,677,834,677,834,719,808,719
914,667,1054,680,1048,739,908,726
1066,677,1557,710,1553,774,1062,741
493,714,666,714,666,777,493,777
1564,711,1996,726,1994,795,1562,780
803,735,908,735,908,798,803,798
924,750,976,750,976,803,924,803
976,756,1013,756,1013,808,976,808
1014,756,1263,776,1259,832,1009,812
1270,782,1422,782,1422,834,1270,834
493,784,832,805,829,864,490,844
1438,792,1522,792,1522,840,1438,840
913,829,1023,829,1023,876,913,876
1056,827,1483,853,1479,915,1052,889
1518,863,1679,879,1674,929,1513,913
1690,876,1769,876,1769,924,1690,924
1134,976,1254,976,1254,1039,1134,1039
1302,992,1428,992,1428,1050,1302,1050
1464,997,1596,997,1596,1065,1464,1065
1632,997,1722,997,1722,1071,1632,1071
1338,1065,1470,1065,1470,1123,1338,1123
1307,1081,1338,1081,1338,1107,1307,1107
477,1123,577,1123,577,1191,477,1191
569,1119,904,1158,896,1230,561,1190
1207,1128,1291,1128,1291,1186,1207,1186
1333,1139,1454,1139,1454,1197,1333,1197
1040,1173,1252,1190,1248,1251,1035,1234
477,1191,567,1191,567,1254,477,1254
609,1212,698,1212,698,1265,609,1265
1827,1223,2026,1223,2026,1307,1827,1307
782,1228,887,1228,887,1286,782,1286
909,1233,1410,1272,1405,1336,904,1298
2074,1237,2332,1247,2330,1308,2071,1298
472,1270,593,1270,593,1328,472,1328
887,1312,1060,1312,1060,1375,887,1375
1076,1328,1155,1328,1155,1380,1076,1380
467,1410,606,1418,603,1477,464,1469
645,1433,771,1433,771,1496,645,1496
1191,1464,1275,1464,1275,1527,1191,1527
1319,1476,1528,1503,1519,1568,1311,1541
1890,1512,2101,1521,2099,1578,1888,1569
2226,1522,2310,1522,2310,1590,2226,1590
2142,1527,2226,1527,2226,1585,2142,1585
467,1564,498,1564,498,1611,467,1611
551,1562,732,1572,728,1631,548,1621
771,1585,876,1585,876,1638,771,1638
898,1587,1069,1600,1064,1659,894,1646
1108,1601,1431,1622,1427,1684,1104,1662
594,1632,875,1652,870,1715,589,1694
893,1654,1147,1669,1143,1731,889,1716
588,1706,666,1706,666,1764,588,1764
678,1706,817,1715,813,1777,674,1768
813,1727,934,1727,934,1779,813,1779
1911,1727,2073,1727,2073,1779,1911,1779
2168,1737,2252,1737,2252,1795,2168,1795
1953,1783,2209,1802,2204,1866,1949,1846
2205,1806,2289,1806,2289,1863,2205,1863
454,1890,637,1913,627,1994,444,1971
447,1967,624,1981,618,2050,441,2035
661,1979,834,1979,834,2047,661,2047
876,1995,1086,1995,1086,2058,876,2058
1937,2000,1989,2000,1989,2052,1937,2052
1123,2005,1291,2005,1291,2068,1123,2068
2023,1996,2163,2012,2155,2073,2016,2056
2189,2016,2273,2016,2273,2073,2189,2073
443,2030,619,2045,613,2119,437,2103
656,2052,829,2052,829,2115,656,2115
2058,2073,2147,2073,2147,2131,2058,2131
2152,2079,2273,2079,2273,2136,2152,2136
435,2121,609,2121,609,2178,435,2178
651,2126,871,2126,871,2184,651,2184
1926,2131,2000,2131,2000,2184,1926,2184
908,2136,1034,2136,1034,2194,908,2194
2012,2131,2145,2140,2141,2201,2008,2193
2184,2147,2268,2147,2268,2205,2184,2205
430,2184,603,2184,603,2247,430,2247
651,2194,782,2194,782,2252,651,2252
1879,2199,1995,2199,1995,2257,1879,2257
866,2205,945,2205,945,2273,866,2273
2005,2205,2142,2205,2142,2273,2005,2273
992,2210,1113,2210,1113,2262,992,2262
1151,2208,1358,2225,1353,2284,1146,2267
2147,2220,2262,2220,2262,2278,2147,2278
1874,2268,1963,2268,1963,2325,1874,2325
2006,2270,2141,2285,2135,2345,2000,2331
2173,2289,2257,2289,2257,2346,2173,2346
598,2325,771,2325,771,2394,598,2394
813,2325,976,2325,976,2394,813,2394
420,2331,546,2331,546,2388,420,2388
1023,2336,1186,2336,1186,2399,1023,2399
546,2399,640,2399,640,2467,546,2467
462,2404,514,2404,514,2462,462,2462
2001,2409,2250,2429,2245,2492,1996,2472
1996,2475,2131,2490,2124,2550,1989,2535
2126,2493,2241,2493,2241,2551,2126,2551
579,2536,754,2526,758,2593,583,2603
409,2541,535,2541,535,2598,409,2598
798,2541,1008,2541,1008,2598,798,2598
1050,2546,1212,2546,1212,2604,1050,2604
614,2620,749,2605,755,2661,621,2676
404,2611,579,2618,577,2673,402,2666
1848,2677,1968,2677,1968,2735,1848,2735
1976,2679,2153,2699,2146,2759,1969,2740
2147,2698,2231,2698,2231,2756,2147,2756
808,2745,950,2745,950,2803,808,2803
400,2747,530,2763,523,2817,393,2801
756,2751,813,2751,813,2814,756,2814
992,2751,1144,2751,1144,2814,992,2814
572,2756,698,2756,698,2808,572,2808
1842,2814,1926,2814,1926,2871,1842,2871
1969,2819,2218,2835,2214,2899,1965,2883
393,2883,517,2869,524,2929,399,2943
560,2882,776,2875,778,2931,562,2938
815,2870,1017,2887,1012,2945,810,2928
477,2934,567,2934,567,2992,477,2992
603,2945,771,2945,771,3003,603,3003
813,2945,1008,2945,1008,2997,813,2997
388,2950,472,2950,472,3003,388,3003
1223,2955,1302,2955,1302,3013,1223,3013
472,2997,567,2997,567,3071,472,3071
383,3008,467,3008,467,3066,383,3066
598,3008,766,3008,766,3066,598,3066
809,3005,1011,3021,1005,3086,804,3070
467,3076,561,3076,561,3144,467,3144
378,3081,462,3081,462,3144,378,3144
593,3081,682,3081,682,3144,593,3144
719,3081,787,3081,787,3139,719,3139
783,3081,922,3095,915,3156,777,3142
1212,3092,1260,3092,1260,3150,1212,3150
1260,3097,1375,3097,1375,3155,1260,3155
708,3223,771,3223,771,3276,708,3276
792,3223,871,3223,871,3281,792,3281
1086,3223,1202,3223,1202,3286,1086,3286
420,3228,582,3228,582,3281,420,3281
619,3228,703,3228,703,3291,619,3291
1244,3228,1328,3228,1328,3281,1244,3281
918,3234,1044,3234,1044,3291,918,3291
1365,3239,1491,3239,1491,3297,1365,3297
1534,3240,1650,3256,1641,3317,1525,3300
1685,3260,1853,3260,1853,3323,1685,3323
530,3297,661,3297,661,3354,530,3354
703,3297,771,3297,771,3354,703,3354
871,3297,1039,3297,1039,3354,871,3354
1081,3299,1287,3307,1285,3361,1079,3353
771,3307,834,3307,834,3354,771,3354
1323,3307,1491,3307,1491,3365,1323,3365
1496,3312,1527,3312,1527,3339,1496,3339
1275,3365,1480,3365,1480,3423,1275,3423
824,3370,966,3370,966,3428,824,3428
1118,3370,1239,3370,1239,3428,1118,3428
346,3375,525,3375,525,3433,346,3433
572,3374,768,3382,765,3442,570,3434
997,3375,1076,3375,1076,3423,997,3423
1522,3375,1601,3375,1601,3433,1522,3433
766,3391,792,3391,792,3428,766,3428
1638,3394,1761,3402,1758,3451,1635,3443
1803,3394,1973,3431,1960,3488,1791,3451
1113,3433,1197,3433,1197,3486,1113,3486
1233,3433,1354,3433,1354,3486,1233,3486
1396,3433,1512,3433,1512,3486,1396,3486
759,3442,1075,3432,1077,3494,761,3504
474,3449,602,3442,606,3509,478,3516
651,3444,766,3444,766,3501,651,3501
1517,3444,1596,3444,1596,3496,1517,3496
1229,3494,1351,3502,1347,3569,1225,3561
1071,3512,1197,3512,1197,3580,1071,3580
903,3517,1029,3517,1029,3575,903,3575
959,3821,1815,3800,1817,3883,961,3904
908,3832,945,3832,945,3874,908,3874
