1464,77,1707,84,1705,143,1463,136
1178,94,1416,80,1420,142,1182,156
451,129,915,148,912,215,449,196
987,152,1086,152,1086,220,987,220
1319,163,1457,148,1464,208,1325,224
1470,152,1564,152,1564,225,1470,225
1134,173,1275,173,1275,231,1134,231
446,204,551,204,551,273,446,273
2294,204,2399,204,2399,278,2294,278
593,207,742,215,739,274,590,267
2037,218,2238,203,2244,282,2043,297
787,220,913,220,913,273,787,273
934,225,1044,225,1044,299,934,299
1470,225,1664,225,1664,294,1470,294
1711,225,1858,225,1858,288,1711,288
1901,221,1999,231,1993,291,1895,281
1228,241,1417,241,1417,304,1228,304
1134,246,1186,246,1186,299,1134,299
441,288,551,288,551,357,441,357
551,294,792,294,792,351,551,351
834,299,913,299,913,357,834,357
1659,299,2147,299,2147,372,1659,372
940,302,1074,310,1070,374,936,366
1089,320,1653,300,1655,373,1092,393
441,365,642,373,639,444,438,436
787,378,918,378,918,451,787,451
935,385,1315,413,1310,479,930,451
1517,393,1611,393,1611,441,1517,441
1324,408,1499,392,1504,443,1329,460
441,444,827,464,823,530,438,511
1084,483,1568,457,1572,521,1088,547
1617,462,1795,462,1795,514,1617,514
1811,472,1905,472,1905,519,1811,519
918,483,1039,483,1039,530,918,530
1764,593,1863,593,1863,666,1764,666
1569,603,1716,603,1716,666,1569,666
1366,615,1515,600,1521,660,1372,675
1176,619,1317,619,1317,682,1176,682
1417,687,1569,687,1569,745,1417,745
425,808,910,825,907,905,423,888
2303,827,2608,819,2610,890,2305,898
2017,819,2251,836,2245,924,2011,907
1082,841,1217,855,1211,915,1076,901
1223,845,1323,845,1323,913,1223,913
425,897,530,897,530,971,425,971
577,908,682,908,682,971,577,971
777,913,908,913,908,981,777,981
924,918,1522,918,1522,992,924,992
425,987,556,987,556,1044,425,1044
903,1002,1086,1002,1086,1076,903,1076
1123,1002,1223,1002,1223,1060,1123,1060
2425,1139,2630,1139,2630,1212,2425,1212
414,1144,567,1144,567,1207,414,1207
614,1144,771,1144,771,1223,614,1223
1275,1149,1375,1149,1375,1223,1275,1223
2121,1149,2378,1149,2378,1218,2121,1218
1428,1164,1676,1171,1674,1242,1426,1235
509,1303,772,1310,771,1371,508,1364
420,1317,451,1317,451,1365,420,1365
813,1312,903,1312,903,1380,813,1380
1071,1312,1176,1312,1176,1380,1071,1380
1224,1310,1383,1318,1380,1385,1220,1377
903,1317,1029,1317,1029,1380,903,1380
1622,1317,1984,1317,1984,1386,1622,1386
1422,1323,1569,1323,1569,1375,1422,1375
2488,1380,2593,1380,2593,1449,2488,1449
561,1384,1234,1396,1233,1473,560,1461
2178,1391,2341,1391,2341,1454,2178,1454
2236,1459,2509,1459,2509,1532,2236,1532
2546,1459,2651,1459,2651,1527,2546,1527
567,1470,630,1470,630,1538,567,1538
666,1470,834,1470,834,1543,666,1543
1428,1475,1680,1475,1680,1548,1428,1548
824,1480,971,1480,971,1543,824,1543
412,1701,625,1724,616,1811,403,1788
2341,1711,2504,1711,2504,1785,2341,1785
2241,1716,2294,1716,2294,1774,2241,1774
2546,1716,2651,1716,2651,1785,2546,1785
922,1794,1180,1787,1182,1868,924,1875
412,1785,626,1807,617,1894,403,1871
666,1795,876,1795,876,1874,666,1874
1228,1795,1428,1795,1428,1874,1228,1874
2394,1795,2509,1795,2509,1863,2394,1863
2509,1795,2651,1795,2651,1869,2509,1869
412,1864,631,1886,622,1977,404,1956
2341,1879,2509,1879,2509,1953,2341,1953
672,1884,876,1884,876,1958,672,1958
2247,1884,2299,1884,2299,1942,2247,1942
2551,1884,2646,1884,2646,1947,2551,1947
2341,1963,2504,1963,2504,2037,2341,2037
407,1974,623,1964,627,2041,410,2052
2241,1968,2294,1968,2294,2026,2241,2026
2509,1968,2651,1968,2651,2042,2509,2042
672,1974,908,1974,908,2042,672,2042
976,1974,1123,1974,1123,2037,976,2037
1076,2052,1228,2052,1228,2115,1076,2115
1275,2052,1527,2052,1527,2121,1275,2121
2388,2052,2499,2052,2499,2121,2388,2121
2541,2052,2646,2052,2646,2121,2541,2121
414,2058,630,2058,630,2131,414,2131
677,2058,824,2058,824,2121,677,2121
924,2058,1018,2058,1018,2131,924,2131
1126,2205,1327,2198,1330,2283,1129,2290
876,2210,1076,2210,1076,2289,876,2289
2341,2215,2493,2215,2493,2289,2341,2289
2535,2215,2640,2215,2640,2283,2535,2283
630,2220,829,2220,829,2289,630,2289
420,2226,572,2226,572,2294,420,2294
2336,2299,2493,2299,2493,2373,2336,2373
2535,2299,2635,2299,2635,2367,2535,2367
572,2304,682,2304,682,2373,572,2373
467,2310,577,2310,577,2383,467,2383
621,2463,833,2452,837,2535,626,2545
924,2467,1123,2467,1123,2525,924,2525
1181,2467,1375,2467,1375,2525,1181,2525
425,2478,572,2478,572,2530,425,2530
435,2551,635,2551,635,2609,435,2609
2241,2551,2294,2551,2294,2609,2241,2609
2336,2551,2499,2551,2499,2619,2336,2619
2535,2551,2635,2551,2635,2619,2535,2619
673,2568,832,2552,838,2613,679,2629
640,2709,892,2709,892,2777,640,2777
441,2714,593,2714,593,2782,441,2782
936,2705,1170,2729,1163,2795,929,2770
540,2782,656,2782,656,2861,540,2861
683,2792,895,2777,901,2854,689,2870
939,2787,1176,2787,1176,2861,939,2861
441,2793,540,2793,540,2861,441,2861
1333,2793,1527,2793,1527,2861,1333,2861
546,2861,656,2861,656,2940,546,2940
441,2871,540,2871,540,2945,441,2945
693,2871,887,2871,887,2934,693,2934
935,2868,1175,2886,1169,2961,930,2943
1333,2871,1375,2871,1375,2929,1333,2929
546,2940,656,2940,656,3018,546,3018
441,2955,546,2955,546,3024,441,3024
693,2955,792,2955,792,3024,693,3024
845,2955,924,2955,924,3018,845,3018
1433,2961,1632,2961,1632,3034,1433,3034
919,2962,1068,2971,1064,3038,915,3029
504,3114,695,3124,692,3183,501,3173
834,3123,913,3123,913,3186,834,3186
924,3123,1018,3123,1018,3197,924,3197
735,3129,840,3129,840,3202,735,3202
1281,3129,1422,3129,1422,3207,1281,3207
1076,3139,1228,3139,1228,3218,1076,3218
2047,3139,2257,3139,2257,3223,2047,3223
1480,3144,1580,3144,1580,3207,1480,3207
1627,3144,1790,3144,1790,3228,1627,3228
1842,3150,1995,3150,1995,3234,1842,3234
632,3192,793,3208,786,3280,625,3263
834,3207,903,3207,903,3265,834,3265
1018,3218,1228,3218,1228,3286,1018,3286
903,3223,971,3223,971,3276,903,3276
1277,3214,1539,3240,1531,3316,1269,3290
1580,3239,1848,3239,1848,3323,1580,3323
431,3278,633,3289,629,3359,427,3348
678,3288,911,3305,906,3383,672,3367
971,3297,1134,3297,1134,3375,971,3375
1170,3318,1270,3318,1270,3375,1170,3375
1528,3315,1797,3324,1794,3400,1525,3391
1323,3323,1480,3323,1480,3402,1323,3402
1842,3328,1947,3328,1947,3396,1842,3396
2205,3325,2418,3339,2413,3415,2200,3400
1995,3339,2152,3339,2152,3396,1995,3396
577,3375,724,3375,724,3454,577,3454
777,3381,903,3381,903,3454,777,3454
914,3385,1267,3398,1264,3473,911,3460
1317,3402,1422,3402,1422,3475,1317,3475
1472,3407,1637,3422,1631,3494,1465,3479
1680,3412,1837,3412,1837,3486,1680,3486
1842,3417,1947,3417,1947,3496,1842,3496
1050,3491,1207,3491,1207,3570,1050,3570
1470,3499,1630,3507,1626,3590,1466,3582
1260,3512,1422,3512,1422,3585,1260,3585
1061,3876,2264,3906,2261,4010,1058,3980
