553,603,650,603,650,626,553,626
670,603,766,603,766,626,670,626
606,626,666,626,666,653,606,653
670,630,710,630,710,653,670,653
470,630,513,630,513,660,470,660
533,633,593,633,593,656,533,656
262,645,446,635,447,661,263,671
946,650,986,650,986,676,946,676
1003,646,1046,646,1046,676,1003,676
770,653,830,653,830,676,770,676
906,653,943,653,943,676,906,676
670,656,750,656,750,680,670,680
846,656,873,656,873,673,846,673
573,658,651,662,649,687,572,683
533,663,553,663,553,686,533,686
396,666,443,666,443,690,396,690
456,666,510,666,510,693,456,693
320,670,376,670,376,693,320,693
263,673,300,673,300,696,263,696
746,676,946,676,946,706,746,706
511,689,652,680,654,712,513,721
650,686,670,686,670,710,650,710
690,686,746,686,746,710,690,710
413,693,446,693,446,720,413,720
446,696,510,696,510,720,446,720
303,703,396,703,396,726,303,726
260,706,303,706,303,730,260,730
690,720,730,720,730,740,690,740
613,723,683,723,683,743,613,743
450,723,493,723,493,750,450,750
493,726,606,726,606,750,493,750
396,730,446,730,446,753,396,753
260,730,340,730,340,760,260,760
613,750,713,750,713,776,613,776
730,750,796,750,796,770,730,770
813,750,853,750,853,766,813,766
516,756,613,756,613,780,516,780
450,763,496,763,496,783,450,783
263,766,356,766,356,793,263,793
360,766,413,766,413,790,360,790
786,796,830,796,830,830,786,830
710,803,773,803,773,833,710,833
630,806,693,806,693,836,630,836
550,810,610,810,610,840,550,840
653,843,713,843,713,866,653,866
1013,890,1136,890,1136,920,1013,920
893,893,976,893,976,926,893,926
510,906,570,906,570,940,510,940
570,906,613,906,613,936,570,936
300,916,446,916,446,950,300,950
263,923,300,923,300,953,263,953
508,941,693,931,694,964,510,974
450,947,512,941,515,972,453,978
393,950,436,950,436,976,393,976
263,953,303,953,303,983,263,983
320,953,360,953,360,983,320,983
533,976,576,976,576,1003,533,1003
453,986,530,986,530,1013,453,1013
263,990,316,990,316,1016,263,1016
1063,1020,1103,1020,1103,1050,1063,1050
1103,1020,1146,1020,1146,1050,1103,1050
936,1023,1043,1023,1043,1053,936,1053
593,1033,633,1033,633,1066,593,1066
653,1032,757,1036,756,1068,652,1064
336,1050,396,1050,396,1083,336,1083
263,1056,323,1056,323,1080,263,1080
573,1103,676,1103,676,1133,573,1133
493,1106,556,1106,556,1136,493,1136
413,1110,446,1110,446,1140,413,1140
456,1113,476,1113,476,1136,456,1136
296,1113,400,1113,400,1143,296,1143
260,1120,276,1120,276,1143,260,1143
1086,1120,1130,1120,1130,1150,1086,1150
960,1123,1026,1123,1026,1153,960,1153
450,1140,576,1140,576,1170,450,1170
315,1144,446,1140,447,1172,316,1177
1026,1153,1093,1153,1093,1183,1026,1183
1110,1153,1153,1153,1153,1180,1110,1180
966,1160,1023,1160,1023,1186,966,1186
716,1163,760,1163,760,1193,716,1193
676,1170,700,1170,700,1196,676,1196
453,1173,493,1173,493,1200,453,1200
313,1176,360,1176,360,1206,313,1206
376,1176,436,1176,436,1203,376,1203
1116,1253,1160,1253,1160,1286,1116,1286
1030,1256,1100,1256,1100,1286,1030,1286
966,1260,1013,1260,1013,1290,966,1290
253,1271,335,1275,333,1311,251,1306
1053,1290,1100,1290,1100,1320,1053,1320
1120,1293,1160,1293,1160,1316,1120,1316
513,1300,556,1300,556,1333,513,1333
573,1300,660,1300,660,1333,573,1333
350,1303,433,1303,433,1336,350,1336
447,1306,512,1301,515,1332,450,1337
250,1307,334,1312,333,1344,248,1339
970,1326,1013,1326,1013,1360,970,1360
1033,1326,1100,1326,1100,1356,1033,1356
1123,1330,1143,1330,1143,1353,1123,1353
250,1338,335,1348,331,1382,247,1372
353,1346,393,1346,393,1370,353,1370
393,1346,433,1346,433,1370,393,1370
1033,1360,1103,1360,1103,1393,1033,1393
1123,1363,1163,1363,1163,1390,1123,1390
970,1363,1016,1363,1016,1393,970,1393
473,1376,533,1376,533,1403,473,1403
346,1376,443,1376,443,1406,346,1406
250,1380,330,1380,330,1406,250,1406
1056,1396,1103,1396,1103,1426,1056,1426
1126,1400,1163,1400,1163,1423,1126,1423
593,1406,700,1406,700,1436,593,1436
346,1410,410,1410,410,1440,346,1440
446,1410,490,1410,490,1443,446,1443
516,1413,576,1413,576,1436,516,1436
246,1413,330,1413,330,1443,246,1443
1020,1466,1106,1466,1106,1496,1020,1496
1123,1466,1166,1466,1166,1496,1123,1496
533,1470,616,1470,616,1506,533,1506
993,1470,1020,1470,1020,1496,993,1496
326,1476,410,1476,410,1510,326,1510
430,1480,513,1480,513,1506,430,1506
246,1480,306,1480,306,1510,246,1510
1020,1500,1110,1500,1110,1533,1020,1533
1110,1500,1170,1500,1170,1533,1110,1533
1000,1506,1020,1506,1020,1533,1000,1533
306,1513,350,1513,350,1546,306,1546
263,1516,293,1516,293,1546,263,1546
326,1580,410,1580,410,1613,326,1613
243,1583,306,1583,306,1613,243,1613
450,1583,536,1583,536,1613,450,1613
556,1583,640,1583,640,1613,556,1613
1040,1606,1113,1606,1113,1640,1040,1640
1110,1606,1173,1606,1173,1643,1110,1643
976,1610,1023,1610,1023,1643,976,1643
246,1620,330,1620,330,1650,246,1650
350,1623,413,1623,413,1650,350,1650
326,1690,433,1690,433,1720,326,1720
450,1687,554,1693,553,1725,448,1719
246,1693,310,1693,310,1720,246,1720
663,1720,706,1720,706,1750,663,1750
344,1728,432,1721,435,1755,347,1761
456,1726,553,1726,553,1753,456,1753
246,1726,286,1726,286,1753,246,1753
290,1730,333,1730,333,1753,290,1753
286,1756,333,1756,333,1790,286,1790
246,1760,286,1760,286,1790,246,1790
346,1760,433,1760,433,1790,346,1790
450,1756,555,1764,552,1799,448,1791
286,1793,333,1793,333,1826,286,1826
706,1793,750,1793,750,1823,706,1823
246,1796,286,1796,286,1826,246,1826
346,1796,390,1796,390,1826,346,1826
413,1800,446,1800,446,1826,413,1826
440,1800,496,1800,496,1833,440,1833
917,1864,1008,1856,1011,1892,920,1899
450,1866,493,1866,493,1896,450,1896
600,1866,663,1866,663,1896,600,1896
746,1866,816,1866,816,1903,746,1903
836,1866,900,1866,900,1900,836,1900
270,1873,353,1873,353,1900,270,1900
366,1870,410,1870,410,1903,366,1903
410,1870,443,1870,443,1900,410,1900
686,1873,730,1873,730,1896,686,1896
516,1873,583,1873,583,1903,516,1903
326,1903,393,1903,393,1933,326,1933
413,1906,476,1906,476,1933,413,1933
493,1903,580,1903,580,1933,493,1933
603,1902,711,1906,709,1937,602,1933
726,1906,820,1906,820,1936,726,1936
987,1931,1078,1940,1075,1971,984,1962
246,1936,333,1936,333,1966,246,1966
706,1936,820,1936,820,1966,706,1966
836,1936,883,1936,883,1966,836,1966
353,1942,460,1946,459,1975,352,1971
476,1943,546,1943,546,1970,476,1970
903,1943,966,1943,966,1966,903,1966
563,1946,606,1946,606,1966,563,1966
623,1943,690,1943,690,1973,623,1973
310,1973,373,1973,373,2006,310,2006
396,1976,446,1976,446,2003,396,2003
450,1976,606,1976,606,2003,450,2003
623,1973,670,1973,670,2000,623,2000
686,1973,753,1973,753,2003,686,2003
773,1973,836,1973,836,2000,773,2000
836,1973,883,1973,883,2003,836,2003
520,2006,586,2006,586,2040,520,2040
686,2006,750,2006,750,2040,686,2040
603,2010,670,2010,670,2040,603,2040
539,2137,1006,2132,1006,2166,540,2171
