433,534,530,538,529,564,432,559
547,535,642,546,638,571,544,560
146,563,333,563,333,586,146,586
360,563,396,563,396,586,360,586
413,566,473,566,473,590,413,590
493,570,546,570,546,593,493,593
550,570,586,570,586,596,550,596
860,587,902,594,898,619,856,612
143,590,186,590,186,616,143,616
204,591,265,597,262,622,201,617
283,593,330,593,330,616,283,616
803,593,843,593,843,616,803,616
340,596,396,596,396,623,340,623
416,596,436,596,436,616,416,616
456,593,532,600,529,624,454,618
770,596,803,596,803,620,770,620
550,600,623,600,623,623,550,623
643,600,696,600,696,623,643,623
713,603,750,603,750,623,713,623
146,623,283,623,283,650,146,650
400,623,436,623,436,650,400,650
433,620,513,620,513,650,433,650
618,626,806,618,807,652,620,660
300,623,333,623,333,650,300,650
340,626,393,626,393,650,340,650
510,623,550,623,550,650,510,650
563,626,620,626,620,653,563,653
146,656,226,656,226,683,146,683
284,660,333,655,335,680,287,684
340,656,363,656,363,680,340,680
363,656,380,656,380,680,363,680
380,656,476,656,476,680,380,680
497,657,565,663,563,686,495,679
570,663,606,663,606,683,570,683
150,690,246,690,246,716,150,716
246,690,300,690,300,713,246,713
403,690,590,690,590,713,403,713
336,693,383,693,383,713,336,713
606,696,666,696,666,716,606,716
680,696,720,696,720,713,680,713
436,743,496,743,496,773,436,773
660,743,700,743,700,773,660,773
513,746,573,746,573,773,513,773
586,746,646,746,646,776,586,776
536,783,593,783,593,806,536,806
865,827,979,822,981,853,866,858
760,836,846,836,846,863,760,863
190,843,252,838,255,869,193,874
250,840,340,840,340,870,250,870
403,843,496,843,496,866,403,866
156,843,193,843,193,873,156,873
400,870,480,870,480,900,400,900
480,870,576,870,576,896,480,896
290,876,340,876,340,900,290,900
343,873,403,873,403,900,343,900
160,880,196,880,196,903,160,903
210,876,253,876,253,903,210,903
423,903,463,903,463,930,423,930
343,914,406,905,409,930,347,939
160,913,210,913,210,936,160,936
803,953,896,953,896,980,803,980
913,953,950,953,950,976,913,976
953,956,990,956,990,976,953,976
480,966,521,960,525,985,484,991
540,962,637,966,636,992,539,988
160,973,216,973,216,996,160,996
236,973,293,973,293,1000,236,1000
710,1013,770,1013,770,1043,710,1043
635,1023,696,1018,697,1043,637,1047
466,1026,619,1022,620,1049,466,1053
386,1023,450,1023,450,1053,386,1053
353,1030,373,1030,373,1053,353,1053
196,1030,276,1030,276,1060,196,1060
290,1030,340,1030,340,1056,290,1056
160,1036,176,1036,176,1060,160,1060
940,1043,976,1043,976,1063,940,1063
826,1046,883,1046,883,1070,826,1070
350,1056,466,1056,466,1086,350,1086
216,1060,293,1060,293,1090,216,1090
290,1060,343,1060,343,1086,290,1086
883,1066,943,1066,943,1096,883,1096
944,1073,996,1068,998,1092,946,1097
846,1076,870,1076,870,1096,846,1096
253,1090,316,1090,316,1120,253,1120
353,1093,373,1093,373,1116,353,1116
220,1096,253,1096,253,1120,220,1120
320,1096,346,1096,346,1120,320,1120
886,1160,950,1160,950,1190,886,1190
853,1170,873,1170,873,1190,853,1190
160,1184,241,1189,239,1220,158,1216
970,1193,1003,1193,1003,1216,970,1216
913,1196,950,1196,950,1216,913,1216
413,1210,453,1210,453,1240,413,1240
470,1210,550,1210,550,1240,470,1240
353,1213,410,1213,410,1240,353,1240
160,1217,241,1222,239,1251,158,1246
256,1216,296,1216,296,1246,256,1246
296,1220,336,1220,336,1243,296,1243
890,1223,953,1223,953,1253,890,1253
970,1226,1006,1226,1006,1250,970,1250
860,1230,876,1230,876,1253,860,1253
157,1247,241,1252,239,1284,155,1279
260,1253,336,1253,336,1276,260,1276
893,1253,953,1253,953,1283,893,1283
973,1256,1006,1256,1006,1280,973,1280
860,1263,880,1263,880,1283,860,1283
416,1280,436,1280,436,1303,416,1303
255,1287,346,1280,348,1305,257,1312
376,1283,416,1283,416,1303,376,1303
163,1286,240,1286,240,1313,163,1313
970,1286,1010,1286,1010,1313,970,1313
916,1293,956,1293,956,1313,916,1313
490,1303,593,1303,593,1333,490,1333
416,1310,476,1310,476,1336,416,1336
258,1320,316,1315,318,1339,260,1344
356,1316,393,1316,393,1343,356,1343
163,1320,240,1320,240,1343,163,1343
896,1350,960,1350,960,1380,896,1380
976,1353,1013,1353,1013,1376,976,1376
435,1370,516,1365,518,1396,436,1401
356,1376,416,1376,416,1403,356,1403
238,1383,319,1377,321,1403,240,1409
160,1380,220,1380,220,1410,160,1410
900,1380,963,1380,963,1413,900,1413
976,1380,1016,1380,1016,1410,976,1410
220,1410,263,1410,263,1440,220,1440
183,1416,206,1416,206,1443,183,1443
460,1470,540,1470,540,1496,460,1496
356,1470,443,1470,443,1500,356,1500
280,1473,323,1473,323,1503,280,1503
163,1476,220,1476,220,1506,163,1506
243,1480,283,1480,283,1503,243,1503
901,1480,966,1475,968,1506,904,1511
983,1480,1020,1480,1020,1503,983,1503
873,1486,890,1486,890,1510,873,1510
260,1516,322,1507,326,1532,264,1541
166,1516,243,1516,243,1540,166,1540
240,1573,343,1573,343,1603,240,1603
363,1576,460,1576,460,1600,363,1600
166,1583,226,1583,226,1606,166,1606
560,1593,600,1593,600,1620,560,1620
362,1605,459,1601,460,1629,363,1634
260,1606,343,1606,343,1640,260,1640
163,1613,203,1613,203,1640,163,1640
206,1616,250,1616,250,1636,206,1636
363,1640,460,1640,460,1666,363,1666
266,1643,343,1643,343,1670,266,1670
206,1646,250,1646,250,1673,206,1673
163,1646,203,1646,203,1673,163,1673
603,1663,643,1663,643,1686,603,1686
263,1673,306,1673,306,1703,263,1703
326,1676,356,1676,356,1700,326,1700
360,1673,420,1673,420,1703,360,1703
210,1680,250,1680,250,1706,210,1706
166,1683,206,1683,206,1706,166,1706
801,1720,879,1713,881,1739,803,1746
723,1716,783,1716,783,1750,723,1750
643,1733,705,1723,709,1748,647,1759
503,1726,563,1726,563,1756,503,1756
586,1733,626,1733,626,1753,586,1753
366,1740,406,1740,406,1763,366,1763
426,1736,486,1736,486,1766,426,1766
326,1743,360,1743,360,1766,326,1766
286,1746,326,1746,326,1773,286,1773
193,1750,270,1750,270,1773,193,1773
621,1762,706,1755,709,1786,624,1793
406,1763,486,1763,486,1793,406,1793
510,1766,610,1766,610,1793,510,1793
330,1773,360,1773,360,1796,330,1796
370,1773,390,1773,390,1796,370,1796
250,1776,310,1776,310,1803,250,1803
860,1776,940,1776,940,1806,860,1806
781,1789,843,1783,844,1806,783,1811
605,1793,709,1788,710,1816,607,1820
730,1790,766,1790,766,1810,730,1810
530,1800,590,1800,590,1826,530,1826
390,1803,456,1803,456,1826,390,1826
473,1803,513,1803,513,1823,473,1823
273,1810,363,1810,363,1833,273,1833
170,1810,253,1810,253,1840,170,1840
670,1823,726,1823,726,1846,670,1846
730,1823,770,1823,770,1850,730,1850
530,1823,570,1823,570,1853,530,1853
590,1830,650,1830,650,1853,590,1853
368,1840,492,1830,494,1856,370,1866
493,1836,513,1836,513,1856,493,1856
313,1840,363,1840,363,1863,313,1863
233,1840,293,1840,293,1870,233,1870
586,1856,646,1856,646,1890,586,1890
430,1863,493,1863,493,1893,430,1893
510,1863,573,1863,573,1893,510,1893
475,2000,866,1982,868,2023,477,2041
