1108,250,1367,263,1364,327,1105,314
1417,260,1671,273,1668,338,1414,325
341,312,825,325,824,391,339,379
903,330,1002,330,1002,399,903,399
1055,341,1207,341,1207,399,1055,399
1265,341,1412,341,1412,409,1265,409
1412,346,1522,346,1522,420,1412,420
336,393,441,393,441,467,336,467
488,404,645,404,645,472,488,472
698,409,829,409,829,477,698,477
850,414,992,414,992,483,850,483
1055,420,1123,420,1123,477,1055,477
1161,414,1371,436,1363,508,1154,486
1412,421,1618,428,1616,494,1410,488
1670,420,1830,428,1826,500,1666,492
1874,435,1968,435,1968,504,1874,504
2021,441,2226,441,2226,514,2021,514
2278,451,2388,451,2388,530,2278,530
330,483,435,483,435,546,330,546
442,477,737,497,733,564,437,545
740,498,829,498,829,561,740,561
845,496,989,503,986,563,842,555
1008,498,1417,498,1417,572,1008,572
1417,509,1601,509,1601,567,1417,567
1612,504,2128,521,2125,598,1609,580
330,567,535,567,535,640,330,640
693,577,824,577,824,645,693,645
830,577,1215,595,1211,662,827,644
1254,603,1443,603,1443,651,1254,651
1464,603,1559,603,1559,656,1464,656
325,656,729,656,729,729,325,729
1003,668,1523,674,1522,741,1002,734
829,682,960,682,960,729,829,729
1559,693,1753,693,1753,745,1559,745
1774,698,1869,698,1869,750,1774,750
1097,834,1249,834,1249,908,1097,908
1711,840,1811,840,1811,924,1711,924
1302,845,1459,845,1459,913,1302,913
1506,845,1664,845,1664,918,1506,918
1354,934,1512,934,1512,997,1354,997
331,1067,821,1084,818,1168,328,1151
992,1097,1139,1097,1139,1165,992,1165
1144,1097,1249,1097,1249,1170,1144,1170
1947,1128,2189,1128,2189,1207,1947,1207
2247,1128,2546,1128,2546,1202,2247,1202
336,1160,435,1160,435,1239,336,1239
483,1176,588,1176,588,1239,483,1239
687,1176,819,1176,819,1244,687,1244
840,1173,1455,1189,1453,1267,838,1251
336,1260,446,1260,446,1323,336,1323
792,1275,824,1275,824,1323,792,1323
819,1270,1008,1270,1008,1349,819,1349
1044,1275,1149,1275,1149,1344,1044,1344
336,1425,490,1433,487,1492,333,1485
532,1437,688,1414,700,1494,543,1517
1197,1433,1296,1433,1296,1512,1197,1512
1350,1444,1601,1470,1594,1546,1342,1520
2336,1459,2535,1459,2535,1538,2336,1538
2037,1464,2289,1464,2289,1533,2037,1533
346,1601,383,1601,383,1653,346,1653
446,1601,745,1601,745,1669,446,1669
824,1606,997,1606,997,1674,824,1674
1050,1611,1202,1611,1202,1680,1050,1680
1249,1610,1744,1621,1742,1699,1248,1689
493,1680,834,1680,834,1753,493,1753
824,1681,1000,1690,996,1760,821,1751
997,1690,1149,1690,1149,1758,997,1758
2073,1716,2257,1716,2257,1774,2073,1774
2367,1716,2472,1716,2472,1785,2367,1785
493,1758,603,1758,603,1832,493,1832
645,1764,803,1764,803,1832,645,1832
845,1764,950,1764,950,1832,845,1832
1391,1779,1590,1779,1590,1853,1391,1853
2068,1790,2210,1790,2210,1853,2068,1853
2215,1795,2383,1795,2383,1863,2215,1863
2378,1800,2514,1800,2514,1863,2378,1863
350,1985,559,2007,549,2098,340,2077
2058,2037,2205,2037,2205,2100,2058,2100
2206,2031,2506,2042,2503,2115,2203,2104
349,2069,562,2091,553,2177,340,2155
598,2079,803,2079,803,2157,598,2157
850,2079,1107,2079,1107,2157,850,2157
1149,2089,1344,2089,1344,2157,1149,2157
2252,2115,2362,2115,2362,2184,2252,2184
2362,2121,2499,2121,2499,2189,2362,2189
355,2147,564,2170,554,2257,345,2234
603,2163,803,2163,803,2236,603,2236
2052,2194,2199,2194,2199,2252,2052,2252
2199,2194,2362,2194,2362,2262,2199,2262
2357,2199,2499,2199,2499,2268,2357,2268
903,2247,1050,2247,1050,2310,903,2310
357,2252,556,2252,556,2320,357,2320
603,2252,861,2252,861,2320,603,2320
2047,2268,2189,2268,2189,2331,2047,2331
2200,2271,2359,2279,2356,2349,2196,2340
2357,2278,2488,2278,2488,2341,2357,2341
354,2326,559,2315,563,2393,358,2403
604,2334,753,2322,759,2388,610,2400
855,2331,945,2331,945,2404,855,2404
1002,2331,1144,2331,1144,2388,1002,2388
1197,2331,1433,2331,1433,2399,1197,2399
2241,2357,2346,2357,2346,2425,2241,2425
2383,2362,2483,2362,2483,2420,2383,2420
556,2472,761,2472,761,2551,556,2551
803,2472,997,2472,997,2546,803,2546
1050,2472,1244,2472,1244,2546,1050,2546
362,2483,504,2483,504,2551,362,2551
2095,2501,2474,2514,2472,2582,2092,2568
414,2562,609,2562,609,2625,414,2625
2090,2573,2338,2586,2335,2653,2086,2640
2336,2588,2472,2588,2472,2661,2336,2661
567,2698,761,2698,761,2777,567,2777
378,2709,519,2709,519,2772,378,2772
834,2714,1044,2714,1044,2772,834,2772
1097,2714,1281,2714,1281,2772,1097,2772
378,2782,567,2782,567,2845,378,2845
614,2787,761,2787,761,2845,614,2845
2032,2805,2140,2815,2135,2875,2027,2865
2179,2811,2334,2820,2330,2890,2175,2881
2367,2824,2467,2824,2467,2892,2367,2892
383,2934,525,2934,525,2997,383,2997
572,2934,813,2934,813,3003,572,3003
857,2927,1085,2949,1078,3015,851,2992
483,2997,588,2997,588,3071,483,3071
383,3008,477,3008,477,3066,383,3066
615,3013,812,2998,817,3070,620,3085
861,3013,1076,3013,1076,3071,861,3071
1328,3018,1412,3018,1412,3076,1328,3076
483,3071,588,3071,588,3150,483,3150
388,3081,483,3081,483,3150,388,3150
858,3072,1087,3097,1079,3168,850,3143
622,3089,807,3082,810,3139,624,3146
488,3144,588,3144,588,3223,488,3223
388,3155,488,3155,488,3223,388,3223
624,3155,719,3155,719,3213,624,3213
766,3155,834,3155,834,3213,766,3213
840,3165,981,3165,981,3228,840,3228
1417,3165,1512,3165,1512,3234,1417,3234
1323,3171,1375,3171,1375,3223,1323,3223
451,3302,630,3302,630,3354,451,3354
766,3302,840,3302,840,3360,766,3360
855,3302,950,3302,950,3365,855,3365
1181,3307,1317,3307,1317,3375,1181,3375
666,3312,756,3312,756,3370,666,3370
997,3312,1134,3312,1134,3375,997,3375
1365,3318,1459,3318,1459,3375,1365,3375
1506,3318,1648,3318,1648,3386,1506,3386
1690,3323,1821,3323,1821,3391,1690,3391
1874,3328,2058,3328,2058,3391,1874,3391
582,3370,719,3370,719,3428,582,3428
766,3370,834,3370,834,3428,766,3428
950,3375,1134,3375,1134,3433,950,3433
840,3381,903,3381,903,3428,840,3428
1187,3376,1416,3396,1411,3457,1182,3437
1653,3396,1690,3396,1690,3428,1653,3428
1460,3389,1651,3400,1647,3462,1456,3451
404,3433,588,3433,588,3496,404,3496
903,3444,1055,3444,1055,3507,903,3507
630,3447,841,3455,839,3511,628,3503
840,3465,861,3465,861,3501,840,3501
1092,3459,1181,3459,1181,3512,1092,3512
1412,3459,1643,3459,1643,3517,1412,3517
1228,3465,1365,3465,1365,3522,1228,3522
1690,3465,1774,3465,1774,3517,1690,3517
1822,3473,1961,3481,1957,3532,1819,3524
2012,3470,2195,3492,2188,3553,2004,3531
540,3512,677,3512,677,3585,540,3585
724,3517,840,3517,840,3575,724,3575
840,3513,1182,3522,1180,3584,838,3574
1228,3522,1323,3522,1323,3591,1228,3591
1359,3533,1501,3533,1501,3585,1359,3585
1543,3533,1680,3533,1680,3591,1543,3591
1685,3538,1779,3538,1779,3601,1685,3601
997,3601,1134,3601,1134,3664,997,3664
1359,3601,1501,3601,1501,3680,1359,3680
1181,3612,1323,3612,1323,3675,1181,3675
1018,3929,2043,3948,2041,4037,1017,4018
