1071,367,1312,367,1312,425,1071,425
1365,366,1613,373,1611,442,1363,435
871,446,976,446,976,514,871,514
1223,446,1365,446,1365,514,1223,514
330,451,808,451,808,519,330,519
1023,451,1170,451,1170,509,1023,509
1365,451,1464,451,1464,525,1365,525
2205,498,2310,498,2310,572,2205,572
1945,510,2144,499,2148,569,1949,580
1806,519,1895,519,1895,582,1806,582
330,525,435,525,435,598,330,598
1611,525,1764,525,1764,593,1611,593
682,530,808,530,808,598,682,598
1029,530,1081,530,1081,588,1029,588
1124,524,1326,536,1322,606,1120,594
1370,530,1559,530,1559,588,1370,588
483,535,630,535,630,593,483,593
829,535,966,535,966,598,829,598
1556,609,2051,583,2055,658,1560,684
981,609,1375,609,1375,677,981,677
1370,609,1548,609,1548,672,1370,672
441,614,540,614,540,682,441,682
540,614,719,614,719,677,540,677
724,614,813,614,813,672,724,672
813,614,960,614,960,672,813,672
336,619,446,619,446,682,336,682
687,693,813,693,813,761,687,761
813,693,1186,693,1186,756,813,756
338,704,534,693,538,766,342,776
1223,703,1401,703,1401,756,1223,756
1422,703,1512,703,1512,756,1422,756
987,777,1475,777,1475,840,987,840
346,782,724,782,724,845,346,845
1711,782,1806,782,1806,834,1711,834
819,787,939,787,939,834,819,834
1517,787,1695,787,1695,840,1517,840
787,798,813,798,813,834,787,834
1659,924,1758,924,1758,1002,1659,1002
1470,929,1617,929,1617,1002,1470,1002
1081,934,1233,934,1233,1002,1081,1002
1281,939,1428,939,1428,1008,1281,1008
1286,1023,1517,1023,1517,1086,1286,1086
2189,1165,2483,1165,2483,1233,2189,1233
997,1181,1128,1181,1128,1244,997,1244
1139,1181,1228,1181,1228,1249,1139,1249
1895,1181,2131,1181,2131,1254,1895,1254
362,1186,834,1186,834,1260,362,1260
850,1260,1433,1260,1433,1333,850,1333
372,1265,472,1265,472,1338,372,1338
514,1270,619,1270,619,1338,514,1338
708,1270,834,1270,834,1333,708,1333
836,1344,1064,1360,1059,1431,831,1415
1093,1355,1195,1345,1201,1406,1099,1416
378,1354,483,1354,483,1412,378,1412
2278,1480,2478,1480,2478,1559,2278,1559
1202,1496,1296,1496,1296,1569,1202,1569
1988,1501,2230,1494,2232,1554,1990,1561
582,1501,729,1501,729,1580,582,1580
399,1506,535,1506,535,1564,399,1564
1344,1505,1577,1514,1574,1585,1341,1576
504,1659,651,1659,651,1727,504,1727
693,1659,850,1659,850,1716,693,1716
414,1669,451,1669,451,1722,414,1722
556,1732,866,1732,866,1800,556,1800
876,1732,1165,1732,1165,1800,876,1800
2320,1732,2420,1732,2420,1795,2320,1795
2031,1737,2178,1737,2178,1795,2031,1795
1344,1806,1433,1806,1433,1874,1344,1874
1438,1806,1575,1806,1575,1874,1438,1874
2173,1806,2472,1806,2472,1879,2173,1879
556,1811,661,1811,661,1874,556,1874
698,1811,840,1811,840,1874,698,1874
882,1811,981,1811,981,1874,882,1874
2084,1811,2168,1811,2168,1869,2084,1869
421,2029,614,2044,607,2124,415,2109
2174,2032,2370,2039,2367,2111,2171,2105
2079,2042,2131,2042,2131,2100,2079,2100
2362,2042,2457,2042,2457,2105,2362,2105
648,2108,839,2102,841,2178,651,2185
418,2100,615,2122,606,2204,409,2182
882,2110,1123,2110,1123,2173,882,2173
1165,2110,1349,2110,1349,2168,1165,2168
2215,2115,2462,2115,2462,2184,2215,2184
417,2177,614,2192,607,2276,410,2261
651,2184,840,2184,840,2257,651,2257
2079,2189,2131,2189,2131,2247,2079,2247
2173,2189,2367,2189,2367,2262,2173,2262
2362,2194,2457,2194,2457,2252,2362,2252
929,2262,1076,2262,1076,2325,929,2325
2079,2268,2136,2268,2136,2325,2079,2325
2173,2262,2464,2273,2461,2346,2171,2335
645,2273,871,2273,871,2336,645,2336
414,2278,598,2278,598,2336,414,2336
1212,2336,1443,2336,1443,2404,1212,2404
409,2346,603,2346,603,2420,409,2420
645,2346,792,2346,792,2415,645,2415
882,2346,971,2346,971,2415,882,2415
1026,2349,1164,2342,1167,2398,1029,2406
2220,2346,2331,2346,2331,2415,2220,2415
2325,2352,2457,2352,2457,2409,2325,2409
834,2483,1023,2483,1023,2551,834,2551
1076,2488,1260,2488,1260,2546,1076,2546
600,2499,791,2489,794,2556,604,2566
2178,2504,2467,2504,2467,2577,2178,2577
409,2509,546,2509,546,2567,409,2567
556,2577,651,2577,651,2635,556,2635
2179,2575,2334,2583,2330,2653,2175,2645
462,2583,556,2583,556,2640,462,2640
2325,2583,2467,2583,2467,2656,2325,2656
606,2712,797,2705,800,2782,609,2789
887,2714,1076,2714,1076,2772,887,2772
1123,2714,1302,2714,1302,2766,1123,2766
420,2724,561,2724,561,2793,420,2793
653,2803,797,2795,800,2850,656,2857
425,2803,609,2803,609,2861,425,2861
2084,2808,2136,2808,2136,2866,2084,2866
2180,2804,2373,2825,2366,2891,2173,2870
2367,2824,2467,2824,2467,2892,2367,2892
612,2947,844,2938,846,2999,614,3007
893,2935,1111,2952,1106,3013,888,2996
430,2950,567,2950,567,3013,430,3013
897,3008,1081,3008,1081,3066,897,3066
1349,3008,1438,3008,1438,3071,1349,3071
525,3013,624,3013,624,3081,525,3081
656,3020,842,2998,850,3065,663,3087
430,3024,525,3024,525,3092,430,3092
898,3076,1116,3092,1111,3155,893,3138
530,3087,630,3087,630,3160,530,3160
664,3094,849,3087,851,3144,667,3151
430,3097,525,3097,525,3165,430,3165
1349,3155,1401,3155,1401,3218,1349,3218
530,3160,635,3160,635,3234,530,3234
808,3160,876,3160,876,3218,808,3218
876,3160,1018,3160,1018,3223,876,3223
666,3165,761,3165,761,3228,666,3228
1438,3165,1522,3165,1522,3218,1438,3218
430,3176,525,3176,525,3234,430,3234
897,3297,981,3297,981,3360,897,3360
1218,3302,1344,3302,1344,3354,1218,3354
1039,3307,1170,3307,1170,3365,1039,3365
1396,3307,1485,3307,1485,3360,1396,3360
808,3312,876,3312,876,3360,808,3360
1527,3312,1664,3312,1664,3375,1527,3375
493,3323,672,3323,672,3375,493,3375
708,3323,798,3323,798,3381,708,3381
1711,3325,1851,3334,1846,3409,1707,3401
1896,3332,2082,3342,2078,3414,1892,3403
987,3370,1170,3370,1170,3428,987,3428
1218,3365,1446,3379,1442,3441,1215,3427
808,3375,876,3375,876,3428,808,3428
630,3381,766,3381,766,3433,630,3433
882,3381,945,3381,945,3428,882,3428
1486,3381,1713,3396,1709,3460,1481,3445
945,3438,1092,3438,1092,3501,945,3501
1439,3439,1668,3457,1663,3519,1434,3502
451,3449,630,3449,630,3512,451,3512
1128,3449,1218,3449,1218,3501,1128,3501
1265,3449,1396,3449,1396,3512,1265,3512
672,3454,882,3454,882,3517,672,3517
882,3465,903,3465,903,3496,882,3496
1711,3470,1795,3470,1795,3533,1711,3533
1843,3493,1986,3502,1984,3551,1840,3542
2034,3492,2229,3527,2217,3591,2022,3557
1260,3512,1349,3512,1349,3570,1260,3570
880,3520,1217,3512,1219,3574,882,3582
1397,3518,1530,3526,1527,3582,1393,3574
766,3528,882,3528,882,3585,766,3585
1575,3528,1701,3528,1701,3591,1575,3591
582,3533,719,3533,719,3606,582,3606
1711,3543,1800,3543,1800,3606,1711,3606
1396,3591,1527,3591,1527,3664,1396,3664
1035,3593,1173,3601,1169,3663,1031,3655
1218,3596,1359,3596,1359,3664,1218,3664
1119,3901,2076,3936,2072,4032,1116,3997
