1249,276,1493,289,1489,350,1246,338
1538,280,1793,295,1789,365,1534,350
530,346,992,346,992,420,530,420
1050,357,1149,357,1149,425,1050,425
1197,362,1344,362,1344,430,1197,430
1391,362,1538,362,1538,430,1391,430
1538,362,1638,362,1638,441,1538,441
525,425,624,425,624,493,525,493
666,430,813,430,813,498,666,498
855,435,981,435,981,504,855,504
1002,435,1107,435,1107,514,1002,514
1294,431,1497,452,1489,529,1285,508
1197,446,1260,446,1260,509,1197,509
1533,442,1734,450,1732,521,1531,514
1779,451,1932,451,1932,519,1779,519
1979,456,2068,456,2068,519,1979,519
2121,456,2325,456,2325,530,2121,530
2378,456,2488,456,2488,540,2378,540
519,509,619,509,619,567,519,567
624,514,661,514,661,572,624,572
666,509,892,509,892,577,666,577
897,519,976,519,976,577,897,577
1002,519,1134,519,1134,588,1002,588
1149,525,1538,525,1538,598,1149,598
1533,535,1711,535,1711,598,1533,598
1722,535,2220,535,2220,609,1722,609
519,588,708,588,708,656,519,656
850,598,976,598,976,661,850,661
977,597,1372,619,1369,683,974,661
1386,624,1559,624,1559,677,1386,677
1580,630,1674,630,1674,682,1580,682
514,672,882,672,882,735,514,735
976,693,1102,693,1102,745,976,745
1144,685,1629,698,1627,764,1143,752
1669,714,1853,714,1853,766,1669,766
1874,719,1963,719,1963,771,1874,771
1228,840,1375,840,1375,918,1228,918
1617,855,1769,855,1769,934,1617,934
1811,855,1911,855,1911,934,1811,934
1422,861,1575,861,1575,924,1422,924
1422,939,1653,939,1653,1002,1422,1002
498,1060,981,1060,981,1139,498,1139
1119,1078,1258,1090,1252,1156,1114,1143
1265,1092,1365,1092,1365,1160,1265,1160
2042,1107,2278,1107,2278,1202,2042,1202
2336,1123,2637,1131,2635,1203,2334,1195
498,1134,593,1134,593,1207,498,1207
635,1149,735,1149,735,1212,635,1212
829,1155,950,1155,950,1223,829,1223
971,1151,1562,1181,1558,1256,968,1226
493,1228,619,1228,619,1286,493,1286
957,1238,1202,1264,1195,1330,950,1304
1212,1254,1317,1254,1317,1323,1212,1323
488,1383,632,1391,629,1450,485,1443
677,1391,824,1391,824,1470,677,1470
1302,1412,1401,1412,1401,1485,1302,1485
1449,1424,1695,1444,1689,1518,1443,1497
2126,1440,2380,1449,2377,1520,2124,1511
2425,1443,2625,1443,2625,1527,2425,1527
493,1554,525,1554,525,1601,493,1601
578,1545,831,1554,828,1625,575,1616
866,1564,945,1564,945,1622,866,1622
1023,1569,1197,1569,1197,1643,1023,1643
1265,1580,1496,1580,1496,1653,1265,1653
1538,1596,1638,1596,1638,1659,1538,1659
1680,1594,1866,1601,1863,1670,1677,1663
630,1624,942,1642,938,1714,626,1697
961,1641,1256,1652,1254,1727,958,1716
2163,1693,2349,1703,2346,1764,2160,1755
2462,1701,2562,1701,2562,1769,2462,1769
630,1706,740,1706,740,1774,630,1774
766,1711,918,1711,918,1779,766,1779
960,1722,1060,1722,1060,1790,960,1790
1433,1741,1676,1748,1674,1821,1431,1814
2157,1774,2273,1774,2273,1842,2157,1842
2305,1769,2612,1785,2608,1860,2301,1844
481,1919,681,1947,669,2032,469,2003
480,1995,680,2018,670,2105,470,2082
719,2016,913,2016,913,2094,719,2094
2142,2016,2289,2016,2289,2079,2142,2079
2289,2017,2485,2024,2483,2090,2287,2083
1097,2031,1191,2031,1191,2110,1097,2110
2488,2031,2588,2031,2588,2089,2488,2089
955,2037,1097,2037,1097,2094,955,2094
1239,2042,1428,2042,1428,2121,1239,2121
482,2071,682,2099,670,2183,470,2155
719,2100,913,2100,913,2173,719,2173
2331,2100,2446,2100,2446,2168,2331,2168
2441,2105,2577,2105,2577,2168,2441,2168
483,2163,675,2173,671,2235,480,2225
2131,2168,2268,2168,2268,2231,2131,2231
2279,2171,2444,2179,2440,2251,2275,2243
719,2175,967,2184,965,2245,717,2236
2436,2184,2577,2184,2577,2252,2436,2252
1002,2189,1144,2189,1144,2247,1002,2247
489,2229,680,2239,676,2306,485,2296
2126,2247,2273,2247,2273,2310,2126,2310
724,2252,861,2252,861,2310,724,2310
2273,2257,2436,2257,2436,2331,2273,2331
955,2262,1044,2262,1044,2336,955,2336
1097,2268,1233,2268,1233,2325,1097,2325
2430,2268,2577,2268,2577,2336,2430,2336
1281,2272,1516,2289,1511,2358,1276,2340
2320,2341,2430,2341,2430,2409,2320,2409
2430,2346,2572,2346,2572,2415,2430,2415
483,2394,619,2394,619,2457,483,2457
666,2394,855,2394,855,2472,666,2472
897,2399,1092,2399,1092,2483,897,2483
1139,2415,1323,2415,1323,2493,1139,2493
525,2466,710,2473,708,2540,522,2533
2174,2480,2571,2508,2565,2587,2168,2559
2168,2567,2257,2567,2257,2630,2168,2630
2262,2577,2425,2577,2425,2651,2262,2651
2462,2588,2567,2588,2567,2661,2462,2661
477,2619,609,2619,609,2688,477,2688
656,2619,845,2619,845,2698,656,2698
914,2635,1127,2652,1122,2715,909,2699
892,2651,924,2651,924,2688,892,2688
1166,2654,1352,2665,1348,2729,1162,2718
478,2688,659,2699,655,2763,474,2752
703,2714,840,2714,840,2766,703,2766
2110,2808,2226,2808,2226,2882,2110,2882
2258,2817,2566,2839,2560,2918,2253,2896
472,2845,609,2845,609,2919,472,2919
647,2849,871,2869,865,2943,640,2923
911,2867,1137,2905,1125,2983,898,2945
456,2913,546,2913,546,2982,456,2982
546,2913,640,2913,640,2992,546,2992
672,2940,855,2940,855,3013,672,3013
899,2952,1129,2975,1122,3046,892,3023
530,2992,630,2992,630,3076,530,3076
441,2997,525,2997,525,3066,441,3066
1370,2997,1464,2997,1464,3066,1370,3066
662,3016,844,3031,839,3095,657,3080
890,3030,1126,3068,1113,3145,878,3107
519,3071,619,3071,619,3155,519,3155
425,3076,519,3076,519,3144,425,3144
651,3097,745,3097,745,3171,651,3171
787,3113,855,3113,855,3171,787,3171
862,3122,1013,3139,1005,3209,855,3193
1354,3165,1412,3165,1412,3228,1354,3228
1449,3171,1548,3171,1548,3244,1449,3244
462,3238,642,3268,631,3333,452,3303
672,3276,766,3276,766,3349,672,3349
771,3281,845,3281,845,3339,771,3339
866,3286,960,3286,960,3354,866,3354
1013,3307,1160,3307,1160,3386,1013,3386
1202,3318,1338,3318,1338,3391,1202,3391
583,3333,730,3350,723,3417,576,3401
1391,3339,1491,3339,1491,3407,1391,3407
1538,3354,1690,3354,1690,3428,1538,3428
766,3360,840,3360,840,3423,766,3423
840,3370,908,3370,908,3428,840,3428
1738,3367,1883,3376,1879,3451,1733,3443
957,3365,1156,3387,1148,3458,949,3436
1933,3368,2140,3379,2135,3461,1929,3451
394,3398,578,3417,571,3479,388,3459
1198,3394,1446,3425,1436,3501,1189,3470
621,3423,840,3448,832,3518,613,3493
1486,3431,1739,3444,1735,3522,1482,3509
903,3454,1060,3454,1060,3528,903,3528
1097,3480,1186,3480,1186,3533,1097,3533
1239,3488,1389,3497,1384,3572,1235,3564
525,3501,661,3501,661,3570,525,3570
1429,3498,1678,3519,1673,3582,1424,3561
714,3517,829,3517,829,3575,714,3575
1727,3522,1827,3522,1827,3591,1727,3591
830,3520,1190,3549,1185,3614,825,3585
1874,3549,2021,3549,2021,3601,1874,3601
2074,3549,2273,3571,2266,3632,2068,3610
1233,3559,1333,3559,1333,3627,1233,3627
1381,3577,1525,3586,1522,3640,1378,3632
1576,3581,1722,3598,1715,3658,1569,3642
1722,3606,1821,3606,1821,3664,1722,3664
994,3610,1136,3635,1126,3693,984,3668
1186,3643,1328,3643,1328,3701,1186,3701
1375,3648,1512,3648,1512,3711,1375,3711
1029,3861,2065,3914,2062,3975,1026,3921
