1071,129,1320,142,1317,201,1068,188
1371,136,1616,163,1610,219,1365,193
336,204,798,204,798,262,336,262
1020,201,1174,215,1169,270,1015,256
871,210,966,210,966,262,871,262
1223,210,1365,210,1365,267,1223,267
1370,220,1464,220,1464,283,1370,283
664,272,786,263,790,325,668,333
1018,273,1076,273,1076,330,1018,330
330,278,430,278,430,341,330,341
472,278,619,278,619,336,472,336
819,278,950,278,950,341,819,341
1119,273,1322,295,1316,356,1113,334
1365,283,1567,294,1563,356,1362,345
1618,295,1768,310,1762,370,1612,355
1811,315,1900,315,1900,378,1811,378
1953,320,2147,320,2147,383,1953,383
2207,312,2317,334,2305,396,2195,374
472,351,703,351,703,414,472,414
708,351,792,351,792,409,708,409
813,351,955,351,955,414,813,414
971,345,1560,362,1558,436,969,419
320,357,472,357,472,414,320,414
1565,366,2061,397,2056,468,1560,438
661,425,792,425,792,498,661,498
315,430,509,430,509,488,315,488
808,432,1172,444,1170,510,806,497
1218,456,1380,456,1380,504,1218,504
1417,456,1512,456,1512,509,1417,509
310,502,699,513,698,575,308,565
965,525,1464,525,1464,588,965,588
792,530,924,530,924,582,792,582
1512,546,1695,546,1695,598,1512,598
1717,547,1815,557,1810,607,1712,597
1055,677,1207,677,1207,745,1055,745
1659,677,1758,677,1758,750,1659,750
1260,687,1407,687,1407,745,1260,745
1459,687,1606,687,1606,745,1459,745
1307,766,1459,766,1459,819,1307,819
404,908,771,908,771,981,404,981
1092,908,1197,908,1197,976,1092,976
2221,903,2526,910,2525,973,2219,965
304,913,404,913,404,981,304,981
945,913,1086,913,1086,976,945,976
1916,913,2157,913,2157,976,1916,976
785,991,1396,975,1398,1047,787,1062
299,992,399,992,399,1060,299,1060
640,992,761,992,761,1050,640,1050
441,997,540,997,540,1050,441,1050
1034,1065,1144,1065,1144,1128,1034,1128
782,1069,993,1076,991,1140,780,1133
288,1076,420,1076,420,1128,288,1128
2352,1202,2562,1202,2562,1265,2352,1265
1134,1207,1233,1207,1233,1286,1134,1286
2024,1218,2293,1205,2296,1267,2027,1280
1292,1215,1557,1234,1552,1312,1286,1293
262,1223,414,1223,414,1281,262,1281
467,1233,614,1233,614,1296,467,1296
861,1380,1081,1380,1081,1449,861,1449
252,1391,288,1391,288,1438,252,1438
346,1386,729,1386,729,1443,346,1443
756,1386,803,1386,803,1438,756,1438
1123,1386,1286,1386,1286,1454,1123,1454
1338,1386,1601,1386,1601,1454,1338,1454
2420,1443,2535,1443,2535,1512,2420,1512
2084,1449,2257,1449,2257,1517,2084,1517
388,1459,729,1459,729,1533,388,1533
750,1459,1071,1459,1071,1533,750,1533
2147,1517,2598,1517,2598,1601,2147,1601
377,1543,650,1543,650,1606,377,1606
643,1549,796,1541,799,1600,646,1608
1433,1543,1543,1543,1543,1611,1433,1611
1333,1548,1433,1548,1433,1611,1333,1611
181,1758,399,1780,390,1864,173,1841
2157,1790,2226,1790,2226,1858,2157,1858
2268,1790,2451,1790,2451,1863,2268,1863
2457,1790,2614,1790,2614,1863,2457,1863
166,1834,385,1863,374,1948,155,1919
430,1853,645,1853,645,1926,430,1926
1034,1853,1260,1853,1260,1932,1034,1932
698,1858,987,1858,987,1926,698,1926
2331,1874,2614,1874,2614,1947,2331,1947
160,1922,375,1943,365,2036,151,2014
420,1942,640,1942,640,2021,420,2021
2273,1958,2621,1968,2619,2052,2271,2041
2163,1968,2268,1968,2268,2037,2163,2037
152,2037,367,2037,367,2110,152,2110
414,2037,666,2037,666,2115,414,2115
745,2037,918,2037,918,2115,745,2115
2157,2058,2278,2058,2278,2131,2157,2131
2273,2058,2462,2058,2462,2142,2273,2142
2451,2063,2619,2063,2619,2142,2451,2142
147,2126,362,2126,362,2205,147,2205
410,2142,580,2126,587,2203,417,2219
687,2136,798,2136,798,2220,687,2220
861,2136,1034,2136,1034,2210,861,2210
1081,2136,1365,2136,1365,2210,1081,2210
2331,2157,2462,2157,2462,2236,2331,2236
2451,2163,2619,2163,2619,2236,2451,2236
357,2304,582,2304,582,2388,357,2388
666,2304,861,2304,861,2394,666,2394
918,2310,1139,2310,1139,2394,918,2394
147,2315,299,2315,299,2388,147,2388
2273,2341,2457,2341,2457,2420,2273,2420
2453,2349,2618,2342,2622,2424,2457,2432
199,2404,414,2404,414,2488,199,2488
2274,2427,2455,2442,2450,2508,2268,2492
2499,2441,2614,2441,2614,2520,2499,2520
362,2577,582,2577,582,2667,362,2667
152,2588,304,2588,304,2661,152,2661
693,2593,918,2593,918,2667,693,2667
976,2598,1197,2598,1197,2672,976,2672
152,2674,369,2681,367,2757,150,2750
414,2688,582,2688,582,2761,414,2761
2157,2703,2257,2703,2257,2772,2157,2772
2268,2703,2604,2703,2604,2782,2268,2782
158,2857,320,2872,313,2948,151,2933
367,2866,640,2866,640,2945,367,2945
694,2868,968,2885,964,2965,689,2949
158,2935,385,2942,382,3025,155,3018
421,2959,644,2946,649,3028,426,3042
698,2961,966,2961,966,3034,698,3034
1134,2961,1365,2961,1365,3123,1134,3123
162,3034,262,3034,262,3102,162,3102
273,3034,388,3034,388,3108,273,3108
430,3045,645,3045,645,3113,430,3113
704,3041,971,3067,963,3147,697,3121
273,3113,393,3113,393,3197,273,3197
173,3118,278,3118,278,3192,173,3192
435,3129,540,3129,540,3202,435,3202
598,3134,682,3134,682,3202,598,3202
684,3138,854,3154,848,3220,677,3204
1249,3155,1475,3155,1475,3234,1249,3234
247,3289,450,3310,444,3369,241,3348
488,3312,598,3312,598,3386,488,3386
598,3312,687,3312,687,3370,598,3370
708,3312,819,3312,819,3381,708,3381
1092,3323,1249,3323,1249,3396,1092,3396
876,3328,1039,3328,1039,3402,876,3402
1312,3328,1422,3328,1422,3402,1312,3402
1470,3339,1645,3324,1652,3406,1477,3421
1706,3349,1869,3349,1869,3428,1706,3428
1926,3360,2147,3360,2147,3417,1926,3417
400,3370,561,3388,554,3453,393,3435
609,3391,687,3391,687,3449,609,3449
819,3391,1042,3402,1038,3472,816,3461
693,3402,766,3402,766,3454,693,3454
1098,3402,1374,3422,1369,3494,1093,3474
1422,3423,1706,3423,1706,3507,1422,3507
205,3439,411,3445,409,3508,203,3501
463,3455,703,3487,695,3548,455,3516
771,3475,950,3475,950,3549,771,3549
992,3491,1097,3491,1097,3549,992,3549
1370,3491,1651,3505,1647,3575,1367,3560
1155,3501,1317,3501,1317,3570,1155,3570
1701,3512,1811,3512,1811,3580,1701,3580
2091,3512,2325,3535,2317,3611,2084,3589
372,3528,514,3528,514,3591,372,3591
1864,3525,2033,3533,2031,3587,1862,3579
577,3543,698,3543,698,3601,577,3601
720,3550,1099,3567,1096,3634,717,3617
1155,3570,1265,3570,1265,3638,1155,3638
1317,3575,1480,3575,1480,3643,1317,3643
1534,3576,1821,3602,1814,3678,1527,3652
888,3643,1049,3660,1041,3726,881,3708
1317,3654,1475,3654,1475,3732,1317,3732
1102,3659,1270,3659,1270,3727,1102,3727
945,3953,1412,3953,1412,4026,945,4026
1428,4000,1485,4000,1485,4026,1428,4026
