650,406,740,406,740,426,650,426
541,419,632,411,634,435,543,442
596,436,646,436,646,460,596,460
650,436,686,436,686,456,650,456
963,436,1003,436,1003,460,963,460
906,440,946,440,946,460,906,460
870,443,903,443,903,466,870,466
523,446,580,446,580,466,523,466
470,450,506,450,506,473,470,473
740,450,796,450,796,473,740,473
813,450,836,450,836,466,813,466
279,463,446,455,447,481,280,489
646,456,723,456,723,480,646,480
556,466,630,466,630,490,556,490
718,476,906,462,908,490,720,503
523,470,543,470,543,490,523,490
453,480,500,480,500,503,453,503
400,483,443,483,443,503,400,503
650,483,716,483,716,506,650,506
538,492,646,485,648,513,540,519
276,490,313,490,313,510,276,510
330,490,383,490,383,510,330,510
503,496,540,496,540,520,503,520
443,503,500,503,500,523,443,523
416,510,443,510,443,530,416,530
273,513,400,513,400,536,273,536
666,516,703,516,703,536,666,536
482,525,579,520,580,546,483,550
593,523,660,523,660,543,593,543
394,540,483,528,486,552,397,564
780,536,816,536,816,556,780,556
701,542,772,536,774,558,703,564
273,543,343,543,343,563,273,563
502,555,686,544,687,569,503,580
441,563,496,557,498,579,443,585
270,566,360,566,360,590,270,590
360,566,410,566,410,586,360,586
756,586,796,586,796,620,756,620
683,596,743,596,743,626,683,626
536,606,593,606,593,630,536,630
613,606,670,606,670,626,613,626
630,633,700,633,700,656,630,656
573,663,610,663,610,686,573,686
630,663,686,663,686,686,630,686
1023,660,1083,660,1083,690,1023,690
963,663,1026,663,1026,696,963,696
853,673,930,673,930,706,853,706
495,693,592,687,594,714,497,719
298,701,436,692,437,719,300,727
263,703,300,703,300,726,263,726
493,716,666,716,666,746,493,746
443,723,496,723,496,746,443,746
386,726,423,726,423,750,386,750
313,730,353,730,353,753,313,753
260,737,298,730,302,755,264,761
536,753,576,753,576,776,536,776
420,756,516,756,516,780,420,780
263,763,313,763,313,786,263,786
1010,790,1050,790,1050,820,1010,820
1053,793,1090,793,1090,816,1053,816
896,796,993,796,993,823,896,823
570,806,610,806,610,836,570,836
630,809,727,813,726,839,629,834
330,816,386,816,386,843,330,843
260,823,313,823,313,846,260,846
720,860,856,860,856,890,720,890
646,866,703,866,703,893,646,893
383,873,433,873,433,900,383,900
460,873,630,873,630,900,460,900
291,880,366,873,368,898,293,904
1033,890,1073,890,1073,913,1033,913
916,893,973,893,973,916,916,916
306,900,366,900,366,930,306,930
363,900,430,900,430,930,363,930
436,900,496,900,496,930,436,930
496,903,516,903,516,930,496,930
520,906,553,906,553,930,520,930
973,916,1036,916,1036,946,973,946
1053,920,1093,920,1093,943,1053,943
913,920,960,920,960,946,913,946
666,930,723,930,723,953,666,953
360,930,420,930,420,960,360,960
436,930,476,930,476,956,436,956
630,933,646,933,646,953,630,953
306,936,360,936,360,960,306,960
762,958,842,953,844,979,763,984
663,956,743,956,743,983,663,983
475,965,573,960,574,986,476,991
593,963,650,963,650,986,593,986
286,963,366,963,366,990,286,990
380,963,433,963,433,990,380,990
430,966,460,966,460,986,430,986
256,970,273,970,273,993,256,993
1036,980,1076,980,1076,1006,1036,1006
916,986,976,986,976,1010,916,1010
433,990,553,990,553,1020,433,1020
306,996,363,996,363,1023,306,1023
360,993,430,993,430,1023,360,1023
976,1010,1040,1010,1040,1040,976,1040
1043,1013,1096,1013,1096,1040,1043,1040
916,1016,976,1016,976,1040,916,1040
646,1023,666,1023,666,1046,646,1046
686,1023,723,1023,723,1046,686,1046
360,1023,420,1023,420,1053,360,1053
436,1026,473,1026,473,1050,436,1050
303,1026,346,1026,346,1053,303,1053
645,1052,766,1048,767,1073,646,1077
766,1046,836,1046,836,1076,766,1076
550,1050,626,1050,626,1080,550,1080
450,1053,533,1053,533,1080,450,1080
250,1060,266,1060,266,1083,250,1083
286,1060,363,1060,363,1083,286,1083
380,1060,426,1060,426,1083,380,1083
1036,1073,1080,1073,1080,1100,1036,1100
916,1076,980,1076,980,1103,916,1103
423,1083,513,1083,513,1113,423,1113
513,1086,553,1086,553,1110,513,1110
300,1086,426,1086,426,1116,300,1116
940,1110,963,1110,963,1133,940,1133
976,1106,1043,1106,1043,1133,976,1133
1060,1110,1100,1110,1100,1133,1060,1133
663,1110,723,1110,723,1140,663,1140
626,1116,650,1116,650,1140,626,1140
336,1116,400,1116,400,1146,336,1146
396,1126,454,1117,458,1142,400,1152
303,1123,340,1123,340,1146,303,1146
980,1203,1043,1203,1043,1233,980,1233
1063,1206,1100,1206,1100,1230,1063,1230
916,1206,966,1206,966,1233,916,1233
247,1207,328,1212,326,1248,245,1243
1003,1240,1043,1240,1043,1263,1003,1263
1063,1240,1100,1240,1100,1260,1063,1260
493,1240,536,1240,536,1273,493,1273
550,1240,630,1240,630,1270,550,1270
247,1239,329,1247,326,1281,244,1274
380,1243,420,1243,420,1273,380,1273
436,1243,493,1243,493,1273,436,1273
343,1250,380,1250,380,1273,343,1273
980,1266,1046,1266,1046,1296,980,1296
923,1273,980,1273,980,1300,923,1300
250,1272,329,1281,326,1315,247,1306
383,1280,420,1280,420,1306,383,1306
346,1283,383,1283,383,1306,346,1306
980,1296,1046,1296,1046,1326,980,1326
1063,1300,1103,1300,1103,1323,1063,1323
920,1300,966,1300,966,1330,920,1330
460,1310,516,1310,516,1336,460,1336
253,1313,330,1313,330,1336,253,1336
343,1310,433,1310,433,1336,343,1336
1066,1330,1103,1330,1103,1356,1066,1356
1003,1333,1046,1333,1046,1356,1003,1356
346,1343,403,1343,403,1370,346,1370
496,1343,553,1343,553,1370,496,1370
566,1340,670,1340,670,1370,566,1370
253,1346,330,1346,330,1370,253,1370
436,1343,473,1343,473,1373,436,1373
1063,1393,1106,1393,1106,1423,1063,1423
940,1396,966,1396,966,1426,940,1426
980,1396,1046,1396,1046,1423,980,1423
510,1400,590,1400,590,1433,510,1433
323,1403,400,1403,400,1433,323,1433
426,1406,493,1406,493,1433,426,1433
250,1406,303,1406,303,1433,250,1433
980,1426,1050,1426,1050,1456,980,1456
1046,1426,1106,1426,1106,1456,1046,1456
943,1433,980,1433,980,1456,943,1456
300,1433,343,1433,343,1463,300,1463
266,1440,290,1440,290,1463,266,1463
353,1496,396,1496,396,1530,353,1530
243,1500,296,1500,296,1526,243,1526
316,1500,356,1500,356,1530,316,1530
530,1503,603,1503,603,1530,530,1530
430,1506,510,1506,510,1530,430,1530
983,1526,1066,1526,1066,1563,983,1563
1066,1526,1110,1526,1110,1560,1066,1560
916,1530,966,1530,966,1560,916,1560
240,1533,410,1533,410,1566,240,1566
240,1600,293,1600,293,1626,240,1626
306,1596,403,1596,403,1623,306,1623
420,1597,515,1604,512,1632,418,1625
230,1630,270,1630,270,1656,230,1656
270,1633,310,1633,310,1656,270,1656
323,1630,400,1630,400,1660,323,1660
420,1633,513,1633,513,1660,420,1660
576,1633,596,1633,596,1656,576,1656
613,1630,653,1630,653,1660,613,1660
263,1660,306,1660,306,1690,263,1690
226,1663,263,1663,263,1690,226,1690
320,1664,397,1669,396,1694,319,1689
413,1660,512,1668,509,1702,411,1694
220,1693,260,1693,260,1723,220,1723
260,1696,303,1696,303,1723,260,1723
313,1696,356,1696,356,1726,313,1726
376,1700,406,1700,406,1726,376,1726
403,1700,466,1700,466,1733,403,1733
650,1700,693,1700,693,1730,650,1730
240,1761,318,1770,315,1797,237,1788
406,1763,450,1763,450,1793,406,1793
326,1766,370,1766,370,1796,326,1796
370,1770,403,1770,403,1793,370,1793
550,1766,610,1766,610,1796,550,1796
470,1770,533,1770,533,1803,470,1803
856,1770,946,1770,946,1803,856,1803
630,1773,673,1773,673,1800,630,1800
690,1773,756,1773,756,1806,690,1806
776,1773,840,1773,840,1810,776,1810
290,1796,353,1796,353,1826,290,1826
373,1801,431,1806,429,1831,371,1826
446,1800,533,1800,533,1830,446,1830
550,1801,655,1810,652,1841,547,1832
670,1805,761,1812,759,1845,668,1838
213,1830,293,1830,293,1860,213,1860
313,1835,414,1841,412,1869,311,1864
426,1836,496,1836,496,1866,426,1866
513,1843,553,1843,553,1866,513,1866
570,1843,633,1843,633,1873,570,1873
650,1843,760,1843,760,1873,650,1873
776,1843,820,1843,820,1873,776,1873
923,1843,1012,1850,1009,1881,921,1874
840,1853,903,1853,903,1873,840,1873
270,1863,330,1863,330,1896,270,1896
353,1870,400,1870,400,1896,353,1896
403,1873,530,1873,530,1900,403,1900
570,1873,613,1873,613,1900,570,1900
533,1880,553,1880,553,1900,533,1900
633,1880,696,1880,696,1903,633,1903
713,1876,773,1876,773,1903,713,1903
776,1880,820,1880,820,1910,776,1910
470,1903,533,1903,533,1936,470,1936
630,1906,693,1906,693,1940,630,1940
550,1910,613,1910,613,1940,550,1940
489,2038,946,2034,946,2069,490,2074
