700,556,796,556,796,580,700,580
581,563,679,555,681,581,583,589
636,583,696,583,696,613,636,613
700,586,740,586,740,613,700,613
503,593,543,593,543,616,503,616
563,593,620,593,620,616,563,616
1036,593,1083,593,1083,626,1036,626
295,610,476,597,478,623,297,636
938,602,1019,597,1020,626,940,630
796,603,860,603,860,633,796,633
880,606,916,606,916,630,880,630
700,613,780,613,780,636,700,636
600,616,680,616,680,643,600,643
560,623,583,623,583,646,560,646
483,626,536,626,536,650,483,650
426,630,473,630,473,653,426,653
772,634,979,625,980,658,773,666
293,633,333,633,333,660,293,660
350,636,410,636,410,660,350,660
716,643,773,643,773,666,716,666
578,646,699,639,701,671,580,679
540,650,583,650,583,676,540,676
473,656,536,656,536,676,473,676
443,660,473,660,473,683,443,683
290,666,333,666,333,690,290,690
333,666,350,666,350,690,333,690
350,666,426,666,426,690,350,690
720,680,760,680,760,700,720,700
480,683,520,683,520,710,480,710
640,683,703,683,703,706,640,706
523,686,623,686,623,710,523,710
424,693,476,688,478,712,427,718
290,696,366,696,366,720,290,720
760,706,833,706,833,730,760,730
840,706,880,706,880,726,840,726
542,719,739,707,741,734,543,745
480,720,526,720,526,740,480,740
289,726,383,722,384,747,290,751
386,723,440,723,440,750,386,750
813,760,860,760,860,793,813,793
736,766,800,766,800,796,736,796
576,773,640,773,640,803,576,803
656,773,720,773,720,800,656,800
663,810,743,810,743,833,663,833
1038,853,1169,847,1171,879,1040,886
920,856,1003,856,1003,893,920,893
282,874,469,868,470,901,283,907
536,870,596,870,596,900,536,900
596,870,636,870,636,900,596,900
532,902,719,897,720,929,533,934
416,903,470,903,470,933,416,933
476,903,536,903,536,933,476,933
340,906,383,906,383,936,340,936
283,910,323,910,323,940,283,940
576,936,620,936,620,966,576,966
480,943,563,943,563,970,480,970
286,946,336,946,336,973,286,973
1086,986,1173,986,1173,1016,1086,1016
962,993,1069,989,1070,1019,963,1023
616,1000,660,1000,660,1030,616,1030
680,1002,784,1006,783,1034,679,1029
357,1013,418,1003,423,1032,362,1042
286,1013,343,1013,343,1036,286,1036
825,1063,926,1059,927,1090,827,1094
596,1066,703,1066,703,1096,596,1096
723,1070,803,1070,803,1093,723,1093
436,1070,470,1070,470,1100,436,1100
476,1073,523,1073,523,1096,476,1096
536,1070,580,1070,580,1096,536,1096
320,1073,380,1073,380,1100,320,1100
403,1076,420,1076,420,1096,403,1096
1110,1090,1156,1090,1156,1120,1110,1120
983,1093,1050,1093,1050,1123,983,1123
556,1100,600,1100,600,1130,556,1130
336,1103,470,1103,470,1133,336,1133
473,1103,556,1103,556,1133,473,1133
985,1129,1048,1124,1051,1152,987,1157
1050,1123,1116,1123,1116,1153,1050,1153
1133,1123,1176,1123,1176,1153,1133,1153
700,1133,723,1133,723,1160,700,1160
740,1130,783,1130,783,1160,740,1160
340,1140,383,1140,383,1166,340,1166
396,1136,460,1136,460,1166,396,1166
476,1136,520,1136,520,1163,476,1163
1050,1226,1120,1226,1120,1256,1050,1256
1136,1226,1180,1226,1180,1253,1136,1253
990,1233,1053,1233,1053,1260,990,1260
281,1229,366,1238,362,1275,277,1266
1073,1260,1120,1260,1120,1290,1073,1290
1140,1263,1180,1263,1180,1290,1140,1290
540,1263,580,1263,580,1296,540,1296
596,1263,683,1263,683,1296,596,1296
281,1265,366,1275,362,1308,277,1299
416,1270,460,1270,460,1300,416,1300
476,1270,536,1270,536,1300,476,1300
380,1276,420,1276,420,1300,380,1300
1053,1293,1120,1293,1120,1326,1053,1326
993,1300,1053,1300,1053,1326,993,1326
1140,1300,1180,1300,1180,1323,1140,1323
281,1299,366,1308,362,1342,277,1332
380,1306,460,1306,460,1333,380,1333
1053,1330,1120,1330,1120,1360,1053,1360
1140,1333,1180,1333,1180,1360,1140,1360
990,1336,1036,1336,1036,1363,990,1363
496,1336,560,1336,560,1366,496,1366
283,1340,363,1340,363,1366,283,1366
380,1340,473,1340,473,1366,380,1366
1076,1366,1120,1366,1120,1393,1076,1393
1143,1370,1183,1370,1183,1393,1143,1393
620,1370,723,1370,723,1400,620,1400
283,1373,363,1373,363,1403,283,1403
383,1376,443,1376,443,1403,383,1403
480,1373,516,1373,516,1406,480,1406
540,1373,603,1373,603,1400,540,1400
460,1436,543,1436,543,1466,460,1466
560,1433,643,1433,643,1466,560,1466
1053,1433,1123,1433,1123,1463,1053,1463
1143,1436,1186,1436,1186,1463,1143,1463
283,1436,343,1436,343,1466,283,1466
363,1436,443,1436,443,1466,363,1466
1016,1440,1053,1440,1053,1463,1016,1463
1013,1466,1123,1466,1123,1500,1013,1500
1143,1466,1186,1466,1186,1496,1143,1496
303,1470,330,1470,330,1500,303,1500
343,1470,386,1470,386,1500,343,1500
400,1533,443,1533,443,1566,400,1566
283,1536,343,1536,343,1566,283,1566
360,1536,403,1536,403,1566,360,1566
476,1540,563,1540,563,1570,476,1570
580,1540,663,1540,663,1570,580,1570
283,1569,460,1574,459,1609,282,1604
990,1573,1053,1573,1053,1606,990,1606
1056,1573,1126,1573,1126,1606,1056,1606
1126,1573,1190,1573,1190,1610,1126,1610
280,1640,340,1640,340,1670,280,1670
356,1640,460,1640,460,1673,356,1673
476,1642,574,1647,573,1678,474,1673
276,1673,316,1673,316,1703,276,1703
316,1673,363,1673,363,1703,316,1703
373,1676,456,1676,456,1706,373,1706
473,1676,570,1676,570,1706,473,1706
633,1680,656,1680,656,1706,633,1706
673,1676,716,1676,716,1706,673,1706
273,1706,313,1706,313,1736,273,1736
313,1706,360,1706,360,1740,313,1740
376,1713,453,1713,453,1740,376,1740
470,1707,569,1717,565,1750,467,1739
313,1740,356,1740,356,1773,313,1773
273,1743,313,1743,313,1773,273,1773
370,1750,410,1750,410,1773,370,1773
426,1746,460,1746,460,1773,426,1773
456,1750,523,1750,523,1783,456,1783
710,1750,753,1750,753,1780,710,1780
286,1813,363,1813,363,1843,286,1843
376,1816,416,1816,416,1850,376,1850
416,1816,450,1816,450,1846,416,1846
456,1816,500,1816,500,1846,456,1846
603,1820,666,1820,666,1853,603,1853
520,1823,583,1823,583,1856,520,1856
690,1830,733,1830,733,1856,690,1856
750,1826,820,1826,820,1863,750,1863
926,1826,1016,1826,1016,1863,926,1863
840,1830,903,1830,903,1866,840,1866
333,1846,396,1846,396,1880,333,1880
417,1854,481,1860,479,1884,415,1879
496,1853,583,1853,583,1886,496,1886
603,1859,711,1863,709,1897,601,1892
726,1866,820,1866,820,1900,726,1900
253,1880,336,1880,336,1913,253,1913
353,1885,448,1892,446,1924,350,1916
473,1890,543,1890,543,1923,473,1923
563,1900,603,1900,603,1923,563,1923
623,1900,690,1900,690,1933,623,1933
706,1900,820,1900,820,1930,706,1930
840,1903,886,1903,886,1933,840,1933
993,1903,1085,1910,1082,1944,990,1937
906,1913,973,1913,973,1936,906,1936
310,1920,373,1920,373,1953,310,1953
396,1926,446,1926,446,1953,396,1953
450,1924,604,1930,603,1962,449,1956
623,1933,666,1933,666,1960,623,1960
686,1936,753,1936,753,1966,686,1966
773,1936,836,1936,836,1966,773,1966
840,1940,886,1940,886,1973,840,1973
516,1966,583,1966,583,2000,516,2000
686,1970,750,1970,750,2003,686,2003
603,1973,670,1973,670,2003,603,2003
570,2092,1013,2101,1013,2128,569,2119
