547,463,647,469,646,495,545,489
666,471,764,477,763,500,665,495
249,495,439,491,440,516,250,520
463,490,506,490,506,516,463,516
526,496,586,496,586,520,526,520
606,496,663,496,663,520,606,520
670,503,706,503,706,526,670,526
386,520,436,520,436,546,386,546
246,523,286,523,286,543,246,543
303,523,366,523,366,543,303,543
450,523,503,523,503,550,450,550
530,523,550,523,550,546,530,546
570,520,648,529,646,554,567,546
666,526,747,531,746,554,665,549
766,530,826,530,826,553,766,553
843,533,870,533,870,553,843,553
903,533,926,533,926,556,903,556
940,533,980,533,980,560,940,560
998,530,1043,538,1038,565,993,558
240,546,286,546,286,576,240,576
283,546,386,546,386,576,283,576
406,550,436,550,436,576,406,576
506,546,666,546,666,576,506,576
436,550,503,550,503,576,436,576
670,556,743,556,743,580,670,580
743,552,943,556,943,586,742,582
243,583,326,583,326,606,243,606
386,583,440,583,440,606,386,606
446,583,470,583,470,606,446,606
470,583,486,583,486,606,470,606
489,585,592,581,593,606,490,610
610,586,676,586,676,606,610,606
690,590,730,590,730,610,690,610
240,610,343,610,343,640,240,640
346,616,403,616,403,640,346,640
510,613,710,617,709,643,509,639
440,620,490,620,490,640,440,640
730,620,803,620,803,643,730,643
811,617,852,624,849,645,807,639
546,673,610,673,610,703,546,703
786,673,830,673,830,706,786,706
626,676,693,676,693,706,626,706
706,676,770,676,770,706,706,706
650,713,713,713,713,740,650,740
283,773,346,773,346,806,283,806
343,773,440,773,440,803,343,803
506,773,610,773,610,803,506,803
886,773,970,773,970,810,886,810
243,776,286,776,286,806,243,806
1003,776,1123,776,1123,806,1003,806
446,806,506,806,506,836,446,836
506,806,693,806,693,836,506,836
246,810,290,810,290,840,246,840
303,810,350,810,350,840,303,840
386,813,440,813,440,836,386,836
530,843,570,843,570,873,530,873
246,846,303,846,303,873,246,873
440,850,513,850,513,876,440,876
1090,903,1130,903,1130,933,1090,933
590,906,633,906,633,936,590,936
650,905,755,913,752,944,647,936
930,906,1033,906,1033,936,930,936
1050,910,1090,910,1090,936,1050,936
246,913,310,913,310,940,246,940
326,913,390,913,390,943,326,943
693,973,793,973,793,1003,693,1003
386,976,443,976,443,1006,386,1006
490,976,596,976,596,1006,490,1006
610,976,676,976,676,1003,610,1003
250,983,266,983,266,1006,250,1006
286,980,373,980,373,1006,286,1006
446,980,473,980,473,1006,446,1006
1070,1003,1113,1003,1113,1033,1070,1033
950,1006,1013,1006,1013,1036,950,1036
306,1010,430,1010,430,1040,306,1040
450,1010,510,1010,510,1040,450,1040
510,1010,573,1010,573,1040,510,1040
1013,1036,1076,1036,1076,1066,1013,1066
1090,1036,1133,1036,1133,1066,1090,1066
950,1040,1000,1040,1000,1066,950,1066
310,1046,366,1046,366,1073,310,1073
370,1043,433,1043,433,1073,370,1073
453,1046,493,1046,493,1070,453,1070
1016,1136,1080,1136,1080,1166,1016,1166
1096,1136,1136,1136,1136,1163,1096,1163
247,1135,336,1145,332,1182,243,1172
956,1143,1003,1143,1003,1170,956,1170
1040,1173,1080,1173,1080,1196,1040,1196
1100,1173,1136,1173,1136,1196,1100,1196
513,1173,556,1173,556,1206,513,1206
573,1173,660,1173,660,1203,573,1203
247,1172,332,1181,329,1215,243,1206
350,1176,390,1176,390,1206,350,1206
390,1176,433,1176,433,1206,390,1206
450,1176,513,1176,513,1206,450,1206
1016,1200,1083,1200,1083,1230,1016,1230
960,1206,1016,1206,1016,1233,960,1233
1103,1206,1140,1206,1140,1230,1103,1230
247,1202,333,1211,329,1248,243,1239
353,1213,433,1213,433,1240,353,1240
956,1236,1006,1236,1006,1266,956,1266
1020,1236,1083,1236,1083,1263,1020,1263
1100,1236,1140,1236,1140,1263,1100,1263
470,1243,536,1243,536,1273,470,1273
250,1250,330,1250,330,1276,250,1276
350,1250,456,1250,456,1273,350,1273
1040,1270,1086,1270,1086,1296,1040,1296
1106,1273,1143,1273,1143,1296,1106,1296
516,1280,580,1280,580,1306,516,1306
596,1276,700,1276,700,1306,596,1306
246,1280,330,1280,330,1310,246,1310
350,1283,413,1283,413,1310,350,1310
450,1280,493,1280,493,1313,450,1313
1023,1333,1086,1333,1086,1363,1023,1363
1106,1336,1146,1336,1146,1363,1106,1363
536,1340,620,1340,620,1373,536,1373
243,1346,306,1346,306,1376,243,1376
326,1346,413,1346,413,1376,326,1376
443,1346,516,1346,516,1373,443,1373
1103,1366,1146,1366,1146,1396,1103,1396
1023,1370,1086,1370,1086,1396,1023,1396
263,1380,293,1380,293,1413,263,1413
306,1380,350,1380,350,1410,306,1410
330,1446,413,1446,413,1480,330,1480
450,1446,540,1446,540,1476,450,1476
560,1450,643,1450,643,1473,560,1473
246,1450,306,1450,306,1480,246,1480
1110,1466,1153,1466,1153,1496,1110,1496
966,1473,1026,1473,1026,1500,966,1500
1030,1470,1093,1470,1093,1500,1030,1500
350,1486,413,1486,413,1513,350,1513
250,1490,333,1490,333,1513,250,1513
453,1548,557,1554,556,1585,451,1579
330,1553,436,1553,436,1583,330,1583
250,1560,313,1560,313,1583,250,1583
663,1580,703,1580,703,1610,663,1610
456,1586,556,1586,556,1613,456,1613
246,1586,290,1586,290,1616,246,1616
293,1590,336,1590,336,1616,293,1616
350,1586,436,1586,436,1620,350,1620
290,1620,336,1620,336,1650,290,1650
454,1615,558,1623,555,1656,451,1647
246,1623,286,1623,286,1653,246,1653
353,1626,436,1626,436,1650,353,1650
703,1650,746,1650,746,1680,703,1680
410,1653,446,1653,446,1683,410,1683
666,1656,686,1656,686,1680,666,1680
290,1656,336,1656,336,1686,290,1686
350,1656,393,1656,393,1686,350,1686
443,1656,500,1656,500,1690,443,1690
250,1663,290,1663,290,1686,250,1686
913,1716,1003,1716,1003,1746,913,1746
600,1720,663,1720,663,1753,600,1753
746,1720,813,1720,813,1753,746,1753
833,1720,893,1720,893,1753,833,1753
450,1723,493,1723,493,1753,450,1753
686,1726,730,1726,730,1750,686,1750
410,1726,443,1726,443,1756,410,1756
513,1726,580,1726,580,1756,513,1756
273,1733,353,1733,353,1756,273,1756
366,1730,410,1730,410,1763,366,1763
491,1760,579,1753,581,1786,494,1792
723,1756,813,1756,813,1790,723,1790
326,1760,393,1760,393,1793,326,1793
413,1763,446,1763,446,1790,413,1790
600,1760,710,1760,710,1790,600,1790
446,1766,476,1766,476,1790,446,1790
980,1784,1071,1789,1069,1821,978,1816
702,1793,816,1788,817,1821,703,1825
833,1790,876,1790,876,1820,833,1820
473,1793,543,1793,543,1826,473,1826
900,1796,963,1796,963,1816,900,1816
243,1796,330,1796,330,1830,243,1830
623,1796,686,1796,686,1826,623,1826
350,1803,456,1803,456,1830,350,1830
563,1803,603,1803,603,1823,563,1823
770,1826,833,1826,833,1856,770,1856
833,1826,880,1826,880,1860,833,1860
445,1831,603,1826,604,1859,446,1864
620,1830,666,1830,666,1860,620,1860
683,1830,750,1830,750,1860,683,1860
306,1833,370,1833,370,1870,306,1870
393,1836,443,1836,443,1863,393,1863
683,1866,746,1866,746,1900,683,1900
513,1870,580,1870,580,1900,513,1900
600,1870,666,1870,666,1903,600,1903
559,2010,1006,2006,1006,2045,560,2049
