1176,152,1428,152,1428,210,1176,210
1481,149,1736,169,1731,233,1476,213
420,225,892,225,892,283,420,283
1328,225,1475,225,1475,294,1328,294
966,231,1071,231,1071,294,966,294
1119,227,1273,237,1269,293,1115,284
1475,231,1585,231,1585,304,1475,304
404,294,509,294,509,357,404,357
556,297,705,304,703,358,554,351
761,304,882,304,882,357,761,357
908,304,1018,304,1018,367,908,367
1113,304,1176,304,1176,362,1113,362
1476,299,1677,310,1674,374,1472,363
1218,300,1431,314,1426,385,1214,371
1732,309,1895,309,1895,378,1732,378
1942,315,2037,315,2037,383,1942,383
2090,320,2296,327,2293,400,2087,392
2352,336,2467,336,2467,409,2352,409
394,366,793,376,792,437,392,427
1065,377,1476,383,1475,456,1064,450
798,383,882,383,882,435,798,435
903,383,1044,383,1044,435,903,435
1475,388,1659,388,1659,446,1475,446
1675,380,2201,396,2199,470,1673,454
388,451,588,451,588,519,388,519
745,451,882,451,882,519,745,519
872,448,1299,476,1295,539,868,511
1312,477,1501,477,1501,530,1312,530
1522,477,1622,477,1622,530,1522,530
388,530,777,530,777,598,388,598
1055,543,1575,552,1574,613,1054,604
845,556,876,556,876,593,845,593
876,551,1008,551,1008,598,876,598
1617,561,1816,561,1816,614,1617,614
1837,567,1937,567,1937,614,1837,614
1144,708,1302,708,1302,777,1144,777
1564,708,1722,708,1722,782,1564,782
1774,708,1879,708,1879,787,1774,787
1354,714,1517,714,1517,782,1354,782
1359,798,1611,798,1611,861,1359,861
362,937,856,944,855,1024,361,1016
1034,960,1176,960,1176,1029,1034,1029
1186,960,1291,960,1291,1034,1186,1034
2026,981,2273,981,2273,1076,2026,1076
2342,986,2649,1002,2645,1078,2338,1062
367,1029,467,1029,467,1102,367,1102
514,1039,619,1039,619,1102,514,1102
719,1039,855,1039,855,1113,719,1113
877,1038,1502,1051,1501,1129,875,1116
362,1123,498,1123,498,1186,362,1186
857,1128,1102,1151,1094,1228,850,1204
1134,1144,1244,1144,1244,1212,1134,1212
357,1289,511,1297,508,1361,354,1353
556,1303,716,1287,725,1368,565,1385
1233,1312,1338,1312,1338,1380,1233,1380
1391,1319,1652,1339,1646,1417,1385,1397
2115,1338,2388,1338,2388,1412,2115,1412
2436,1344,2640,1344,2640,1422,2436,1422
367,1470,404,1470,404,1527,367,1527
467,1467,725,1474,724,1544,465,1537
771,1480,850,1480,850,1543,771,1543
855,1485,1076,1485,1076,1554,855,1554
1128,1491,1328,1491,1328,1559,1128,1559
1380,1496,1538,1496,1538,1564,1380,1564
1586,1493,1855,1501,1852,1578,1583,1569
509,1548,852,1560,849,1635,507,1623
866,1561,1172,1571,1170,1646,864,1635
2152,1606,2357,1606,2357,1674,2152,1674
2467,1611,2577,1611,2577,1685,2467,1685
519,1632,609,1632,609,1695,519,1695
614,1638,777,1638,777,1711,614,1711
771,1648,913,1648,913,1711,771,1711
1428,1669,1632,1669,1632,1743,1428,1743
2205,1690,2304,1690,2304,1753,2205,1753
2310,1687,2627,1697,2624,1779,2307,1768
380,1863,586,1886,576,1973,371,1951
2199,1953,2289,1953,2289,2016,2199,2016
2299,1953,2467,1953,2467,2026,2299,2026
376,1945,589,1974,578,2058,365,2029
2462,1958,2609,1958,2609,2031,2462,2031
624,1968,813,1968,813,2052,624,2052
860,1984,1123,1984,1123,2057,860,2057
1165,1989,1370,1989,1370,2068,1165,2068
372,2024,586,2052,574,2141,360,2113
2346,2037,2462,2037,2462,2110,2346,2110
2467,2042,2609,2042,2609,2115,2467,2115
619,2061,810,2068,808,2127,617,2120
2189,2121,2273,2121,2273,2184,2189,2184
2289,2126,2462,2126,2462,2194,2289,2194
2457,2131,2609,2131,2609,2199,2457,2199
367,2136,572,2136,572,2205,367,2205
619,2139,873,2146,871,2217,617,2209
913,2152,1065,2152,1065,2226,913,2226
2184,2205,2278,2205,2278,2268,2184,2268
2283,2210,2451,2210,2451,2283,2283,2283
367,2215,572,2215,572,2289,367,2289
2446,2215,2604,2215,2604,2289,2446,2289
619,2226,766,2226,766,2289,619,2289
861,2236,960,2236,960,2315,861,2315
1013,2241,1160,2241,1160,2304,1013,2304
1212,2252,1464,2252,1464,2320,1212,2320
2331,2299,2451,2299,2451,2367,2331,2367
2451,2304,2598,2304,2598,2373,2451,2373
572,2373,777,2373,777,2451,572,2451
372,2378,519,2378,519,2446,372,2446
1060,2388,1265,2388,1265,2472,1060,2472
840,2394,1008,2394,1008,2462,840,2462
420,2462,619,2462,619,2525,420,2525
2274,2457,2596,2473,2592,2553,2269,2537
2274,2539,2592,2563,2586,2646,2268,2622
582,2604,771,2604,771,2682,582,2682
383,2609,525,2609,525,2667,383,2667
845,2628,1057,2635,1055,2694,843,2687
1104,2642,1301,2661,1295,2721,1098,2702
383,2679,579,2686,577,2752,381,2745
624,2698,771,2698,771,2756,624,2756
2158,2785,2582,2825,2575,2906,2151,2866
383,2845,530,2845,530,2913,383,2913
572,2850,819,2850,819,2919,572,2919
863,2852,1101,2875,1095,2941,856,2917
472,2919,577,2919,577,2997,472,2997
372,2924,472,2924,472,2992,372,2992
614,2934,819,2934,819,3008,614,3008
861,2934,1092,2934,1092,3003,861,3003
1307,2966,1433,2966,1433,3034,1307,3034
467,2997,572,2997,572,3076,467,3076
367,3008,462,3008,462,3076,367,3076
614,3010,810,3017,807,3083,612,3076
858,3008,1102,3035,1094,3111,850,3085
456,3081,567,3081,567,3160,456,3160
357,3092,456,3092,456,3160,357,3160
609,3097,708,3097,708,3165,609,3165
756,3102,834,3102,834,3165,756,3165
835,3109,989,3118,985,3185,831,3176
1342,3115,1441,3133,1431,3191,1331,3173
1438,3134,1527,3134,1527,3186,1438,3186
1197,3265,1333,3265,1333,3339,1197,3339
404,3270,598,3270,598,3328,404,3328
745,3270,824,3270,824,3333,745,3333
845,3270,939,3270,939,3339,845,3339
640,3276,740,3276,740,3349,640,3349
997,3276,1149,3276,1149,3349,997,3349
1386,3281,1480,3281,1480,3339,1386,3339
1533,3291,1685,3291,1685,3365,1533,3365
1733,3302,1875,3320,1866,3385,1725,3366
1923,3318,2125,3332,2120,3399,1918,3385
540,3349,698,3349,698,3417,540,3417
740,3349,819,3349,819,3412,740,3412
939,3349,1144,3349,1144,3417,939,3417
1191,3353,1434,3360,1432,3424,1190,3417
819,3360,892,3360,892,3412,819,3412
1480,3364,1728,3370,1726,3441,1478,3434
887,3433,1055,3433,1055,3507,887,3507
1434,3426,1683,3444,1678,3513,1429,3495
330,3438,540,3438,540,3507,330,3507
1239,3438,1386,3438,1386,3512,1239,3512
588,3439,821,3450,817,3523,584,3511
1092,3444,1186,3444,1186,3496,1092,3496
1727,3449,1821,3449,1821,3512,1727,3512
813,3459,845,3459,845,3501,813,3501
1865,3462,2017,3487,2009,3536,1857,3511
2066,3479,2270,3515,2259,3576,2055,3540
813,3517,1191,3517,1191,3591,813,3591
1233,3517,1338,3517,1338,3585,1233,3585
1380,3517,1527,3517,1527,3585,1380,3585
1575,3522,1716,3522,1716,3591,1575,3591
1722,3522,1821,3522,1821,3601,1722,3601
477,3528,630,3528,630,3606,477,3606
682,3528,813,3528,813,3596,682,3596
1380,3601,1522,3601,1522,3680,1380,3680
981,3612,1134,3612,1134,3690,981,3690
1181,3617,1338,3617,1338,3690,1181,3690
1464,3968,2094,3968,2094,4026,1464,4026
1270,4000,1454,4000,1454,4026,1270,4026
1134,4005,1191,4005,1191,4026,1134,4026
1202,4005,1254,4005,1254,4026,1202,4026
