650,429,740,433,739,457,649,453
535,435,629,430,631,455,536,460
596,460,646,460,646,483,596,483
653,463,686,463,686,486,653,486
966,463,1006,463,1006,486,966,486
460,463,500,463,500,490,460,490
520,466,576,466,576,486,520,486
258,480,436,467,438,493,260,505
913,470,950,470,950,493,913,493
876,476,910,476,910,500,876,500
820,480,856,480,856,503,820,503
746,483,803,483,803,506,746,506
653,486,730,486,730,510,653,510
560,488,637,492,636,517,558,513
523,493,543,493,543,516,523,516
446,496,500,496,500,523,446,523
390,500,430,500,430,523,390,523
313,503,373,503,373,526,313,526
724,509,912,496,915,529,727,542
256,506,296,506,296,530,256,530
538,516,653,511,654,542,540,547
673,516,726,516,726,540,673,540
503,516,543,516,543,546,503,546
436,526,500,526,500,550,436,550
406,526,440,526,440,553,406,553
299,534,393,530,394,556,300,560
256,533,300,533,300,560,256,560
676,550,713,550,713,570,676,570
488,555,586,550,587,576,490,581
603,553,670,553,670,573,603,573
450,556,490,556,490,580,450,580
393,560,443,560,443,583,393,583
254,565,336,558,339,589,257,596
793,573,830,573,830,593,793,593
512,584,696,574,697,603,513,612
716,580,786,580,786,600,716,600
446,593,493,593,493,613,446,613
258,596,356,592,357,623,260,627
360,596,410,596,410,620,360,620
770,623,813,623,813,653,770,653
700,633,756,633,756,656,700,656
626,640,683,640,683,663,626,663
546,640,606,640,606,670,546,670
646,666,716,666,716,690,646,690
984,699,1099,684,1102,712,988,727
876,706,953,706,953,733,876,733
515,733,612,727,614,754,517,760
385,741,452,737,454,763,386,767
311,746,386,740,388,766,313,772
270,750,312,744,316,769,274,775
514,758,689,747,691,778,516,789
400,763,443,763,443,793,400,793
460,763,516,763,516,790,460,790
330,773,370,773,370,796,330,796
273,776,313,776,313,800,273,800
560,790,600,790,600,813,560,813
456,796,540,796,540,820,456,820
273,806,326,806,326,830,273,830
1038,811,1116,806,1117,832,1040,837
921,820,1022,811,1024,839,924,847
596,840,636,840,636,870,596,870
656,843,753,843,753,870,656,870
348,864,407,853,412,880,354,892
273,863,333,863,333,886,273,886
794,893,892,885,894,909,797,918
698,902,776,895,778,921,700,928
1070,900,1106,900,1106,923,1070,923
621,907,682,901,685,927,623,933
566,910,606,910,606,933,566,933
950,910,1010,910,1010,933,950,933
486,910,546,910,546,936,486,936
311,920,393,913,395,944,313,951
413,920,460,920,460,943,413,943
276,926,293,926,293,950,276,950
1090,930,1130,930,1130,956,1090,956
1013,930,1076,930,1076,960,1013,960
464,943,586,933,588,966,467,976
976,940,996,940,996,963,976,963
331,948,462,940,464,972,333,980
434,979,492,975,494,999,436,1004
373,976,436,976,436,1006,373,1006
863,980,903,980,903,1003,863,1003
340,983,360,983,360,1006,340,1006
800,980,843,980,843,1006,800,1006
740,983,803,983,803,1013,740,1013
683,986,726,986,726,1016,683,1016
610,996,666,996,666,1020,610,1020
1076,996,1116,996,1116,1020,1076,1020
491,1006,589,998,591,1024,493,1032
956,996,1020,996,1020,1026,956,1026
396,1013,416,1013,416,1036,396,1036
436,1013,463,1013,463,1033,436,1033
316,1013,380,1013,380,1043,316,1043
283,1020,303,1020,303,1046,283,1046
1096,1023,1136,1023,1136,1050,1096,1050
334,1043,592,1023,595,1056,337,1076
1020,1026,1083,1026,1083,1056,1020,1056
983,1033,1003,1033,1003,1056,983,1056
708,1052,769,1046,771,1072,710,1078
670,1056,710,1056,710,1080,670,1080
456,1070,496,1070,496,1093,456,1093
377,1073,439,1068,442,1099,380,1105
748,1075,889,1067,891,1097,750,1105
343,1080,380,1080,380,1106,343,1106
670,1080,730,1080,730,1110,670,1110
593,1086,656,1086,656,1116,593,1116
1086,1090,1123,1090,1123,1116,1086,1116
533,1093,576,1093,576,1120,533,1120
965,1100,1026,1095,1028,1121,967,1126
476,1100,516,1100,516,1126,476,1126
321,1110,425,1101,428,1132,324,1141
440,1106,470,1106,470,1130,440,1130
286,1113,306,1113,306,1140,286,1140
1024,1123,1089,1118,1091,1149,1027,1154
1106,1123,1146,1123,1146,1146,1106,1146
341,1138,599,1118,601,1151,343,1170
699,1150,774,1138,779,1166,703,1178
676,1150,700,1150,700,1176,676,1176
460,1166,503,1166,503,1190,460,1190
345,1172,462,1167,464,1196,347,1201
1031,1220,1096,1215,1098,1246,1034,1251
973,1223,1020,1223,1020,1253,973,1253
1117,1254,1155,1247,1159,1269,1120,1275
290,1266,373,1266,373,1300,290,1300
603,1276,686,1276,686,1310,603,1310
546,1283,590,1283,590,1313,546,1313
1040,1283,1103,1283,1103,1313,1040,1313
487,1293,545,1288,548,1315,490,1321
983,1293,1040,1293,1040,1320,983,1320
426,1293,470,1293,470,1323,426,1323
390,1300,430,1300,430,1326,390,1326
290,1297,374,1302,372,1334,288,1329
1046,1320,1106,1320,1106,1343,1046,1343
983,1320,1026,1320,1026,1350,983,1350
433,1330,473,1330,473,1356,433,1356
390,1330,430,1330,430,1356,390,1356
293,1331,374,1335,373,1367,291,1363
553,1353,573,1353,573,1380,553,1380
513,1356,553,1356,553,1380,513,1380
387,1360,482,1352,485,1383,390,1391
293,1366,373,1366,373,1396,293,1396
628,1377,732,1372,734,1402,630,1407
556,1386,616,1386,616,1410,556,1410
490,1386,530,1386,530,1420,490,1420
390,1393,452,1388,455,1419,393,1425
291,1399,376,1394,378,1426,293,1431
1136,1413,1173,1413,1173,1436,1136,1436
1053,1413,1120,1413,1120,1443,1053,1443
1016,1423,1036,1423,1036,1446,1016,1446
574,1444,656,1438,658,1473,576,1479
1056,1443,1120,1443,1120,1476,1056,1476
1140,1446,1176,1446,1176,1470,1140,1470
513,1450,556,1450,556,1480,513,1480
1016,1453,1056,1453,1056,1480,1016,1480
473,1456,516,1456,516,1483,473,1483
413,1456,456,1456,456,1486,413,1486
373,1460,413,1460,413,1490,373,1490
291,1467,355,1461,358,1493,294,1498
353,1493,396,1493,396,1523,353,1523
316,1500,356,1500,356,1526,316,1526
1146,1543,1186,1543,1186,1573,1146,1573
601,1553,682,1546,684,1572,604,1579
1063,1546,1130,1546,1130,1580,1063,1580
495,1553,582,1548,584,1580,497,1585
376,1553,460,1553,460,1590,376,1590
1003,1553,1046,1553,1046,1583,1003,1583
296,1563,356,1563,356,1593,296,1593
400,1596,463,1596,463,1623,400,1623
300,1603,383,1603,383,1630,300,1630
503,1653,603,1653,603,1686,503,1686
378,1663,485,1654,488,1687,380,1696
300,1666,366,1666,366,1696,300,1696
710,1681,751,1674,755,1699,714,1705
504,1691,592,1684,595,1714,507,1721
400,1698,488,1688,492,1722,404,1732
343,1696,390,1696,390,1730,343,1730
303,1703,343,1703,343,1733,303,1733
506,1723,606,1723,606,1753,506,1753
346,1730,393,1730,393,1763,346,1763
406,1730,490,1730,490,1760,406,1760
303,1736,346,1736,346,1766,303,1766
753,1740,796,1740,796,1770,753,1770
473,1766,503,1766,503,1790,473,1790
506,1763,566,1763,566,1793,506,1793
346,1766,393,1766,393,1800,346,1800
406,1766,450,1766,450,1796,406,1796
303,1770,346,1770,346,1803,303,1803
961,1800,1046,1793,1048,1821,964,1828
883,1800,943,1800,943,1833,883,1833
800,1806,863,1806,863,1843,800,1843
656,1813,720,1813,720,1846,656,1846
740,1813,783,1813,783,1840,740,1840
510,1826,553,1826,553,1856,510,1856
573,1826,640,1826,640,1856,573,1856
473,1833,506,1833,506,1860,473,1860
426,1836,470,1836,470,1870,426,1870
333,1843,413,1843,413,1866,333,1866
780,1843,866,1843,866,1876,780,1876
660,1853,766,1853,766,1883,660,1883
551,1861,639,1855,642,1886,553,1893
1030,1863,1116,1863,1116,1893,1030,1893
473,1866,506,1866,506,1896,473,1896
513,1870,536,1870,536,1893,513,1893
950,1873,1010,1873,1010,1896,950,1896
390,1873,456,1873,456,1903,390,1903
886,1873,930,1873,930,1900,886,1900
761,1881,869,1875,871,1907,763,1913
683,1890,746,1890,746,1920,683,1920
536,1896,606,1896,606,1926,536,1926
623,1900,663,1900,663,1923,623,1923
413,1906,510,1906,510,1936,413,1936
826,1906,886,1906,886,1940,826,1940
308,1913,395,1906,398,1939,310,1945
890,1910,933,1910,933,1940,890,1940
743,1916,810,1916,810,1946,743,1946
683,1920,726,1920,726,1950,683,1950
514,1932,646,1925,648,1958,516,1965
646,1933,666,1933,666,1953,646,1953
456,1940,510,1940,510,1970,456,1970
373,1943,436,1943,436,1976,373,1976
746,1953,810,1953,810,1983,746,1983
666,1960,730,1960,730,1993,666,1993
580,1966,646,1966,646,1996,580,1996
628,2113,1072,2087,1075,2128,630,2154
