507,411,621,420,619,444,505,436
160,420,206,420,206,446,160,446
643,418,754,427,752,454,641,445
206,421,381,430,379,457,205,448
410,433,460,433,460,463,410,463
484,440,552,449,549,474,480,465
153,446,203,446,203,476,153,476
573,446,636,446,636,473,573,473
643,453,686,453,686,480,643,480
223,456,296,456,296,483,223,483
320,460,376,460,376,486,320,486
390,470,436,470,436,493,390,493
483,476,506,476,506,496,483,496
530,474,621,484,618,509,527,500
643,480,730,480,730,503,643,503
756,483,823,483,823,506,756,506
960,483,1003,483,1003,513,960,513
1023,480,1073,480,1073,513,1023,513
150,485,224,489,223,517,148,513
910,483,940,483,940,513,910,513
223,490,243,490,243,516,223,516
846,490,870,490,870,510,846,510
250,491,318,496,316,521,248,516
340,496,376,496,376,520,340,520
376,496,450,496,450,526,376,526
460,503,503,503,503,530,460,530
503,503,593,503,593,533,503,533
596,506,640,506,640,530,596,530
663,510,726,510,726,533,663,533
733,508,957,514,956,541,732,535
146,520,243,520,243,550,146,550
316,530,373,530,373,553,316,553
383,533,410,533,410,556,383,556
410,533,430,533,430,560,410,560
433,540,546,540,546,563,433,563
573,543,656,543,656,563,573,563
666,543,710,543,710,563,666,563
146,556,263,556,263,586,146,586
266,563,330,563,330,586,266,586
380,568,434,573,432,595,378,590
456,570,570,570,570,596,456,596
570,566,663,566,663,596,570,596
663,576,686,576,686,596,663,596
710,575,797,579,796,603,709,599
806,580,850,580,850,603,806,603
493,633,566,633,566,666,493,666
590,636,663,636,663,666,590,666
773,636,823,636,823,673,773,673
683,640,756,640,756,670,683,670
617,674,688,678,686,707,615,703
140,740,190,740,190,773,140,773
190,740,260,740,260,773,190,773
260,740,366,740,366,776,260,776
443,743,513,743,513,776,443,776
516,746,563,746,563,776,516,776
890,753,986,753,986,796,890,796
1026,758,1167,763,1166,799,1025,793
140,780,190,780,190,810,140,810
443,778,657,785,656,820,442,813
210,783,260,783,260,813,210,813
300,783,363,783,363,813,300,813
373,783,443,783,443,813,373,813
136,820,203,820,203,850,136,850
370,821,471,826,469,857,368,852
490,823,543,823,543,853,490,853
536,893,586,893,586,930,536,930
133,896,206,896,206,926,133,926
230,900,300,900,300,933,230,933
610,898,731,907,729,944,607,936
940,906,1060,906,1060,940,940,940
1080,907,1174,912,1173,944,1078,939
136,976,153,976,153,1003,136,1003
179,974,359,970,360,1006,180,1011
490,972,611,980,609,1015,487,1007
390,976,463,976,463,1006,390,1006
200,1013,356,1013,356,1046,200,1046
366,1013,513,1013,513,1046,366,1046
963,1020,1040,1020,1040,1053,963,1053
1106,1023,1156,1023,1156,1053,1106,1053
246,1050,323,1050,323,1083,246,1083
630,1053,656,1053,656,1083,630,1083
680,1053,726,1053,726,1083,680,1083
326,1060,390,1060,390,1086,326,1086
1036,1056,1113,1056,1113,1093,1036,1093
1113,1060,1180,1060,1180,1093,1113,1093
121,1155,222,1165,218,1205,117,1196
1036,1176,1110,1176,1110,1210,1036,1210
236,1196,336,1196,336,1236,236,1236
121,1195,219,1205,215,1245,117,1236
433,1203,486,1203,486,1240,433,1240
506,1203,606,1203,606,1240,506,1240
360,1206,433,1206,433,1240,360,1240
1060,1216,1110,1216,1110,1250,1060,1250
1136,1223,1156,1223,1156,1246,1136,1246
117,1235,219,1245,215,1285,114,1276
236,1246,286,1246,286,1276,236,1276
286,1246,336,1246,336,1276,286,1276
1036,1256,1110,1256,1110,1290,1036,1290
116,1286,216,1286,216,1320,116,1320
233,1286,350,1286,350,1316,233,1316
383,1286,456,1286,456,1320,383,1320
1036,1293,1113,1293,1113,1330,1036,1330
116,1326,166,1326,166,1356,116,1356
166,1326,216,1326,216,1360,166,1360
236,1326,306,1326,306,1360,236,1360
356,1326,403,1326,403,1366,356,1366
433,1330,506,1330,506,1360,433,1360
530,1330,653,1330,653,1363,530,1363
1063,1336,1110,1336,1110,1370,1063,1370
456,1400,553,1400,553,1443,456,1443
120,1403,193,1403,193,1436,120,1436
216,1403,310,1403,310,1440,216,1440
356,1403,430,1403,430,1443,356,1443
1040,1413,1116,1413,1116,1443,1040,1443
1136,1413,1183,1413,1183,1443,1136,1443
190,1443,243,1443,243,1480,190,1480
143,1446,176,1446,176,1480,143,1480
1043,1450,1120,1450,1120,1483,1043,1483
1140,1450,1186,1450,1186,1483,1140,1483
176,1460,193,1460,193,1480,176,1480
215,1522,315,1517,317,1556,216,1560
120,1523,193,1523,193,1556,120,1556
360,1525,461,1530,459,1564,358,1559
480,1533,580,1533,580,1563,480,1563
120,1563,221,1570,219,1602,118,1596
240,1566,316,1566,316,1600,240,1600
1003,1576,1023,1576,1023,1606,1003,1606
1046,1573,1126,1573,1126,1606,1046,1606
1146,1573,1193,1573,1193,1606,1146,1606
212,1647,339,1643,340,1679,213,1684
116,1650,193,1650,193,1680,116,1680
360,1646,481,1654,479,1689,358,1681
116,1686,163,1686,163,1720,116,1720
236,1690,336,1690,336,1726,236,1726
363,1690,463,1690,463,1723,363,1723
606,1690,656,1690,656,1723,606,1723
166,1693,220,1693,220,1720,166,1720
466,1696,476,1696,476,1716,466,1716
163,1726,220,1726,220,1763,163,1763
113,1730,163,1730,163,1763,113,1763
236,1730,336,1730,336,1763,236,1763
360,1726,481,1734,479,1772,358,1764
113,1770,163,1770,163,1803,113,1803
164,1771,219,1776,216,1808,161,1803
236,1773,286,1773,286,1806,236,1806
310,1773,350,1773,350,1803,310,1803
606,1773,633,1773,633,1803,606,1803
656,1773,703,1773,703,1803,656,1803
356,1776,413,1776,413,1813,356,1813
353,1853,403,1853,403,1890,353,1890
530,1853,603,1853,603,1890,530,1890
140,1856,236,1856,236,1890,140,1890
254,1860,346,1854,348,1892,257,1898
630,1856,683,1856,683,1890,630,1890
703,1856,780,1856,780,1896,703,1896
803,1856,876,1856,876,1893,803,1893
430,1860,506,1860,506,1896,430,1896
900,1860,1003,1860,1003,1893,900,1893
206,1893,280,1893,280,1930,206,1930
403,1896,506,1896,506,1933,403,1933
306,1900,346,1900,346,1930,306,1930
530,1899,657,1903,656,1937,529,1933
353,1903,380,1903,380,1933,353,1933
680,1903,783,1903,783,1936,680,1936
380,1936,463,1936,463,1970,380,1970
103,1940,206,1940,206,1973,103,1973
653,1940,783,1940,783,1973,653,1973
806,1940,856,1940,856,1973,806,1973
974,1938,1079,1947,1076,1981,971,1972
230,1943,360,1943,360,1973,230,1973
483,1946,533,1946,533,1970,483,1970
876,1943,953,1943,953,1973,876,1973
556,1946,630,1946,630,1980,556,1980
356,1973,533,1977,533,2010,356,2006
180,1980,256,1980,256,2016,180,2016
283,1980,336,1980,336,2010,283,2010
556,1980,606,1980,606,2010,556,2010
626,1980,706,1980,706,2010,626,2010
730,1980,803,1980,803,2013,730,2013
806,1983,856,1983,856,2016,806,2016
430,2013,506,2013,506,2046,430,2046
630,2016,703,2016,703,2053,630,2053
533,2020,606,2020,606,2053,533,2053
453,2176,480,2176,480,2200,453,2200
479,2173,996,2173,996,2209,479,2209
