1491,120,1701,120,1701,173,1491,173
1246,147,1453,134,1456,185,1250,198
625,176,1026,204,1022,260,621,232
1364,201,1484,185,1491,241,1372,256
1491,189,1575,189,1575,246,1491,246
1081,204,1165,204,1165,257,1081,257
1202,204,1328,204,1328,257,1202,257
2215,210,2310,210,2310,273,2215,273
1997,219,2171,212,2174,277,2000,285
1701,231,1832,231,1832,288,1701,288
1869,231,1953,231,1953,283,1869,283
624,241,703,241,703,294,624,294
741,243,874,252,870,307,737,297
1491,246,1659,246,1659,299,1491,299
913,262,1018,262,1018,315,913,315
1202,262,1249,262,1249,315,1202,315
1286,262,1449,262,1449,315,1286,315
1039,273,1149,273,1149,330,1039,330
1651,303,2083,282,2086,345,1654,366
620,301,916,316,913,379,616,364
1237,326,1485,313,1488,371,1240,383
1496,315,1648,315,1648,367,1496,367
1160,325,1244,325,1244,372,1160,372
950,330,1018,330,1018,383,950,383
1014,338,1143,326,1148,376,1019,388
619,383,777,383,777,435,619,435
1113,388,1349,388,1349,441,1113,441
1370,393,1517,393,1517,435,1370,435
1538,393,1611,393,1611,430,1538,430
908,393,1013,393,1013,446,908,446
1029,393,1113,393,1113,446,1029,446
1617,446,1774,446,1774,488,1617,488
1785,441,1869,441,1869,483,1785,483
614,440,937,456,934,514,611,498
1149,446,1575,446,1575,498,1149,498
1016,473,1117,465,1120,503,1019,511
1737,546,1821,546,1821,603,1737,603
1564,556,1695,556,1695,609,1564,609
1223,561,1349,561,1349,624,1223,624
1394,567,1527,559,1530,613,1397,621
1430,627,1568,619,1571,676,1434,684
578,724,990,759,984,824,573,789
1953,740,2163,740,2163,808,1953,808
2220,740,2483,740,2483,798,2220,798
1134,766,1260,766,1260,824,1134,824
1260,766,1338,766,1338,819,1260,819
572,798,656,798,656,850,572,850
698,808,787,808,787,855,698,855
871,819,976,819,976,871,871,871
997,824,1512,824,1512,887,997,887
567,871,682,871,682,918,567,918
976,895,1177,903,1175,957,974,949
1212,897,1302,897,1302,945,1212,945
551,997,677,997,677,1050,551,1050
2320,1008,2499,1008,2499,1071,2320,1071
724,1013,850,1013,850,1071,724,1071
1291,1018,1375,1018,1375,1076,1291,1076
2047,1018,2273,1018,2273,1071,2047,1071
1423,1027,1644,1034,1642,1095,1421,1088
546,1139,572,1139,572,1186,546,1186
624,1139,761,1139,761,1191,624,1191
798,1144,845,1144,845,1197,798,1197
887,1149,950,1149,950,1197,887,1197
966,1149,1060,1149,1060,1202,966,1202
1239,1149,1375,1149,1375,1207,1239,1207
1107,1155,1191,1155,1191,1202,1107,1202
1418,1152,1551,1160,1547,1216,1415,1209
1596,1155,1779,1155,1779,1212,1596,1212
661,1202,950,1202,950,1265,661,1265
945,1212,1239,1212,1239,1275,945,1275
2089,1223,2262,1223,2262,1281,2089,1281
2367,1228,2462,1228,2462,1291,2367,1291
656,1270,756,1270,756,1338,656,1338
787,1281,929,1281,929,1344,787,1344
966,1286,1055,1286,1055,1344,966,1344
1596,1291,1627,1291,1627,1338,1596,1338
2089,1291,2226,1291,2226,1354,2089,1354
2226,1296,2388,1296,2388,1365,2226,1365
2378,1302,2499,1302,2499,1365,2378,1365
519,1344,561,1344,561,1396,519,1396
604,1346,883,1356,881,1416,602,1406
1454,1354,1638,1354,1638,1412,1454,1412
913,1359,1055,1359,1055,1412,913,1412
1092,1359,1281,1359,1281,1412,1092,1412
1317,1359,1412,1359,1412,1428,1317,1428
1695,1370,1727,1370,1727,1417,1695,1417
1727,1365,1900,1365,1900,1433,1727,1433
646,1417,941,1426,939,1488,644,1480
934,1428,1002,1428,1002,1480,934,1480
1002,1428,1228,1428,1228,1485,1002,1485
2084,1449,2226,1449,2226,1506,2084,1506
2362,1454,2457,1454,2457,1517,2362,1517
645,1496,761,1496,761,1554,645,1554
777,1496,913,1496,913,1559,777,1559
950,1496,1039,1496,1039,1554,950,1554
1407,1503,1501,1514,1494,1578,1400,1567
1491,1506,1632,1506,1632,1575,1491,1575
2079,1522,2220,1522,2220,1585,2079,1585
2226,1519,2505,1528,2503,1601,2224,1592
517,1690,696,1713,685,1795,507,1772
2079,1748,2178,1748,2178,1811,2079,1811
2215,1753,2499,1753,2499,1816,2215,1816
511,1769,695,1791,685,1868,502,1846
724,1779,913,1779,913,1858,724,1858
950,1790,1176,1790,1176,1858,950,1858
1218,1795,1401,1795,1401,1869,1218,1869
2262,1827,2373,1827,2373,1895,2262,1895
2367,1832,2493,1832,2493,1890,2367,1890
508,1835,698,1864,685,1943,496,1914
729,1863,908,1863,908,1921,729,1921
2073,1895,2173,1895,2173,1958,2073,1958
2215,1900,2404,1900,2404,1963,2215,1963
2404,1905,2493,1905,2493,1963,2404,1963
498,1926,682,1926,682,1989,498,1989
725,1932,957,1941,955,2003,723,1994
992,1942,1128,1942,1128,2005,992,2005
2073,1974,2205,1974,2205,2031,2073,2031
2215,1974,2367,1974,2367,2042,2215,2042
2399,1984,2493,1984,2493,2042,2399,2042
504,2000,687,2000,687,2073,504,2073
724,2010,861,2010,861,2073,724,2073
945,2021,1029,2021,1029,2084,945,2084
1081,2026,1212,2026,1212,2079,1081,2079
1254,2026,1480,2026,1480,2089,1254,2089
2121,2052,2210,2052,2210,2110,2121,2110
2215,2052,2378,2052,2378,2121,2215,2121
2357,2058,2499,2058,2499,2121,2357,2121
498,2152,630,2152,630,2210,498,2210
677,2152,850,2152,850,2215,677,2215
892,2152,1071,2152,1071,2220,892,2220
1118,2163,1296,2163,1296,2231,1118,2231
2115,2205,2205,2205,2205,2262,2115,2262
2210,2202,2500,2210,2498,2282,2208,2274
535,2226,593,2226,593,2283,535,2283
593,2226,719,2226,719,2289,593,2289
2116,2268,2496,2289,2492,2364,2112,2343
535,2299,598,2299,598,2362,535,2362
593,2299,714,2299,714,2367,593,2367
2205,2357,2357,2357,2357,2425,2205,2425
2357,2367,2488,2367,2488,2430,2357,2430
488,2446,614,2446,614,2504,488,2504
661,2446,845,2446,845,2520,661,2520
908,2460,1104,2468,1102,2528,906,2520
1150,2470,1331,2480,1327,2539,1146,2529
483,2520,661,2520,661,2583,483,2583
703,2530,840,2530,840,2588,703,2588
2060,2574,2204,2588,2198,2653,2053,2639
2200,2583,2360,2592,2356,2664,2196,2655
2352,2598,2483,2598,2483,2661,2352,2661
472,2677,609,2677,609,2735,472,2735
656,2677,782,2677,782,2735,656,2735
850,2682,908,2682,908,2745,850,2745
904,2677,1060,2692,1054,2752,898,2737
1102,2698,1270,2698,1270,2761,1102,2761
2110,2745,2199,2745,2199,2803,2110,2803
2200,2743,2360,2752,2356,2822,2196,2813
2352,2756,2483,2756,2483,2819,2352,2819
467,2824,603,2824,603,2882,467,2882
651,2824,882,2824,882,2892,651,2892
922,2818,1142,2857,1129,2930,909,2891
1270,2845,1554,2845,1554,2924,1270,2924
1591,2861,1872,2883,1868,2946,1587,2924
1916,2892,2058,2892,2058,2961,1916,2961
467,2898,561,2898,561,2961,467,2961
603,2898,745,2898,745,2966,603,2966
782,2903,892,2903,892,2961,782,2961
897,2913,992,2913,992,2966,897,2966
1407,2929,1870,2948,1868,3022,1404,3003
556,2961,656,2961,656,3039,556,3039
1869,2966,1911,2966,1911,3003,1869,3003
1916,2971,2000,2971,2000,3008,1916,3008
462,2971,551,2971,551,3029,462,3029
687,2982,871,2982,871,3050,687,3050
914,2982,1126,2995,1122,3059,910,3047
1265,3008,1454,3008,1454,3081,1265,3081
556,3039,651,3039,651,3108,556,3108
462,3045,551,3045,551,3102,462,3102
687,3055,866,3055,866,3113,687,3113
917,3047,1132,3089,1118,3162,902,3120
1265,3087,1449,3087,1449,3160,1265,3160
556,3108,656,3108,656,3181,556,3181
462,3113,546,3113,546,3171,462,3171
687,3123,777,3123,777,3181,687,3181
819,3123,887,3123,887,3181,819,3181
908,3139,1023,3139,1023,3207,908,3207
1349,3171,1407,3171,1407,3228,1349,3228
1438,3176,1538,3176,1538,3244,1438,3244
504,3263,682,3281,676,3341,498,3323
813,3281,876,3281,876,3339,813,3339
719,3286,808,3286,808,3354,719,3354
897,3286,987,3286,987,3354,897,3354
1034,3307,1165,3307,1165,3386,1034,3386
1207,3318,1344,3318,1344,3386,1207,3386
1391,3333,1485,3333,1485,3391,1391,3391
1527,3333,1669,3333,1669,3402,1527,3402
1722,3339,1848,3339,1848,3407,1722,3407
1900,3344,2084,3344,2084,3407,1900,3407
630,3347,770,3355,766,3425,626,3416
803,3360,871,3360,871,3417,803,3417
871,3375,934,3375,934,3423,871,3423
978,3369,1163,3384,1158,3446,973,3431
1209,3393,1438,3418,1432,3480,1202,3454
1674,3412,1711,3412,1711,3444,1674,3444
1480,3412,1674,3412,1674,3475,1480,3475
441,3423,624,3423,624,3491,441,3491
667,3431,873,3439,870,3500,664,3492
936,3435,1081,3450,1075,3510,930,3496
871,3454,892,3454,892,3491,871,3491
1118,3465,1207,3465,1207,3517,1118,3517
1433,3475,1664,3475,1664,3538,1433,3538
1711,3475,1800,3475,1800,3533,1711,3533
2027,3477,2213,3491,2209,3552,2022,3537
1249,3486,1391,3486,1391,3554,1249,3554
1842,3486,1979,3486,1979,3533,1842,3533
572,3507,708,3507,708,3585,572,3585
756,3507,871,3507,871,3564,756,3564
872,3502,1207,3535,1200,3599,866,3566
1244,3543,1344,3543,1344,3612,1244,3612
1380,3554,1517,3554,1517,3612,1380,3612
1569,3554,1701,3554,1701,3612,1569,3612
1706,3554,1800,3554,1800,3612,1706,3612
1023,3601,1155,3601,1155,3669,1023,3669
1380,3627,1517,3627,1517,3696,1380,3696
1197,3633,1344,3633,1344,3701,1197,3701
1034,3935,2065,3972,2062,4052,1031,4016
