1123,414,1344,414,1344,467,1123,467
1386,409,1614,423,1610,480,1383,466
461,477,897,477,897,535,461,535
1254,477,1380,477,1380,535,1254,535
939,483,1029,483,1029,535,939,535
1076,483,1207,483,1207,535,1076,535
1386,483,1475,483,1475,546,1386,546
451,540,540,540,540,598,451,598
582,546,719,546,719,598,582,598
761,546,871,546,871,603,761,603
1386,546,1564,546,1564,603,1386,603
1611,546,1748,546,1748,603,1611,603
1921,546,2105,546,2105,609,1921,609
892,551,987,551,987,614,892,614
1076,551,1123,551,1123,603,1076,603
1165,546,1346,557,1342,616,1162,605
1790,551,1874,551,1874,603,1790,603
2147,551,2241,551,2241,614,2147,614
446,614,761,614,761,672,446,672
1029,614,1291,614,1291,672,1029,672
1296,614,1386,614,1386,672,1296,672
1564,614,2010,614,2010,672,1564,672
798,619,876,619,876,672,798,672
871,619,1013,619,1013,672,871,672
1386,619,1554,619,1554,672,1386,672
766,635,792,635,792,666,766,666
441,682,614,682,614,735,441,735
756,687,871,687,871,740,756,740
882,687,934,687,934,740,882,740
934,687,981,687,981,740,934,740
976,687,1212,687,1212,745,976,745
1249,693,1417,693,1417,740,1249,740
1433,698,1517,698,1517,745,1433,745
435,750,782,750,782,808,435,808
1023,756,1480,756,1480,813,1023,813
876,771,1002,771,1002,808,876,808
1517,766,1690,766,1690,813,1517,813
1701,766,1790,766,1790,813,1701,813
1653,882,1748,882,1748,955,1653,955
1102,887,1239,887,1239,945,1102,945
1291,890,1430,898,1427,954,1288,947
1470,892,1606,892,1606,950,1470,950
1302,966,1512,966,1512,1018,1302,1018
409,1092,850,1092,850,1160,409,1160
997,1097,1128,1097,1128,1155,997,1155
1139,1097,1228,1097,1228,1155,1139,1155
1880,1097,2107,1106,2104,1189,1877,1180
2157,1107,2436,1107,2436,1176,2157,1176
404,1160,498,1160,498,1228,404,1228
540,1170,630,1170,630,1223,540,1223
719,1170,834,1170,834,1228,719,1228
855,1170,1417,1170,1417,1239,855,1239
399,1244,519,1244,519,1302,399,1302
1039,1249,1134,1249,1134,1307,1039,1307
834,1254,1002,1254,1002,1317,834,1317
1186,1386,1281,1386,1281,1459,1186,1459
399,1394,538,1401,535,1456,396,1448
582,1396,719,1396,719,1464,582,1464
2268,1396,2451,1396,2451,1459,2268,1459
1328,1400,1561,1412,1558,1477,1325,1464
1979,1401,2220,1401,2220,1459,1979,1459
399,1554,430,1554,430,1601,399,1601
488,1548,813,1548,813,1606,488,1606
855,1554,950,1554,950,1611,855,1611
997,1554,1323,1554,1323,1611,997,1611
535,1620,1145,1627,1144,1698,534,1691
2315,1632,2415,1632,2415,1695,2315,1695
2026,1638,2205,1638,2205,1695,2026,1695
535,1695,630,1695,630,1764,535,1764
666,1701,813,1701,813,1764,666,1764
855,1701,950,1701,950,1769,855,1769
1323,1706,1548,1706,1548,1769,1323,1769
2073,1711,2362,1711,2362,1774,2073,1774
2362,1711,2462,1711,2462,1779,2362,1779
388,1774,430,1774,430,1832,388,1832
477,1779,630,1779,630,1842,477,1842
666,1779,808,1779,808,1837,666,1837
855,1785,997,1785,997,1848,855,1848
1044,1785,1281,1785,1281,1848,1044,1848
1333,1785,1496,1785,1496,1858,1333,1858
530,1853,845,1853,845,1921,530,1921
834,1858,1139,1858,1139,1916,834,1916
2320,1863,2415,1863,2415,1921,2320,1921
2026,1869,2210,1869,2210,1921,2026,1921
530,1932,635,1932,635,1995,530,1995
666,1932,808,1932,808,1995,666,1995
855,1932,950,1932,950,1995,855,1995
1323,1937,1412,1937,1412,2000,1323,2000
1412,1937,1559,1937,1559,2005,1412,2005
2168,1937,2336,1937,2336,2010,2168,2010
2026,1942,2163,1942,2163,2000,2026,2000
2331,1942,2472,1942,2472,2016,2331,2016
381,2137,579,2159,569,2246,371,2224
2021,2178,2168,2178,2168,2241,2021,2241
2173,2184,2462,2184,2462,2257,2173,2257
381,2215,575,2237,565,2320,371,2298
609,2231,803,2231,803,2304,609,2304
845,2236,1092,2236,1092,2310,845,2310
1134,2236,1323,2236,1323,2310,1134,2310
2220,2262,2331,2262,2331,2325,2220,2325
2325,2262,2467,2262,2467,2331,2325,2331
380,2290,573,2311,564,2398,371,2376
609,2310,798,2310,798,2378,609,2378
2026,2331,2173,2331,2173,2399,2026,2399
2174,2326,2333,2334,2330,2406,2171,2398
2325,2336,2462,2336,2462,2399,2325,2399
372,2383,561,2383,561,2462,372,2462
603,2394,829,2394,829,2462,603,2462
888,2403,1031,2390,1037,2456,894,2469
2026,2409,2168,2409,2168,2483,2026,2483
2173,2415,2467,2415,2467,2493,2173,2493
362,2467,551,2467,551,2541,362,2541
598,2472,740,2472,740,2546,598,2546
834,2483,929,2483,929,2556,834,2556
981,2483,1123,2483,1123,2541,981,2541
1170,2483,1407,2483,1407,2551,1170,2551
2215,2499,2325,2499,2325,2567,2215,2567
2325,2504,2462,2504,2462,2572,2325,2572
540,2619,735,2619,735,2698,540,2698
803,2625,976,2625,976,2703,803,2703
1023,2625,1218,2625,1218,2703,1023,2703
362,2630,493,2630,493,2693,362,2693
2173,2656,2320,2656,2320,2724,2173,2724
2325,2661,2467,2661,2467,2735,2325,2735
404,2709,593,2709,593,2782,404,2782
2173,2735,2320,2735,2320,2808,2173,2808
2331,2745,2467,2745,2467,2814,2331,2814
535,2861,729,2861,729,2945,535,2945
351,2866,488,2866,488,2934,351,2934
803,2882,1013,2882,1013,2945,803,2945
1065,2887,1260,2887,1260,2955,1065,2955
347,2942,537,2949,535,3014,344,3007
582,2955,724,2955,724,3018,582,3018
2026,2976,2168,2976,2168,3050,2026,3050
2173,2982,2373,2982,2373,3060,2173,3060
2367,2987,2467,2987,2467,3055,2367,3055
357,3102,498,3102,498,3171,357,3171
540,3108,777,3108,777,3176,540,3176
820,3115,1053,3134,1047,3198,814,3178
1202,3129,1396,3129,1396,3192,1202,3192
1444,3131,1588,3139,1585,3209,1440,3201
1638,3139,1821,3139,1821,3202,1638,3202
1885,3139,2181,3155,2177,3226,1881,3209
357,3181,451,3181,451,3234,357,3234
498,3181,640,3181,640,3249,498,3249
682,3192,798,3192,798,3249,682,3249
819,3197,903,3197,903,3249,819,3249
1349,3204,1827,3217,1826,3283,1347,3270
1837,3223,1921,3223,1921,3265,1837,3265
1926,3223,1968,3223,1968,3265,1926,3265
456,3244,556,3244,556,3312,456,3312
362,3249,456,3249,456,3318,362,3318
593,3260,782,3260,782,3333,593,3333
830,3266,1052,3278,1049,3339,827,3328
1207,3281,1396,3281,1396,3344,1207,3344
462,3318,556,3318,556,3381,462,3381
367,3323,462,3323,462,3381,367,3381
598,3333,782,3333,782,3391,598,3391
835,3335,1059,3359,1052,3420,829,3396
1207,3354,1396,3354,1396,3412,1207,3412
467,3386,567,3386,567,3459,467,3459
372,3391,462,3391,462,3449,372,3449
603,3402,698,3402,698,3465,603,3465
740,3407,808,3407,808,3459,740,3459
813,3417,929,3417,929,3480,813,3480
1302,3428,1354,3428,1354,3480,1302,3480
1396,3428,1491,3428,1491,3486,1396,3486
435,3534,616,3543,613,3597,433,3588
651,3549,740,3549,740,3606,651,3606
745,3549,819,3549,819,3601,745,3601
840,3549,929,3549,929,3601,840,3601
1170,3554,1302,3554,1302,3612,1170,3612
982,3557,1120,3565,1117,3619,979,3611
1354,3564,1443,3564,1443,3617,1354,3617
1491,3571,1635,3556,1641,3616,1497,3631
1869,3564,2058,3564,2058,3622,1869,3622
1685,3570,1816,3570,1816,3627,1685,3627
567,3601,711,3610,708,3661,564,3653
756,3617,824,3617,824,3659,756,3659
829,3622,892,3622,892,3659,829,3659
934,3617,1123,3617,1123,3664,934,3664
1171,3617,1404,3630,1401,3682,1168,3668
1447,3633,1685,3626,1686,3683,1449,3690
393,3664,577,3664,577,3717,393,3717
620,3667,831,3679,829,3728,617,3716
892,3669,1044,3669,1044,3722,892,3722
1396,3680,1632,3680,1632,3727,1396,3727
1086,3690,1170,3690,1170,3722,1086,3722
1218,3685,1354,3685,1354,3738,1218,3738
1680,3685,1769,3685,1769,3732,1680,3732
2001,3682,2191,3696,2187,3751,1997,3736
1821,3701,1953,3701,1953,3732,1821,3732
540,3727,666,3727,666,3780,540,3780
729,3738,834,3738,834,3774,729,3774
855,3737,1175,3737,1175,3779,855,3779
1223,3732,1312,3732,1312,3780,1223,3780
1359,3743,1491,3743,1491,3780,1359,3780
1538,3738,1674,3738,1674,3785,1538,3785
1680,3743,1769,3743,1769,3790,1680,3790
1360,3778,1487,3785,1484,3836,1357,3829
1003,3788,1135,3796,1133,3837,1000,3829
1181,3790,1312,3790,1312,3837,1181,3837
1170,3969,1218,3969,1218,4000,1170,4000
1233,3974,1900,3974,1900,4010,1233,4010
