636,496,730,496,730,516,636,516
746,493,837,499,836,521,745,515
688,522,742,517,745,543,690,548
566,523,600,523,600,546,566,546
616,523,673,523,673,546,616,546
743,523,783,523,783,546,743,546
378,543,539,527,541,552,380,568
836,546,893,546,893,570,836,570
910,546,933,546,933,566,910,566
966,546,1040,546,1040,570,966,570
616,550,636,550,636,573,616,573
653,547,727,552,726,577,652,573
743,550,816,550,816,570,743,570
1056,550,1096,550,1096,573,1056,573
546,553,583,553,583,576,546,576
493,556,536,556,536,576,493,576
424,566,479,561,481,583,426,588
376,566,413,566,413,590,376,590
813,566,1000,566,1000,596,813,596
600,576,710,576,710,600,600,600
710,576,743,576,743,600,710,600
760,576,813,576,813,600,760,600
536,580,593,580,593,600,536,600
506,583,536,583,536,603,506,603
410,590,493,590,493,613,410,613
370,593,410,593,410,613,370,613
540,606,673,606,673,630,540,630
490,610,536,610,536,633,490,633
690,610,746,610,746,630,690,630
763,610,800,610,800,630,763,630
370,616,440,616,440,640,370,640
596,636,780,636,780,660,596,660
873,636,910,636,910,656,873,656
453,640,500,640,500,660,453,660
533,640,590,640,590,660,533,660
796,640,866,640,866,656,796,656
365,646,449,642,451,665,366,669
626,690,683,690,683,716,626,716
846,686,886,686,886,716,846,716
703,693,760,693,760,716,703,716
773,690,833,690,833,716,773,716
703,723,776,723,776,746,703,746
353,776,526,776,526,806,353,806
586,780,680,780,680,803,586,803
940,776,1030,776,1030,813,940,813
1050,776,1166,776,1166,806,1050,806
356,810,393,810,393,833,356,833
406,810,446,810,446,833,406,833
476,810,523,810,523,833,476,833
529,806,753,806,753,836,529,836
356,843,403,843,403,866,356,866
526,843,586,843,586,866,526,866
606,843,643,843,643,863,606,863
656,900,696,900,696,923,656,923
713,898,811,907,809,931,711,923
353,903,406,903,406,926,353,926
423,903,476,903,476,930,423,930
976,903,1073,903,1073,930,976,930
1093,903,1166,903,1166,930,1093,930
350,960,363,960,363,980,350,980
540,956,580,956,580,983,540,983
386,963,440,963,440,986,386,986
456,963,533,963,533,983,456,983
603,963,696,963,696,986,603,986
713,963,750,963,750,986,713,986
766,960,883,960,883,986,766,986
903,966,940,966,940,986,903,986
400,986,510,986,510,1016,400,1016
526,990,543,990,543,1013,526,1013
540,986,640,986,640,1016,540,1016
993,996,1053,996,1053,1020,993,1020
1110,1000,1150,1000,1150,1023,1110,1023
433,1020,543,1020,543,1046,433,1046
400,1023,433,1023,433,1046,400,1046
730,1023,746,1023,746,1046,730,1046
766,1023,803,1023,803,1046,766,1046
1013,1026,1050,1026,1050,1050,1013,1050
1046,1023,1166,1023,1166,1056,1046,1056
346,1050,363,1050,363,1073,346,1073
383,1053,436,1053,436,1076,383,1076
486,1053,563,1053,563,1076,486,1076
576,1050,620,1050,620,1076,576,1076
633,1050,746,1050,746,1076,633,1076
763,1050,823,1050,823,1080,763,1080
840,1050,936,1050,936,1080,840,1080
453,1056,473,1056,473,1073,453,1073
396,1083,513,1083,513,1106,396,1106
520,1080,633,1080,633,1110,520,1110
993,1090,1050,1090,1050,1113,993,1113
1106,1090,1146,1090,1146,1116,1106,1116
396,1113,430,1113,430,1136,396,1136
433,1113,540,1113,540,1140,433,1140
726,1116,746,1116,746,1140,726,1140
760,1113,803,1113,803,1140,760,1140
1013,1123,1046,1123,1046,1146,1013,1146
1046,1120,1163,1120,1163,1153,1046,1153
334,1192,412,1201,408,1235,330,1226
990,1216,1033,1216,1033,1243,990,1243
1046,1213,1106,1213,1106,1243,1046,1243
1126,1223,1160,1223,1160,1243,1126,1243
334,1226,409,1235,406,1265,330,1255
426,1236,460,1236,460,1260,426,1260
463,1236,500,1236,500,1263,463,1263
570,1233,610,1233,610,1263,570,1263
626,1233,706,1233,706,1263,626,1263
516,1240,570,1240,570,1263,516,1263
1066,1250,1106,1250,1106,1273,1066,1273
1123,1253,1160,1253,1160,1276,1123,1276
330,1256,408,1264,405,1295,327,1287
423,1266,460,1266,460,1290,423,1290
460,1270,500,1270,500,1290,460,1290
986,1280,1043,1280,1043,1303,986,1303
1043,1276,1106,1276,1106,1306,1043,1306
1123,1283,1160,1283,1160,1306,1123,1306
330,1290,405,1297,402,1322,328,1316
420,1293,510,1293,510,1323,420,1323
533,1300,590,1300,590,1326,533,1326
966,1306,1030,1306,1030,1336,966,1336
1043,1310,1103,1310,1103,1336,1043,1336
1123,1316,1160,1316,1160,1336,1123,1336
326,1326,403,1326,403,1350,326,1350
420,1330,476,1330,476,1353,420,1353
513,1333,550,1333,550,1360,513,1360
570,1333,626,1333,626,1356,570,1356
640,1330,740,1330,740,1360,640,1360
963,1340,1040,1340,1040,1370,963,1370
1043,1340,1103,1340,1103,1370,1043,1370
1123,1346,1160,1346,1160,1370,1123,1370
320,1383,376,1383,376,1413,320,1413
433,1383,473,1383,473,1416,433,1416
400,1390,433,1390,433,1413,400,1413
490,1393,570,1393,570,1420,490,1420
583,1390,663,1390,663,1420,583,1420
1006,1406,1023,1406,1023,1430,1006,1430
1040,1403,1103,1403,1103,1433,1040,1433
1123,1410,1156,1410,1156,1433,1123,1433
336,1416,416,1416,416,1446,336,1446
1006,1440,1023,1440,1023,1463,1006,1463
1040,1436,1103,1436,1103,1466,1040,1466
1120,1443,1160,1443,1160,1466,1120,1466
316,1480,373,1480,373,1510,316,1510
390,1480,470,1480,470,1513,390,1513
500,1488,584,1493,582,1518,498,1513
603,1492,681,1497,679,1522,602,1517
316,1513,393,1513,393,1540,316,1540
410,1520,466,1520,466,1543,410,1543
960,1530,1026,1530,1026,1560,960,1560
1040,1533,1103,1533,1103,1563,1040,1563
1101,1540,1156,1535,1158,1563,1103,1567
316,1576,370,1576,370,1603,316,1603
383,1576,443,1576,443,1606,383,1606
466,1580,493,1580,493,1610,466,1610
493,1583,560,1583,560,1610,493,1610
576,1590,650,1590,650,1616,576,1616
956,1596,1023,1596,1023,1626,956,1626
1036,1596,1100,1596,1100,1630,1036,1630
1116,1600,1156,1600,1156,1630,1116,1630
306,1640,366,1640,366,1670,306,1670
380,1643,480,1643,480,1673,380,1673
496,1643,592,1652,589,1682,494,1674
306,1670,346,1670,346,1696,306,1696
346,1676,386,1676,386,1700,346,1700
400,1676,480,1676,480,1706,400,1706
496,1680,576,1680,576,1706,496,1706
676,1686,730,1686,730,1713,676,1713
306,1703,343,1703,343,1730,306,1730
343,1703,386,1703,386,1733,343,1733
400,1710,476,1710,476,1736,400,1736
497,1713,578,1720,575,1748,494,1741
306,1733,343,1733,343,1763,306,1763
346,1740,386,1740,386,1766,346,1766
396,1740,436,1740,436,1766,396,1766
457,1744,548,1751,546,1778,454,1771
726,1756,766,1756,766,1780,726,1780
330,1798,401,1805,399,1831,327,1824
416,1810,483,1810,483,1836,416,1836
490,1810,530,1810,530,1833,490,1833
626,1810,683,1810,683,1840,626,1840
553,1816,610,1816,610,1843,553,1843
706,1820,746,1820,746,1843,706,1843
763,1823,823,1823,823,1850,763,1850
840,1818,902,1823,899,1855,837,1849
916,1823,1000,1823,1000,1853,916,1853
380,1836,436,1836,436,1863,380,1863
453,1843,513,1843,513,1866,453,1866
526,1840,610,1840,610,1870,526,1870
630,1842,728,1853,725,1881,627,1870
743,1852,843,1856,842,1884,742,1880
306,1863,383,1863,383,1890,306,1890
400,1868,485,1878,482,1905,397,1894
510,1873,574,1878,572,1904,508,1899
590,1883,630,1883,630,1903,590,1903
643,1880,703,1880,703,1910,643,1910
720,1880,823,1880,823,1910,720,1910
840,1890,880,1890,880,1913,840,1913
973,1885,1059,1897,1055,1929,969,1917
896,1896,956,1896,956,1916,896,1916
356,1896,413,1896,413,1930,356,1930
436,1906,483,1906,483,1930,436,1930
490,1906,627,1910,626,1937,489,1932
643,1910,686,1910,686,1936,643,1936
703,1913,763,1913,763,1940,703,1940
776,1913,836,1913,836,1943,776,1943
836,1916,880,1916,880,1946,836,1946
543,1936,606,1936,606,1970,543,1970
700,1940,760,1940,760,1973,700,1973
623,1943,686,1943,686,1973,623,1973
556,2066,987,2086,985,2124,555,2104
