480,570,580,570,580,593,480,593
596,569,697,573,696,597,595,593
182,602,369,597,370,626,183,631
393,596,436,596,436,623,393,623
456,603,520,603,520,626,456,626
536,600,593,600,593,626,536,626
596,600,636,600,636,630,596,630
313,626,366,626,366,656,313,656
696,626,760,626,760,656,696,656
880,630,920,630,920,656,880,656
933,626,980,626,980,660,933,660
236,633,296,633,296,656,236,656
376,633,433,633,433,656,376,656
456,633,480,633,480,656,456,656
496,630,580,630,580,660,496,660
596,633,680,633,680,656,596,656
776,633,820,633,820,656,776,656
840,633,876,633,876,656,840,656
176,633,220,633,220,660,176,660
433,656,476,656,476,686,433,686
476,656,560,656,560,686,476,686
560,659,674,664,673,692,558,687
333,660,366,660,366,686,333,686
363,660,430,660,430,686,363,686
673,660,876,660,876,690,673,690
173,663,220,663,220,693,173,693
220,666,316,666,316,693,220,693
314,696,366,692,368,716,317,721
370,690,413,690,413,720,370,720
416,696,520,696,520,720,416,720
536,696,613,696,613,720,536,720
176,700,256,700,256,723,176,723
620,700,656,700,656,720,620,720
476,726,640,726,640,753,476,753
176,730,273,730,273,756,176,756
276,730,330,730,330,753,276,753
370,730,430,730,430,750,370,750
436,730,476,730,476,750,436,750
660,730,726,730,726,750,660,750
740,730,780,730,780,750,740,750
713,780,760,780,760,813,713,813
470,783,533,783,533,813,470,813
556,790,620,790,620,813,556,813
636,790,700,790,700,813,636,813
556,823,636,823,636,846,556,846
816,880,903,880,903,913,816,913
937,878,1064,883,1063,915,935,910
213,886,233,886,233,913,213,913
230,883,273,883,273,913,230,913
270,883,363,883,363,916,270,916
430,883,473,883,473,913,430,913
490,883,533,883,533,913,490,913
170,886,210,886,210,916,170,916
369,917,616,912,617,946,370,951
173,920,213,920,213,950,173,950
226,920,273,920,273,950,226,950
310,923,363,923,363,950,310,950
470,953,516,953,516,980,470,980
170,956,226,956,226,983,170,983
370,960,456,960,456,986,370,986
983,1010,1070,1010,1070,1043,983,1043
860,1013,970,1013,970,1043,860,1043
510,1016,553,1016,553,1046,510,1046
573,1015,680,1020,679,1052,572,1048
166,1020,230,1020,230,1050,166,1050
246,1020,313,1020,313,1053,246,1053
406,1083,476,1083,476,1113,406,1113
633,1083,720,1083,720,1113,633,1113
723,1086,780,1086,780,1113,723,1113
803,1086,823,1086,823,1110,803,1110
206,1086,293,1086,293,1116,206,1116
306,1086,363,1086,363,1116,306,1116
363,1090,393,1090,393,1113,363,1113
493,1090,536,1090,536,1113,493,1113
553,1086,616,1086,616,1113,553,1113
170,1093,186,1093,186,1116,170,1116
366,1116,493,1116,493,1146,366,1146
883,1116,950,1116,950,1146,883,1146
1006,1116,1050,1116,1050,1143,1006,1143
226,1120,310,1120,310,1146,226,1146
310,1123,360,1123,360,1146,310,1146
946,1146,1013,1146,1013,1180,946,1180
226,1153,263,1153,263,1180,226,1180
266,1150,333,1150,333,1180,266,1180
346,1153,390,1153,390,1176,346,1176
596,1153,636,1153,636,1180,596,1180
633,1150,680,1150,680,1180,633,1180
906,1153,933,1153,933,1180,906,1180
1016,1153,1073,1153,1073,1180,1016,1180
164,1249,249,1258,246,1292,160,1283
906,1253,933,1253,933,1280,906,1280
950,1253,1013,1253,1013,1280,950,1280
1036,1256,1053,1256,1053,1280,1036,1280
486,1280,576,1280,576,1313,486,1313
164,1279,249,1288,245,1325,160,1315
363,1283,426,1283,426,1313,363,1313
426,1283,470,1283,470,1313,426,1313
970,1283,1016,1283,1016,1313,970,1313
263,1286,346,1286,346,1316,263,1316
1036,1290,1076,1290,1076,1313,1036,1313
910,1320,933,1320,933,1346,910,1346
950,1316,1016,1316,1016,1346,950,1346
164,1315,249,1324,245,1358,160,1349
263,1320,303,1320,303,1350,263,1350
303,1323,343,1323,343,1350,303,1350
1036,1323,1076,1323,1076,1346,1036,1346
383,1353,450,1353,450,1383,383,1383
913,1356,933,1356,933,1383,913,1383
950,1353,1016,1353,1016,1383,950,1383
160,1356,203,1356,203,1383,160,1383
260,1356,356,1356,356,1383,260,1383
1040,1360,1076,1360,1076,1380,1040,1380
203,1363,243,1363,243,1386,203,1386
160,1390,200,1390,200,1420,160,1420
260,1390,323,1390,323,1420,260,1420
426,1390,493,1390,493,1420,426,1420
510,1390,616,1390,616,1420,510,1420
973,1390,1020,1390,1020,1416,973,1416
1040,1393,1080,1393,1080,1416,1040,1416
203,1396,243,1396,243,1420,203,1420
363,1393,406,1393,406,1423,363,1423
446,1453,533,1453,533,1490,446,1490
240,1456,326,1456,326,1490,240,1490
953,1456,1020,1456,1020,1486,953,1486
156,1460,220,1460,220,1490,156,1490
366,1463,386,1463,386,1490,366,1490
387,1460,432,1466,428,1492,384,1485
1043,1463,1080,1463,1080,1486,1043,1486
176,1493,203,1493,203,1523,176,1523
220,1493,263,1493,263,1523,220,1523
956,1493,1020,1493,1020,1523,956,1523
1043,1496,1080,1496,1080,1523,1043,1523
280,1560,323,1560,323,1593,280,1593
156,1563,220,1563,220,1593,156,1593
240,1563,280,1563,280,1593,240,1593
360,1563,450,1563,450,1593,360,1593
466,1563,553,1563,553,1593,466,1593
160,1600,243,1600,243,1626,160,1626
260,1603,320,1603,320,1626,260,1626
916,1603,936,1603,936,1630,916,1630
956,1600,1023,1600,1023,1630,956,1630
1040,1600,1080,1600,1080,1630,1040,1630
153,1670,220,1670,220,1700,153,1700
236,1670,343,1670,343,1700,236,1700
360,1668,464,1674,462,1708,358,1703
153,1703,196,1703,196,1733,153,1733
196,1706,243,1706,243,1733,196,1733
256,1703,343,1703,343,1736,256,1736
360,1706,450,1706,450,1736,360,1736
570,1706,613,1706,613,1736,570,1736
193,1736,243,1736,243,1770,193,1770
153,1743,193,1743,193,1766,153,1766
256,1740,343,1740,343,1770,256,1770
360,1738,464,1744,462,1778,358,1772
150,1773,193,1773,193,1803,150,1803
193,1773,240,1773,240,1803,193,1803
253,1776,300,1776,300,1806,253,1806
316,1776,353,1776,353,1803,316,1803
350,1780,420,1780,420,1813,350,1813
613,1780,656,1780,656,1810,613,1810
173,1850,256,1850,256,1876,173,1876
356,1846,400,1846,400,1880,356,1880
270,1850,313,1850,313,1883,270,1883
316,1850,350,1850,350,1876,316,1876
506,1850,566,1850,566,1883,506,1883
826,1850,916,1850,916,1883,826,1883
423,1853,490,1853,490,1886,423,1886
590,1853,636,1853,636,1883,590,1883
653,1853,723,1853,723,1890,653,1890
743,1856,806,1856,806,1890,743,1890
230,1878,298,1883,296,1914,228,1909
320,1886,350,1886,350,1913,320,1913
400,1883,490,1883,490,1913,400,1913
353,1886,380,1886,380,1913,353,1913
507,1885,618,1893,616,1925,504,1916
633,1890,746,1890,746,1926,633,1926
146,1916,236,1916,236,1946,146,1946
257,1918,362,1929,358,1959,253,1947
376,1920,450,1920,450,1950,376,1950
470,1930,510,1930,510,1953,470,1953
613,1926,723,1926,723,1956,613,1956
893,1923,986,1932,982,1965,890,1956
530,1930,593,1930,593,1960,530,1960
743,1930,790,1930,790,1960,743,1960
810,1936,876,1936,876,1960,810,1960
210,1953,276,1953,276,1986,210,1986
300,1960,350,1960,350,1986,300,1986
356,1958,510,1962,509,1990,356,1986
526,1960,573,1960,573,1986,526,1986
590,1963,660,1963,660,1993,590,1993
676,1963,740,1963,740,1993,676,1993
743,1966,790,1966,790,2000,743,2000
420,1996,486,1996,486,2030,420,2030
590,1996,656,1996,656,2033,590,2033
506,2000,573,2000,573,2033,506,2033
460,2144,920,2160,919,2199,458,2184
