663,246,766,246,766,270,663,270
535,257,639,248,641,274,537,282
596,276,656,276,656,306,596,306
660,280,703,280,703,303,660,303
1020,280,1070,280,1070,310,1020,310
516,286,580,286,580,310,516,310
915,290,999,283,1001,311,917,318
450,286,493,286,493,313,450,313
850,293,893,293,893,316,850,316
271,301,422,290,424,319,273,330
763,293,830,293,830,323,763,323
233,303,273,303,273,330,233,330
660,306,743,306,743,330,660,330
556,313,640,313,640,336,556,336
513,316,536,316,536,340,513,340
738,325,956,312,958,346,740,359
373,323,423,323,423,350,373,350
433,323,490,323,490,350,433,350
230,330,273,330,273,360,230,360
290,333,353,333,353,356,290,356
676,333,736,333,736,363,676,363
531,341,659,331,661,364,533,374
493,343,536,343,536,376,493,376
426,350,486,350,486,380,426,380
390,360,423,360,423,383,390,383
310,360,373,360,373,390,310,390
231,370,309,365,311,393,233,397
680,373,723,373,723,396,680,396
596,376,666,376,666,400,596,400
493,383,576,383,576,410,493,410
426,383,470,383,470,413,426,413
364,390,422,385,425,416,367,422
473,390,493,390,493,413,473,413
228,400,309,395,311,427,230,432
810,400,850,400,850,420,810,420
723,403,803,403,803,426,723,426
595,410,699,404,701,433,596,438
493,416,596,416,596,443,493,443
423,426,486,426,486,446,423,446
228,436,329,428,331,458,230,466
333,433,386,433,386,456,333,456
780,456,826,456,826,490,780,490
696,463,766,463,766,496,696,496
611,473,679,468,682,499,613,504
530,476,593,476,593,510,530,510
636,510,701,501,705,529,640,538
1021,549,1156,542,1158,576,1023,583
891,555,982,551,984,589,893,594
550,580,593,580,593,610,550,610
486,583,550,583,550,613,486,613
346,590,423,590,423,623,346,623
228,603,332,594,335,629,231,638
424,620,675,603,678,638,427,655
366,626,420,626,420,656,366,656
290,633,333,633,333,663,290,663
230,636,273,636,273,666,230,666
510,653,553,653,553,683,510,683
408,666,505,659,508,688,410,695
233,676,286,676,286,700,233,700
1120,686,1163,686,1163,716,1120,716
1073,690,1120,690,1120,720,1073,720
935,696,1053,692,1054,724,937,729
573,713,616,713,616,746,573,746
636,713,746,713,746,746,636,746
306,733,366,733,366,766,306,766
230,743,290,743,290,766,230,766
785,775,899,770,901,801,786,807
700,780,766,780,766,810,700,810
570,786,636,786,636,816,570,816
445,792,552,786,554,818,446,824
366,800,433,800,433,826,366,826
1096,796,1143,796,1143,826,1096,826
263,800,350,800,350,830,263,830
226,806,240,806,240,826,226,826
960,803,1030,803,1030,833,960,833
441,825,552,820,554,852,443,858
283,830,420,830,420,863,283,863
420,833,443,833,443,856,420,856
1103,830,1166,830,1166,863,1103,863
1030,833,1103,833,1103,863,1030,863
990,840,1026,840,1026,866,990,866
326,866,446,866,446,893,326,893
286,873,306,873,306,896,286,896
545,890,636,883,638,916,547,922
463,893,530,893,530,923,463,923
383,900,446,900,446,926,383,926
320,900,363,900,363,930,320,930
223,906,240,906,240,933,223,933
256,903,300,903,300,930,256,930
1100,903,1146,903,1146,933,1100,933
958,910,1032,905,1035,937,960,943
415,927,549,923,550,956,416,960
276,930,410,930,410,963,276,963
1030,940,1106,940,1106,973,1030,973
1123,940,1170,940,1170,970,1123,970
960,943,1026,943,1026,973,960,973
673,953,740,953,740,983,673,983
633,960,653,960,653,986,633,986
336,963,400,963,400,996,336,996
416,963,460,963,460,993,416,993
276,973,333,973,333,1000,276,1000
1033,1046,1106,1046,1106,1080,1033,1080
1126,1046,1173,1046,1173,1076,1126,1076
963,1053,1016,1053,1016,1083,963,1083
208,1062,293,1071,289,1108,204,1099
1056,1086,1106,1086,1106,1116,1056,1116
1126,1086,1173,1086,1173,1113,1126,1113
535,1099,629,1094,630,1126,537,1131
407,1103,472,1098,475,1129,410,1134
473,1100,520,1100,520,1130,473,1130
203,1100,291,1105,289,1141,201,1136
306,1103,346,1103,346,1133,306,1133
346,1103,390,1103,390,1133,346,1133
1036,1120,1106,1120,1106,1153,1036,1153
963,1123,1030,1123,1030,1156,963,1156
1126,1123,1173,1123,1173,1153,1126,1153
204,1132,290,1141,286,1178,200,1169
303,1140,346,1140,346,1170,303,1170
346,1140,390,1140,390,1166,346,1166
963,1160,1016,1160,1016,1193,963,1193
1036,1160,1106,1160,1106,1193,1036,1193
1130,1160,1173,1160,1173,1190,1130,1190
425,1173,493,1168,495,1201,427,1206
303,1173,403,1173,403,1203,303,1203
200,1176,243,1176,243,1206,200,1206
243,1183,286,1183,286,1206,243,1206
1056,1200,1106,1200,1106,1230,1056,1230
1133,1203,1173,1203,1173,1226,1133,1226
473,1210,540,1210,540,1236,473,1236
556,1206,670,1206,670,1236,556,1236
300,1210,366,1210,366,1240,300,1240
403,1210,446,1210,446,1246,403,1246
200,1213,283,1213,283,1243,200,1243
490,1273,580,1273,580,1310,490,1310
1033,1273,1110,1273,1110,1306,1033,1306
380,1276,470,1276,470,1313,380,1313
986,1276,1013,1276,1013,1306,986,1306
1130,1276,1176,1276,1176,1306,1130,1306
276,1280,320,1280,320,1313,276,1313
316,1280,363,1280,363,1313,316,1313
193,1283,256,1283,256,1313,193,1313
990,1316,1013,1316,1013,1346,990,1346
1036,1313,1110,1313,1110,1346,1036,1346
253,1316,300,1316,300,1350,253,1350
1130,1316,1176,1316,1176,1346,1130,1346
213,1320,240,1320,240,1350,213,1350
310,1386,356,1386,356,1423,310,1423
186,1393,250,1393,250,1423,186,1423
270,1393,313,1393,313,1423,270,1423
396,1393,486,1393,486,1423,396,1423
506,1393,596,1393,596,1426,506,1426
183,1430,270,1430,270,1460,183,1460
286,1430,356,1430,356,1460,286,1460
963,1430,1016,1430,1016,1463,963,1463
1036,1430,1113,1430,1113,1463,1036,1463
1130,1430,1180,1430,1180,1463,1130,1463
180,1503,246,1503,246,1533,180,1533
263,1503,373,1503,373,1536,263,1536
393,1501,502,1511,499,1546,390,1536
220,1536,270,1536,270,1573,220,1573
176,1540,220,1540,220,1573,176,1573
283,1543,373,1543,373,1576,283,1576
393,1543,500,1543,500,1576,393,1576
616,1546,663,1546,663,1576,616,1576
216,1576,266,1576,266,1610,216,1610
173,1580,216,1580,216,1610,173,1610
280,1583,370,1583,370,1613,280,1613
390,1580,498,1588,495,1625,387,1617
216,1613,263,1613,263,1646,216,1646
173,1616,216,1616,216,1646,173,1646
280,1616,326,1616,326,1650,280,1650
346,1620,383,1620,383,1650,346,1650
376,1623,450,1623,450,1656,376,1656
660,1623,706,1623,706,1653,660,1653
200,1696,280,1696,280,1723,200,1723
296,1696,340,1696,340,1733,296,1733
343,1696,380,1696,380,1726,343,1726
386,1696,430,1696,430,1730,386,1730
546,1700,613,1700,613,1733,546,1733
453,1703,523,1703,523,1736,453,1736
636,1703,686,1703,686,1733,636,1733
894,1700,994,1704,993,1744,892,1739
706,1706,780,1706,780,1743,706,1743
800,1706,870,1706,870,1743,800,1743
253,1733,323,1733,323,1766,253,1766
343,1736,380,1736,380,1766,343,1766
430,1736,523,1736,523,1770,430,1770
376,1740,410,1740,410,1766,376,1766
546,1742,664,1746,663,1780,545,1776
783,1750,803,1750,803,1766,783,1766
680,1750,780,1750,780,1783,680,1783
170,1766,260,1766,260,1800,170,1800
277,1770,381,1777,379,1810,274,1802
406,1773,483,1773,483,1806,406,1806
660,1780,780,1780,780,1813,660,1813
503,1786,550,1786,550,1810,503,1810
570,1783,640,1783,640,1816,570,1816
800,1783,850,1783,850,1816,800,1816
967,1784,1066,1793,1062,1828,963,1819
870,1790,943,1790,943,1820,870,1820
233,1806,300,1806,300,1843,233,1843
323,1810,380,1810,380,1840,323,1840
380,1811,550,1816,549,1847,379,1843
570,1816,616,1816,616,1846,570,1846
636,1820,710,1820,710,1850,636,1850
730,1820,800,1820,800,1853,730,1853
800,1823,850,1823,850,1856,800,1856
456,1850,526,1850,526,1886,456,1886
546,1856,620,1856,620,1890,546,1890
636,1856,706,1856,706,1893,636,1893
510,1997,990,2003,989,2036,509,2030
