513,656,606,656,606,680,513,680
623,655,717,660,716,684,622,679
330,683,410,683,410,710,330,710
436,683,476,683,476,710,436,710
236,686,326,686,326,710,236,710
493,686,550,686,550,710,493,710
570,686,623,686,623,710,570,710
623,690,663,690,663,713,623,713
233,713,273,713,273,740,233,740
290,716,346,716,346,740,290,740
363,716,410,716,410,740,363,740
493,716,516,716,516,740,493,740
530,713,608,720,606,747,528,740
623,716,700,716,700,740,623,740
420,720,473,720,473,743,420,743
716,720,776,720,776,743,716,743
793,720,816,720,816,743,793,743
846,720,870,720,870,746,846,746
883,720,920,720,920,743,883,743
940,720,980,720,980,746,940,746
233,746,363,746,363,773,233,773
413,746,473,746,473,770,413,770
476,743,586,743,586,773,476,773
586,743,623,743,623,773,586,773
696,743,883,743,883,773,696,773
380,750,413,750,413,773,380,773
640,746,693,746,693,773,640,773
233,776,310,776,310,803,233,803
366,780,413,780,413,803,366,803
413,776,456,776,456,803,413,803
460,780,553,780,553,803,460,803
570,783,636,783,636,803,570,803
643,783,680,783,680,803,643,803
236,810,326,810,326,833,236,833
480,810,663,810,663,836,480,836
330,813,380,813,380,833,330,833
413,816,463,816,463,833,413,833
680,816,743,816,743,836,680,836
756,816,793,816,793,836,756,836
510,866,570,866,570,896,510,896
733,870,773,870,773,896,733,896
590,873,646,873,646,896,590,896
663,873,720,873,720,896,663,896
233,946,276,946,276,976,233,976
270,946,330,946,330,980,270,980
330,946,413,946,413,976,330,976
473,946,570,946,570,976,473,976
933,946,1050,946,1050,976,933,976
826,950,916,950,916,983,826,983
240,983,276,983,276,1006,240,1006
293,983,333,983,333,1006,293,1006
363,980,406,980,406,1006,363,1006
420,980,476,980,476,1006,420,1006
476,983,643,983,643,1006,476,1006
496,1013,533,1013,533,1036,496,1036
236,1016,276,1016,276,1040,236,1040
416,1016,480,1016,480,1043,416,1043
236,1073,290,1073,290,1096,236,1096
416,1160,516,1160,516,1190,416,1190
886,1160,946,1160,946,1186,886,1186
1003,1163,1040,1163,1040,1183,1003,1183
290,1166,413,1166,413,1190,290,1190
943,1186,1006,1186,1006,1216,943,1216
1004,1193,1059,1188,1061,1212,1007,1218
293,1196,310,1196,310,1220,293,1220
327,1193,401,1197,399,1223,325,1219
400,1196,440,1196,440,1220,400,1220
950,1276,1010,1276,1010,1306,950,1306
916,1283,950,1283,950,1306,916,1306
234,1286,312,1293,309,1321,231,1314
533,1310,616,1310,616,1343,533,1343
973,1313,1010,1313,1010,1333,973,1333
1030,1313,1066,1313,1066,1333,1030,1333
480,1313,520,1313,520,1343,480,1343
233,1320,253,1320,253,1346,233,1346
254,1318,312,1323,309,1351,251,1346
423,1320,476,1320,476,1343,423,1343
330,1323,363,1323,363,1343,330,1343
366,1323,403,1323,403,1343,366,1343
953,1336,1013,1336,1013,1366,953,1366
1033,1340,1066,1340,1066,1363,1033,1363
233,1348,311,1352,309,1380,231,1376
326,1350,363,1350,363,1376,326,1376
366,1353,403,1353,403,1376,366,1376
953,1370,1016,1370,1016,1396,953,1396
1033,1373,1070,1373,1070,1393,1033,1393
440,1380,500,1380,500,1406,440,1406
233,1383,270,1383,270,1410,233,1410
326,1383,426,1383,426,1406,326,1406
270,1386,310,1386,310,1410,270,1410
1036,1403,1073,1403,1073,1426,1036,1426
980,1406,1016,1406,1016,1426,980,1426
481,1415,539,1410,541,1436,483,1441
553,1410,653,1410,653,1436,553,1436
230,1413,270,1413,270,1440,230,1440
326,1416,383,1416,383,1440,326,1440
420,1413,460,1413,460,1443,420,1443
270,1420,310,1420,310,1440,270,1440
960,1460,1023,1460,1023,1490,960,1490
1040,1466,1076,1466,1076,1486,1040,1486
500,1466,580,1466,580,1500,500,1500
343,1470,386,1470,386,1503,343,1503
403,1476,483,1476,483,1503,403,1503
230,1476,286,1476,286,1506,230,1506
310,1480,346,1480,346,1503,310,1503
963,1493,1023,1493,1023,1523,963,1523
1043,1496,1080,1496,1080,1520,1043,1520
286,1506,330,1506,330,1536,286,1536
250,1513,273,1513,273,1536,250,1536
346,1566,386,1566,386,1600,346,1600
306,1570,346,1570,346,1600,306,1600
420,1570,503,1570,503,1600,420,1600
523,1573,600,1573,600,1596,523,1596
230,1573,286,1573,286,1600,230,1600
966,1586,1030,1586,1030,1616,966,1616
1046,1586,1086,1586,1086,1616,1046,1616
230,1606,270,1606,270,1633,230,1633
326,1610,386,1610,386,1633,326,1633
273,1613,310,1613,310,1633,273,1633
426,1669,521,1674,519,1701,425,1696
306,1670,406,1670,406,1700,306,1700
233,1676,253,1676,253,1700,233,1700
253,1676,290,1676,290,1700,253,1700
640,1700,660,1700,660,1720,640,1720
426,1703,520,1703,520,1730,426,1730
230,1703,270,1703,270,1733,230,1733
326,1703,406,1703,406,1736,326,1736
273,1710,313,1710,313,1733,273,1733
423,1731,521,1736,519,1768,421,1763
230,1736,270,1736,270,1766,230,1766
270,1740,313,1740,313,1766,270,1766
330,1740,406,1740,406,1766,330,1766
666,1766,700,1766,700,1786,666,1786
230,1770,270,1770,270,1800,230,1800
270,1770,313,1770,313,1800,270,1800
386,1773,420,1773,420,1796,386,1796
330,1776,366,1776,366,1800,330,1800
416,1776,466,1776,466,1800,416,1800
861,1830,942,1821,945,1847,864,1856
783,1823,843,1823,843,1853,783,1853
700,1834,764,1823,769,1852,704,1863
566,1833,623,1833,623,1860,566,1860
423,1833,466,1833,466,1863,423,1863
646,1836,686,1836,686,1856,646,1856
390,1840,420,1840,420,1863,390,1863
490,1840,546,1840,546,1866,490,1866
256,1843,333,1843,333,1866,256,1866
346,1840,370,1840,370,1870,346,1870
685,1867,766,1860,768,1886,687,1892
466,1863,550,1863,550,1893,466,1893
570,1866,670,1866,670,1893,570,1893
393,1870,450,1870,450,1893,393,1893
313,1873,373,1873,373,1896,313,1896
923,1880,1000,1880,1000,1903,923,1903
790,1886,826,1886,826,1906,790,1906
843,1886,903,1886,903,1903,843,1903
665,1893,766,1889,767,1914,666,1919
450,1900,516,1900,516,1926,450,1926
590,1900,650,1900,650,1923,590,1923
533,1903,570,1903,570,1923,533,1923
236,1906,316,1906,316,1930,236,1930
336,1906,436,1906,436,1930,336,1930
730,1916,786,1916,786,1940,730,1940
790,1916,826,1916,826,1940,790,1940
650,1923,710,1923,710,1946,650,1946
590,1926,633,1926,633,1950,590,1950
430,1930,573,1930,573,1956,430,1956
296,1933,353,1933,353,1963,296,1963
376,1936,423,1936,423,1960,376,1960
650,1953,706,1953,706,1976,650,1976
571,1960,632,1955,635,1981,574,1986
494,1958,558,1963,555,1989,491,1984
535,2065,939,2040,941,2076,537,2100
