570,393,673,393,673,413,570,413
696,392,800,396,799,420,695,416
256,413,296,413,296,436,256,436
300,416,453,416,453,440,300,440
483,416,526,416,526,440,483,440
546,420,610,420,610,443,546,443
630,420,690,420,690,443,630,443
696,420,736,420,736,446,696,446
253,443,296,443,296,466,253,466
313,443,376,443,376,466,313,466
396,440,450,440,450,470,396,470
463,446,520,446,520,473,463,473
543,446,566,446,566,470,543,470
587,443,674,450,672,477,584,470
693,450,776,450,776,473,693,473
796,446,863,446,863,473,796,473
883,453,906,453,906,473,883,473
946,453,986,453,986,476,946,476
990,453,1030,453,1030,480,990,480
1046,453,1096,453,1096,483,1046,483
246,470,313,470,313,500,246,500
313,473,413,473,413,500,313,500
413,473,450,473,450,500,413,500
450,476,516,476,516,500,450,500
520,473,563,473,563,500,520,500
563,473,646,473,646,500,563,500
646,473,690,473,690,503,646,503
693,480,770,480,770,503,693,503
773,476,986,476,986,506,773,506
243,503,330,503,330,533,243,533
453,503,500,503,500,533,453,533
393,510,446,510,446,533,393,533
500,510,620,510,620,533,500,533
627,510,704,514,703,537,625,533
713,513,753,513,753,536,713,536
243,540,350,540,350,570,243,570
353,543,406,543,406,566,353,566
520,543,730,543,730,570,520,570
450,546,500,546,500,566,450,566
753,546,833,546,833,570,753,570
840,550,883,550,883,570,840,570
810,600,856,600,856,633,810,633
553,603,620,603,620,633,553,633
726,603,793,603,793,633,726,633
640,606,706,606,706,633,640,633
646,643,746,643,746,670,646,670
285,710,439,703,441,739,286,746
510,706,573,706,573,736,510,736
573,706,616,706,616,736,573,736
916,710,1023,710,1023,746,916,746
1046,709,1177,713,1176,746,1045,742
250,713,290,713,290,743,250,743
383,743,440,743,440,776,383,776
446,743,703,743,703,776,446,776
250,750,293,750,293,780,250,780
306,750,350,750,350,776,306,776
553,780,600,780,600,810,553,810
444,777,539,786,535,818,441,809
250,786,306,786,306,816,250,816
593,846,640,846,640,883,593,883
250,853,313,853,313,883,250,883
330,853,390,853,390,890,330,890
656,852,767,856,766,890,655,886
956,853,1070,853,1070,883,956,883
1090,853,1180,853,1180,886,1090,886
253,926,266,926,266,950,253,950
290,923,370,923,370,953,290,953
386,923,426,923,426,953,386,953
446,923,510,923,510,953,446,953
530,923,620,923,620,953,530,953
636,923,746,923,746,953,636,953
850,923,916,923,916,953,850,953
763,926,833,926,833,953,763,953
306,956,440,956,440,986,306,986
446,956,530,956,530,990,446,990
533,960,576,960,576,990,533,990
976,963,1046,963,1046,993,976,993
1110,963,1156,963,1156,993,1110,993
310,996,330,996,330,1020,310,1020
346,993,410,993,410,1020,346,1020
676,993,720,993,720,1026,676,1026
720,993,763,993,763,1023,720,1023
426,1000,446,1000,446,1013,426,1013
1000,996,1043,996,1043,1026,1000,1026
1043,996,1116,996,1116,1030,1043,1030
1113,1000,1176,1000,1176,1033,1113,1033
246,1030,266,1030,266,1053,246,1053
306,1030,343,1030,343,1056,306,1056
343,1026,430,1026,430,1056,343,1056
446,1030,553,1030,553,1060,446,1060
570,1030,700,1030,700,1060,570,1060
720,1030,783,1030,783,1060,720,1060
806,1027,897,1031,896,1064,805,1059
303,1060,440,1060,440,1093,303,1093
443,1063,530,1063,530,1093,443,1093
533,1066,550,1066,550,1093,533,1093
550,1066,570,1066,570,1093,550,1093
976,1070,1043,1070,1043,1100,976,1100
1106,1070,1153,1070,1153,1100,1106,1100
303,1096,360,1096,360,1126,303,1126
363,1096,426,1096,426,1126,363,1126
443,1100,486,1100,486,1126,443,1126
656,1103,696,1103,696,1133,656,1133
693,1100,763,1100,763,1133,693,1133
973,1106,1040,1106,1040,1136,973,1136
1040,1106,1113,1106,1113,1140,1040,1140
1130,1110,1176,1110,1176,1140,1130,1140
234,1188,322,1198,318,1235,230,1225
973,1213,1023,1213,1023,1243,973,1243
1040,1213,1110,1213,1110,1246,1040,1246
1126,1216,1173,1216,1173,1246,1126,1246
231,1223,320,1237,315,1272,225,1258
333,1233,420,1233,420,1266,333,1266
440,1236,500,1236,500,1270,440,1270
503,1236,546,1236,546,1270,503,1270
563,1236,653,1236,653,1273,563,1273
1060,1253,1106,1253,1106,1283,1060,1283
1126,1253,1170,1253,1170,1283,1126,1283
228,1256,317,1270,312,1306,223,1292
333,1270,376,1270,376,1300,333,1300
380,1276,420,1276,420,1300,380,1300
970,1283,1016,1283,1016,1313,970,1313
1036,1286,1106,1286,1106,1316,1036,1316
1130,1293,1170,1293,1170,1316,1130,1316
226,1300,266,1300,266,1330,226,1330
270,1303,313,1303,313,1333,270,1333
330,1306,430,1306,430,1336,330,1336
456,1306,523,1306,523,1340,456,1340
970,1320,1020,1320,1020,1350,970,1350
1036,1323,1106,1323,1106,1353,1036,1353
1130,1330,1166,1330,1166,1353,1130,1353
223,1336,310,1336,310,1366,223,1366
330,1340,393,1340,393,1370,330,1370
433,1346,476,1346,476,1376,433,1376
500,1346,563,1346,563,1376,500,1376
583,1345,691,1350,689,1382,582,1378
1056,1360,1103,1360,1103,1390,1056,1390
1130,1366,1170,1366,1170,1390,1130,1390
220,1406,283,1406,283,1436,220,1436
303,1410,390,1410,390,1440,303,1440
426,1410,496,1410,496,1443,426,1443
516,1413,603,1413,603,1446,516,1446
1033,1430,1106,1430,1106,1460,1033,1460
1126,1436,1170,1436,1170,1460,1126,1460
240,1443,266,1443,266,1473,240,1473
280,1443,326,1443,326,1473,280,1473
1033,1466,1103,1466,1103,1496,1033,1496
1123,1466,1170,1466,1170,1496,1123,1496
213,1513,273,1513,273,1543,213,1543
296,1516,340,1516,340,1546,296,1546
336,1516,383,1516,383,1550,336,1550
420,1520,510,1520,510,1553,420,1553
530,1526,616,1526,616,1556,530,1556
210,1546,296,1546,296,1580,210,1580
313,1560,380,1560,380,1583,313,1583
963,1570,1016,1570,1016,1603,963,1603
1033,1573,1106,1573,1106,1606,1033,1606
1123,1576,1173,1576,1173,1610,1123,1610
206,1623,226,1623,226,1650,206,1650
223,1623,266,1623,266,1653,223,1653
286,1620,398,1627,396,1661,285,1654
413,1624,522,1635,519,1670,410,1659
196,1656,240,1656,240,1686,196,1686
240,1656,290,1656,290,1690,240,1690
303,1663,393,1663,393,1696,303,1696
413,1666,520,1666,520,1700,413,1700
630,1673,673,1673,673,1703,630,1703
193,1693,236,1693,236,1723,193,1723
236,1693,286,1693,286,1726,236,1726
300,1696,391,1703,389,1736,298,1729
410,1701,519,1712,515,1746,407,1736
190,1730,236,1730,236,1760,190,1760
233,1730,283,1730,283,1763,233,1763
300,1736,343,1736,343,1766,300,1766
366,1743,400,1743,400,1766,366,1766
406,1743,470,1743,470,1776,406,1776
630,1753,653,1753,653,1780,630,1780
670,1750,713,1750,713,1780,670,1780
216,1807,298,1813,296,1841,214,1834
313,1813,393,1813,393,1846,313,1846
400,1813,443,1813,443,1846,400,1846
466,1823,536,1823,536,1856,466,1856
556,1823,620,1823,620,1856,556,1856
643,1830,690,1830,690,1860,643,1860
710,1833,780,1833,780,1866,710,1866
803,1836,870,1836,870,1873,803,1873
893,1840,986,1840,986,1873,893,1873
270,1846,336,1846,336,1880,270,1880
356,1853,393,1853,393,1883,356,1883
390,1856,423,1856,423,1886,390,1886
440,1856,536,1856,536,1890,440,1890
556,1861,669,1870,666,1905,553,1895
687,1870,784,1876,782,1911,684,1905
180,1880,273,1880,273,1913,180,1913
290,1884,392,1893,389,1927,287,1918
416,1893,493,1893,493,1923,416,1923
510,1900,553,1900,553,1926,510,1926
573,1906,643,1906,643,1940,573,1940
660,1904,781,1910,779,1941,658,1935
800,1913,846,1913,846,1940,800,1940
870,1920,936,1920,936,1943,870,1943
960,1912,1055,1921,1052,1955,957,1946
243,1920,310,1920,310,1956,243,1956
330,1926,386,1926,386,1956,330,1956
393,1927,534,1932,533,1964,392,1959
573,1936,620,1936,620,1966,573,1966
533,1943,553,1943,553,1963,533,1963
640,1943,710,1943,710,1973,640,1973
730,1946,796,1946,796,1976,730,1976
800,1950,846,1950,846,1976,800,1976
460,1970,530,1970,530,2003,460,2003
550,1976,620,1976,620,2010,550,2010
640,1976,706,1976,706,2013,640,2013
476,2113,974,2130,973,2169,475,2152
