563,306,673,306,673,336,563,336
693,308,804,314,802,341,692,335
239,336,446,336,446,366,239,366
473,336,520,336,520,366,473,366
540,340,610,340,610,370,540,370
626,340,693,340,693,370,626,370
693,343,736,343,736,373,693,373
236,370,283,370,283,400,236,400
300,373,370,373,370,403,300,403
390,373,436,373,436,403,390,403
456,376,520,376,520,406,456,406
540,373,566,373,566,403,540,403
586,372,674,376,673,407,585,403
693,373,783,373,783,403,693,403
800,376,870,376,870,406,800,406
886,380,913,380,913,406,886,406
953,383,1040,383,1040,410,953,410
1056,380,1103,380,1103,413,1056,413
236,406,283,406,283,436,236,436
283,406,393,406,393,436,283,436
520,406,693,406,693,440,520,440
410,410,450,410,450,440,410,440
443,410,516,410,516,436,443,436
713,410,776,410,776,440,713,440
780,410,993,410,993,443,780,443
236,443,303,443,303,473,236,473
306,446,326,446,326,473,306,473
390,443,446,443,446,473,390,473
453,443,500,443,500,473,453,473
500,446,610,446,610,476,500,476
633,453,703,453,703,473,633,473
720,453,760,453,760,476,720,476
236,480,346,480,346,513,236,513
630,480,716,480,716,510,630,510
350,486,410,486,410,510,350,510
526,486,633,486,633,510,526,510
450,490,503,490,503,510,450,510
720,490,740,490,740,510,720,510
763,490,843,490,843,513,763,513
850,490,890,490,890,513,850,513
563,550,630,550,630,583,563,583
736,550,806,550,806,583,736,583
823,550,866,550,866,580,823,580
650,553,720,553,720,580,650,580
673,586,740,586,740,620,673,620
290,660,450,660,450,696,290,696
520,660,586,660,586,693,520,693
586,660,630,660,630,693,586,693
930,660,1020,660,1020,696,930,696
1056,660,1186,660,1186,693,1056,693
243,663,290,663,290,693,243,693
456,696,719,696,719,730,456,730
310,700,356,700,356,730,310,730
393,700,440,700,440,730,393,730
250,706,293,706,293,730,250,730
543,736,590,736,590,766,543,766
250,740,306,740,306,766,250,766
453,743,540,743,540,773,453,773
610,803,656,803,656,836,610,836
333,806,400,806,400,843,333,843
674,803,785,811,782,844,671,836
970,806,1080,806,1080,836,970,836
1100,806,1183,806,1183,836,1100,836
250,810,316,810,316,836,250,836
760,876,850,876,850,906,760,906
253,883,270,883,270,910,253,910
293,880,360,880,360,910,293,910
376,880,486,880,486,910,376,910
506,880,616,880,616,910,506,910
633,880,740,880,740,910,633,910
313,913,453,913,453,946,313,946
460,913,590,913,590,946,460,946
1120,913,1163,913,1163,943,1120,943
993,916,1060,916,1060,943,993,943
376,946,443,946,443,980,376,980
716,946,783,946,783,976,716,976
990,946,1056,946,1056,980,990,980
1056,946,1126,946,1126,980,1056,980
313,950,373,950,373,980,313,980
463,950,506,950,506,976,463,976
680,953,720,953,720,980,680,980
1126,953,1183,953,1183,980,1126,980
250,1051,341,1055,339,1091,248,1086
996,1056,1060,1056,1060,1083,996,1083
1056,1053,1126,1053,1126,1083,1056,1083
1143,1053,1183,1053,1183,1083,1143,1083
530,1083,573,1083,573,1120,530,1120
251,1082,342,1091,338,1128,247,1119
593,1086,680,1086,680,1120,593,1120
1080,1086,1126,1086,1126,1116,1080,1116
1143,1086,1186,1086,1186,1116,1143,1116
356,1090,400,1090,400,1120,356,1120
400,1090,443,1090,443,1120,400,1120
463,1090,526,1090,526,1120,463,1120
1060,1120,1126,1120,1126,1153,1060,1153
251,1118,342,1128,339,1162,247,1152
996,1123,1056,1123,1056,1153,996,1153
1143,1123,1186,1123,1186,1153,1143,1153
356,1126,400,1126,400,1153,356,1153
404,1128,448,1133,445,1158,401,1153
993,1156,1043,1156,1043,1190,993,1190
1060,1156,1126,1156,1126,1186,1060,1186
1143,1156,1186,1156,1186,1186,1143,1186
250,1160,340,1160,340,1190,250,1190
356,1160,470,1160,470,1190,356,1190
483,1160,550,1160,550,1190,483,1190
1080,1193,1126,1193,1126,1223,1080,1223
1143,1193,1186,1193,1186,1223,1143,1223
250,1196,340,1196,340,1226,250,1226
356,1196,423,1196,423,1226,356,1226
463,1196,506,1196,506,1230,463,1230
530,1196,596,1196,596,1226,530,1226
613,1196,723,1196,723,1226,613,1226
440,1263,530,1263,530,1296,440,1296
550,1263,636,1263,636,1296,550,1296
1020,1266,1056,1266,1056,1293,1020,1293
1056,1263,1126,1263,1126,1293,1056,1293
1143,1263,1186,1263,1186,1293,1143,1293
250,1266,313,1266,313,1296,250,1296
336,1266,423,1266,423,1296,336,1296
273,1303,296,1303,296,1333,273,1333
313,1300,356,1300,356,1330,313,1330
1020,1303,1056,1303,1056,1330,1020,1330
1056,1300,1123,1300,1123,1330,1056,1330
1126,1303,1186,1303,1186,1330,1126,1330
333,1366,423,1366,423,1400,333,1400
250,1370,313,1370,313,1400,250,1400
460,1370,553,1370,553,1400,460,1400
570,1373,656,1373,656,1400,570,1400
993,1403,1056,1403,1056,1433,993,1433
1056,1403,1126,1403,1126,1433,1056,1433
1143,1403,1186,1403,1186,1433,1143,1433
250,1406,316,1406,316,1436,250,1436
336,1406,403,1406,403,1436,336,1436
423,1410,456,1410,456,1433,423,1433
536,1410,613,1410,613,1436,536,1436
456,1410,510,1410,510,1440,456,1440
253,1476,316,1476,316,1506,253,1506
336,1476,443,1476,443,1506,336,1506
463,1473,568,1481,566,1515,461,1508
250,1510,296,1510,296,1540,250,1540
296,1510,343,1510,343,1540,296,1540
676,1510,723,1510,723,1540,676,1540
356,1513,446,1513,446,1546,356,1546
466,1516,566,1516,566,1540,466,1540
296,1543,343,1543,343,1576,296,1576
253,1546,296,1546,296,1576,253,1576
360,1546,446,1546,446,1576,360,1576
463,1544,558,1549,556,1581,462,1576
296,1576,343,1576,343,1613,296,1613
253,1580,296,1580,296,1613,253,1613
720,1580,766,1580,766,1610,720,1610
360,1583,403,1583,403,1613,360,1613
423,1583,456,1583,456,1613,423,1613
683,1586,703,1586,703,1610,683,1610
453,1586,523,1586,523,1620,453,1620
936,1650,1023,1650,1023,1683,936,1683
280,1654,365,1663,362,1690,277,1681
463,1653,506,1653,506,1683,463,1683
616,1653,680,1653,680,1683,616,1683
763,1653,833,1653,833,1690,763,1690
376,1656,423,1656,423,1690,376,1690
420,1656,456,1656,456,1683,420,1683
530,1656,596,1656,596,1690,530,1690
703,1660,746,1660,746,1683,703,1683
850,1656,916,1656,916,1690,850,1690
336,1690,403,1690,403,1720,336,1720
423,1690,456,1690,456,1720,423,1720
506,1690,596,1690,596,1720,506,1720
616,1689,727,1693,726,1727,615,1723
460,1696,490,1696,490,1720,460,1720
743,1693,833,1693,833,1723,743,1723
853,1723,896,1723,896,1753,853,1753
1000,1721,1092,1730,1089,1762,997,1753
253,1726,340,1726,340,1756,253,1756
360,1725,474,1731,472,1763,358,1757
486,1726,560,1726,560,1756,486,1756
720,1726,833,1726,833,1756,720,1756
573,1730,620,1730,620,1756,573,1756
636,1730,703,1730,703,1763,636,1763
916,1733,983,1733,983,1753,916,1753
786,1760,850,1760,850,1790,786,1790
853,1760,900,1760,900,1793,853,1793
316,1763,380,1763,380,1800,316,1800
400,1763,456,1763,456,1793,400,1793
456,1763,596,1763,596,1793,456,1793
636,1763,683,1763,683,1793,636,1793
700,1763,770,1763,770,1793,700,1793
600,1770,620,1770,620,1793,600,1793
700,1796,766,1796,766,1833,700,1833
530,1800,596,1800,596,1836,530,1836
616,1803,683,1803,683,1836,616,1836
573,1956,1030,1956,1030,1996,573,1996
