1574,472,1805,472,1805,530,1574,530
595,469,1045,517,1038,583,588,535
1296,477,1527,477,1527,524,1296,524
1107,530,1197,530,1197,582,1107,582
1433,530,1575,530,1575,577,1433,577
1244,535,1386,535,1386,577,1244,577
1575,535,1669,535,1669,588,1575,588
588,551,682,551,682,614,588,614
724,567,866,567,866,624,724,624
919,580,1037,588,1033,642,915,634
1334,584,1526,599,1521,658,1330,644
1569,588,1758,588,1758,645,1569,645
1811,588,1953,588,1953,651,1811,651
1244,593,1296,593,1296,640,1244,640
2000,593,2084,593,2084,651,2000,651
2136,593,2325,593,2325,656,2136,656
1060,598,1155,598,1155,656,1060,656
2378,598,2483,598,2483,672,2378,672
577,624,677,624,677,682,577,682
677,635,761,635,761,687,677,687
772,643,915,651,912,700,769,692
955,651,1034,651,1034,703,955,703
1239,656,1564,656,1564,714,1239,714
1029,661,1176,661,1176,714,1029,714
1754,653,2237,666,2236,737,1752,724
1575,666,1743,666,1743,719,1575,719
567,698,756,698,756,756,567,756
904,709,1028,721,1022,777,898,765
1023,729,1139,729,1139,782,1023,782
1138,737,1411,729,1413,782,1139,790
1423,733,1603,742,1600,793,1420,784
1617,745,1706,745,1706,792,1617,792
562,764,931,781,929,839,559,822
1186,794,1670,800,1669,862,1186,855
1024,800,1147,809,1144,855,1020,845
1706,813,1886,820,1884,872,1704,865
1905,824,1995,824,1995,871,1905,871
1270,934,1417,934,1417,1002,1270,1002
1464,945,1611,945,1611,1013,1464,1013
1659,950,1806,950,1806,1018,1659,1018
1848,950,1947,950,1947,1023,1848,1023
1470,1029,1701,1029,1701,1086,1470,1086
525,1116,1025,1134,1023,1211,522,1193
1160,1149,1302,1149,1302,1212,1160,1212
1307,1165,1401,1165,1401,1223,1307,1223
2089,1181,2320,1181,2320,1270,2089,1270
519,1197,619,1197,619,1270,519,1270
2383,1197,2672,1197,2672,1265,2383,1265
661,1212,761,1212,761,1270,661,1270
861,1218,987,1218,987,1286,861,1286
1008,1216,1599,1245,1595,1320,1004,1291
514,1286,640,1286,640,1344,514,1344
984,1298,1250,1328,1241,1404,975,1374
1249,1323,1359,1323,1359,1386,1249,1386
499,1441,653,1450,650,1514,496,1506
692,1461,851,1444,860,1520,701,1538
1349,1475,1443,1475,1443,1548,1349,1548
1496,1488,1747,1505,1741,1579,1491,1561
2189,1502,2437,1510,2435,1572,2187,1564
2488,1506,2682,1506,2682,1575,2488,1575
493,1611,525,1611,525,1659,493,1659
589,1604,737,1612,733,1674,585,1665
788,1614,963,1623,960,1685,785,1676
987,1627,1086,1627,1086,1685,987,1685
1139,1628,1398,1638,1396,1707,1137,1698
1438,1648,1585,1648,1585,1706,1438,1706
625,1683,962,1695,960,1769,622,1757
982,1698,1289,1714,1285,1784,978,1768
2236,1748,2394,1748,2394,1816,2236,1816
2541,1753,2646,1753,2646,1827,2541,1827
625,1765,936,1776,933,1847,622,1837
976,1779,1086,1779,1086,1848,976,1848
1535,1798,1641,1818,1630,1879,1524,1860
1632,1806,1737,1806,1737,1874,1632,1874
2236,1827,2352,1827,2352,1895,2236,1895
2390,1819,2557,1834,2550,1909,2383,1894
2588,1837,2693,1837,2693,1905,2588,1905
487,1987,692,2016,680,2100,475,2071
490,2069,695,2090,686,2172,482,2151
2226,2069,2679,2092,2676,2159,2223,2136
735,2084,936,2091,934,2169,733,2162
981,2100,1233,2100,1233,2178,981,2178
1275,2110,1480,2110,1480,2189,1275,2189
490,2150,698,2165,692,2250,484,2235
2415,2157,2535,2157,2535,2215,2415,2215
2525,2158,2669,2165,2666,2227,2522,2220
740,2168,934,2168,934,2241,740,2241
2205,2220,2341,2220,2341,2278,2205,2278
2352,2220,2648,2237,2645,2301,2349,2285
493,2241,693,2241,693,2315,493,2315
740,2247,967,2255,965,2317,738,2309
1029,2262,1176,2262,1176,2325,1029,2325
2194,2294,2331,2294,2331,2352,2194,2352
2341,2299,2504,2299,2504,2367,2341,2367
2499,2310,2635,2310,2635,2367,2499,2367
491,2324,697,2317,699,2393,494,2400
745,2325,887,2325,887,2388,745,2388
981,2341,1076,2341,1076,2404,981,2404
1134,2342,1278,2349,1275,2406,1131,2398
1323,2352,1564,2352,1564,2409,1323,2409
2378,2378,2483,2378,2483,2436,2378,2436
2525,2383,2619,2383,2619,2441,2525,2441
693,2467,892,2467,892,2546,693,2546
934,2472,1134,2472,1134,2551,934,2551
1181,2478,1375,2478,1375,2551,1181,2551
498,2483,640,2483,640,2551,498,2551
2321,2509,2502,2520,2498,2582,2317,2571
2504,2520,2593,2520,2593,2577,2504,2577
546,2556,745,2556,745,2630,546,2630
2310,2588,2446,2588,2446,2646,2310,2646
2493,2588,2583,2588,2583,2646,2493,2646
504,2709,645,2709,645,2777,504,2777
693,2709,887,2709,887,2782,693,2782
981,2714,1176,2714,1176,2772,981,2772
1223,2719,1412,2719,1412,2777,1223,2777
509,2787,698,2787,698,2861,509,2861
735,2798,882,2798,882,2856,735,2856
2152,2803,2257,2803,2257,2861,2152,2861
2289,2803,2436,2803,2436,2866,2289,2866
2472,2803,2556,2803,2556,2861,2472,2861
982,2935,1209,2943,1206,3005,980,2997
689,2951,933,2938,937,3008,693,3020
509,2950,651,2950,651,3018,509,3018
1412,2997,1538,2997,1538,3055,1412,3055
981,3008,1202,3008,1202,3066,981,3066
598,3013,708,3013,708,3087,598,3087
739,3025,931,3004,938,3069,746,3090
504,3024,598,3024,598,3092,504,3092
981,3076,1202,3076,1202,3134,981,3134
603,3087,708,3087,708,3165,603,3165
742,3090,933,3079,937,3141,746,3152
509,3097,603,3097,603,3165,509,3165
1533,3129,1622,3129,1622,3181,1533,3181
1443,3134,1496,3134,1496,3186,1443,3186
892,3155,1107,3155,1107,3223,892,3223
609,3165,708,3165,708,3239,609,3239
750,3165,845,3165,845,3234,750,3234
514,3176,609,3176,609,3239,514,3239
1485,3260,1575,3260,1575,3312,1485,3312
1611,3266,1750,3250,1757,3316,1618,3332
1312,3265,1438,3265,1438,3333,1312,3333
1800,3270,1932,3270,1932,3344,1800,3344
1979,3276,2157,3276,2157,3339,1979,3339
987,3302,1081,3302,1081,3370,987,3370
1128,3302,1265,3302,1265,3360,1128,3360
887,3318,966,3318,966,3370,887,3370
792,3328,882,3328,882,3391,792,3391
1307,3345,1525,3325,1531,3384,1313,3405
567,3333,750,3333,750,3391,567,3391
1570,3331,1756,3342,1752,3404,1566,3393
1758,3344,1795,3344,1795,3370,1758,3370
1076,3371,1263,3352,1269,3413,1082,3431
892,3386,966,3386,966,3444,892,3444
966,3391,1034,3391,1034,3438,966,3438
1523,3388,1752,3408,1746,3471,1517,3451
703,3396,845,3396,845,3454,703,3454
1348,3414,1474,3396,1482,3452,1356,3470
1790,3412,1879,3412,1879,3475,1790,3475
1223,3433,1307,3433,1307,3486,1223,3486
1926,3433,2058,3433,2058,3486,1926,3486
2107,3423,2295,3447,2287,3512,2099,3488
1024,3444,1179,3430,1185,3496,1030,3510
1472,3454,1612,3471,1605,3527,1465,3510
1349,3465,1433,3465,1433,3522,1349,3522
749,3475,965,3467,968,3530,751,3538
971,3475,997,3475,997,3517,971,3517
512,3481,702,3471,705,3535,515,3545
1648,3480,1785,3480,1785,3543,1648,3543
1785,3491,1879,3491,1879,3554,1785,3554
964,3535,1304,3485,1313,3547,973,3597
1471,3522,1606,3539,1598,3605,1463,3588
850,3538,971,3538,971,3596,850,3596
1295,3554,1426,3532,1435,3591,1304,3613
656,3555,795,3539,802,3605,664,3621
1125,3581,1259,3572,1263,3630,1129,3640
1200,3805,2135,3866,2128,3960,1193,3899
