1223,157,1466,166,1464,228,1221,220
1512,159,1751,177,1747,239,1507,220
509,236,987,236,987,299,509,299
1029,236,1128,236,1128,304,1029,304
1178,236,1327,251,1321,312,1171,297
1370,241,1517,241,1517,309,1370,309
1512,241,1611,241,1611,320,1512,320
504,309,603,309,603,378,504,378
840,315,960,315,960,378,840,378
645,320,792,320,792,378,645,378
987,320,1092,320,1092,393,987,393
1181,320,1233,320,1233,378,1181,378
1278,309,1476,331,1468,404,1270,382
1512,320,1701,320,1701,383,1512,383
1753,325,1900,325,1900,388,1753,388
1937,330,2026,330,2026,393,1937,393
2072,334,2261,327,2264,398,2074,405
2315,336,2415,336,2415,414,2315,414
504,393,609,393,609,462,504,462
603,393,882,393,882,456,603,456
887,399,971,399,971,462,887,462
966,399,1113,399,1113,456,966,456
1139,399,1695,399,1695,467,1139,467
1701,400,2174,406,2173,478,1700,472
504,472,698,472,698,540,504,540
845,477,971,477,971,546,845,546
1039,477,1081,477,1081,540,1039,540
987,483,1039,483,1039,540,987,540
1081,483,1354,483,1354,546,1081,546
1370,493,1548,493,1548,546,1370,546
1564,498,1653,498,1653,546,1564,546
509,554,883,560,881,625,508,619
1139,561,1611,561,1611,630,1139,630
976,577,1097,577,1097,624,976,624
1653,577,1832,577,1832,624,1653,624
1848,577,1942,577,1942,630,1848,630
1795,708,1895,708,1895,787,1795,787
1611,714,1753,714,1753,787,1611,787
1225,722,1373,714,1377,787,1229,794
1417,724,1564,724,1564,792,1417,792
1464,803,1611,803,1611,861,1464,861
2026,950,2252,950,2252,1044,2026,1044
514,955,619,955,619,1023,514,1023
614,955,981,955,981,1028,614,1028
1134,960,1270,960,1270,1029,1134,1029
1275,960,1375,960,1375,1029,1275,1029
2310,966,2583,966,2583,1034,2310,1034
519,1029,619,1029,619,1102,519,1102
661,1039,766,1039,766,1107,661,1107
855,1039,976,1039,976,1107,855,1107
997,1039,1564,1039,1564,1113,997,1113
519,1118,651,1118,651,1181,519,1181
1186,1128,1281,1128,1281,1186,1186,1186
981,1134,1170,1134,1170,1202,981,1202
1328,1270,1422,1270,1422,1349,1328,1349
525,1275,666,1275,666,1338,525,1338
2399,1275,2588,1275,2588,1344,2399,1344
719,1281,866,1281,866,1359,719,1359
1470,1278,1709,1292,1705,1367,1466,1354
2121,1281,2357,1281,2357,1344,2121,1344
535,1443,567,1443,567,1496,535,1496
630,1438,871,1438,871,1506,630,1506
1512,1438,1664,1438,1664,1506,1512,1506
908,1443,981,1443,981,1501,908,1501
987,1443,1050,1443,1050,1501,987,1501
1097,1443,1291,1443,1291,1506,1097,1506
1333,1443,1464,1443,1464,1501,1333,1501
2441,1512,2535,1512,2535,1580,2441,1580
677,1517,866,1517,866,1585,677,1585
871,1517,992,1517,992,1585,871,1585
1002,1517,1291,1517,1291,1585,1002,1585
2157,1517,2299,1517,2299,1575,2157,1575
2300,1580,2584,1590,2582,1663,2297,1653
682,1590,923,1590,923,1658,682,1658
2210,1590,2299,1590,2299,1648,2210,1648
920,1601,1054,1593,1057,1652,924,1660
1470,1596,1559,1596,1559,1659,1470,1659
1559,1596,1701,1596,1701,1659,1559,1659
535,1669,582,1669,582,1732,535,1732
635,1674,882,1674,882,1737,635,1737
918,1674,987,1674,987,1732,918,1732
1013,1674,1149,1674,1149,1737,1013,1737
1197,1674,1338,1674,1338,1737,1197,1737
1380,1674,1517,1674,1517,1737,1380,1737
1559,1674,1748,1674,1748,1737,1559,1737
1790,1674,1974,1674,1974,1727,1790,1727
992,1740,1292,1748,1290,1821,990,1812
2436,1743,2535,1743,2535,1806,2436,1806
682,1748,997,1748,997,1816,682,1816
2157,1748,2299,1748,2299,1806,2157,1806
2205,1813,2573,1821,2572,1888,2203,1880
688,1817,1061,1826,1060,1892,686,1884
1468,1827,1695,1818,1697,1884,1470,1893
551,1900,593,1900,593,1958,551,1958
640,1900,792,1900,792,1963,640,1963
829,1900,882,1900,882,1958,829,1958
924,1900,992,1900,992,1958,924,1958
1060,1900,1291,1900,1291,1963,1060,1963
1333,1900,1470,1900,1470,1958,1333,1958
1517,1900,1606,1900,1606,1958,1517,1958
1653,1900,1884,1900,1884,1958,1653,1958
1926,1900,2016,1900,2016,1958,1926,1958
687,1974,1008,1974,1008,2042,687,2042
992,1974,1291,1974,1291,2037,992,2037
2152,1974,2331,1974,2331,2031,2152,2031
2430,1974,2530,1974,2530,2037,2430,2037
693,2047,934,2047,934,2115,693,2115
1559,2047,1701,2047,1701,2110,1559,2110
2199,2047,2441,2047,2441,2110,2199,2110
2441,2047,2567,2047,2567,2110,2441,2110
934,2052,1002,2052,1002,2115,934,2115
997,2052,1060,2052,1060,2105,997,2105
1470,2052,1559,2052,1559,2110,1470,2110
558,2261,755,2275,749,2360,552,2345
2147,2273,2283,2273,2283,2331,2147,2331
2289,2273,2436,2273,2436,2336,2289,2336
2467,2273,2562,2273,2562,2331,2467,2331
792,2336,981,2336,981,2415,792,2415
1021,2340,1254,2333,1256,2409,1024,2416
563,2335,756,2349,750,2433,557,2419
1291,2341,1480,2341,1480,2409,1291,2409
2331,2346,2430,2346,2430,2409,2331,2409
2430,2346,2562,2346,2562,2409,2430,2409
792,2415,976,2415,976,2483,792,2483
563,2414,755,2426,750,2506,558,2494
2147,2420,2273,2420,2273,2478,2147,2478
2289,2420,2436,2420,2436,2483,2289,2483
2462,2420,2556,2420,2556,2478,2462,2478
1071,2488,1207,2488,1207,2551,1071,2551
2283,2488,2430,2488,2430,2551,2283,2551
2462,2488,2556,2488,2556,2551,2462,2551
798,2493,1013,2493,1013,2562,798,2562
2147,2493,2273,2493,2273,2551,2147,2551
561,2504,745,2504,745,2562,561,2562
563,2572,754,2562,758,2640,568,2650
792,2578,931,2563,938,2628,800,2644
1023,2567,1113,2567,1113,2640,1023,2640
1165,2567,1296,2567,1296,2625,1165,2625
1338,2567,1564,2567,1564,2625,1338,2625
2331,2567,2425,2567,2425,2625,2331,2625
2462,2567,2556,2567,2556,2630,2462,2630
1202,2720,1387,2699,1396,2776,1210,2796
756,2709,939,2709,939,2787,756,2787
976,2709,1165,2709,1165,2782,976,2782
2283,2714,2436,2714,2436,2777,2283,2777
2462,2714,2551,2714,2551,2777,2462,2777
2194,2719,2273,2719,2273,2772,2194,2772
572,2724,703,2724,703,2793,572,2793
2194,2787,2241,2787,2241,2845,2194,2845
2283,2787,2430,2787,2430,2856,2283,2856
2425,2787,2556,2787,2556,2850,2425,2850
672,2793,798,2793,798,2861,672,2861
619,2798,672,2798,672,2861,619,2861
752,2935,942,2924,947,3002,757,3013
1254,2934,1433,2934,1433,2997,1254,2997
1002,2940,1207,2940,1207,2997,1002,2997
577,2945,714,2945,714,3008,577,3008
2147,3013,2247,3013,2247,3071,2147,3071
2289,3013,2436,3013,2436,3087,2289,3087
582,3018,761,3018,761,3076,582,3076
803,3018,939,3018,939,3071,803,3071
2430,3018,2556,3018,2556,3081,2430,3081
588,3155,719,3155,719,3213,588,3213
766,3155,987,3155,987,3213,766,3213
1030,3150,1247,3167,1242,3229,1025,3211
679,3215,776,3223,771,3289,673,3280
588,3223,677,3223,677,3286,588,3286
808,3228,992,3228,992,3302,808,3302
1034,3228,1218,3228,1218,3286,1034,3286
1475,3228,1564,3228,1564,3291,1475,3291
1218,3244,1239,3244,1239,3281,1218,3281
682,3291,782,3291,782,3365,682,3365
588,3297,682,3297,682,3365,588,3365
1035,3294,1253,3311,1248,3381,1029,3364
813,3302,987,3302,987,3360,813,3360
677,3365,782,3365,782,3438,677,3438
588,3375,677,3375,677,3444,588,3444
813,3375,903,3375,903,3438,813,3438
945,3375,1013,3375,1013,3433,945,3433
1569,3375,1653,3375,1653,3428,1569,3428
1014,3375,1158,3390,1152,3451,1008,3436
1485,3386,1522,3386,1522,3433,1485,3433
2010,3507,2194,3507,2194,3575,2010,3575
1349,3517,1480,3517,1480,3585,1349,3585
1659,3517,1795,3517,1795,3596,1659,3596
1837,3517,1968,3517,1968,3585,1837,3585
1034,3522,1118,3522,1118,3580,1034,3580
1522,3522,1611,3522,1611,3580,1522,3580
939,3528,1013,3528,1013,3585,939,3585
1172,3519,1306,3534,1299,3595,1166,3580
635,3533,808,3533,808,3591,635,3591
850,3533,939,3533,939,3601,850,3601
1609,3607,1837,3594,1841,3667,1613,3679
761,3601,903,3601,903,3675,761,3675
939,3601,1013,3601,1013,3669,939,3669
1118,3601,1302,3601,1302,3659,1118,3659
1349,3600,1571,3606,1569,3670,1347,3664
1013,3612,1076,3612,1076,3664,1013,3664
1068,3678,1221,3670,1225,3737,1071,3745
1569,3675,1800,3675,1800,3743,1569,3743
1837,3675,1932,3675,1932,3743,1837,3743
2153,3668,2340,3681,2335,3756,2148,3744
1391,3680,1527,3680,1527,3753,1391,3753
577,3685,766,3685,766,3759,577,3759
1260,3685,1349,3685,1349,3738,1260,3738
1974,3685,2105,3685,2105,3738,1974,3738
803,3690,1013,3690,1013,3753,803,3753
1008,3701,1039,3701,1039,3743,1008,3743
1006,3758,1343,3745,1345,3811,1008,3824
1391,3748,1485,3748,1485,3816,1391,3816
1706,3748,1837,3748,1837,3816,1706,3816
1522,3753,1659,3753,1659,3811,1522,3811
1842,3753,1937,3753,1937,3832,1842,3832
714,3764,850,3764,850,3843,714,3843
897,3764,1013,3764,1013,3822,897,3822
1527,3832,1664,3832,1664,3911,1527,3911
1165,3837,1307,3837,1307,3906,1165,3906
1349,3837,1485,3837,1485,3911,1349,3911
