523,516,620,516,620,540,523,540
636,516,733,516,733,540,636,540
230,540,326,540,326,563,230,563
330,542,417,547,416,571,328,566
443,543,483,543,483,566,443,566
503,546,563,546,563,570,503,570
580,546,636,546,636,566,580,566
640,546,676,546,676,570,640,570
870,563,893,563,893,586,870,586
910,561,949,567,945,592,906,585
963,560,1006,560,1006,590,963,590
226,566,266,566,266,586,226,586
736,566,796,566,796,590,736,590
283,570,346,570,346,593,283,593
636,570,716,570,716,593,636,593
366,573,406,573,406,596,366,596
543,573,563,573,563,593,543,593
503,576,523,576,523,593,503,593
563,576,620,576,620,600,563,600
423,580,466,580,466,600,423,600
716,591,906,587,907,616,716,620
223,593,266,593,266,616,223,616
266,596,283,596,283,616,266,616
286,595,365,601,363,625,284,619
483,600,520,600,520,620,483,620
520,600,620,600,620,623,520,623
620,600,636,600,636,620,620,620
640,600,713,600,713,623,640,623
383,603,413,603,413,623,383,623
416,603,476,603,476,623,416,623
223,621,284,626,282,651,221,646
283,626,296,626,296,646,283,646
482,627,559,623,560,646,483,650
363,630,413,630,413,653,363,653
420,630,443,630,443,650,420,650
443,630,460,630,460,650,443,650
460,630,480,630,480,650,460,650
580,630,643,630,643,650,580,650
660,630,696,630,696,650,660,650
220,652,321,659,319,685,218,678
483,653,600,653,600,676,483,676
600,653,656,653,656,673,600,673
698,656,772,651,774,673,700,677
776,653,816,653,816,673,776,673
323,656,363,656,363,680,323,680
416,660,463,660,463,676,416,676
753,700,796,700,796,730,753,730
680,706,740,706,740,730,680,730
516,710,576,710,576,733,516,733
600,710,660,710,660,733,600,733
620,740,696,740,696,763,620,763
253,793,406,793,406,823,253,823
973,793,1096,793,1096,820,973,820
210,796,256,796,256,823,210,823
476,800,576,800,576,823,476,823
856,796,953,796,953,826,856,826
353,826,403,826,403,853,353,853
472,826,659,822,660,855,473,859
270,826,313,826,313,856,270,856
413,826,473,826,473,853,413,853
210,830,253,830,253,856,210,856
213,863,266,863,266,886,213,886
393,861,500,865,499,890,392,886
516,863,560,863,560,886,516,886
210,925,274,930,272,954,208,949
286,931,351,920,355,949,291,959
556,923,600,923,600,950,556,950
620,925,720,930,719,957,618,953
900,923,1003,923,1003,953,900,953
1020,926,1060,926,1060,953,1020,953
1063,930,1100,930,1100,953,1063,953
246,993,290,993,290,1020,246,1020
306,990,373,990,373,1020,306,1020
386,990,456,990,456,1020,386,1020
476,993,540,993,540,1020,476,1020
556,990,623,990,623,1016,556,1016
636,990,720,990,720,1020,636,1020
736,990,823,990,823,1020,736,1020
266,1020,403,1020,403,1053,266,1053
403,1023,536,1023,536,1053,403,1053
923,1026,1000,1026,1000,1053,923,1053
1040,1026,1080,1026,1080,1053,1040,1053
306,1056,373,1056,373,1086,306,1086
390,1060,433,1060,433,1083,390,1083
620,1060,643,1060,643,1086,620,1086
656,1056,720,1056,720,1086,656,1086
940,1056,966,1056,966,1086,940,1086
980,1056,1096,1056,1096,1086,980,1086
270,1063,290,1063,290,1083,270,1083
330,1090,393,1090,393,1120,330,1120
410,1090,456,1090,456,1120,410,1120
473,1090,536,1090,536,1120,473,1120
556,1090,680,1090,680,1120,556,1120
680,1093,700,1093,700,1120,680,1120
206,1096,226,1096,226,1120,206,1120
246,1093,310,1093,310,1120,246,1120
266,1123,406,1123,406,1156,266,1156
410,1123,456,1123,456,1153,410,1153
453,1123,540,1123,540,1153,453,1153
923,1126,996,1126,996,1153,923,1153
1036,1123,1080,1123,1080,1153,1036,1153
916,1156,980,1156,980,1186,916,1186
976,1156,1043,1156,1043,1186,976,1186
1060,1160,1100,1160,1100,1186,1060,1186
263,1160,313,1160,313,1190,263,1190
326,1160,393,1160,393,1190,326,1190
410,1160,456,1160,456,1186,410,1186
616,1160,643,1160,643,1190,616,1190
660,1163,723,1163,723,1186,660,1186
920,1256,980,1256,980,1286,920,1286
980,1256,1043,1256,1043,1286,980,1286
1063,1263,1100,1263,1100,1283,1063,1283
203,1262,291,1266,289,1297,201,1293
476,1290,520,1290,520,1323,476,1323
536,1290,623,1290,623,1323,536,1323
1026,1296,1046,1296,1046,1316,1026,1316
1066,1296,1083,1296,1083,1316,1066,1316
227,1295,292,1300,289,1334,224,1329
310,1296,350,1296,350,1326,310,1326
350,1296,396,1296,396,1326,350,1326
413,1296,473,1296,473,1326,413,1326
206,1303,226,1303,226,1326,206,1326
980,1320,1046,1320,1046,1350,980,1350
923,1326,980,1326,980,1353,923,1353
203,1327,291,1332,289,1364,202,1359
310,1330,353,1330,353,1360,310,1360
350,1330,396,1330,396,1360,350,1360
983,1353,1046,1353,1046,1383,983,1383
920,1356,980,1356,980,1386,920,1386
436,1366,500,1366,500,1393,436,1393
203,1366,246,1366,246,1393,203,1393
246,1366,290,1366,290,1396,246,1396
310,1366,406,1366,406,1393,310,1393
1063,1390,1100,1390,1100,1413,1063,1413
1006,1393,1043,1393,1043,1416,1006,1416
556,1396,663,1396,663,1426,556,1426
203,1400,290,1400,290,1430,203,1430
310,1400,373,1400,373,1430,310,1430
413,1400,456,1400,456,1433,413,1433
480,1403,543,1403,543,1426,480,1426
943,1456,980,1456,980,1480,943,1480
983,1456,1043,1456,1043,1480,983,1480
1063,1456,1103,1456,1103,1480,1063,1480
500,1460,583,1460,583,1493,500,1493
286,1463,376,1463,376,1496,286,1496
436,1463,480,1463,480,1493,436,1493
204,1470,269,1465,271,1496,207,1501
413,1466,436,1466,436,1493,413,1493
943,1490,980,1490,980,1513,943,1513
980,1486,1043,1486,1043,1513,980,1513
1063,1490,1103,1490,1103,1513,1063,1513
270,1500,313,1500,313,1530,270,1530
230,1506,253,1506,253,1533,230,1533
336,1566,380,1566,380,1593,336,1593
418,1570,503,1565,504,1590,420,1595
523,1566,603,1566,603,1590,523,1590
293,1566,336,1566,336,1596,293,1596
210,1570,273,1570,273,1596,210,1596
983,1583,1046,1583,1046,1613,983,1613
1063,1583,1106,1583,1106,1613,1063,1613
920,1586,966,1586,966,1616,920,1616
314,1606,379,1598,382,1623,317,1631
216,1603,300,1603,300,1626,216,1626
423,1659,520,1663,519,1691,422,1687
296,1660,403,1660,403,1690,296,1690
220,1670,280,1670,280,1693,220,1693
623,1686,666,1686,666,1713,623,1713
423,1690,520,1690,520,1720,423,1720
263,1696,306,1696,306,1723,263,1723
320,1693,403,1693,403,1726,320,1726
216,1696,260,1696,260,1726,216,1726
260,1726,306,1726,306,1756,260,1756
323,1730,403,1730,403,1756,323,1756
420,1726,520,1726,520,1756,420,1756
223,1733,263,1733,263,1756,223,1756
663,1750,706,1750,706,1780,663,1780
263,1763,306,1763,306,1790,263,1790
323,1763,363,1763,363,1786,323,1786
380,1760,413,1760,413,1786,380,1786
413,1763,480,1763,480,1793,413,1793
220,1763,260,1763,260,1790,220,1790
870,1820,950,1820,950,1846,870,1846
563,1820,626,1820,626,1850,563,1850
703,1820,770,1820,770,1853,703,1853
646,1826,686,1826,686,1846,646,1846
786,1823,846,1823,846,1853,786,1853
338,1834,415,1827,418,1858,340,1864
420,1826,460,1826,460,1853,420,1853
483,1826,546,1826,546,1856,483,1856
246,1833,326,1833,326,1856,246,1856
460,1856,546,1856,546,1886,460,1886
570,1860,670,1860,670,1886,570,1886
686,1860,770,1860,770,1886,686,1886
383,1863,416,1863,416,1886,383,1886
300,1863,363,1863,363,1893,300,1893
423,1866,446,1866,446,1890,423,1890
663,1886,770,1886,770,1913,663,1913
790,1890,830,1890,830,1913,790,1913
930,1887,1014,1892,1012,1917,928,1912
443,1890,513,1890,513,1920,443,1920
530,1893,570,1893,570,1916,530,1916
586,1890,650,1890,650,1916,586,1916
850,1893,910,1893,910,1913,850,1913
220,1896,303,1896,303,1926,220,1926
323,1900,416,1900,416,1926,323,1926
586,1920,630,1920,630,1946,586,1946
646,1923,710,1923,710,1946,646,1946
726,1920,786,1920,786,1946,726,1946
423,1926,546,1926,546,1953,423,1953
790,1926,833,1926,833,1953,790,1953
550,1930,566,1930,566,1950,550,1950
280,1930,343,1930,343,1963,280,1963
366,1933,416,1933,416,1956,366,1956
646,1953,706,1953,706,1986,646,1986
566,1956,630,1956,630,1990,566,1990
483,1960,550,1960,550,1990,483,1990
530,2100,953,2110,953,2149,529,2139
