1245,29,1530,42,1527,117,1241,104
1580,46,1864,52,1863,125,1578,119
399,104,941,114,939,199,397,189
1018,120,1134,120,1134,199,1018,199
1191,131,1359,131,1359,204,1191,204
1418,126,1698,139,1694,230,1413,216
2257,194,2488,194,2488,278,2257,278
2551,194,2672,194,2672,283,2551,283
399,199,519,199,519,283,399,283
2091,200,2199,209,2193,275,2086,266
1863,210,2037,210,2037,283,1863,283
573,210,750,224,744,300,567,287
803,220,945,220,945,294,803,294
966,225,1123,225,1123,309,966,309
1304,215,1534,238,1526,319,1297,297
1191,231,1260,231,1260,299,1191,299
1580,231,1806,231,1806,304,1580,304
1799,298,2372,285,2374,370,1801,384
409,308,857,321,855,399,407,386
1139,310,1581,320,1579,398,1137,388
966,318,1115,325,1112,384,963,377
1583,325,1784,315,1787,382,1586,392
850,325,939,325,939,383,850,383
798,404,939,404,939,477,798,477
934,404,1023,404,1023,477,934,477
1023,404,1071,404,1071,472,1023,472
414,409,630,409,630,483,414,483
1076,409,1391,409,1391,472,1076,472
1412,420,1611,420,1611,472,1412,472
1638,420,1743,420,1743,472,1638,472
1134,493,1701,493,1701,566,1134,566
409,498,834,498,834,572,409,572
1743,502,1955,510,1952,572,1741,563
945,509,1081,509,1081,561,945,561
1974,514,2079,514,2079,567,1974,567
1911,666,2021,666,2021,756,1911,756
1239,672,1407,672,1407,750,1239,750
1690,672,1858,672,1858,750,1690,750
1464,682,1638,682,1638,750,1464,750
1475,777,1690,777,1690,840,1475,840
389,909,931,923,928,1004,386,990
1129,947,1398,955,1396,1026,1126,1018
2189,953,2453,962,2451,1042,2187,1033
2520,950,2833,971,2828,1048,2515,1028
383,1002,498,1002,498,1076,383,1076
551,1008,666,1008,666,1071,551,1071
782,1013,929,1013,929,1081,782,1081
950,1022,1634,1039,1632,1122,948,1105
372,1097,525,1097,525,1160,372,1160
924,1107,1134,1107,1134,1186,924,1186
1176,1128,1291,1128,1291,1186,1176,1186
593,1265,766,1265,766,1354,593,1354
362,1275,535,1275,535,1344,362,1344
1354,1275,1464,1275,1464,1354,1354,1354
1528,1294,1808,1308,1805,1377,1524,1362
2640,1312,2861,1312,2861,1391,2640,1391
2315,1317,2593,1317,2593,1391,2315,1391
351,1454,388,1454,388,1512,351,1512
640,1451,915,1459,912,1535,638,1527
462,1459,588,1459,588,1527,462,1527
913,1464,1118,1464,1118,1533,913,1533
1182,1462,1362,1470,1359,1543,1178,1534
1412,1464,1527,1464,1527,1533,1412,1533
1585,1464,1816,1464,1816,1538,1585,1538
1879,1467,2217,1475,2215,1545,1878,1537
514,1543,908,1543,908,1622,514,1622
913,1548,1296,1548,1296,1627,913,1627
2399,1568,2569,1575,2566,1639,2396,1632
2735,1575,2850,1575,2850,1643,2735,1643
509,1632,687,1632,687,1706,509,1706
687,1638,876,1638,876,1711,687,1711
934,1638,1055,1638,1055,1711,934,1711
2409,1648,2924,1648,2924,1727,2409,1727
312,1895,568,1918,559,2026,303,2003
2415,1937,2583,1937,2583,2016,2415,2016
2588,1937,2934,1937,2934,2021,2588,2021
314,1995,569,2018,559,2126,304,2102
929,2010,1239,2010,1239,2105,929,2105
624,2015,866,2015,866,2105,624,2105
1296,2021,1533,2021,1533,2105,1296,2105
2646,2031,2940,2031,2940,2110,2646,2110
312,2095,568,2117,559,2225,303,2203
624,2115,871,2115,871,2205,624,2205
2593,2123,2946,2131,2944,2218,2591,2210
2415,2131,2593,2131,2593,2210,2415,2210
315,2220,561,2220,561,2310,315,2310
989,2227,1175,2218,1178,2301,993,2309
619,2226,908,2226,908,2304,619,2304
2415,2226,2598,2226,2598,2304,2415,2304
2593,2226,2945,2226,2945,2315,2593,2315
315,2315,561,2315,561,2409,315,2409
1349,2320,1648,2320,1648,2399,1349,2399
624,2325,808,2325,808,2404,624,2404
929,2325,1050,2325,1050,2415,929,2415
1118,2325,1296,2325,1296,2399,1118,2399
2656,2331,2787,2331,2787,2404,2656,2404
2780,2334,2949,2326,2952,2403,2783,2411
558,2509,812,2499,816,2598,562,2608
867,2502,1111,2512,1107,2600,863,2589
1176,2509,1412,2509,1412,2593,1176,2593
2472,2520,2945,2520,2945,2609,2472,2609
320,2525,498,2525,498,2604,320,2604
2467,2609,2941,2620,2939,2703,2465,2692
519,2619,687,2619,687,2703,519,2703
388,2625,519,2625,519,2703,388,2703
577,2798,813,2798,813,2887,577,2887
327,2817,507,2809,511,2892,331,2900
902,2813,1170,2813,1170,2892,902,2892
1233,2814,1470,2814,1470,2887,1233,2887
2394,2892,2530,2892,2530,2971,2394,2971
2567,2895,2925,2903,2923,2981,2565,2973
1132,2907,1390,2901,1392,2987,1134,2993
574,2911,754,2903,758,2986,578,2994
336,2913,519,2913,519,2992,336,2992
813,2913,903,2913,903,2987,813,2987
908,2924,1055,2924,1055,2997,908,2997
577,3097,876,3097,876,3181,577,3181
935,3087,1221,3104,1216,3186,931,3170
341,3113,519,3113,519,3186,341,3186
1527,3176,1643,3176,1643,3249,1527,3249
939,3181,1218,3181,1218,3265,939,3265
346,3186,593,3186,593,3276,346,3276
632,3201,878,3173,888,3264,642,3292
343,3281,596,3271,600,3364,347,3374
940,3276,1225,3284,1222,3368,938,3359
645,3291,882,3291,882,3365,645,3365
1596,3354,1753,3354,1753,3433,1596,3433
1527,3360,1590,3360,1590,3428,1527,3428
355,3374,602,3367,605,3454,357,3461
824,3381,913,3381,913,3454,824,3454
651,3386,766,3386,766,3454,651,3454
918,3391,1102,3391,1102,3465,918,3465
2182,3506,2396,3474,2405,3531,2191,3563
1976,3508,2125,3499,2129,3564,1979,3572
1741,3536,1912,3505,1923,3567,1752,3598
1354,3538,1517,3538,1517,3612,1354,3612
1577,3545,1693,3534,1698,3589,1582,3600
950,3549,1060,3549,1060,3612,950,3612
829,3554,918,3554,918,3612,829,3612
1128,3559,1296,3559,1296,3622,1128,3622
435,3564,661,3564,661,3622,435,3622
714,3564,819,3564,819,3622,714,3622
1686,3603,1968,3575,1974,3636,1692,3664
2322,3574,2534,3598,2527,3663,2315,3640
1359,3617,1638,3617,1638,3669,1359,3669
834,3622,924,3622,924,3675,834,3675
2120,3650,2265,3621,2274,3664,2128,3693
614,3627,782,3627,782,3680,614,3680
1065,3627,1291,3627,1291,3680,1065,3680
929,3633,1008,3633,1008,3680,929,3680
1958,3638,2063,3638,2063,3690,1958,3690
1628,3665,1899,3639,1904,3695,1633,3721
1254,3685,1349,3685,1349,3722,1254,3722
1412,3685,1575,3685,1575,3738,1412,3738
1010,3696,1190,3681,1194,3732,1014,3747
393,3696,614,3696,614,3759,393,3759
672,3701,966,3701,966,3759,672,3759
1785,3706,2058,3706,2058,3759,1785,3759
964,3745,1348,3733,1350,3779,966,3791
1569,3732,1732,3732,1732,3780,1569,3780
1407,3738,1512,3738,1512,3785,1407,3785
803,3769,908,3769,908,3806,803,3806
570,3775,734,3767,736,3818,573,3826
1134,3782,1294,3791,1290,3843,1131,3833
1567,3790,1721,3783,1724,3837,1570,3844
1354,3804,1513,3811,1511,3862,1352,3855
