1118,18,1325,31,1322,85,1115,72
1365,20,1571,26,1569,80,1363,73
503,82,897,75,898,136,504,142
955,84,1039,84,1039,147,955,147
1081,94,1202,94,1202,147,1081,147
1244,94,1359,94,1359,147,1244,147
1365,94,1449,94,1449,152,1365,152
2068,115,2157,115,2157,178,2068,178
1851,132,2019,121,2023,181,1854,191
1566,142,1694,134,1698,190,1570,199
1732,136,1816,136,1816,189,1732,189
504,152,582,152,582,204,504,204
624,152,750,152,750,204,624,204
792,152,892,152,892,204,792,204
913,157,1002,157,1002,215,913,215
1081,157,1155,157,1155,210,1081,210
1163,148,1333,169,1325,230,1155,208
1365,157,1527,157,1527,210,1365,210
1525,207,1936,189,1939,251,1528,269
501,225,665,216,669,273,504,282
672,220,792,220,792,273,672,273
829,225,897,225,897,273,829,273
897,225,1029,225,1029,278,897,278
1044,225,1517,225,1517,283,1044,283
792,288,897,288,897,346,792,346
504,294,666,294,666,351,504,351
897,294,960,294,960,346,897,346
960,299,997,299,997,346,960,346
998,294,1214,302,1212,354,996,346
1407,299,1491,299,1491,346,1407,346
1244,304,1396,304,1396,351,1244,351
1483,360,1642,350,1645,402,1486,411
1653,357,1737,357,1737,399,1653,399
507,367,823,357,825,420,509,430
1044,362,1454,362,1454,420,1044,420
908,378,1008,378,1008,414,908,414
1611,472,1695,472,1695,546,1611,546
1118,488,1244,488,1244,546,1118,546
1449,488,1575,488,1575,546,1449,546
1286,498,1412,498,1412,551,1286,551
1328,561,1412,561,1412,614,1328,614
1412,572,1454,572,1454,614,1412,614
1207,630,1286,630,1286,682,1207,682
1328,630,1449,630,1449,682,1328,682
2060,675,2314,659,2318,721,2064,736
1816,677,2016,677,2016,756,1816,756
1044,698,1155,698,1155,756,1044,756
1165,698,1249,698,1249,761,1165,761
519,703,609,703,609,771,519,771
603,703,908,703,908,766,603,766
922,769,1411,758,1413,822,924,832
525,771,609,771,609,840,525,840
803,771,903,771,903,829,803,829
640,777,724,777,724,829,640,829
1086,840,1165,840,1165,892,1086,892
525,850,614,850,614,903,525,903
882,850,1055,850,1055,908,882,908
2152,939,2320,939,2320,1002,2152,1002
1207,955,1291,955,1291,1029,1207,1029
1905,955,2110,955,2110,1013,1905,1013
1333,965,1539,971,1537,1032,1331,1026
682,976,803,976,803,1039,682,1039
525,981,645,981,645,1034,525,1034
1575,1097,1748,1097,1748,1155,1575,1155
1207,1102,1538,1102,1538,1160,1207,1160
966,1107,1176,1107,1176,1165,966,1165
530,1118,556,1118,556,1165,530,1165
603,1113,687,1113,687,1165,603,1165
724,1113,803,1113,803,1165,724,1165
840,1113,918,1113,918,1165,840,1165
2194,1155,2278,1155,2278,1207,2194,1207
1942,1165,2073,1165,2073,1218,1942,1218
645,1176,908,1176,908,1233,645,1233
924,1176,1165,1176,1165,1233,924,1233
2068,1218,2320,1218,2320,1281,2068,1281
1942,1228,2068,1228,2068,1286,1942,1286
1331,1239,1537,1230,1540,1296,1334,1305
645,1244,735,1244,735,1296,645,1296
761,1244,887,1244,887,1296,761,1296
924,1244,1008,1244,1008,1296,924,1296
1456,1313,1579,1305,1582,1359,1459,1366
1622,1307,1706,1307,1706,1359,1622,1359
1743,1307,1827,1307,1827,1359,1743,1359
1050,1312,1254,1312,1254,1365,1050,1365
1296,1312,1417,1312,1417,1365,1296,1365
530,1323,567,1323,567,1370,530,1370
603,1317,682,1317,682,1370,603,1370
729,1317,813,1317,813,1370,729,1370
850,1317,913,1317,913,1370,850,1370
908,1317,1013,1317,1013,1365,908,1365
2194,1359,2278,1359,2278,1412,2194,1412
1942,1370,2073,1370,2073,1422,1942,1422
645,1380,913,1380,913,1438,645,1438
913,1380,1176,1380,1176,1438,913,1438
2065,1433,2214,1424,2217,1484,2069,1493
2205,1428,2320,1428,2320,1485,2205,1485
1942,1438,2063,1438,2063,1491,1942,1491
771,1449,892,1449,892,1506,771,1506
934,1449,1013,1449,1013,1506,934,1506
1501,1454,1533,1454,1533,1501,1501,1501
651,1454,735,1454,735,1506,651,1506
1296,1512,1464,1512,1464,1569,1296,1569
609,1517,693,1517,693,1569,609,1569
729,1517,855,1517,855,1569,729,1569
934,1517,1102,1517,1102,1569,934,1569
1139,1517,1260,1517,1260,1569,1139,1569
2194,1564,2278,1564,2278,1617,2194,1617
1942,1575,2073,1575,2073,1627,1942,1627
651,1580,918,1580,918,1638,651,1638
918,1580,1181,1580,1181,1638,918,1638
2068,1632,2205,1632,2205,1690,2068,1690
2205,1632,2320,1632,2320,1695,2205,1695
1942,1638,2068,1638,2068,1695,1942,1695
771,1648,897,1648,897,1706,771,1706
651,1653,740,1653,740,1706,651,1706
934,1653,1018,1653,1018,1701,934,1701
1506,1659,1533,1659,1533,1701,1506,1701
1543,1711,1821,1711,1821,1769,1543,1769
976,1716,1344,1716,1344,1774,976,1774
1380,1716,1496,1716,1496,1769,1380,1769
614,1722,782,1722,782,1774,614,1774
813,1722,924,1722,924,1779,813,1779
2194,1769,2278,1769,2278,1821,2194,1821
1942,1774,2105,1774,2105,1827,1942,1827
777,1779,918,1779,918,1837,777,1837
939,1779,1176,1779,1176,1837,939,1837
656,1785,777,1785,777,1837,656,1837
1942,1837,2204,1837,2204,1895,1942,1895
2236,1837,2325,1837,2325,1895,2236,1895
777,1848,897,1848,897,1905,777,1905
939,1848,1018,1848,1018,1900,939,1900
1344,1848,1543,1848,1543,1905,1344,1905
656,1853,740,1853,740,1905,656,1905
540,1921,572,1921,572,1974,540,1974
1186,1916,1307,1916,1307,1968,1186,1968
609,1921,693,1921,693,1974,609,1974
735,1921,819,1921,819,1974,735,1974
861,1921,976,1921,976,1974,861,1974
1018,1921,1144,1921,1144,1968,1018,1968
1942,1979,2073,1979,2073,2031,1942,2031
2194,1979,2278,1979,2278,2031,2194,2031
651,1984,819,1984,819,2042,651,2042
819,1984,1181,1984,1181,2037,819,2037
2074,2032,2207,2040,2204,2102,2070,2094
1341,2047,1542,2039,1545,2099,1344,2108
1989,2042,2042,2042,2042,2094,1989,2094
2205,2042,2325,2042,2325,2100,2205,2100
656,2047,866,2047,866,2105,656,2105
863,2052,980,2045,984,2099,866,2106
537,2239,703,2254,697,2323,531,2308
1905,2247,1989,2247,1989,2304,1905,2304
1989,2247,2073,2247,2073,2304,1989,2304
2068,2247,2205,2247,2205,2304,2068,2304
2236,2247,2320,2247,2320,2299,2236,2299
1186,2299,1349,2299,1349,2362,1186,2362
819,2304,908,2304,908,2378,819,2378
1065,2304,1155,2304,1155,2373,1065,2373
543,2300,710,2322,701,2388,534,2366
2115,2310,2199,2310,2199,2367,2115,2367
740,2315,819,2315,819,2373,740,2373
939,2315,1065,2315,1065,2367,939,2367
2236,2315,2320,2315,2320,2367,2236,2367
542,2366,708,2380,702,2449,536,2435
819,2378,903,2378,903,2436,819,2436
1995,2378,2068,2378,2068,2436,1995,2436
2073,2378,2205,2378,2205,2441,2073,2441
740,2383,819,2383,819,2436,740,2436
1905,2383,1984,2383,1984,2436,1905,2436
2236,2383,2320,2383,2320,2436,2236,2436
546,2441,703,2441,703,2504,546,2504
979,2452,1106,2444,1109,2500,982,2509
1911,2446,2037,2446,2037,2504,1911,2504
740,2451,929,2451,929,2504,740,2504
2073,2451,2199,2451,2199,2504,2073,2504
2241,2451,2320,2451,2320,2509,2241,2509
546,2509,708,2509,708,2572,546,2572
745,2514,866,2514,866,2572,745,2572
1071,2514,1191,2514,1191,2567,1071,2567
1223,2514,1422,2514,1422,2567,1223,2567
1911,2514,1995,2514,1995,2572,1911,2572
1995,2514,2068,2514,2068,2572,1995,2572
945,2520,1023,2520,1023,2577,945,2577
2073,2520,2205,2520,2205,2577,2073,2577
2241,2520,2325,2520,2325,2577,2241,2577
1113,2630,1265,2630,1265,2698,1113,2698
703,2635,871,2635,871,2698,703,2698
908,2635,1065,2635,1065,2698,908,2698
551,2646,661,2646,661,2698,551,2698
1989,2651,2042,2651,2042,2703,1989,2703
2079,2651,2199,2651,2199,2709,2079,2709
2241,2656,2320,2656,2320,2709,2241,2709
582,2714,635,2714,635,2766,582,2766
661,2714,745,2714,745,2772,661,2772
1989,2719,2042,2719,2042,2772,1989,2772
2079,2719,2194,2719,2194,2777,2079,2777
2205,2724,2320,2724,2320,2777,2205,2777
708,2835,866,2835,866,2898,708,2898
551,2845,666,2845,666,2898,551,2898
908,2845,1107,2845,1107,2903,908,2903
1149,2845,1312,2845,1312,2898,1149,2898
551,2903,714,2903,714,2961,551,2961
750,2908,871,2908,871,2961,750,2961
1905,2908,2063,2908,2063,2966,1905,2966
2068,2913,2205,2913,2205,2966,2068,2966
2236,2913,2315,2913,2315,2971,2236,2971
552,3037,675,3045,671,3102,548,3093
714,3039,829,3039,829,3092,714,3092
950,3039,1071,3039,1071,3092,950,3092
1911,3045,2063,3045,2063,3102,1911,3102
2068,3045,2236,3045,2236,3102,2068,3102
2231,3045,2315,3045,2315,3102,2231,3102
1107,3050,1260,3050,1260,3108,1107,3108
712,3168,912,3162,914,3223,714,3229
951,3162,1126,3177,1121,3236,946,3222
551,3171,672,3171,672,3228,551,3228
635,3228,719,3228,719,3291,635,3291
955,3234,1144,3234,1144,3291,955,3291
551,3239,630,3239,630,3291,551,3291
750,3239,913,3239,913,3302,750,3302
1354,3239,1433,3239,1433,3291,1354,3291
635,3297,719,3297,719,3360,635,3360
955,3297,1147,3309,1143,3374,951,3362
551,3307,630,3307,630,3360,551,3360
750,3307,913,3307,913,3360,750,3360
635,3365,724,3365,724,3433,635,3433
551,3370,630,3370,630,3428,551,3428
871,3370,934,3370,934,3423,871,3423
1354,3370,1401,3370,1401,3428,1354,3428
1433,3370,1512,3370,1512,3428,1433,3428
750,3375,834,3375,834,3428,750,3428
934,3375,1060,3375,1060,3433,934,3433
1233,3496,1349,3496,1349,3554,1233,3554
603,3501,756,3501,756,3554,603,3554
950,3501,1029,3501,1029,3554,950,3554
1391,3501,1475,3501,1475,3554,1391,3554
1512,3501,1638,3501,1638,3570,1512,3570
1838,3496,2002,3503,1999,3571,1835,3564
787,3507,871,3507,871,3564,787,3564
871,3507,934,3507,934,3554,871,3554
1076,3507,1197,3507,1197,3564,1076,3564
1674,3507,1795,3507,1795,3564,1674,3564
714,3570,834,3570,834,3622,714,3622
871,3570,939,3570,939,3622,871,3622
1034,3570,1197,3570,1197,3622,1034,3622
1233,3568,1439,3575,1437,3634,1231,3627
1467,3580,1679,3568,1683,3630,1471,3642
934,3575,992,3575,992,3622,934,3622
561,3627,719,3627,719,3685,561,3685
992,3633,1123,3633,1123,3690,992,3690
1433,3633,1638,3633,1638,3690,1433,3690
1674,3633,1753,3633,1753,3685,1674,3685
756,3636,941,3644,938,3699,753,3692
1275,3638,1396,3638,1396,3701,1275,3701
1155,3643,1239,3643,1239,3685,1155,3685
1796,3641,1919,3649,1915,3698,1792,3689
1959,3639,2126,3660,2119,3720,1951,3699
1275,3690,1354,3690,1354,3748,1275,3748
677,3696,792,3696,792,3759,677,3759
939,3696,1239,3696,1239,3753,939,3753
1554,3696,1669,3696,1669,3753,1554,3753
834,3701,939,3701,939,3748,834,3748
1391,3701,1517,3701,1517,3753,1391,3753
1674,3701,1758,3701,1758,3759,1674,3759
1076,3764,1197,3764,1197,3827,1076,3827
1396,3764,1512,3764,1512,3827,1396,3827
1239,3769,1359,3769,1359,3827,1239,3827
