686,430,773,430,773,450,686,450
586,436,673,436,673,456,586,456
976,446,1013,446,1013,470,976,470
926,453,956,453,956,466,926,466
636,456,686,456,686,476,636,476
686,456,723,456,723,476,686,476
840,460,860,460,860,476,840,476
893,460,920,460,920,473,893,473
520,463,553,463,553,483,520,483
566,463,620,463,620,480,566,480
770,463,823,463,823,483,770,483
338,471,496,463,497,486,340,494
685,473,752,468,754,488,686,494
751,485,925,470,928,495,753,510
600,480,670,480,670,500,600,500
450,490,493,490,493,506,450,506
685,495,749,488,751,509,687,516
336,493,370,493,370,513,336,513
383,493,436,493,436,510,383,510
583,500,650,500,650,523,583,523
490,506,546,506,546,526,490,526
550,506,583,506,583,523,550,523
466,510,493,510,493,530,466,530
331,520,449,509,451,533,333,544
703,516,736,516,736,536,703,536
633,523,686,523,686,536,633,536
492,530,619,524,620,548,493,554
447,536,492,531,495,553,450,558
806,536,840,536,840,553,806,553
736,540,800,540,800,560,736,560
331,547,399,540,401,564,333,571
547,551,718,535,721,561,550,577
493,560,543,560,543,580,493,580
416,566,463,566,463,586,416,586
335,573,413,569,414,594,336,598
783,580,823,580,823,610,783,610
716,586,773,586,773,616,716,616
650,596,703,596,703,620,650,620
580,603,633,603,633,626,580,626
670,623,723,623,723,650,670,650
980,653,1090,653,1090,683,980,683
880,663,963,663,963,693,880,693
550,686,636,686,636,713,550,713
335,701,499,697,500,723,336,728
497,720,706,702,708,734,500,752
450,726,493,726,493,746,450,746
383,730,420,730,420,750,383,750
336,733,370,733,370,753,336,753
586,746,623,746,623,770,586,770
493,753,573,753,573,776,493,776
333,756,380,756,380,780,333,780
1063,770,1096,770,1096,793,1063,793
918,783,1009,774,1011,800,920,809
1026,776,1060,776,1060,796,1026,796
623,796,656,796,656,820,623,820
673,796,763,796,763,820,673,820
397,810,449,805,451,829,400,834
330,810,383,810,383,830,330,830
796,843,870,843,870,866,796,866
726,846,780,846,780,870,726,870
606,853,660,853,660,876,606,876
676,853,713,853,713,873,676,873
536,856,590,856,590,880,536,880
393,856,466,856,466,883,393,883
480,860,520,860,520,880,480,880
1066,860,1083,860,1083,880,1066,880
363,863,396,863,396,883,363,883
940,866,993,866,993,890,940,890
492,884,639,878,640,905,493,911
380,886,493,886,493,910,380,910
990,883,1053,883,1053,913,990,913
1066,886,1103,886,1103,910,1066,910
940,893,993,893,993,916,940,916
726,903,763,903,763,923,726,923
693,906,710,906,710,926,693,926
376,913,426,913,426,936,376,936
430,913,483,913,483,936,430,936
500,913,536,913,536,933,500,933
673,933,713,933,713,953,673,953
590,936,656,936,656,960,590,960
480,940,570,940,570,963,480,963
326,943,343,943,343,963,326,963
360,943,413,943,413,966,360,966
430,943,466,943,466,963,430,963
1053,943,1090,943,1090,966,1053,966
943,946,996,946,996,970,943,970
493,960,606,960,606,990,493,990
376,966,493,966,493,990,376,990
1054,973,1106,968,1108,993,1056,997
943,973,996,973,996,1000,943,1000
996,970,1056,970,1056,996,996,996
730,986,766,986,766,1010,730,1010
430,993,483,993,483,1020,430,1020
500,993,533,993,533,1016,500,1016
376,996,426,996,426,1020,376,1020
746,1010,820,1010,820,1033,746,1033
836,1010,890,1010,890,1030,836,1030
655,1016,733,1012,734,1037,657,1042
532,1020,643,1015,644,1042,533,1047
356,1023,450,1023,450,1046,356,1046
460,1023,490,1023,490,1046,460,1046
496,1023,516,1023,516,1046,496,1046
1056,1026,1093,1026,1093,1050,1056,1050
943,1030,1000,1030,1000,1053,943,1053
530,1043,606,1043,606,1073,530,1073
370,1046,490,1046,490,1076,370,1076
496,1050,533,1050,533,1073,496,1073
1000,1053,1063,1053,1063,1083,1000,1083
1076,1056,1113,1056,1113,1080,1076,1080
946,1060,1000,1060,1000,1086,946,1086
373,1080,423,1080,423,1103,373,1103
426,1080,480,1080,480,1103,426,1103
496,1080,533,1080,533,1100,496,1100
673,1096,733,1096,733,1123,673,1123
640,1103,676,1103,676,1123,640,1123
490,1106,536,1106,536,1130,490,1130
550,1106,626,1106,626,1130,550,1130
356,1110,426,1110,426,1133,356,1133
443,1110,486,1110,486,1130,443,1130
1080,1116,1096,1116,1096,1136,1080,1136
946,1120,1006,1120,1006,1140,946,1140
370,1133,490,1133,490,1160,370,1160
493,1133,570,1133,570,1156,493,1156
566,1130,606,1130,606,1156,566,1156
1003,1140,1063,1140,1063,1170,1003,1170
1080,1143,1116,1143,1116,1166,1080,1166
946,1146,1003,1146,1003,1173,946,1173
420,1160,476,1160,476,1186,420,1186
496,1163,530,1163,530,1186,496,1186
370,1166,420,1166,420,1190,370,1190
953,1233,1006,1233,1006,1260,953,1260
1006,1230,1070,1230,1070,1256,1006,1256
1086,1233,1123,1233,1123,1253,1086,1253
317,1251,391,1255,389,1284,315,1279
1033,1263,1070,1263,1070,1286,1033,1286
1086,1263,1123,1263,1123,1286,1086,1286
603,1273,676,1273,676,1300,603,1300
546,1273,586,1273,586,1303,546,1303
493,1280,546,1280,546,1303,493,1303
317,1281,388,1285,386,1314,315,1309
403,1283,476,1283,476,1306,403,1306
1010,1290,1070,1290,1070,1320,1010,1320
953,1293,996,1293,996,1320,953,1320
1090,1296,1123,1296,1123,1316,1090,1316
317,1311,391,1316,389,1344,315,1339
406,1313,476,1313,476,1336,406,1336
933,1323,996,1323,996,1353,933,1353
1013,1326,1073,1326,1073,1350,1013,1350
1090,1326,1110,1326,1110,1346,1090,1346
510,1340,566,1340,566,1363,510,1363
403,1343,493,1343,493,1366,403,1366
316,1346,386,1346,386,1370,316,1370
1013,1353,1073,1353,1073,1383,1013,1383
1090,1356,1126,1356,1126,1380,1090,1380
620,1366,713,1366,713,1390,620,1390
546,1370,603,1370,603,1393,546,1393
316,1373,386,1373,386,1400,316,1400
403,1373,453,1373,453,1396,403,1396
490,1373,526,1373,526,1396,490,1396
1013,1416,1073,1416,1073,1446,1013,1446
1093,1420,1130,1420,1130,1443,1093,1443
563,1420,640,1420,640,1453,563,1453
980,1423,1016,1423,1016,1446,980,1446
470,1430,543,1430,543,1456,470,1456
378,1435,452,1431,454,1456,380,1461
310,1433,363,1433,363,1460,310,1460
1013,1446,1076,1446,1076,1476,1013,1476
1093,1450,1130,1450,1130,1473,1093,1473
980,1453,1013,1453,1013,1476,980,1476
346,1463,396,1463,396,1493,346,1493
326,1466,346,1466,346,1490,326,1490
1016,1480,1076,1480,1076,1510,1016,1510
1096,1483,1133,1483,1133,1506,1096,1506
980,1486,1000,1486,1000,1510,980,1510
356,1490,396,1490,396,1520,356,1520
323,1496,360,1496,360,1523,323,1523
373,1550,453,1550,453,1583,373,1583
480,1556,566,1556,566,1580,480,1580
586,1556,660,1556,660,1580,586,1580
303,1560,356,1560,356,1583,303,1583
940,1576,1006,1576,1006,1606,940,1606
1020,1576,1083,1576,1083,1606,1020,1606
1096,1576,1136,1576,1136,1603,1096,1603
300,1586,376,1586,376,1616,300,1616
391,1593,452,1588,454,1614,393,1619
1020,1640,1083,1640,1083,1670,1020,1670
1103,1643,1140,1643,1140,1666,1103,1666
486,1650,546,1650,546,1676,486,1676
563,1650,636,1650,636,1676,563,1676
300,1650,356,1650,356,1680,300,1680
373,1650,430,1650,430,1676,373,1676
456,1653,483,1653,483,1680,456,1680
640,1713,740,1713,740,1740,640,1740
753,1710,793,1710,793,1740,753,1740
373,1713,470,1713,470,1743,373,1743
486,1711,584,1716,582,1748,484,1742
296,1716,356,1716,356,1743,296,1743
700,1743,946,1743,946,1769,700,1769
353,1746,413,1746,413,1776,353,1776
433,1750,480,1750,480,1773,433,1773
490,1750,510,1750,510,1773,490,1773
296,1750,336,1750,336,1776,296,1776
336,1773,380,1773,380,1806,336,1806
643,1776,660,1776,660,1803,643,1803
680,1776,720,1776,720,1800,680,1800
390,1776,470,1776,470,1810,390,1810
489,1780,582,1776,584,1803,490,1807
296,1780,336,1780,336,1806,296,1806
640,1806,680,1806,680,1836,640,1836
696,1806,740,1806,740,1833,696,1833
296,1810,336,1810,336,1840,296,1840
333,1810,380,1810,380,1840,333,1840
396,1813,470,1813,470,1840,396,1840
490,1812,580,1816,579,1844,489,1840
703,1843,756,1843,756,1870,703,1870
336,1846,380,1846,380,1873,336,1873
390,1843,433,1843,433,1873,390,1873
453,1846,483,1846,483,1870,453,1870
296,1846,336,1846,336,1873,296,1873
480,1850,543,1850,543,1876,480,1876
913,1903,993,1903,993,1930,913,1930
623,1903,680,1903,680,1933,623,1933
836,1903,893,1903,893,1933,836,1933
408,1914,482,1907,485,1938,410,1944
486,1906,526,1906,526,1933,486,1933
703,1910,740,1910,740,1933,703,1933
756,1906,816,1906,816,1936,756,1936
323,1913,396,1913,396,1936,323,1936
543,1910,606,1910,606,1940,543,1940
373,1940,433,1940,433,1970,373,1970
453,1943,510,1943,510,1966,453,1966
526,1940,606,1940,606,1966,526,1966
623,1940,723,1940,723,1970,623,1970
736,1940,820,1940,820,1970,736,1970
970,1964,1055,1973,1052,2005,967,1995
720,1970,820,1970,820,2000,720,2000
836,1970,876,1970,876,1996,836,1996
296,1973,376,1973,376,2003,296,2003
510,1976,573,1976,573,2003,510,2003
643,1973,703,1973,703,2003,643,2003
896,1976,956,1976,956,1996,896,1996
393,1980,493,1980,493,2006,393,2006
590,1980,626,1980,626,2000,590,2000
643,2003,683,2003,683,2033,643,2033
776,2003,836,2003,836,2033,776,2033
356,2006,413,2006,413,2040,356,2040
433,2010,483,2010,483,2036,433,2036
482,2012,606,2006,607,2033,483,2038
703,2010,763,2010,763,2033,703,2033
836,2006,880,2006,880,2036,836,2036
606,2013,626,2013,626,2033,606,2033
700,2036,760,2036,760,2070,700,2070
543,2040,606,2040,606,2073,543,2073
623,2040,686,2040,686,2073,623,2073
583,2183,999,2178,1000,2218,583,2223
563,2186,583,2186,583,2206,563,2206
