557,495,654,501,653,525,555,519
673,499,767,503,766,527,672,523
270,526,453,526,453,553,270,553
476,523,520,523,520,550,476,550
537,524,598,530,596,556,535,550
616,530,673,530,673,553,616,553
673,533,713,533,713,556,673,556
940,546,980,546,980,573,940,573
996,543,1040,543,1040,573,996,573
903,550,940,550,940,576,903,576
263,553,306,553,306,580,263,580
320,553,383,553,383,580,320,580
403,556,450,556,450,580,403,580
577,553,658,562,655,588,574,579
766,553,830,553,830,580,766,580
846,556,883,556,883,580,846,580
460,560,516,560,516,583,460,583
540,560,573,560,573,580,540,580
673,560,750,560,750,583,673,583
745,583,939,573,941,608,747,617
266,586,403,586,403,613,266,613
516,583,560,583,560,613,516,613
556,583,636,583,636,613,556,613
636,586,673,586,673,613,636,613
420,590,453,590,453,613,420,613
453,590,513,590,513,610,453,610
673,590,746,590,746,613,673,613
266,620,343,620,343,643,266,643
403,620,453,620,453,643,403,643
460,620,483,620,483,643,460,643
483,620,500,620,500,643,483,643
500,620,600,620,600,643,500,643
616,623,690,623,690,643,616,643
693,626,733,626,733,646,693,646
265,652,359,647,361,673,266,678
363,650,416,650,416,673,363,673
523,650,713,650,713,676,523,676
453,653,503,653,503,673,453,673
810,653,850,653,850,673,810,673
733,656,806,656,806,676,733,676
786,703,830,703,830,736,786,736
556,706,616,706,616,733,556,733
633,706,696,706,696,736,633,736
710,710,773,710,773,736,710,736
657,740,718,745,716,771,655,766
1002,789,1123,784,1124,816,1003,821
885,799,969,794,971,826,886,831
303,800,363,800,363,833,303,833
360,800,453,800,453,830,360,830
516,800,576,800,576,830,516,830
576,800,616,800,616,830,576,830
263,803,303,803,303,833,263,833
396,833,450,833,450,863,396,863
456,833,516,833,516,863,456,863
516,833,600,833,600,863,516,863
600,836,620,836,620,863,600,863
620,836,696,836,696,860,620,860
263,836,306,836,306,863,263,863
323,840,366,840,366,863,323,863
456,865,544,870,542,901,455,896
556,866,600,866,600,896,556,896
263,870,320,870,320,896,263,896
1046,916,1090,916,1090,946,1046,946
1090,916,1130,916,1130,946,1090,946
925,923,1029,919,1031,949,926,954
596,926,640,926,640,956,596,956
656,929,757,933,756,965,655,961
263,936,323,936,323,960,263,960
340,933,403,933,403,963,340,963
520,993,620,993,620,1023,520,1023
263,1000,280,1000,280,1023,263,1023
303,996,363,996,363,1026,303,1026
380,996,453,996,453,1023,380,1023
460,996,503,996,503,1023,460,1023
640,1000,700,1000,700,1023,640,1023
1070,1016,1113,1016,1113,1043,1070,1043
950,1020,1013,1020,1013,1046,950,1046
319,1029,453,1025,454,1056,320,1060
460,1026,503,1026,503,1056,460,1056
500,1026,580,1026,580,1056,500,1056
1013,1046,1076,1046,1076,1076,1013,1076
1093,1046,1133,1046,1133,1073,1093,1073
950,1050,1010,1050,1010,1080,950,1080
680,1060,700,1060,700,1083,680,1083
716,1056,756,1056,756,1083,716,1083
323,1063,380,1063,380,1090,323,1090
380,1060,443,1060,443,1090,380,1090
463,1063,500,1063,500,1086,463,1086
703,1070,720,1070,720,1086,703,1086
1016,1143,1080,1143,1080,1173,1016,1173
956,1150,1013,1150,1013,1176,956,1176
264,1154,348,1159,346,1194,261,1189
1043,1180,1080,1180,1080,1203,1043,1203
1103,1180,1136,1180,1136,1203,1103,1203
581,1189,662,1184,664,1213,583,1217
403,1186,443,1186,443,1220,403,1220
523,1186,563,1186,563,1216,523,1216
264,1187,348,1192,346,1227,261,1222
363,1190,403,1190,403,1220,363,1220
463,1193,520,1193,520,1216,463,1216
1020,1210,1083,1210,1083,1240,1020,1240
956,1213,1003,1213,1003,1243,956,1243
263,1221,348,1225,346,1261,261,1256
363,1226,403,1226,403,1253,363,1253
403,1226,443,1226,443,1253,403,1253
956,1243,1006,1243,1006,1273,956,1273
1020,1243,1083,1243,1083,1273,1020,1273
1106,1246,1140,1246,1140,1270,1106,1270
483,1256,543,1256,543,1283,483,1283
360,1256,456,1256,456,1286,360,1286
266,1263,346,1263,346,1290,266,1290
1043,1280,1086,1280,1086,1306,1043,1306
1103,1276,1143,1276,1143,1303,1103,1303
523,1290,583,1290,583,1316,523,1316
600,1286,703,1286,703,1316,600,1316
363,1290,423,1290,423,1320,363,1320
460,1290,500,1290,500,1323,460,1323
266,1296,346,1296,346,1323,266,1323
1103,1340,1146,1340,1146,1370,1103,1370
1023,1343,1086,1343,1086,1373,1023,1373
540,1346,623,1346,623,1380,540,1380
380,1353,423,1353,423,1383,380,1383
463,1356,480,1356,480,1383,463,1383
480,1353,523,1353,523,1383,480,1383
260,1356,320,1356,320,1386,260,1386
343,1360,383,1360,383,1383,343,1383
1023,1376,1086,1376,1086,1406,1023,1406
1106,1380,1146,1380,1146,1403,1106,1403
280,1390,306,1390,306,1420,280,1420
320,1390,363,1390,363,1416,320,1416
376,1450,420,1450,420,1483,376,1483
336,1453,380,1453,380,1483,336,1483
456,1453,543,1453,543,1483,456,1483
563,1456,646,1456,646,1480,563,1480
256,1456,316,1456,316,1483,256,1483
1026,1476,1090,1476,1090,1506,1026,1506
1106,1476,1150,1476,1150,1506,1106,1506
963,1480,1010,1480,1010,1510,963,1510
256,1493,340,1493,340,1520,256,1520
400,1493,420,1493,420,1516,400,1516
356,1496,400,1496,400,1520,356,1520
333,1556,440,1556,440,1586,333,1586
456,1554,558,1559,556,1591,455,1586
253,1560,316,1560,316,1590,253,1590
663,1583,706,1583,706,1613,663,1613
459,1592,556,1588,557,1616,460,1620
293,1590,340,1590,340,1620,293,1620
351,1593,439,1588,441,1619,353,1624
253,1593,293,1593,293,1620,253,1620
293,1623,340,1623,340,1656,293,1656
457,1621,548,1626,546,1657,455,1653
250,1626,293,1626,293,1656,250,1656
355,1631,439,1626,440,1653,357,1657
690,1656,746,1656,746,1686,690,1686
666,1660,686,1660,686,1683,666,1683
293,1660,340,1660,340,1690,293,1690
353,1660,396,1660,396,1690,353,1690
416,1660,450,1660,450,1686,416,1686
250,1663,293,1663,293,1693,250,1693
460,1666,516,1666,516,1693,460,1693
906,1716,993,1716,993,1750,906,1750
826,1720,886,1720,886,1753,826,1753
601,1726,662,1721,665,1753,603,1757
743,1723,810,1723,810,1756,743,1756
453,1726,496,1726,496,1756,453,1756
686,1730,726,1730,726,1753,686,1753
413,1730,450,1730,450,1760,413,1760
520,1730,583,1730,583,1760,520,1760
276,1736,360,1736,360,1760,276,1760
370,1733,416,1733,416,1766,370,1766
496,1760,583,1760,583,1790,496,1790
606,1762,710,1766,709,1794,605,1790
723,1760,810,1760,810,1790,723,1790
333,1763,396,1763,396,1793,333,1793
416,1763,450,1763,450,1793,416,1793
456,1770,480,1770,480,1793,456,1793
703,1790,810,1790,810,1820,703,1820
830,1790,870,1790,870,1820,830,1820
970,1786,1058,1793,1056,1824,967,1818
890,1796,953,1796,953,1820,890,1820
476,1796,546,1796,546,1826,476,1826
623,1796,686,1796,686,1826,623,1826
250,1800,336,1800,336,1830,250,1830
353,1799,451,1803,449,1835,352,1831
563,1803,606,1803,606,1823,563,1823
766,1823,826,1823,826,1853,766,1853
623,1826,666,1826,666,1856,623,1856
683,1826,750,1826,750,1856,683,1856
830,1826,873,1826,873,1856,830,1856
459,1834,606,1830,607,1859,460,1864
310,1836,373,1836,373,1870,310,1870
400,1840,450,1840,450,1863,400,1863
683,1863,746,1863,746,1896,683,1896
516,1866,583,1866,583,1900,516,1900
603,1866,666,1866,666,1900,603,1900
529,2016,996,2004,997,2044,530,2056
