556,333,650,333,650,356,556,356
664,331,758,340,756,364,661,356
280,349,457,355,456,380,279,373
480,353,520,353,520,380,480,380
536,360,593,360,593,383,536,383
610,363,663,363,663,386,610,386
666,366,703,366,703,390,666,390
276,376,316,376,316,400,276,400
330,377,391,383,389,406,328,400
407,377,456,385,452,410,403,402
466,386,516,386,516,413,466,413
540,390,556,390,556,410,540,410
576,390,593,390,593,413,576,413
593,393,650,393,650,420,593,420
666,396,740,396,740,420,666,420
756,400,810,400,810,423,756,423
883,403,913,403,913,430,883,430
273,403,316,403,316,433,273,433
916,406,950,406,950,433,916,433
966,403,1006,403,1006,436,966,436
316,410,370,410,370,433,316,433
370,413,423,413,423,436,370,436
423,410,456,410,456,440,423,440
463,416,516,416,516,440,463,440
540,420,556,420,556,443,540,443
556,416,630,416,630,446,556,446
630,423,666,423,666,446,630,446
666,426,733,426,733,450,666,450
733,421,844,426,843,458,732,453
840,426,916,426,916,460,840,460
273,436,353,436,353,463,273,463
406,443,456,443,456,470,406,470
460,443,500,443,500,473,460,473
503,453,596,453,596,476,503,476
613,455,674,460,672,483,611,478
683,460,720,460,720,480,683,480
273,465,371,470,369,500,272,496
373,476,423,476,423,500,373,500
460,483,503,483,503,503,460,503
520,480,614,485,612,510,519,506
613,486,630,486,630,506,613,506
630,486,703,486,703,510,630,510
720,493,786,493,786,516,720,516
793,496,830,496,830,516,793,516
553,540,610,540,610,566,553,566
630,546,686,546,686,570,630,570
770,546,810,546,810,573,770,573
700,550,756,550,756,573,700,573
646,576,703,576,703,600,646,600
280,623,390,623,390,656,280,656
390,630,456,630,456,653,390,653
513,630,610,630,610,660,513,660
860,640,946,640,946,670,860,670
963,640,1073,640,1073,670,963,670
280,656,320,656,320,683,280,683
406,656,446,656,446,686,406,686
336,663,376,663,376,686,336,686
460,660,593,660,593,690,460,690
593,663,683,663,683,690,593,690
283,688,335,692,333,717,281,713
463,696,533,696,533,723,463,723
540,696,573,696,573,720,540,720
283,748,341,754,339,778,281,772
590,750,630,750,630,780,590,780
356,756,413,756,413,783,356,783
647,755,738,763,736,788,644,779
896,760,990,760,990,783,896,783
1006,760,1080,760,1080,783,1006,783
320,813,396,813,396,836,320,836
410,816,456,816,456,840,410,840
466,816,483,816,483,836,466,836
500,816,560,816,560,840,500,840
573,816,650,816,650,840,573,840
663,816,720,816,720,840,663,840
736,816,793,816,793,840,736,840
810,816,850,816,850,840,810,840
353,840,460,840,460,870,353,870
1026,843,1063,843,1063,866,1026,866
463,846,483,846,483,866,463,866
483,846,500,846,500,866,483,866
496,843,573,843,573,870,496,870
916,846,973,846,973,866,916,866
917,868,971,873,969,897,915,892
970,866,1030,866,1030,893,970,893
1046,870,1083,870,1083,893,1046,893
336,873,390,873,390,896,336,896
390,870,446,870,446,896,390,896
466,876,500,876,500,896,466,896
920,956,973,956,973,980,920,980
976,956,1033,956,1033,980,976,980
1050,956,1086,956,1086,976,1050,976
283,957,358,962,356,991,282,986
573,983,646,983,646,1010,573,1010
996,983,1033,983,1033,1003,996,1003
1053,983,1090,983,1090,1003,1053,1003
516,986,556,986,556,1010,516,1010
283,987,354,992,353,1017,282,1013
373,990,406,990,406,1013,373,1013
406,990,443,990,443,1013,406,1013
463,990,513,990,513,1010,463,1010
976,1006,1036,1006,1036,1036,976,1036
923,1013,976,1013,976,1033,923,1033
1053,1013,1090,1013,1090,1033,1053,1033
280,1017,354,1022,353,1047,278,1043
370,1020,406,1020,406,1040,370,1040
406,1020,443,1020,443,1040,406,1040
923,1040,976,1040,976,1063,923,1063
976,1036,1036,1036,1036,1063,976,1063
1056,1040,1090,1040,1090,1063,1056,1063
366,1046,453,1046,453,1070,366,1070
480,1046,533,1046,533,1066,480,1066
280,1050,350,1050,350,1070,280,1070
516,1073,573,1073,573,1096,516,1096
586,1073,683,1073,683,1096,586,1096
1020,1073,1036,1073,1036,1093,1020,1093
1056,1073,1093,1073,1093,1090,1056,1090
276,1076,350,1076,350,1100,276,1100
366,1076,420,1076,420,1096,366,1096
456,1076,493,1076,493,1100,456,1100
533,1126,606,1126,606,1153,533,1153
985,1130,1039,1125,1041,1151,987,1155
343,1130,420,1130,420,1156,343,1156
436,1130,513,1130,513,1153,436,1153
270,1130,323,1130,323,1156,270,1156
986,1156,1043,1156,1043,1180,986,1180
1063,1156,1100,1156,1100,1180,1063,1180
285,1163,362,1157,364,1183,287,1189
340,1220,416,1220,416,1243,340,1243
453,1220,530,1220,530,1246,453,1246
266,1223,320,1223,320,1246,266,1246
550,1223,626,1223,626,1243,550,1243
926,1243,973,1243,973,1273,926,1273
986,1243,1050,1243,1050,1273,986,1273
1063,1243,1103,1243,1103,1273,1063,1273
263,1253,340,1253,340,1276,263,1276
356,1253,416,1253,416,1276,356,1276
813,1310,876,1310,876,1336,813,1336
893,1309,994,1313,993,1340,892,1336
260,1313,316,1313,316,1340,260,1340
333,1313,430,1313,430,1340,333,1340
450,1312,544,1317,542,1344,448,1339
603,1312,720,1316,719,1346,602,1342
736,1310,793,1310,793,1340,736,1340
656,1336,776,1336,776,1366,656,1366
776,1340,833,1340,833,1366,776,1366
836,1340,870,1340,870,1356,836,1356
256,1343,296,1343,296,1366,256,1366
313,1340,373,1340,373,1366,313,1366
390,1343,440,1343,440,1366,390,1366
450,1343,470,1343,470,1366,450,1366
293,1373,336,1373,336,1400,293,1400
603,1373,623,1373,623,1400,603,1400
622,1377,680,1367,685,1395,627,1405
253,1373,293,1373,293,1400,253,1400
346,1373,430,1373,430,1403,346,1403
450,1376,540,1376,540,1400,450,1400
253,1406,290,1406,290,1433,253,1433
447,1404,541,1411,539,1438,445,1431
600,1406,623,1406,623,1430,600,1430
623,1406,680,1406,680,1433,623,1433
293,1410,333,1410,333,1433,293,1433
350,1410,426,1410,426,1433,350,1433
290,1436,333,1436,333,1463,290,1463
680,1436,720,1436,720,1460,680,1460
250,1436,290,1436,290,1463,250,1463
346,1436,386,1436,386,1463,346,1463
406,1440,436,1440,436,1463,406,1463
643,1440,663,1440,663,1460,643,1460
443,1443,496,1443,496,1470,443,1470
580,1496,640,1496,640,1526,580,1526
880,1500,960,1500,960,1526,880,1526
286,1502,348,1506,346,1531,284,1526
403,1503,433,1503,433,1530,403,1530
440,1503,480,1503,480,1526,440,1526
660,1503,700,1503,700,1526,660,1526
716,1500,780,1500,780,1533,716,1533
796,1500,856,1500,856,1530,796,1530
360,1503,403,1503,403,1533,360,1533
500,1503,560,1503,560,1533,500,1533
320,1533,383,1533,383,1563,320,1563
403,1536,463,1536,463,1560,403,1560
480,1533,560,1533,560,1560,480,1560
583,1535,681,1540,679,1567,582,1563
696,1536,780,1536,780,1566,696,1566
940,1565,1024,1570,1022,1597,938,1593
246,1570,326,1570,326,1596,246,1596
343,1570,446,1570,446,1596,343,1596
460,1570,526,1570,526,1596,460,1596
676,1566,783,1566,783,1593,676,1593
800,1566,840,1566,840,1593,800,1593
543,1573,583,1573,583,1593,543,1593
596,1570,660,1570,660,1600,596,1600
860,1573,920,1573,920,1593,860,1593
300,1600,360,1600,360,1633,300,1633
383,1603,430,1603,430,1630,383,1630
436,1603,580,1603,580,1630,436,1630
596,1600,640,1600,640,1626,596,1626
656,1600,720,1600,720,1630,656,1630
736,1600,796,1600,796,1626,736,1626
803,1603,843,1603,843,1630,803,1630
496,1633,560,1633,560,1666,496,1666
656,1633,716,1633,716,1663,656,1663
576,1636,640,1636,640,1666,576,1666
533,1783,966,1783,966,1820,533,1820
