1517,5,1774,5,1774,62,1517,62
1212,15,1464,15,1464,78,1212,78
436,71,925,83,923,144,434,132
1002,84,1107,84,1107,152,1002,152
1365,84,1627,84,1627,162,1365,162
1161,90,1316,104,1311,165,1156,151
2416,116,2540,127,2533,198,2410,187
2145,135,2356,128,2358,194,2147,201
1989,136,2089,136,2089,199,1989,199
430,141,535,141,535,210,430,210
1779,141,1942,141,1942,215,1779,215
792,147,918,147,918,204,792,204
582,152,735,152,735,210,582,210
950,162,1060,162,1060,225,950,225
1517,162,1727,162,1727,231,1517,231
1160,173,1218,173,1218,231,1160,231
1261,170,1472,184,1468,249,1256,235
1717,236,2255,194,2261,273,1724,314
421,221,540,232,534,298,415,287
535,225,829,225,829,288,535,288
834,231,924,231,924,288,834,288
924,236,1086,236,1086,294,924,294
1522,241,1711,241,1711,304,1522,304
1108,244,1523,254,1521,326,1106,315
414,304,624,304,624,372,414,372
782,304,924,304,924,372,782,372
913,315,1044,315,1044,372,913,372
1050,323,1346,338,1343,394,1047,379
1575,336,1669,336,1669,393,1575,393
1365,346,1548,346,1548,399,1365,399
414,383,819,383,819,446,414,446
924,404,1055,404,1055,456,924,456
1103,399,1628,416,1626,480,1101,463
1890,404,1989,404,1989,456,1890,456
1674,414,1869,414,1869,467,1674,467
1832,546,1937,546,1937,624,1832,624
1202,556,1359,556,1359,630,1202,630
1622,556,1785,556,1785,624,1622,624
1409,565,1568,557,1571,613,1412,621
1512,640,1622,640,1622,693,1512,693
2110,771,2373,771,2373,855,2110,855
2436,771,2766,771,2766,845,2436,845
1244,803,1354,803,1354,871,1244,871
418,819,913,806,915,888,420,901
1092,813,1233,813,1233,876,1092,876
921,890,1611,856,1614,931,925,965
768,902,897,893,900,949,772,958
425,908,525,908,525,976,425,976
572,908,672,908,672,966,572,966
1181,960,1291,960,1291,1013,1181,1013
898,963,1140,971,1138,1035,896,1028
410,993,539,981,545,1041,415,1053
1286,1102,1391,1102,1391,1191,1286,1191
2572,1102,2798,1102,2798,1186,2572,1186
2231,1107,2520,1107,2520,1181,2231,1181
1449,1116,1730,1129,1726,1214,1445,1201
579,1139,745,1113,757,1194,592,1220
388,1144,535,1144,535,1202,388,1202
1120,1307,1290,1300,1294,1375,1124,1383
1611,1302,1837,1302,1837,1375,1611,1375
1338,1307,1559,1307,1559,1375,1338,1375
388,1317,425,1317,425,1375,388,1375
483,1312,698,1312,698,1380,483,1380
745,1312,850,1312,850,1380,745,1380
908,1312,1071,1312,1071,1380,908,1380
2630,1386,2751,1386,2751,1459,2630,1459
2283,1391,2467,1391,2467,1464,2283,1464
535,1396,887,1396,887,1475,535,1475
881,1396,1233,1396,1233,1475,881,1475
2236,1469,2808,1469,2808,1553,2236,1553
698,1485,861,1485,861,1559,698,1559
908,1485,1018,1485,1018,1559,908,1559
1617,1485,1716,1485,1716,1548,1617,1548
540,1491,687,1491,687,1559,540,1559
380,1736,588,1750,581,1840,373,1825
2231,1752,2809,1758,2808,1844,2230,1837
619,1821,840,1821,840,1911,619,1911
374,1820,577,1835,570,1924,368,1909
890,1831,1164,1824,1166,1910,892,1917
1218,1832,1438,1832,1438,1916,1218,1916
2520,1845,2805,1853,2802,1934,2518,1926
360,1906,569,1927,560,2015,351,1993
614,1921,834,1921,834,2000,614,2000
2231,1939,2647,1946,2645,2027,2230,2020
2640,1947,2803,1947,2803,2026,2640,2026
346,2000,556,2000,556,2089,346,2089
603,2016,887,2016,887,2094,603,2094
930,2026,1100,2012,1106,2094,936,2107
2231,2035,2641,2042,2640,2123,2230,2116
2637,2047,2802,2040,2806,2120,2641,2128
341,2100,551,2100,551,2178,341,2178
603,2105,766,2105,766,2184,603,2184
871,2115,981,2115,981,2199,871,2199
1045,2116,1215,2123,1212,2196,1042,2188
1265,2117,1545,2123,1543,2200,1263,2194
2509,2136,2640,2136,2640,2215,2509,2215
2640,2142,2798,2142,2798,2220,2640,2220
551,2278,771,2278,771,2362,551,2362
341,2283,493,2283,493,2357,341,2357
819,2283,1044,2283,1044,2367,819,2367
1102,2289,1323,2289,1323,2373,1102,2373
2283,2320,2430,2320,2430,2394,2283,2394
2457,2325,2630,2325,2630,2404,2457,2404
2635,2331,2798,2331,2798,2415,2635,2415
399,2373,614,2373,614,2446,399,2446
2278,2415,2436,2415,2436,2488,2278,2488
2452,2413,2800,2425,2797,2515,2449,2502
572,2530,782,2530,782,2614,572,2614
362,2541,514,2541,514,2609,362,2609
866,2556,1107,2556,1107,2619,866,2619
1161,2557,1375,2579,1369,2639,1155,2618
373,2712,532,2719,529,2778,370,2771
582,2714,735,2714,735,2787,582,2787
893,2715,1055,2730,1049,2795,887,2781
813,2730,845,2730,845,2787,813,2787
1107,2730,1312,2730,1312,2803,1107,2803
2262,2787,2430,2787,2430,2861,2262,2861
2436,2790,2783,2798,2781,2880,2434,2872
393,2866,546,2866,546,2929,393,2929
593,2865,857,2875,855,2946,591,2937
905,2876,1165,2904,1157,2980,897,2952
399,2940,614,2940,614,3008,399,3008
656,2950,861,2950,861,3024,656,3024
914,2962,1163,2973,1159,3046,911,3034
514,3013,624,3013,624,3092,514,3092
409,3024,514,3024,514,3092,409,3092
667,3024,863,3034,860,3096,664,3086
915,3039,1169,3066,1161,3142,907,3116
519,3097,630,3097,630,3171,519,3171
414,3102,514,3102,514,3165,414,3165
666,3102,771,3102,771,3176,666,3176
824,3108,897,3108,897,3165,824,3165
903,3122,1060,3140,1053,3205,896,3187
493,3234,690,3245,687,3299,490,3288
729,3255,824,3255,824,3312,729,3312
829,3260,908,3260,908,3312,829,3312
929,3265,1023,3265,1023,3333,929,3333
1281,3286,1433,3286,1433,3354,1281,3354
1076,3289,1226,3297,1222,3357,1073,3348
1491,3307,1590,3307,1590,3365,1491,3365
642,3307,792,3324,785,3385,635,3368
1643,3312,1806,3312,1806,3391,1643,3391
1858,3323,2010,3323,2010,3402,1858,3402
2068,3323,2278,3323,2278,3391,2068,3391
834,3333,913,3333,913,3391,834,3391
913,3349,981,3349,981,3402,913,3402
1029,3350,1237,3366,1232,3434,1024,3419
1287,3362,1543,3387,1536,3453,1281,3427
457,3373,648,3384,645,3448,453,3437
1591,3394,1813,3405,1810,3478,1587,3466
694,3396,914,3428,905,3496,684,3464
1811,3407,1853,3407,1853,3433,1811,3433
979,3420,1145,3435,1138,3511,972,3496
1181,3454,1281,3454,1281,3507,1181,3507
1333,3459,1491,3459,1491,3538,1333,3538
1538,3465,1806,3465,1806,3538,1538,3538
598,3470,740,3470,740,3549,598,3549
1853,3475,1958,3475,1958,3543,1853,3543
787,3491,908,3491,908,3564,787,3564
2222,3482,2442,3513,2432,3586,2212,3555
2005,3496,2163,3496,2163,3543,2005,3543
926,3498,1285,3534,1278,3599,919,3563
1333,3528,1438,3528,1438,3601,1333,3601
1486,3544,1642,3558,1636,3619,1481,3605
1692,3544,1962,3562,1957,3639,1687,3621
1079,3594,1234,3619,1223,3684,1068,3658
1281,3617,1438,3617,1438,3690,1281,3690
1480,3622,1638,3622,1638,3701,1480,3701
1076,3935,2274,3970,2272,4035,1074,4000
