1407,183,1627,183,1627,246,1407,246
1138,205,1364,198,1366,263,1140,270
1407,262,1501,262,1501,341,1407,341
1272,274,1406,265,1410,335,1277,344
467,283,924,283,924,346,467,346
960,283,1060,283,1060,351,960,351
1102,288,1233,288,1233,346,1102,346
1945,324,2129,316,2133,393,1948,400
2178,320,2278,320,2278,388,2178,388
1632,325,1779,325,1779,393,1632,393
1816,325,1905,325,1905,388,1816,388
1409,344,1588,333,1592,395,1413,406
467,357,567,357,567,425,467,425
1192,353,1372,360,1369,431,1189,424
603,362,745,362,745,420,603,420
787,362,903,362,903,425,787,425
924,362,1023,362,1023,435,924,435
1102,367,1155,367,1155,420,1102,420
1588,406,2041,388,2043,463,1591,481
1063,437,1579,417,1582,481,1066,501
567,441,798,441,798,504,567,504
472,446,572,446,572,498,472,498
834,446,908,446,908,504,834,504
929,446,1050,446,1050,504,929,504
1016,511,1248,505,1250,566,1018,573
1459,509,1548,509,1548,556,1459,556
1281,514,1443,514,1443,567,1281,567
483,519,661,519,661,588,483,588
798,519,913,519,913,582,798,582
908,519,976,519,976,577,908,577
976,519,1018,519,1018,572,976,572
1065,577,1512,577,1512,640,1065,640
1548,577,1716,577,1716,630,1548,630
1732,577,1816,577,1816,624,1732,624
488,598,834,598,834,661,488,661
918,603,1029,603,1029,651,918,651
1680,698,1774,698,1774,771,1680,771
1149,714,1286,714,1286,782,1149,782
1506,714,1643,714,1643,782,1506,782
1328,724,1464,724,1464,782,1328,782
1375,798,1554,798,1554,850,1375,850
2181,898,2466,882,2470,950,2184,965
1908,907,2130,898,2133,980,1911,989
1060,934,1286,934,1286,997,1060,997
496,959,917,938,921,1012,499,1032
928,1010,1469,1003,1470,1075,929,1081
793,1024,905,1012,912,1072,800,1085
498,1029,582,1029,582,1092,498,1092
624,1029,714,1029,714,1086,624,1086
1155,1086,1249,1086,1249,1144,1155,1144
909,1089,1115,1097,1112,1161,906,1153
493,1107,609,1107,609,1160,493,1160
2281,1197,2466,1187,2469,1254,2284,1264
2003,1218,2240,1204,2244,1272,2007,1286
1249,1223,1338,1223,1338,1302,1249,1302
1386,1231,1614,1245,1610,1319,1382,1306
659,1255,793,1231,805,1299,671,1323
493,1254,624,1254,624,1307,493,1307
1879,1375,1921,1375,1921,1428,1879,1428
1695,1380,1837,1380,1837,1433,1695,1433
1253,1390,1479,1383,1481,1443,1255,1450
1517,1386,1653,1386,1653,1443,1517,1443
579,1397,718,1389,722,1454,583,1462
981,1391,1212,1391,1212,1449,981,1449
761,1396,913,1396,913,1449,761,1449
504,1407,535,1407,535,1454,504,1454
2336,1428,2430,1428,2430,1485,2336,1485
2052,1438,2194,1438,2194,1496,2052,1496
624,1464,1212,1464,1212,1532,624,1532
2352,1496,2478,1496,2478,1564,2352,1564
2199,1501,2352,1501,2352,1569,2199,1569
2105,1512,2194,1512,2194,1569,2105,1569
719,1533,861,1533,861,1601,719,1601
1569,1538,1601,1538,1601,1585,1569,1585
624,1538,714,1538,714,1596,624,1596
856,1547,985,1534,990,1590,861,1603
1562,1600,1789,1591,1791,1656,1565,1665
1076,1611,1522,1611,1522,1669,1076,1669
498,1622,535,1622,535,1674,498,1674
582,1617,924,1617,924,1674,582,1674
924,1617,1029,1617,1029,1669,924,1669
2341,1653,2436,1653,2436,1716,2341,1716
2058,1664,2205,1664,2205,1722,2058,1722
630,1685,908,1685,908,1753,630,1753
945,1685,1218,1685,1218,1743,945,1743
2056,1731,2361,1723,2363,1789,2058,1798
2357,1727,2483,1727,2483,1790,2357,1790
1438,1753,1611,1753,1611,1816,1438,1816
771,1758,903,1758,903,1821,771,1821
950,1758,1039,1758,1039,1816,950,1816
635,1764,766,1764,766,1821,635,1821
2352,1953,2483,1953,2483,2021,2352,2021
2060,1961,2198,1954,2201,2015,2063,2023
2205,1958,2357,1958,2357,2021,2205,2021
506,1967,698,1982,691,2066,499,2051
2252,2031,2352,2031,2352,2089,2252,2089
2357,2031,2483,2031,2483,2094,2357,2094
1220,2040,1405,2033,1408,2110,1223,2117
953,2046,1185,2039,1187,2115,955,2122
824,2047,918,2047,918,2121,824,2121
506,2045,698,2060,691,2139,500,2125
725,2064,817,2054,824,2114,732,2124
2350,2106,2485,2091,2493,2156,2358,2171
2063,2105,2199,2105,2199,2168,2063,2168
2210,2105,2357,2105,2357,2173,2210,2173
506,2114,698,2129,692,2213,500,2198
735,2121,918,2121,918,2194,735,2194
2205,2178,2362,2178,2362,2247,2205,2247
2357,2178,2493,2178,2493,2247,2357,2247
2068,2184,2199,2184,2199,2241,2068,2241
998,2206,1137,2190,1143,2251,1005,2266
504,2205,687,2205,687,2268,504,2268
735,2205,966,2205,966,2262,735,2262
2210,2257,2362,2257,2362,2325,2210,2325
2362,2257,2488,2257,2488,2320,2362,2320
1269,2264,1495,2257,1497,2325,1271,2332
2121,2262,2173,2262,2173,2320,2121,2320
504,2273,693,2273,693,2346,504,2346
727,2279,870,2271,873,2335,731,2343
960,2273,1050,2273,1050,2346,960,2346
1097,2273,1228,2273,1228,2331,1097,2331
1144,2399,1323,2399,1323,2478,1144,2478
908,2409,1097,2409,1097,2478,908,2478
2121,2409,2362,2409,2362,2472,2121,2472
2367,2409,2499,2409,2499,2478,2367,2478
684,2420,875,2410,879,2488,688,2498
506,2436,639,2428,643,2493,510,2501
2126,2488,2362,2488,2362,2551,2126,2551
2367,2488,2499,2488,2499,2551,2367,2551
556,2504,735,2504,735,2567,556,2567
693,2635,882,2635,882,2714,693,2714
917,2647,1144,2639,1146,2700,919,2708
1191,2640,1370,2640,1370,2698,1191,2698
511,2657,644,2649,648,2710,515,2719
2079,2714,2215,2714,2215,2772,2079,2772
2220,2714,2378,2714,2378,2782,2220,2782
2373,2719,2504,2719,2504,2782,2373,2782
514,2724,698,2724,698,2782,514,2782
737,2730,871,2722,874,2776,740,2784
1144,2856,1312,2856,1312,2919,1144,2919
950,2861,1102,2861,1102,2919,950,2919
2137,2856,2374,2863,2372,2925,2135,2918
700,2871,828,2864,831,2923,704,2931
892,2866,950,2866,950,2924,892,2924
2373,2871,2499,2871,2499,2929,2373,2929
525,2877,656,2877,656,2929,525,2929
708,3008,929,3008,929,3066,708,3066
971,3005,1184,3019,1180,3080,967,3066
535,3013,666,3013,666,3071,535,3071
624,3066,719,3066,719,3134,624,3134
535,3076,624,3076,624,3134,535,3134
756,3076,934,3076,934,3144,756,3144
976,3076,1181,3076,1181,3134,976,3134
1417,3081,1506,3081,1506,3144,1417,3144
630,3139,729,3139,729,3207,630,3207
540,3144,624,3144,624,3202,540,3202
756,3150,929,3150,929,3207,756,3207
978,3139,1192,3165,1184,3237,969,3211
630,3207,724,3207,724,3286,630,3286
540,3218,630,3218,630,3276,540,3276
761,3223,850,3223,850,3286,761,3286
887,3223,950,3223,950,3281,887,3281
950,3234,1086,3234,1086,3297,950,3297
1412,3239,1464,3239,1464,3302,1412,3302
1501,3239,1596,3239,1596,3307,1501,3307
588,3364,759,3380,754,3440,583,3424
787,3381,876,3381,876,3444,787,3444
876,3381,945,3381,945,3433,876,3433
966,3381,1050,3381,1050,3438,966,3438
1281,3386,1407,3386,1407,3454,1281,3454
1099,3381,1238,3398,1230,3464,1091,3447
1454,3396,1543,3396,1543,3454,1454,3454
1590,3396,1737,3396,1737,3475,1590,3475
1963,3396,2152,3396,2152,3475,1963,3475
1779,3407,1916,3407,1916,3480,1779,3480
703,3449,840,3449,840,3517,703,3517
876,3454,945,3454,945,3512,876,3512
1050,3465,1233,3465,1233,3533,1050,3533
945,3470,1008,3470,1008,3517,945,3517
1276,3466,1511,3487,1505,3563,1270,3542
1543,3486,1779,3486,1779,3559,1543,3559
530,3528,708,3528,708,3596,530,3596
746,3533,969,3547,965,3608,742,3595
1002,3543,1149,3543,1149,3612,1002,3612
1186,3559,1275,3559,1275,3612,1186,3612
1317,3564,1459,3564,1459,3638,1317,3638
1496,3564,1737,3564,1737,3633,1496,3633
2100,3564,2278,3564,2278,3622,2100,3622
1779,3570,1879,3570,1879,3633,1779,3633
1921,3575,2052,3575,2052,3627,1921,3627
651,3612,787,3612,787,3685,651,3685
829,3617,945,3617,945,3680,829,3680
940,3616,1272,3629,1270,3697,937,3684
1317,3638,1412,3638,1412,3701,1317,3701
1449,3643,1590,3643,1590,3701,1449,3701
1638,3643,1779,3643,1779,3711,1638,3711
1779,3648,1879,3648,1879,3722,1779,3722
1086,3711,1228,3711,1228,3785,1086,3785
1454,3717,1596,3717,1596,3790,1454,3790
1270,3722,1417,3722,1417,3795,1270,3795
