1470,470,1708,480,1705,537,1467,527
1181,477,1417,477,1417,535,1181,535
462,546,913,546,913,603,462,603
981,546,1081,546,1081,603,981,603
1323,546,1464,546,1464,603,1323,603
1470,546,1569,546,1569,614,1470,614
1134,548,1278,557,1274,613,1130,604
2047,609,2247,609,2247,677,2047,677
456,614,556,614,556,677,456,677
1711,614,1863,614,1863,677,1711,677
1907,610,2005,620,1999,680,1901,670
2297,606,2405,628,2393,689,2285,668
594,616,743,625,739,682,590,672
792,619,908,619,908,677,792,677
1128,619,1181,619,1181,677,1128,677
1470,619,1659,619,1659,672,1470,672
934,624,1034,624,1034,682,934,682
1223,624,1417,624,1417,682,1223,682
446,687,546,687,546,745,446,745
547,683,790,696,786,757,543,744
1081,687,1648,687,1648,750,1081,750
1659,687,2152,687,2152,750,1659,750
829,693,913,693,913,745,829,745
903,693,1060,693,1060,745,903,745
441,761,630,761,630,819,441,819
976,761,1023,761,1023,819,976,819
782,766,903,766,903,819,782,819
924,766,976,766,976,819,924,819
1024,762,1303,770,1301,826,1022,818
1317,771,1496,771,1496,819,1317,819
1517,771,1611,771,1611,819,1517,819
435,828,809,836,808,896,434,888
1076,834,1569,834,1569,897,1076,897
908,845,1029,845,1029,892,908,892
1611,845,1800,845,1800,897,1611,897
1817,846,1915,856,1910,906,1812,896
1764,971,1863,971,1863,1044,1764,1044
1166,972,1314,979,1311,1041,1163,1033
1564,976,1711,976,1711,1039,1564,1039
1365,981,1512,981,1512,1039,1365,1039
1412,1055,1569,1055,1569,1113,1412,1113
393,1186,876,1186,876,1260,393,1260
1050,1197,1191,1197,1191,1260,1050,1260
1207,1197,1307,1197,1307,1265,1207,1265
2021,1202,2262,1202,2262,1286,2021,1286
2320,1211,2626,1219,2624,1288,2319,1280
383,1260,488,1260,488,1333,383,1333
740,1270,871,1270,871,1338,740,1338
535,1275,640,1275,640,1328,535,1328
892,1275,1517,1275,1517,1344,892,1344
372,1349,488,1349,488,1407,372,1407
871,1359,1060,1359,1060,1428,871,1428
1097,1359,1202,1359,1202,1422,1097,1422
1254,1501,1354,1501,1354,1580,1254,1580
357,1506,509,1506,509,1564,357,1564
567,1506,724,1506,724,1585,567,1585
1412,1514,1674,1533,1668,1611,1407,1592
2452,1512,2658,1519,2656,1602,2449,1595
2136,1527,2404,1527,2404,1595,2136,1595
446,1667,773,1675,771,1746,445,1738
351,1680,383,1680,383,1727,351,1727
850,1680,1039,1680,1039,1748,850,1748
1097,1685,1359,1685,1359,1748,1097,1748
1459,1690,1827,1690,1827,1758,1459,1758
493,1750,851,1757,850,1833,492,1826
850,1764,1197,1764,1197,1837,850,1837
2194,1779,2367,1779,2367,1848,2194,1848
2514,1785,2619,1785,2619,1853,2514,1853
493,1837,624,1837,624,1911,493,1911
609,1842,819,1842,819,1911,609,1911
866,1842,976,1842,976,1916,866,1916
1407,1853,1470,1853,1470,1926,1407,1926
1465,1856,1662,1844,1667,1921,1470,1934
2199,1858,2362,1858,2362,1932,2199,1932
2357,1855,2679,1864,2677,1945,2355,1937
324,2082,544,2110,532,2204,312,2177
2205,2119,2694,2129,2692,2207,2203,2198
318,2173,542,2196,532,2288,308,2265
588,2184,808,2184,808,2268,588,2268
1186,2189,1407,2189,1407,2273,1186,2273
855,2194,1139,2194,1139,2273,855,2273
2425,2215,2693,2215,2693,2289,2425,2289
318,2263,537,2285,528,2377,308,2355
582,2278,803,2278,803,2362,582,2362
2205,2299,2693,2304,2693,2385,2204,2379
309,2373,525,2373,525,2451,309,2451
577,2378,834,2378,834,2451,577,2451
908,2378,1076,2378,1076,2457,908,2457
2210,2394,2698,2394,2698,2472,2210,2472
309,2457,530,2457,530,2541,309,2541
577,2467,745,2467,745,2546,577,2546
841,2488,951,2466,966,2543,856,2565
1018,2472,1186,2472,1186,2546,1018,2546
1233,2472,1506,2472,1506,2546,1233,2546
2425,2488,2546,2488,2546,2562,2425,2562
2551,2488,2693,2488,2693,2562,2551,2562
531,2625,752,2632,750,2720,528,2713
1076,2635,1291,2635,1291,2719,1076,2719
320,2640,472,2640,472,2714,320,2714
798,2646,1013,2646,1013,2714,798,2714
2373,2661,2551,2661,2551,2740,2373,2740
2541,2661,2693,2661,2693,2740,2541,2740
378,2730,588,2730,588,2803,378,2803
2373,2751,2420,2751,2420,2819,2373,2819
2425,2751,2541,2751,2541,2824,2425,2824
2541,2751,2688,2751,2688,2829,2541,2829
546,2887,756,2887,756,2966,546,2966
336,2892,488,2892,488,2961,336,2961
840,2896,1077,2903,1075,2969,838,2961
1134,2908,1338,2908,1338,2971,1134,2971
346,2967,553,2977,550,3038,343,3028
598,2982,756,2982,756,3039,598,3039
2194,3003,2346,3003,2346,3066,2194,3066
2352,3003,2672,3003,2672,3076,2352,3076
362,3123,514,3123,514,3181,362,3181
562,3127,821,3139,818,3200,559,3188
872,3136,1122,3158,1116,3220,867,3197
472,3186,577,3186,577,3249,472,3249
372,3192,467,3192,467,3244,372,3244
619,3202,824,3202,824,3265,619,3265
876,3213,1092,3213,1092,3270,876,3270
1396,3223,1496,3223,1496,3281,1396,3281
483,3255,588,3255,588,3318,483,3318
383,3260,477,3260,477,3318,383,3318
630,3272,831,3279,829,3335,628,3327
883,3277,1126,3297,1121,3360,877,3340
493,3323,593,3323,593,3386,493,3386
393,3328,488,3328,488,3381,393,3381
640,3339,735,3339,735,3396,640,3396
787,3349,861,3349,861,3396,787,3396
866,3360,992,3360,992,3417,866,3417
1501,3370,1596,3370,1596,3423,1501,3423
468,3455,660,3476,654,3527,462,3506
798,3475,871,3475,871,3522,798,3522
897,3475,992,3475,992,3528,897,3528
698,3480,792,3480,792,3533,698,3533
1052,3480,1201,3499,1195,3554,1045,3535
1249,3491,1391,3491,1391,3543,1249,3543
1449,3501,1543,3501,1543,3554,1449,3554
1596,3507,1748,3507,1748,3564,1596,3564
1806,3512,1942,3512,1942,3570,1806,3570
2000,3512,2199,3512,2199,3570,2000,3570
614,3520,763,3528,760,3582,611,3574
808,3543,882,3543,882,3580,808,3580
1002,3537,1198,3544,1196,3595,1001,3588
892,3549,955,3549,955,3585,892,3585
1255,3546,1504,3565,1500,3620,1251,3601
436,3566,628,3586,623,3636,431,3615
1543,3569,1800,3569,1800,3627,1543,3627
677,3589,921,3606,917,3652,674,3635
961,3596,1115,3604,1112,3650,958,3642
1165,3617,1254,3617,1254,3654,1165,3654
1496,3617,1748,3617,1748,3669,1496,3669
1302,3622,1449,3622,1449,3669,1302,3669
1795,3627,1890,3627,1890,3675,1795,3675
588,3630,726,3639,723,3690,585,3681
1943,3641,2091,3649,2089,3689,1941,3681
782,3645,894,3654,891,3695,779,3686
2142,3637,2339,3651,2335,3704,2138,3689
919,3654,1256,3666,1254,3709,917,3697
1307,3664,1396,3664,1396,3711,1307,3711
1454,3676,1598,3690,1594,3730,1450,3716
1643,3680,1779,3680,1779,3727,1643,3727
1790,3685,1890,3685,1890,3738,1790,3738
1071,3712,1210,3727,1205,3767,1067,3752
1260,3722,1401,3722,1401,3769,1260,3769
1449,3720,1587,3727,1584,3779,1446,3771
