1207,289,1435,297,1432,360,1205,351
1475,295,1699,313,1694,376,1470,358
546,362,966,362,966,425,546,425
1029,367,1123,367,1123,435,1029,435
1165,372,1296,372,1296,430,1165,430
1344,378,1475,378,1475,441,1344,441
1475,378,1569,378,1569,451,1475,451
546,435,640,435,640,504,546,504
677,441,813,441,813,498,677,498
855,446,966,446,966,504,855,504
987,451,1113,451,1113,514,987,514
1165,451,1249,451,1249,509,1165,509
1255,444,1436,459,1431,523,1250,508
1475,456,1648,456,1648,514,1475,514
1695,456,1827,456,1827,514,1695,514
1869,462,1953,462,1953,525,1869,525
2000,467,2173,467,2173,530,2000,530
2220,472,2315,472,2315,535,2220,535
546,514,635,514,635,572,546,572
635,519,719,519,719,572,635,572
724,519,861,519,861,577,724,577
897,525,966,525,966,577,897,577
992,522,1110,529,1107,584,989,577
1128,525,1218,525,1218,588,1128,588
1212,525,1512,525,1512,582,1212,582
1512,530,1638,530,1638,588,1512,588
1648,530,2089,530,2089,598,1648,598
546,588,719,588,719,645,546,645
855,593,966,593,966,651,855,651
987,598,1076,598,1076,651,987,651
1076,600,1329,607,1328,663,1075,655
1338,609,1501,609,1501,661,1338,661
1517,609,1601,609,1601,661,1517,661
546,661,887,661,887,719,546,719
1124,665,1565,676,1564,735,1122,724
981,682,1086,682,1086,724,981,724
1601,687,1769,687,1769,735,1601,735
1779,687,1869,687,1869,735,1779,735
1202,798,1333,798,1333,861,1202,861
1380,803,1512,803,1512,855,1380,855
1559,813,1690,813,1690,871,1559,871
1732,813,1821,813,1821,882,1732,882
1423,865,1598,876,1595,933,1420,922
1235,1009,1327,999,1333,1059,1241,1069
1113,1013,1233,1013,1233,1071,1113,1071
635,1018,960,1018,960,1081,635,1081
546,1023,635,1023,635,1086,546,1086
1947,1034,2152,1034,2152,1118,1947,1118
2205,1050,2472,1050,2472,1113,2205,1113
978,1089,1516,1062,1519,1133,982,1160
546,1092,630,1092,630,1149,546,1149
845,1092,955,1092,955,1149,845,1149
672,1097,761,1097,761,1149,672,1149
1155,1160,1239,1160,1239,1212,1155,1212
546,1170,661,1170,661,1223,546,1223
970,1177,1136,1158,1142,1219,977,1237
1281,1275,1375,1275,1375,1349,1281,1349
1418,1283,1646,1300,1642,1363,1413,1346
708,1302,840,1302,840,1370,708,1370
535,1307,666,1307,666,1359,535,1359
2042,1320,2255,1334,2251,1393,2038,1379
2383,1338,2467,1338,2467,1401,2383,1401
2294,1344,2378,1344,2378,1401,2294,1401
1323,1433,1596,1433,1596,1491,1323,1491
519,1443,551,1443,551,1491,519,1491
1053,1443,1280,1437,1282,1496,1055,1502
609,1443,945,1443,945,1501,609,1501
1643,1443,1774,1443,1774,1501,1643,1501
960,1449,1013,1449,1013,1496,960,1496
1821,1454,1958,1454,1958,1512,1821,1512
645,1512,934,1512,934,1569,645,1569
960,1512,1228,1512,1228,1575,960,1575
2079,1543,2220,1543,2220,1601,2079,1601
2341,1559,2425,1559,2425,1617,2341,1617
635,1575,766,1575,766,1632,635,1632
771,1580,908,1580,908,1638,771,1638
955,1580,1050,1580,1050,1632,955,1632
1596,1585,1638,1585,1638,1638,1596,1638
2084,1611,2215,1611,2215,1674,2084,1674
2215,1617,2357,1617,2357,1690,2215,1690
2352,1632,2467,1632,2467,1690,2352,1690
493,1643,535,1643,535,1701,493,1701
582,1643,724,1643,724,1701,582,1701
766,1653,929,1653,929,1706,766,1706
950,1653,1002,1653,1002,1706,950,1706
1323,1653,1464,1653,1464,1716,1323,1716
1044,1659,1139,1659,1139,1711,1044,1711
1186,1659,1275,1659,1275,1716,1186,1716
619,1716,908,1716,908,1784,619,1784
950,1722,1233,1722,1233,1790,950,1790
2085,1755,2225,1770,2219,1825,2079,1810
2346,1774,2436,1774,2436,1827,2346,1827
619,1795,892,1795,892,1853,619,1853
945,1795,1039,1795,1039,1858,945,1858
1410,1804,1642,1795,1644,1858,1412,1867
2089,1827,2226,1827,2226,1884,2089,1884
2226,1830,2370,1838,2366,1900,2222,1891
2367,1842,2483,1842,2483,1900,2367,1900
474,2003,662,2019,655,2103,467,2088
2110,2041,2389,2047,2388,2111,2109,2104
2390,2055,2518,2048,2521,2110,2394,2117
469,2082,657,2097,650,2182,462,2167
693,2094,887,2094,887,2168,693,2168
1076,2094,1176,2094,1176,2168,1076,2168
1218,2094,1412,2094,1412,2173,1218,2173
929,2105,1071,2105,1071,2163,929,2163
2294,2126,2399,2126,2399,2189,2294,2189
2436,2131,2525,2131,2525,2189,2436,2189
465,2157,658,2180,649,2262,455,2239
693,2173,882,2173,882,2247,693,2247
2110,2193,2405,2200,2404,2271,2109,2264
2399,2199,2530,2199,2530,2268,2399,2268
456,2247,645,2247,645,2320,456,2320
687,2257,908,2257,908,2325,687,2325
971,2257,1118,2257,1118,2320,971,2320
2105,2270,2395,2278,2393,2345,2103,2337
2391,2286,2524,2278,2527,2340,2395,2348
451,2325,640,2325,640,2404,451,2404
682,2336,829,2336,829,2404,682,2404
918,2341,1013,2341,1013,2415,918,2415
1071,2341,1212,2341,1212,2399,1071,2399
1260,2341,1501,2341,1501,2409,1260,2409
2294,2362,2388,2362,2388,2420,2294,2420
2430,2362,2525,2362,2525,2415,2430,2415
625,2478,826,2485,823,2568,622,2561
1113,2483,1307,2483,1307,2562,1113,2562
913,2488,1065,2488,1065,2567,913,2567
441,2493,577,2493,577,2562,441,2562
2152,2509,2241,2509,2241,2567,2152,2567
2241,2509,2399,2509,2399,2577,2241,2577
2394,2514,2530,2514,2530,2588,2394,2588
483,2577,588,2577,588,2646,483,2646
582,2577,719,2577,719,2651,582,2651
2152,2588,2210,2588,2210,2651,2152,2651
2248,2580,2533,2596,2529,2674,2243,2658
477,2656,666,2656,666,2730,477,2730
2152,2667,2241,2667,2241,2730,2152,2730
2247,2672,2530,2672,2530,2745,2247,2745
614,2814,813,2814,813,2892,614,2892
425,2819,561,2819,561,2887,425,2887
903,2824,1107,2824,1107,2892,903,2892
1155,2824,1349,2824,1349,2892,1155,2892
426,2899,858,2918,854,2999,422,2980
2110,2908,2247,2908,2247,2971,2110,2971
2252,2907,2537,2915,2535,2990,2250,2983
420,3066,567,3066,567,3134,420,3134
609,3071,855,3071,855,3139,609,3139
903,3068,1136,3082,1132,3148,899,3134
514,3139,619,3139,619,3218,514,3218
414,3144,509,3144,509,3218,414,3218
651,3155,854,3140,859,3217,657,3232
903,3150,1134,3150,1134,3213,903,3213
1386,3150,1485,3150,1485,3218,1386,3218
514,3213,619,3213,619,3291,514,3291
414,3223,509,3223,509,3291,414,3291
661,3228,850,3228,850,3286,661,3286
903,3225,1141,3234,1138,3305,900,3296
514,3291,619,3291,619,3370,514,3370
414,3302,514,3302,514,3365,414,3365
661,3302,761,3302,761,3370,661,3370
808,3302,876,3302,876,3360,808,3360
1386,3307,1443,3307,1443,3370,1386,3370
1480,3307,1580,3307,1580,3375,1480,3375
903,3312,1034,3312,1034,3375,903,3375
1244,3449,1375,3449,1375,3512,1244,3512
479,3450,665,3470,660,3525,473,3506
903,3454,997,3454,997,3522,903,3522
1955,3459,2140,3450,2144,3512,1958,3521
803,3459,876,3459,876,3517,803,3517
703,3465,803,3465,803,3533,703,3533
1050,3465,1191,3465,1191,3522,1050,3522
1428,3465,1527,3465,1527,3522,1428,3522
1569,3476,1715,3460,1721,3521,1576,3537
1769,3465,1905,3465,1905,3528,1769,3528
619,3520,759,3529,755,3588,616,3579
803,3528,876,3528,876,3585,803,3585
997,3528,1197,3528,1197,3591,997,3591
1245,3518,1481,3545,1474,3606,1238,3579
1519,3548,1763,3530,1768,3596,1524,3614
887,3538,950,3538,950,3585,887,3585
436,3575,626,3582,624,3639,434,3632
668,3591,886,3615,880,3670,662,3646
2091,3591,2283,3613,2276,3674,2084,3652
950,3601,1102,3601,1102,3664,950,3664
1473,3608,1711,3599,1713,3657,1475,3665
1764,3601,1853,3601,1853,3659,1764,3659
1144,3606,1239,3606,1239,3659,1144,3659
1291,3604,1430,3613,1426,3677,1288,3668
1900,3606,2042,3606,2042,3654,1900,3654
582,3654,719,3654,719,3717,582,3717
771,3664,882,3664,882,3717,771,3717
1286,3669,1380,3669,1380,3727,1286,3727
1617,3669,1748,3669,1748,3727,1617,3727
903,3675,1239,3675,1239,3732,903,3732
1758,3675,1853,3675,1853,3732,1758,3732
1422,3680,1564,3680,1564,3727,1422,3727
1428,3743,1559,3743,1559,3806,1428,3806
1051,3743,1191,3760,1185,3815,1044,3798
1239,3753,1380,3753,1380,3816,1239,3816
