620,593,716,593,716,613,620,613
733,593,830,593,830,613,733,613
540,613,580,613,580,636,540,636
673,613,730,613,730,633,673,633
373,616,513,616,513,636,373,636
596,616,656,616,656,636,596,636
733,616,770,616,770,636,733,636
336,620,373,620,373,636,336,636
1003,633,1043,633,1043,656,1003,656
636,634,714,639,713,661,635,656
730,636,810,636,810,656,730,656
830,636,890,636,890,656,830,656
906,636,930,636,930,656,906,656
966,636,1000,636,1000,656,966,656
1063,636,1103,636,1103,660,1063,660
330,640,370,640,370,660,330,660
384,637,447,643,445,666,382,660
463,640,510,640,510,660,463,660
520,640,560,640,560,663,520,663
596,640,616,640,616,656,596,656
810,656,1003,656,1003,683,810,683
576,660,693,660,693,683,576,683
693,660,730,660,730,683,693,683
480,663,510,663,510,686,480,686
510,663,570,663,570,683,510,683
733,663,806,663,806,683,733,683
326,666,383,666,383,690,326,690
383,666,460,666,460,686,383,686
460,690,506,690,506,713,460,713
513,690,553,690,553,713,513,713
556,690,666,690,666,713,556,713
673,690,743,690,743,710,673,710
753,690,790,690,790,710,753,710
323,693,403,693,403,716,323,716
576,718,769,714,770,739,576,743
322,723,416,719,417,745,323,749
790,720,863,720,863,736,790,736
870,720,910,720,910,736,870,736
420,723,470,723,470,743,420,743
506,723,556,723,556,743,506,743
846,766,886,766,886,793,846,793
606,770,666,770,666,800,606,800
690,773,750,773,750,796,690,796
770,773,830,773,830,796,770,796
710,803,770,803,770,826,710,826
1066,853,1190,853,1190,883,1066,883
950,860,1046,860,1046,886,950,886
563,860,666,860,666,890,563,890
353,866,410,866,410,900,353,900
410,866,500,866,500,896,410,896
313,870,350,870,350,896,313,896
502,895,746,888,747,920,503,927
446,900,496,900,496,926,446,926
313,903,353,903,353,930,313,930
370,903,413,903,413,926,370,926
603,926,646,926,646,953,603,953
506,932,601,937,599,961,505,956
310,933,366,933,366,960,310,960
1116,983,1160,983,1160,1010,1116,1010
1156,980,1200,980,1200,1010,1156,1010
990,983,1096,983,1096,1010,990,1010
643,986,683,986,683,1016,643,1016
703,985,807,990,806,1022,702,1018
383,993,446,993,446,1026,383,1026
310,1000,370,1000,370,1023,310,1023
803,1050,883,1050,883,1080,803,1080
626,1053,726,1053,726,1086,626,1086
743,1053,786,1053,786,1080,743,1080
340,1056,446,1056,446,1086,340,1086
463,1060,493,1060,493,1083,463,1083
526,1056,600,1056,600,1086,526,1086
306,1063,323,1063,323,1086,306,1086
1010,1080,1076,1080,1076,1110,1010,1110
1136,1080,1183,1080,1183,1106,1136,1106
500,1086,620,1086,620,1116,500,1116
360,1090,483,1090,483,1120,360,1120
1076,1110,1146,1110,1146,1140,1076,1140
1013,1116,1060,1116,1060,1140,1013,1140
1146,1116,1206,1116,1206,1143,1146,1143
740,1116,806,1116,806,1146,740,1146
420,1120,480,1120,480,1150,420,1150
500,1123,540,1123,540,1150,500,1150
703,1123,726,1123,726,1146,703,1146
363,1126,420,1126,420,1153,363,1153
1013,1213,1080,1213,1080,1243,1013,1243
1076,1213,1146,1213,1146,1243,1076,1243
1163,1213,1210,1213,1210,1243,1163,1243
297,1217,381,1222,379,1258,295,1253
556,1246,600,1246,600,1280,556,1280
1100,1246,1146,1246,1146,1276,1100,1276
1166,1246,1210,1246,1210,1276,1166,1276
616,1250,703,1250,703,1280,616,1280
297,1248,379,1258,376,1292,293,1283
393,1253,433,1253,433,1283,393,1283
433,1253,476,1253,476,1283,433,1283
493,1253,553,1253,553,1283,493,1283
1080,1280,1150,1280,1150,1313,1080,1313
294,1279,379,1288,375,1325,290,1315
1013,1283,1080,1283,1080,1313,1013,1313
1166,1283,1210,1283,1210,1313,1166,1313
396,1290,473,1290,473,1316,396,1316
1016,1316,1063,1316,1063,1346,1016,1346
1080,1316,1150,1316,1150,1346,1080,1346
1166,1316,1213,1316,1213,1346,1166,1346
556,1323,576,1323,576,1350,556,1350
290,1323,373,1323,373,1353,290,1353
390,1323,486,1323,486,1353,390,1353
513,1326,556,1326,556,1350,513,1350
1080,1353,1150,1353,1150,1383,1080,1383
1170,1353,1213,1353,1213,1383,1170,1383
290,1356,373,1356,373,1386,290,1386
390,1356,450,1356,450,1386,390,1386
553,1356,616,1356,616,1386,553,1386
633,1356,740,1356,740,1386,633,1386
1043,1360,1063,1360,1063,1383,1043,1383
490,1360,530,1360,530,1390,490,1390
366,1420,450,1420,450,1453,366,1453
570,1420,656,1420,656,1453,570,1453
286,1423,346,1423,346,1453,286,1453
476,1423,553,1423,553,1453,476,1453
1043,1426,1083,1426,1083,1453,1043,1453
1083,1423,1156,1423,1156,1456,1083,1456
1170,1423,1213,1423,1213,1453,1170,1453
310,1463,330,1463,330,1490,310,1490
346,1460,390,1460,390,1490,346,1490
1040,1460,1080,1460,1080,1490,1040,1490
1083,1460,1153,1460,1153,1490,1083,1490
1153,1460,1216,1460,1216,1493,1153,1493
363,1523,446,1523,446,1560,363,1560
283,1526,343,1526,343,1556,283,1556
486,1530,573,1530,573,1560,486,1560
593,1530,676,1530,676,1560,593,1560
283,1563,366,1563,366,1593,283,1593
383,1566,446,1566,446,1593,383,1593
1016,1566,1083,1566,1083,1600,1016,1600
1083,1566,1160,1566,1160,1600,1083,1600
1156,1570,1220,1570,1220,1603,1156,1603
283,1631,348,1637,346,1668,281,1662
363,1633,426,1633,426,1666,363,1666
486,1636,550,1636,550,1666,486,1666
570,1640,650,1640,650,1670,570,1670
1086,1640,1156,1640,1156,1676,1086,1676
1046,1646,1070,1646,1070,1673,1046,1673
1173,1643,1220,1643,1220,1676,1173,1676
286,1703,350,1703,350,1733,286,1733
363,1703,470,1703,470,1733,363,1733
487,1701,579,1710,575,1745,483,1735
653,1706,700,1706,700,1736,653,1736
716,1710,783,1710,783,1740,716,1740
803,1710,913,1710,913,1743,803,1743
346,1736,410,1736,410,1766,346,1766
286,1743,330,1743,330,1766,286,1766
426,1740,480,1740,480,1770,426,1770
490,1743,526,1743,526,1770,490,1770
720,1743,913,1743,913,1776,720,1776
913,1750,1000,1750,1000,1770,913,1770
326,1766,373,1766,373,1800,326,1800
286,1770,326,1770,326,1800,286,1800
386,1773,473,1773,473,1806,386,1806
490,1776,590,1776,590,1806,490,1806
656,1783,680,1783,680,1810,656,1810
696,1780,743,1780,743,1810,696,1810
326,1803,373,1803,373,1836,326,1836
286,1806,326,1806,326,1833,286,1833
390,1810,474,1816,472,1842,388,1836
490,1808,594,1816,592,1849,487,1841
656,1816,680,1816,680,1843,656,1843
700,1813,740,1813,740,1843,700,1843
290,1836,330,1836,330,1866,290,1866
326,1836,373,1836,373,1870,326,1870
386,1843,433,1843,433,1873,386,1873
453,1846,483,1846,483,1873,453,1873
486,1846,536,1846,536,1880,486,1880
703,1853,723,1853,723,1876,703,1876
726,1853,786,1853,786,1883,726,1883
316,1910,393,1910,393,1936,316,1936
453,1916,483,1916,483,1940,453,1940
490,1913,533,1913,533,1940,490,1940
410,1920,450,1920,450,1946,410,1946
640,1916,700,1916,700,1946,640,1946
556,1923,620,1923,620,1950,556,1950
726,1923,766,1923,766,1946,726,1946
786,1923,853,1923,853,1950,786,1950
873,1920,936,1920,936,1953,873,1953
960,1923,1046,1923,1046,1950,960,1950
370,1943,433,1943,433,1973,370,1973
456,1950,490,1950,490,1973,456,1973
533,1946,620,1946,620,1973,533,1973
486,1953,516,1953,516,1973,486,1973
643,1952,747,1956,746,1980,642,1976
766,1956,856,1956,856,1983,766,1983
296,1976,376,1976,376,2000,296,2000
396,1978,491,1984,489,2009,395,2004
520,1980,586,1980,586,2003,520,2003
746,1983,853,1983,853,2006,746,2006
876,1983,916,1983,916,2006,876,2006
1023,1982,1110,1987,1109,2014,1022,2009
603,1986,643,1986,643,2006,603,2006
666,1986,726,1986,726,2010,666,2010
936,1990,1003,1990,1003,2010,936,2010
360,2006,416,2006,416,2033,360,2033
440,2010,480,2010,480,2033,440,2033
499,2009,646,2009,646,2033,499,2033
666,2010,706,2010,706,2033,666,2033
813,2010,873,2010,873,2033,813,2033
726,2013,790,2013,790,2033,726,2033
876,2013,920,2013,920,2036,876,2036
563,2036,626,2036,626,2060,563,2060
650,2040,710,2040,710,2063,650,2063
730,2040,790,2040,790,2063,730,2063
