583,163,673,163,673,186,583,186
690,163,780,163,780,186,690,186
510,190,546,190,546,213,510,213
636,190,690,190,690,213,636,213
690,190,726,190,726,213,690,213
320,193,433,193,433,223,320,223
563,193,620,193,620,213,563,213
440,196,496,196,496,216,440,216
690,216,760,216,760,240,690,240
776,213,833,213,833,240,776,240
850,216,873,216,873,240,850,240
903,216,936,216,936,240,903,240
940,216,976,216,976,243,940,243
990,216,1030,216,1030,243,990,243
566,220,586,220,586,243,566,243
600,216,674,221,673,247,598,242
320,223,356,223,356,246,320,246
370,223,426,223,426,246,370,246
440,223,486,223,486,246,440,246
493,223,546,223,546,250,493,250
756,240,940,240,940,270,756,270
546,246,756,246,756,273,546,273
486,250,543,250,543,273,486,273
315,254,439,250,440,276,316,281
456,253,486,253,486,273,456,273
440,280,486,280,486,303,440,303
493,280,620,280,620,303,493,303
316,280,390,280,390,310,316,310
636,283,696,283,696,303,636,303
710,283,743,283,743,303,710,303
583,310,726,310,726,333,583,333
318,317,403,312,404,337,320,341
406,313,443,313,443,333,406,333
486,313,533,313,533,330,486,330
550,313,583,313,583,333,550,333
743,313,803,313,803,333,743,333
816,313,850,313,850,333,816,333
793,360,833,360,833,390,793,390
580,363,636,363,636,393,580,393
723,363,780,363,780,393,723,393
653,370,710,370,710,393,653,393
673,400,726,400,726,423,673,423
616,430,656,430,656,453,616,453
673,430,726,430,726,450,673,450
886,453,970,453,970,480,886,480
990,453,1096,453,1096,476,990,476
320,456,410,456,410,483,320,483
406,453,490,453,490,483,406,483
546,456,636,456,636,480,546,480
543,480,710,480,710,510,543,510
440,486,480,486,480,510,440,510
493,483,546,483,546,510,493,510
323,490,356,490,356,513,323,513
370,490,410,490,410,513,370,513
566,516,603,516,603,540,566,540
320,520,370,520,370,543,320,543
490,520,563,520,563,543,490,543
919,570,1016,565,1017,592,920,596
1030,566,1063,566,1063,590,1030,590
1066,570,1100,570,1100,590,1066,590
620,573,656,573,656,596,620,596
673,572,764,576,763,602,672,598
320,576,373,576,373,600,320,600
390,576,443,576,443,603,390,603
353,633,410,633,410,656,353,656
423,633,480,633,480,656,423,656
530,633,566,633,566,656,530,656
586,633,640,633,640,656,586,656
673,633,746,633,746,653,673,653
940,656,996,656,996,680,940,680
1050,656,1086,656,1086,676,1050,676
370,660,486,660,486,686,370,686
496,660,600,660,600,686,496,686
993,676,1053,676,1053,706,993,706
1053,680,1103,680,1103,706,1053,706
726,683,763,683,763,706,726,706
690,686,710,686,710,703,690,703
406,690,460,690,460,710,406,710
493,690,513,690,513,710,493,710
583,710,673,710,673,733,583,733
690,713,726,713,726,733,690,733
743,713,800,713,800,736,743,736
816,713,886,713,886,736,816,736
316,716,336,716,336,740,316,740
350,716,406,716,406,740,350,740
420,716,476,716,476,736,420,736
513,716,566,716,566,736,513,736
1070,736,1086,736,1086,756,1070,756
486,740,600,740,600,766,486,766
943,740,996,740,996,763,943,763
370,743,476,743,476,766,370,766
1053,763,1106,763,1106,790,1053,790
993,763,1053,763,1053,790,993,790
418,773,475,768,478,792,420,798
493,770,530,770,530,793,493,793
690,770,706,770,706,790,690,790
726,770,763,770,763,790,726,790
943,770,993,770,993,793,943,793
366,773,406,773,406,796,366,796
545,795,636,791,637,816,546,820
653,793,710,793,710,816,653,816
350,800,403,800,403,823,350,823
420,800,483,800,483,823,420,823
490,800,530,800,530,820,490,820
1053,816,1090,816,1090,840,1053,840
526,823,600,823,600,850,526,850
366,826,483,826,483,850,366,850
490,826,526,826,526,850,490,850
943,826,1000,826,1000,850,943,850
1073,843,1110,843,1110,863,1073,863
996,850,1055,841,1059,866,1000,875
690,853,710,853,710,873,690,873
726,853,763,853,763,876,726,876
940,857,995,849,998,873,944,881
363,856,416,856,416,876,363,876
420,856,473,856,473,876,420,876
490,856,526,856,526,876,490,876
563,880,690,880,690,903,563,903
343,883,436,883,436,906,343,906
506,883,546,883,546,906,506,906
453,886,493,886,493,906,453,906
1053,893,1093,893,1093,916,1053,916
360,906,473,906,473,933,360,933
941,910,1012,903,1015,927,944,934
486,906,600,906,600,933,486,933
997,930,1058,920,1062,945,1001,955
1073,923,1110,923,1110,943,1073,943
360,936,413,936,413,960,360,960
413,936,470,936,470,960,413,960
670,933,693,933,693,956,670,956
710,936,763,936,763,960,710,960
963,936,996,936,996,956,963,956
490,940,526,940,526,960,490,960
340,963,413,963,413,993,340,993
433,966,470,966,470,986,433,986
510,966,633,966,633,990,510,990
1076,980,1093,980,1093,1000,1076,1000
486,990,600,990,600,1016,486,1016
943,990,1000,990,1000,1013,943,1013
356,990,480,990,480,1020,356,1020
1076,1006,1113,1006,1113,1030,1076,1030
996,1006,1060,1006,1060,1036,996,1036
943,1016,996,1016,996,1040,943,1040
503,1020,543,1020,543,1043,503,1043
356,1020,426,1020,426,1050,356,1050
430,1023,493,1023,493,1046,430,1046
673,1022,764,1026,763,1053,672,1049
830,1052,889,1044,892,1065,833,1074
503,1046,600,1046,600,1076,503,1076
410,1050,493,1050,493,1080,410,1080
613,1050,670,1050,670,1076,613,1076
670,1052,764,1056,763,1081,669,1077
340,1053,396,1053,396,1083,340,1083
780,1056,816,1056,816,1076,780,1076
1056,1066,1096,1066,1096,1090,1056,1090
943,1070,1016,1070,1016,1093,943,1093
466,1080,596,1080,596,1106,466,1106
355,1082,469,1077,471,1108,357,1114
996,1093,1063,1093,1063,1123,996,1123
1076,1096,1116,1096,1116,1120,1076,1120
943,1100,996,1100,996,1126,943,1126
394,1117,452,1111,454,1137,397,1142
466,1113,506,1113,506,1136,466,1136
363,1120,380,1120,380,1140,363,1140
413,1143,453,1143,453,1166,413,1166
341,1150,396,1145,398,1169,343,1175
1056,1156,1096,1156,1096,1183,1056,1183
940,1160,1000,1160,1000,1186,940,1186
480,1166,593,1166,593,1196,480,1196
353,1170,476,1170,476,1200,353,1200
963,1193,1000,1193,1000,1220,963,1220
1000,1190,1060,1190,1060,1220,1000,1220
1080,1193,1116,1193,1116,1216,1080,1216
703,1196,760,1196,760,1223,703,1223
666,1200,686,1200,686,1223,666,1223
353,1203,406,1203,406,1230,353,1230
406,1200,463,1200,463,1230,406,1230
480,1200,520,1200,520,1226,480,1226
496,1226,596,1226,596,1256,496,1256
663,1226,760,1226,760,1256,663,1256
776,1230,870,1230,870,1253,776,1253
606,1230,666,1230,666,1256,606,1256
336,1236,393,1236,393,1260,336,1260
410,1236,486,1236,486,1260,410,1260
1060,1256,1100,1256,1100,1280,1060,1280
943,1256,1003,1256,1003,1283,943,1283
348,1263,473,1257,474,1289,350,1294
496,1260,630,1260,630,1290,496,1290
473,1266,500,1266,500,1286,473,1286
946,1286,1003,1286,1003,1313,946,1313
1003,1283,1066,1283,1066,1313,1003,1313
1063,1283,1116,1283,1116,1313,1063,1313
685,1293,759,1287,761,1313,687,1319
403,1290,463,1290,463,1320,403,1320
353,1296,406,1296,406,1323,353,1323
483,1296,520,1296,520,1316,483,1316
553,1320,633,1320,633,1350,553,1350
646,1320,743,1320,743,1350,646,1350
332,1330,446,1325,447,1349,333,1353
476,1323,536,1323,536,1350,476,1350
1060,1346,1100,1346,1100,1376,1060,1376
943,1350,1006,1350,1006,1376,943,1376
346,1353,443,1353,443,1383,346,1383
446,1356,476,1356,476,1380,446,1380
476,1353,536,1353,536,1380,476,1380
536,1353,596,1353,596,1380,536,1380
943,1380,1003,1380,1003,1410,943,1410
1003,1380,1066,1380,1066,1410,1003,1410
1080,1380,1120,1380,1120,1410,1080,1410
406,1383,463,1383,463,1413,406,1413
480,1383,520,1383,520,1413,480,1413
666,1386,706,1386,706,1413,666,1413
703,1383,760,1383,760,1410,703,1410
350,1390,403,1390,403,1413,350,1413
930,1476,1006,1476,1006,1503,930,1503
293,1474,374,1479,372,1514,291,1509
1003,1476,1066,1476,1066,1506,1003,1506
1083,1480,1116,1480,1116,1503,1083,1503
540,1503,580,1503,580,1533,540,1533
593,1503,670,1503,670,1533,593,1533
426,1506,466,1506,466,1536,426,1536
483,1510,536,1510,536,1536,483,1536
294,1506,376,1515,372,1548,290,1539
386,1510,426,1510,426,1540,386,1540
1026,1513,1063,1513,1063,1536,1026,1536
1083,1516,1116,1516,1116,1536,1083,1536
930,1540,1003,1540,1003,1566,930,1566
1003,1536,1063,1536,1063,1566,1003,1566
293,1537,375,1542,373,1577,291,1573
390,1543,426,1543,426,1570,390,1570
430,1546,466,1546,466,1566,430,1566
1083,1546,1116,1546,1116,1566,1083,1566
503,1573,560,1573,560,1596,503,1596
930,1573,1006,1573,1006,1596,930,1596
1003,1570,1066,1570,1066,1600,1003,1600
390,1573,480,1573,480,1600,390,1600
296,1580,333,1580,333,1603,296,1603
336,1580,373,1580,373,1603,336,1603
1083,1580,1116,1580,1116,1603,1083,1603
543,1603,600,1603,600,1626,543,1626
613,1600,710,1600,710,1626,613,1626
480,1603,520,1603,520,1633,480,1633
1030,1606,1063,1606,1063,1630,1030,1630
393,1610,446,1610,446,1633,393,1633
1083,1610,1116,1610,1116,1633,1083,1633
296,1613,350,1613,350,1636,296,1636
561,1663,636,1659,637,1686,563,1690
406,1663,450,1663,450,1693,406,1693
476,1666,543,1666,543,1690,476,1690
946,1663,996,1663,996,1690,946,1690
1003,1663,1066,1663,1066,1696,1003,1696
286,1670,336,1670,336,1693,286,1693
363,1670,406,1670,406,1696,363,1696
1083,1673,1120,1673,1120,1696,1083,1696
950,1696,1006,1696,1006,1723,950,1723
1006,1696,1066,1696,1066,1726,1006,1726
350,1700,390,1700,390,1730,350,1730
313,1706,353,1706,353,1733,313,1733
1083,1706,1120,1706,1120,1730,1083,1730
970,1730,993,1730,993,1756,970,1756
1006,1730,1066,1730,1066,1760,1006,1760
350,1733,393,1733,393,1763,350,1763
316,1740,336,1740,336,1763,316,1763
1070,1740,1120,1740,1120,1763,1070,1763
583,1790,656,1790,656,1813,583,1813
478,1797,562,1790,565,1816,480,1823
410,1793,450,1793,450,1823,410,1823
370,1796,410,1796,410,1826,370,1826
296,1800,353,1800,353,1830,296,1830
933,1818,1008,1822,1006,1850,931,1846
1006,1823,1066,1823,1066,1853,1006,1853
433,1833,453,1833,453,1856,433,1856
1080,1830,1123,1830,1123,1860,1080,1860
393,1836,433,1836,433,1856,393,1856
300,1840,336,1840,336,1863,300,1863
340,1840,376,1840,376,1863,340,1863
710,1876,786,1876,786,1906,710,1906
800,1875,901,1880,899,1912,798,1908
633,1880,693,1880,693,1910,633,1910
490,1893,580,1893,580,1920,490,1920
370,1897,472,1888,474,1919,373,1928
300,1903,356,1903,356,1933,300,1933
693,1910,896,1910,896,1936,693,1936
897,1911,931,1916,929,1931,895,1925
427,1927,479,1922,482,1950,430,1955
490,1926,510,1926,510,1946,490,1946
354,1930,415,1925,418,1956,357,1961
300,1940,340,1940,340,1963,300,1963
673,1943,710,1943,710,1966,673,1966
636,1946,656,1946,656,1966,636,1966
488,1953,579,1948,581,1975,490,1981
390,1961,472,1955,475,1988,393,1994
336,1963,380,1963,380,1993,336,1993
296,1970,336,1970,336,1996,296,1996
673,1973,710,1973,710,2000,673,2000
486,1983,580,1983,580,2013,486,2013
396,1996,473,1996,473,2023,396,2023
336,1996,380,1996,380,2026,336,2026
296,2000,336,2000,336,2033,296,2033
713,2006,750,2006,750,2026,713,2026
453,2023,530,2023,530,2050,453,2050
393,2026,433,2026,433,2056,393,2056
336,2036,380,2036,380,2060,336,2060
296,2036,336,2036,336,2066,296,2066
750,2066,806,2066,806,2096,750,2096
823,2061,882,2067,879,2098,820,2093
616,2066,673,2066,673,2096,616,2096
693,2070,733,2070,733,2093,693,2093
900,2070,973,2070,973,2096,900,2096
543,2076,603,2076,603,2106,543,2106
486,2083,526,2083,526,2113,486,2113
453,2090,483,2090,483,2116,453,2116
406,2093,436,2093,436,2126,406,2126
726,2096,806,2096,806,2126,726,2126
320,2103,396,2103,396,2130,320,2130
623,2103,713,2103,713,2130,623,2130
526,2106,603,2106,603,2140,526,2140
453,2123,510,2123,510,2150,453,2150
367,2130,432,2121,436,2153,371,2162
710,2130,810,2130,810,2156,710,2156
823,2126,863,2126,863,2153,823,2153
634,2137,695,2131,698,2162,637,2168
880,2136,936,2136,936,2156,880,2156
956,2132,1034,2150,1028,2176,949,2158
586,2146,623,2146,623,2166,586,2166
510,2150,573,2150,573,2176,510,2176
766,2156,823,2156,823,2183,766,2183
396,2163,483,2163,483,2190,396,2190
693,2163,750,2163,750,2186,693,2186
826,2163,866,2163,866,2190,826,2190
636,2163,676,2163,676,2193,636,2193
290,2172,375,2162,379,2195,293,2205
480,2186,622,2169,625,2198,484,2216
430,2190,483,2190,483,2220,430,2220
690,2190,746,2190,746,2223,690,2223
353,2193,413,2193,413,2230,353,2230
620,2200,680,2200,680,2233,620,2233
546,2213,606,2213,606,2240,546,2240
577,2344,975,2317,978,2364,580,2391
