1056,118,1310,131,1306,196,1053,183
1361,135,1618,169,1609,239,1352,205
855,210,955,210,955,283,855,283
1008,210,1160,210,1160,278,1008,278
1212,210,1359,210,1359,273,1212,273
332,237,791,215,795,292,336,313
1359,220,1459,220,1459,283,1359,283
1108,285,1314,292,1312,369,1105,361
1008,294,1076,294,1076,367,1008,367
1360,290,1566,297,1564,364,1357,356
661,304,792,304,792,378,661,378
808,304,950,304,950,383,808,383
1611,304,1769,304,1769,372,1611,372
2210,309,2320,309,2320,383,2210,383
1950,321,2155,310,2159,380,1954,390
477,320,624,320,624,388,477,388
1811,320,1869,320,1869,378,1811,378
336,325,435,325,435,393,336,393
963,382,1364,367,1367,443,966,458
1365,378,1543,378,1543,435,1365,435
1559,375,2065,399,2062,472,1556,449
712,397,949,389,952,460,714,469
441,409,708,409,708,472,441,472
336,414,441,414,441,472,336,472
1205,473,1390,464,1392,520,1208,529
817,480,1195,466,1198,535,819,549
1412,472,1512,472,1512,519,1412,519
333,494,534,483,538,555,337,566
682,488,803,488,803,556,682,556
972,559,1468,532,1472,612,977,640
1722,551,1816,551,1816,603,1722,603
1512,556,1680,556,1680,609,1512,609
334,571,713,563,714,629,336,638
808,582,929,582,929,630,808,630
1464,708,1617,708,1617,782,1464,782
1664,708,1764,708,1764,777,1664,777
1065,719,1218,719,1218,787,1065,787
1270,719,1422,719,1422,787,1270,787
1317,808,1464,808,1464,866,1317,866
1916,950,2157,950,2157,1044,1916,1044
325,955,797,955,797,1028,325,1028
2220,955,2525,955,2525,1029,2220,1029
960,960,1212,960,1212,1023,960,1023
330,1034,425,1034,425,1113,330,1113
666,1039,792,1039,792,1113,666,1113
467,1044,572,1044,572,1107,467,1107
813,1044,1417,1044,1417,1118,813,1118
331,1126,464,1133,461,1193,328,1186
1013,1134,1118,1134,1118,1202,1013,1202
792,1139,981,1139,981,1212,792,1212
315,1286,467,1286,467,1344,315,1344
1165,1286,1265,1286,1265,1365,1165,1365
2325,1286,2530,1286,2530,1365,2325,1365
514,1291,672,1291,672,1365,514,1365
1318,1294,1567,1307,1563,1387,1313,1374
2021,1296,2278,1296,2278,1365,2021,1365
309,1449,346,1449,346,1496,309,1496
404,1449,498,1449,498,1496,404,1496
556,1449,708,1449,708,1506,556,1506
809,1456,958,1465,954,1521,806,1512
1018,1464,1275,1464,1275,1533,1018,1533
1664,1464,1874,1464,1874,1538,1664,1538
1312,1470,1412,1470,1412,1533,1312,1533
1464,1470,1622,1470,1622,1538,1464,1538
442,1507,1120,1541,1117,1618,438,1584
2378,1543,2488,1543,2488,1606,2378,1606
2063,1554,2226,1554,2226,1617,2063,1617
441,1590,504,1590,504,1664,441,1664
541,1593,717,1602,713,1677,537,1668
708,1611,850,1611,850,1674,708,1674
2221,1612,2402,1620,2398,1698,2218,1689
2390,1622,2540,1614,2544,1690,2394,1697
2121,1622,2220,1622,2220,1685,2121,1685
1312,1627,1365,1627,1365,1690,1312,1690
1412,1627,1564,1627,1564,1695,1412,1695
1375,1653,1412,1653,1412,1695,1375,1695
266,1816,485,1840,475,1932,257,1908
2226,1869,2399,1869,2399,1942,2226,1942
2121,1874,2220,1874,2220,1937,2121,1937
2399,1874,2551,1874,2551,1947,2399,1947
263,1898,481,1927,469,2016,251,1987
519,1921,735,1921,735,2000,519,2000
787,1926,1055,1926,1055,2005,787,2005
1102,1937,1307,1937,1307,2016,1102,2016
2283,1953,2404,1953,2404,2026,2283,2026
2399,1958,2551,1958,2551,2026,2399,2026
261,1983,481,2011,469,2105,249,2076
519,2005,735,2005,735,2089,519,2089
2226,2037,2546,2037,2546,2115,2226,2115
2121,2042,2189,2042,2189,2110,2121,2110
257,2089,472,2089,472,2168,257,2168
519,2100,792,2100,792,2173,519,2173
834,2105,997,2105,997,2178,834,2178
2121,2126,2215,2126,2215,2189,2121,2189
2226,2126,2404,2126,2404,2205,2226,2205
2399,2136,2546,2136,2546,2210,2399,2210
257,2173,467,2173,467,2257,257,2257
519,2189,682,2189,682,2257,519,2257
767,2209,876,2187,890,2259,781,2281
939,2199,1092,2199,1092,2262,939,2262
1144,2199,1401,2199,1401,2273,1144,2273
2285,2211,2409,2223,2402,2298,2278,2287
2399,2226,2546,2226,2546,2299,2399,2299
462,2346,677,2346,677,2430,462,2430
719,2352,934,2352,934,2430,719,2430
987,2352,1191,2352,1191,2436,987,2436
246,2357,404,2357,404,2425,246,2425
2231,2386,2558,2399,2555,2478,2228,2465
294,2441,509,2441,509,2509,294,2509
2231,2478,2409,2478,2409,2556,2231,2556
2401,2486,2560,2478,2564,2556,2405,2564
225,2609,388,2609,388,2682,225,2682
446,2609,656,2609,656,2682,446,2682
740,2614,976,2614,976,2688,740,2688
1029,2623,1231,2633,1227,2697,1025,2687
225,2698,446,2698,446,2772,225,2772
493,2698,651,2698,651,2761,493,2761
2115,2745,2184,2745,2184,2814,2115,2814
2227,2738,2409,2753,2402,2828,2221,2813
2394,2751,2551,2751,2551,2824,2394,2824
441,2866,708,2866,708,2940,441,2940
757,2861,1008,2887,1000,2963,749,2938
220,2882,388,2882,388,2950,220,2950
493,2945,703,2945,703,3029,493,3029
330,2950,451,2950,451,3029,330,3029
756,2950,997,2950,997,3024,756,3024
220,2961,320,2961,320,3029,220,3029
1150,2970,1366,2977,1364,3060,1147,3053
336,3034,446,3034,446,3102,336,3102
488,3034,698,3034,698,3108,488,3108
220,3039,325,3039,325,3108,220,3108
747,3034,997,3059,989,3136,739,3111
1149,3055,1197,3055,1197,3113,1149,3113
330,3108,441,3108,441,3197,330,3197
220,3118,325,3118,325,3192,220,3192
477,3123,588,3123,588,3197,477,3197
640,3129,724,3129,724,3197,640,3197
719,3139,887,3139,887,3213,719,3213
1249,3155,1349,3155,1349,3223,1249,3223
1354,3160,1459,3160,1459,3228,1354,3228
735,3302,829,3302,829,3375,735,3375
262,3307,462,3307,462,3370,262,3370
624,3307,708,3307,708,3370,624,3370
514,3312,619,3312,619,3391,514,3391
1092,3312,1244,3312,1244,3381,1092,3381
882,3328,1039,3328,1039,3396,882,3396
1302,3328,1401,3328,1401,3386,1302,3386
1447,3342,1617,3318,1627,3394,1458,3418
1674,3333,1821,3333,1821,3417,1674,3417
1871,3345,2083,3334,2086,3396,1875,3406
409,3391,572,3391,572,3465,409,3465
624,3391,708,3391,708,3459,624,3459
824,3396,1034,3396,1034,3454,824,3454
708,3402,777,3402,777,3454,708,3454
1093,3390,1353,3411,1347,3478,1088,3458
1399,3418,1663,3405,1667,3482,1403,3495
774,3473,939,3465,941,3527,777,3535
189,3480,409,3480,409,3543,189,3543
988,3476,1091,3486,1086,3537,983,3527
1350,3474,1615,3493,1610,3567,1345,3548
462,3484,732,3498,728,3567,458,3552
1144,3486,1302,3486,1302,3559,1144,3559
1664,3491,1764,3491,1764,3559,1664,3559
2023,3487,2238,3520,2228,3586,2013,3554
1811,3501,1963,3501,1963,3549,1811,3549
565,3553,1085,3535,1088,3611,567,3629
1144,3559,1249,3559,1249,3622,1144,3622
357,3562,511,3570,507,3631,354,3624
1291,3570,1443,3570,1443,3633,1291,3633
1496,3575,1758,3575,1758,3638,1496,3638
884,3615,1040,3641,1030,3704,874,3678
1093,3638,1248,3654,1241,3727,1086,3711
1286,3654,1443,3654,1443,3727,1286,3727
903,3958,2037,3958,2037,4026,903,4026
