743,369,840,373,839,398,742,393
623,373,723,373,723,396,623,396
680,396,740,396,740,426,680,426
543,400,583,400,583,426,543,426
603,403,663,403,663,426,603,426
743,403,783,403,783,430,743,430
336,406,520,406,520,433,336,433
1018,424,1060,431,1055,458,1013,451
1073,423,1120,423,1120,456,1073,456
743,430,820,430,820,456,743,456
836,426,900,426,900,453,836,453
920,430,956,430,956,456,920,456
976,426,1016,426,1016,456,976,456
603,433,626,433,626,456,603,456
643,431,724,435,723,460,642,456
330,433,373,433,373,463,330,463
470,436,516,436,516,463,470,463
526,436,583,436,583,463,526,463
390,440,450,440,450,463,390,463
816,456,1016,456,1016,486,816,486
583,460,626,460,626,490,583,490
623,460,703,460,703,490,623,490
703,463,743,463,743,486,703,486
756,460,816,460,816,486,756,486
523,466,580,466,580,490,523,490
333,470,470,470,470,496,333,496
486,470,516,470,516,493,486,493
466,496,520,496,520,526,466,526
523,496,566,496,566,526,523,526
566,500,666,500,666,523,566,523
683,500,746,500,746,523,683,523
763,500,803,500,803,520,763,520
330,500,410,500,410,530,330,530
585,532,782,525,783,553,586,559
803,530,876,530,876,553,803,553
883,530,923,530,923,550,883,550
330,533,430,533,430,563,330,563
430,536,483,536,483,560,430,560
520,536,580,536,580,556,520,556
856,583,900,583,900,613,856,613
780,586,843,586,843,616,780,616
620,590,683,590,683,620,620,620
700,590,763,590,763,616,700,616
706,626,800,626,800,650,706,650
956,680,1053,680,1053,716,956,716
1073,680,1196,680,1196,710,1073,710
580,686,683,686,683,716,580,716
370,690,520,690,520,723,370,723
333,693,370,693,370,720,333,720
683,716,763,716,763,746,683,746
523,720,683,720,683,750,523,750
330,723,373,723,373,753,330,753
463,723,516,723,516,750,463,750
390,730,433,730,433,753,390,753
333,760,386,760,386,786,333,786
522,761,599,757,600,783,523,787
603,756,643,756,643,783,603,783
1160,806,1203,806,1203,840,1160,840
1120,810,1160,810,1160,840,1120,840
660,813,703,813,703,843,660,843
996,813,1103,813,1103,840,996,840
723,819,824,823,823,850,722,846
330,823,390,823,390,850,330,850
410,823,466,823,466,853,410,853
860,876,963,876,963,906,860,906
680,880,760,880,760,910,680,910
780,880,840,880,840,910,780,910
330,886,346,886,346,910,330,910
366,883,450,883,450,913,366,913
463,883,516,883,516,910,463,910
516,886,543,886,543,910,516,910
560,883,660,883,660,910,560,910
1140,906,1183,906,1183,936,1140,936
1020,910,1083,910,1083,940,1020,940
383,913,466,913,466,943,383,943
463,913,516,913,516,943,463,943
520,913,563,913,563,943,520,943
560,913,643,913,643,943,560,943
1080,940,1146,940,1146,970,1080,970
1166,943,1206,943,1206,966,1166,966
743,946,763,946,763,973,743,973
780,943,823,943,823,973,780,973
1046,946,1080,946,1080,970,1046,970
390,950,406,950,406,973,390,973
426,950,543,950,543,976,426,976
803,973,916,973,916,1006,803,1006
620,976,680,976,680,1006,620,1006
696,976,783,976,783,1006,696,1006
330,983,346,983,346,1006,330,1006
363,980,446,980,446,1006,363,1006
460,980,523,980,523,1010,460,1010
543,983,603,983,603,1006,543,1006
1143,1003,1186,1003,1186,1033,1143,1033
1020,1006,1086,1006,1086,1036,1020,1036
380,1010,463,1010,463,1040,380,1040
460,1010,513,1010,513,1040,460,1040
520,1010,600,1010,600,1040,520,1040
600,1010,643,1010,643,1036,600,1036
1083,1036,1150,1036,1150,1066,1083,1066
760,1040,823,1040,823,1070,760,1070
1020,1040,1066,1040,1066,1070,1020,1070
1163,1040,1206,1040,1206,1066,1163,1066
380,1043,423,1043,423,1073,380,1073
440,1043,503,1043,503,1073,440,1073
520,1043,560,1043,560,1070,520,1070
723,1046,743,1046,743,1070,723,1070
1021,1139,1082,1134,1084,1166,1023,1171
1086,1136,1150,1136,1150,1166,1086,1166
1166,1136,1210,1136,1210,1166,1166,1166
321,1135,406,1145,402,1178,317,1169
580,1170,623,1170,623,1203,580,1203
636,1170,723,1170,723,1203,636,1203
321,1169,406,1178,402,1212,317,1202
516,1173,576,1173,576,1203,516,1203
1106,1173,1150,1173,1150,1200,1106,1200
1170,1173,1210,1173,1210,1200,1170,1200
416,1176,460,1176,460,1203,416,1203
460,1180,500,1180,500,1203,460,1203
321,1199,405,1208,401,1245,317,1235
1026,1206,1086,1206,1086,1233,1026,1233
1086,1203,1153,1203,1153,1233,1086,1233
1173,1206,1213,1206,1213,1230,1173,1230
420,1213,500,1213,500,1236,420,1236
1025,1242,1088,1237,1091,1266,1027,1271
1086,1236,1153,1236,1153,1266,1086,1266
1173,1240,1213,1240,1213,1266,1173,1266
416,1240,520,1240,520,1270,416,1270
540,1243,600,1243,600,1270,540,1270
320,1243,400,1243,400,1270,320,1270
320,1273,400,1273,400,1303,320,1303
656,1273,763,1273,763,1303,656,1303
1113,1276,1153,1276,1153,1300,1113,1300
1173,1273,1213,1273,1213,1300,1173,1300
420,1280,476,1280,476,1303,420,1303
516,1280,556,1280,556,1306,516,1306
580,1280,640,1280,640,1303,580,1303
393,1336,476,1336,476,1370,393,1370
596,1336,680,1336,680,1370,596,1370
1090,1336,1153,1336,1153,1366,1090,1366
316,1340,376,1340,376,1370,316,1370
496,1343,536,1343,536,1370,496,1370
533,1340,576,1340,576,1370,533,1370
1050,1343,1073,1343,1073,1370,1050,1370
1176,1343,1216,1343,1216,1366,1176,1366
336,1376,376,1376,376,1406,336,1406
373,1373,416,1373,416,1403,373,1403
1046,1373,1156,1373,1156,1403,1046,1403
1176,1373,1216,1373,1216,1403,1176,1403
393,1440,473,1440,473,1473,393,1473
313,1443,373,1443,373,1473,313,1473
493,1450,596,1450,596,1473,493,1473
616,1446,700,1446,700,1473,616,1473
316,1477,394,1483,392,1509,314,1503
413,1480,473,1480,473,1506,413,1506
1026,1476,1090,1476,1090,1510,1026,1510
1093,1476,1160,1476,1160,1510,1093,1510
1176,1476,1220,1476,1220,1506,1176,1506
310,1546,373,1546,373,1573,310,1573
390,1546,493,1546,493,1576,390,1576
510,1544,611,1550,609,1582,508,1576
350,1576,393,1576,393,1610,350,1610
306,1580,346,1580,346,1610,306,1610
406,1580,493,1580,493,1613,406,1613
716,1580,760,1580,760,1613,716,1613
510,1583,610,1583,610,1613,510,1613
306,1613,346,1613,346,1643,306,1643
346,1613,393,1613,393,1643,346,1643
410,1618,491,1622,489,1647,408,1643
507,1613,611,1621,609,1656,504,1648
346,1643,393,1643,393,1676,346,1676
303,1646,343,1646,343,1676,303,1676
406,1650,450,1650,450,1680,406,1680
467,1648,568,1656,565,1689,464,1681
756,1653,800,1653,800,1680,756,1680
326,1723,406,1723,406,1750,326,1750
463,1720,500,1720,500,1750,463,1750
503,1720,546,1720,546,1750,503,1750
420,1723,463,1723,463,1756,420,1756
566,1723,633,1723,633,1756,566,1756
650,1723,713,1723,713,1753,650,1753
736,1726,780,1726,780,1753,736,1753
796,1726,866,1726,866,1760,796,1760
886,1726,950,1726,950,1763,886,1763
970,1726,1056,1726,1056,1760,970,1760
380,1756,446,1756,446,1786,380,1786
466,1760,526,1760,526,1786,466,1786
546,1755,634,1760,632,1793,545,1788
653,1756,762,1765,759,1798,650,1789
776,1766,866,1766,866,1796,776,1796
300,1790,383,1790,383,1820,300,1820
403,1796,510,1796,510,1823,403,1823
526,1796,596,1796,596,1823,526,1823
613,1800,653,1800,653,1823,613,1823
756,1796,866,1796,866,1826,756,1826
886,1796,930,1796,930,1826,886,1826
673,1800,736,1800,736,1830,673,1830
1033,1797,1124,1802,1123,1834,1031,1829
950,1806,1013,1806,1013,1830,950,1830
360,1826,423,1826,423,1860,360,1860
443,1826,496,1826,496,1856,443,1856
500,1827,654,1833,653,1862,499,1856
673,1830,716,1830,716,1860,673,1860
736,1836,803,1836,803,1860,736,1860
820,1833,883,1833,883,1863,820,1863
883,1833,930,1833,930,1866,883,1866
566,1863,633,1863,633,1896,566,1896
733,1866,800,1866,800,1900,733,1900
653,1870,720,1870,720,1900,653,1900
583,2003,1053,2003,1053,2033,583,2033
