1023,246,1265,246,1265,299,1023,299
1312,244,1556,258,1553,322,1309,308
824,315,924,315,924,378,824,378
288,320,750,320,750,378,288,378
971,320,1118,320,1118,378,971,378
1170,320,1312,320,1312,378,1170,378
1317,320,1417,320,1417,393,1317,393
283,393,383,393,383,456,283,456
425,393,572,393,572,451,425,451
624,393,745,393,745,451,624,451
771,393,908,393,908,462,771,462
972,381,1268,400,1264,469,968,450
1318,395,1508,402,1506,463,1315,456
1564,399,1711,399,1711,467,1564,467
1753,404,1842,404,1842,467,1753,467
1895,404,2089,404,2089,477,1895,477
2145,396,2249,420,2236,481,2132,458
279,468,387,478,381,539,274,529
383,472,666,472,666,535,383,535
929,468,1502,474,1501,546,928,540
672,477,750,477,750,535,672,535
771,477,908,477,908,535,771,535
1506,476,2000,483,1999,555,1505,549
278,556,483,556,483,624,278,624
624,556,756,556,756,624,624,624
771,556,1128,556,1128,619,771,619
1169,563,1348,557,1350,614,1171,620
1370,567,1459,567,1459,619,1370,619
927,640,1427,630,1428,703,929,713
283,640,666,640,666,714,283,714
766,651,882,651,882,703,766,703
1464,651,1648,651,1648,703,1464,703
1664,656,1758,656,1758,708,1664,708
1023,792,1170,792,1170,871,1023,871
1611,792,1706,792,1706,871,1611,871
1417,798,1569,798,1569,871,1417,871
1218,803,1370,803,1370,871,1218,871
1228,887,1422,887,1422,950,1228,950
1842,1044,2073,1044,2073,1134,1842,1134
315,1050,409,1050,409,1123,315,1123
414,1050,771,1050,771,1123,414,1123
934,1050,1071,1050,1071,1123,934,1123
1076,1050,1181,1050,1181,1123,1076,1123
2126,1050,2409,1050,2409,1118,2126,1118
320,1128,420,1128,420,1202,320,1202
656,1134,777,1134,777,1202,656,1202
798,1134,1370,1134,1370,1207,798,1207
462,1139,567,1139,567,1202,462,1202
320,1223,425,1223,425,1281,320,1281
992,1223,1092,1223,1092,1286,992,1286
798,1228,955,1228,955,1291,798,1291
2213,1358,2408,1351,2411,1427,2216,1434
1144,1365,1239,1365,1239,1443,1144,1443
1925,1375,2167,1368,2169,1431,1927,1438
325,1375,472,1375,472,1438,325,1438
519,1375,666,1375,666,1454,519,1454
1282,1372,1521,1390,1516,1463,1277,1446
1055,1533,1291,1533,1291,1601,1055,1601
430,1538,803,1538,803,1611,430,1611
861,1538,1002,1538,1002,1596,861,1596
341,1548,367,1548,367,1596,341,1596
2262,1596,2362,1596,2362,1664,2262,1664
1968,1606,2115,1606,2115,1664,1968,1664
483,1611,803,1611,803,1680,483,1680
819,1611,1107,1611,1107,1680,819,1680
2115,1674,2415,1674,2415,1743,2115,1743
1422,1680,1512,1680,1512,1743,1422,1743
2021,1680,2115,1680,2115,1737,2021,1737
582,1690,740,1690,740,1753,582,1753
1333,1690,1380,1690,1380,1743,1333,1743
488,1695,540,1695,540,1748,488,1748
824,1695,866,1695,866,1743,824,1743
1391,1711,1422,1711,1422,1748,1391,1748
918,1764,1113,1764,1113,1821,918,1821
1149,1764,1239,1764,1239,1821,1149,1821
439,1774,634,1767,637,1833,441,1840
682,1769,798,1769,798,1827,682,1827
346,1774,393,1774,393,1832,346,1832
2257,1832,2362,1832,2362,1900,2257,1900
829,1837,1112,1837,1112,1905,829,1905
1968,1837,2152,1837,2152,1895,1968,1895
640,1842,813,1842,813,1911,640,1911
493,1848,640,1848,640,1916,493,1916
1968,1911,2110,1911,2110,1974,1968,1974
2110,1911,2273,1911,2273,1979,2110,1979
2265,1913,2403,1906,2407,1973,2268,1980
640,1921,787,1921,787,1989,640,1989
829,1921,929,1921,929,1984,829,1984
498,1926,603,1926,603,1989,498,1989
1968,2142,2105,2142,2105,2199,1968,2199
2111,2136,2406,2147,2403,2220,2108,2209
368,2143,564,2151,561,2233,365,2225
1118,2199,1302,2199,1302,2273,1118,2273
837,2213,1074,2200,1078,2267,840,2280
605,2221,796,2210,800,2285,609,2296
369,2214,567,2228,561,2313,363,2298
2157,2220,2268,2220,2268,2289,2157,2289
2268,2220,2404,2220,2404,2294,2268,2294
606,2294,796,2284,800,2351,609,2361
375,2288,572,2302,566,2386,369,2371
1968,2294,2100,2294,2100,2352,1968,2352
2110,2294,2268,2294,2268,2362,2110,2362
2268,2299,2404,2299,2404,2367,2268,2367
887,2362,1027,2349,1033,2414,894,2427
614,2367,829,2367,829,2436,614,2436
1968,2367,2105,2367,2105,2430,1968,2430
378,2373,567,2373,567,2441,378,2441
2115,2373,2262,2373,2262,2430,2115,2430
2299,2373,2394,2373,2394,2430,2299,2430
1165,2425,1386,2425,1386,2483,1165,2483
992,2430,1123,2430,1123,2493,992,2493
619,2441,756,2441,756,2504,619,2504
845,2441,939,2441,939,2514,845,2514
2157,2441,2257,2441,2257,2493,2157,2493
2299,2441,2388,2441,2388,2499,2299,2499
380,2452,570,2442,574,2509,383,2519
1032,2579,1215,2557,1224,2629,1041,2650
2105,2565,2379,2572,2377,2633,2103,2626
834,2577,987,2577,987,2646,834,2646
572,2583,761,2583,761,2661,572,2661
388,2598,530,2598,530,2667,388,2667
2100,2635,2241,2635,2241,2693,2100,2693
2239,2643,2372,2636,2375,2692,2242,2700
530,2672,619,2672,619,2730,530,2730
441,2677,530,2677,530,2735,441,2735
2100,2703,2241,2703,2241,2766,2100,2766
2241,2709,2367,2709,2367,2766,2241,2766
446,2745,630,2745,630,2814,446,2814
847,2873,1038,2858,1043,2919,852,2934
1086,2861,1265,2861,1265,2913,1086,2913
578,2885,774,2870,780,2944,584,2959
404,2892,540,2892,540,2961,404,2961
2094,2908,2236,2908,2236,2971,2094,2971
1963,2913,2058,2913,2058,2971,1963,2971
2236,2913,2357,2913,2357,2971,2236,2971
628,2973,769,2950,778,3007,638,3031
409,2971,588,2971,588,3029,409,3029
866,3078,1078,3086,1075,3147,864,3139
593,3109,822,3083,828,3144,600,3170
420,3113,551,3113,551,3171,420,3171
1312,3139,1396,3139,1396,3197,1312,3197
871,3150,1081,3150,1081,3207,871,3207
637,3180,825,3151,835,3215,647,3244
514,3171,609,3171,609,3239,514,3239
420,3181,509,3181,509,3244,420,3244
877,3213,1088,3221,1085,3283,874,3275
647,3243,828,3228,832,3285,652,3300
519,3244,614,3244,614,3307,519,3307
425,3255,514,3255,514,3312,425,3312
1370,3276,1485,3276,1485,3339,1370,3339
1317,3281,1365,3281,1365,3333,1317,3333
792,3297,861,3297,861,3349,792,3349
861,3297,997,3297,997,3354,861,3354
519,3307,619,3307,619,3375,519,3375
656,3307,745,3307,745,3365,656,3365
430,3323,519,3323,519,3381,430,3381
1191,3417,1312,3417,1312,3475,1191,3475
1365,3417,1449,3417,1449,3470,1365,3470
1487,3421,1625,3412,1629,3479,1492,3488
1842,3417,2021,3417,2021,3480,1842,3480
1669,3423,1795,3423,1795,3486,1669,3486
882,3428,966,3428,966,3486,882,3486
1013,3433,1144,3433,1144,3486,1013,3486
792,3438,861,3438,861,3491,792,3491
703,3449,787,3449,787,3512,703,3512
488,3459,661,3459,661,3512,488,3512
1191,3484,1413,3491,1411,3550,1190,3543
971,3491,1149,3491,1149,3543,971,3543
1447,3496,1669,3490,1671,3558,1449,3564
798,3507,871,3507,871,3559,798,3559
871,3507,929,3507,929,3554,871,3554
616,3515,754,3507,758,3569,620,3577
1412,3549,1630,3562,1626,3622,1408,3608
929,3559,1071,3559,1071,3617,929,3617
1239,3559,1370,3559,1370,3622,1239,3622
1107,3564,1191,3564,1191,3617,1107,3617
1669,3564,1758,3564,1758,3622,1669,3622
1979,3561,2154,3568,2151,3624,1977,3616
1800,3575,1932,3575,1932,3622,1800,3622
664,3593,865,3582,868,3639,667,3650
438,3612,623,3601,627,3663,442,3674
1239,3627,1328,3627,1328,3685,1239,3685
1365,3627,1496,3627,1496,3685,1365,3685
882,3633,1197,3633,1197,3696,882,3696
1543,3633,1669,3633,1669,3690,1543,3690
1669,3633,1758,3633,1758,3696,1669,3696
761,3654,866,3654,866,3706,761,3706
577,3664,708,3664,708,3727,577,3727
1370,3696,1496,3696,1496,3759,1370,3759
1197,3706,1333,3706,1333,3774,1197,3774
1019,3709,1152,3717,1148,3779,1015,3770
1743,4000,1905,4000,1905,4026,1743,4026
1695,4005,1737,4005,1737,4026,1695,4026
1517,4011,1564,4011,1564,4026,1517,4026
1575,4011,1622,4011,1622,4026,1575,4026
