982,220,1219,229,1217,291,980,283
1265,224,1508,231,1506,300,1263,293
267,283,719,283,719,346,267,346
787,294,887,294,887,357,787,357
934,299,1076,299,1076,362,934,362
1123,304,1265,304,1265,372,1123,372
1265,304,1365,304,1365,383,1265,383
262,357,362,357,362,425,262,425
406,358,551,372,545,433,400,418
598,367,719,367,719,430,598,430
735,372,840,372,840,441,735,441
929,378,987,378,987,435,929,435
1501,378,1653,378,1653,446,1501,446
1029,376,1221,391,1216,454,1025,439
1265,383,1454,383,1454,441,1265,441
1695,383,1785,383,1785,446,1695,446
1837,383,2031,383,2031,456,1837,456
2084,388,2189,388,2189,467,2084,467
267,441,362,441,362,498,267,498
362,441,451,441,451,509,362,509
456,451,598,451,598,504,456,504
635,451,714,451,714,504,635,504
714,451,866,451,866,509,714,509
882,451,1260,451,1260,514,882,514
603,462,630,462,630,504,603,504
1449,456,1937,456,1937,530,1449,530
1265,467,1438,467,1438,519,1265,519
262,519,446,519,446,582,262,582
593,525,714,525,714,588,593,588
729,525,824,525,824,588,729,588
829,531,1072,538,1070,594,828,587
1113,540,1275,540,1275,593,1113,593
1312,546,1401,546,1401,598,1312,598
262,603,624,603,624,661,262,661
877,600,1355,606,1354,672,876,666
714,614,829,614,829,661,714,661
1397,620,1582,629,1580,681,1394,671
1596,630,1690,630,1690,677,1596,677
1538,750,1638,750,1638,829,1538,829
960,756,1107,756,1107,819,960,819
1155,761,1302,761,1302,824,1155,824
1349,761,1496,761,1496,824,1349,824
1197,834,1386,834,1386,892,1197,892
229,970,682,962,683,1034,231,1041
850,981,987,981,987,1039,850,1039
992,981,1086,981,1086,1034,992,1034
1779,981,2016,981,2016,1055,1779,1055
2079,981,2378,981,2378,1044,2079,1044
225,1050,320,1050,320,1113,225,1113
362,1050,456,1050,456,1107,362,1107
551,1050,672,1050,672,1107,551,1107
692,1050,1286,1050,1286,1118,692,1118
215,1128,341,1128,341,1181,215,1181
668,1122,890,1138,886,1200,663,1183
934,1128,1034,1128,1034,1186,934,1186
1023,1270,1123,1270,1123,1344,1023,1344
194,1275,336,1275,336,1333,194,1333
377,1283,522,1266,529,1331,385,1348
1176,1278,1431,1297,1426,1375,1171,1356
2189,1281,2394,1281,2394,1354,2189,1354
1879,1286,2142,1286,2142,1354,1879,1354
183,1438,220,1438,220,1491,183,1491
273,1433,357,1433,357,1491,273,1491
362,1433,567,1433,567,1496,362,1496
651,1438,708,1438,708,1491,651,1491
761,1438,866,1438,866,1501,761,1501
866,1438,1071,1438,1071,1506,866,1506
1118,1443,1223,1443,1223,1512,1118,1512
1228,1443,1428,1443,1428,1517,1228,1517
1464,1449,1611,1449,1611,1522,1464,1522
1622,1449,1774,1449,1774,1517,1622,1517
310,1504,956,1514,955,1589,308,1579
2241,1533,2346,1533,2346,1601,2241,1601
1926,1538,2089,1538,2089,1601,1926,1601
304,1585,703,1585,703,1659,304,1659
1113,1601,1218,1601,1218,1669,1113,1669
1260,1606,1412,1606,1412,1674,1260,1674
1874,1601,2405,1610,2404,1688,1873,1679
1223,1627,1254,1627,1254,1669,1223,1669
152,1669,204,1669,204,1732,152,1732
246,1674,546,1674,546,1737,246,1737
640,1680,693,1680,693,1737,640,1737
745,1680,1060,1680,1060,1748,745,1748
1107,1685,1265,1685,1265,1753,1107,1753
1270,1690,1470,1690,1470,1764,1270,1764
1512,1690,1659,1690,1659,1764,1512,1764
1664,1695,1779,1695,1779,1758,1664,1758
294,1753,630,1753,630,1827,294,1827
640,1758,955,1758,955,1832,640,1832
1921,1785,2121,1785,2121,1848,1921,1848
2241,1785,2352,1785,2352,1853,2241,1853
294,1837,388,1837,388,1911,294,1911
388,1842,556,1842,556,1916,388,1916
551,1848,687,1848,687,1916,551,1916
1149,1858,1249,1858,1249,1932,1149,1932
1249,1858,1407,1858,1407,1926,1249,1926
1922,1859,2406,1874,2404,1952,1919,1936
155,2068,354,2091,344,2178,145,2155
1863,2126,2042,2126,2042,2199,1863,2199
2079,2131,2257,2131,2257,2205,2079,2205
2289,2136,2404,2136,2404,2205,2289,2205
155,2152,354,2175,344,2262,145,2239
393,2168,593,2168,593,2252,393,2252
640,2178,897,2178,897,2257,640,2257
945,2184,1149,2184,1149,2262,945,2262
2131,2220,2247,2220,2247,2289,2131,2289
2252,2226,2394,2226,2394,2289,2252,2289
155,2231,359,2255,349,2341,145,2317
393,2257,588,2257,588,2331,393,2331
1858,2294,2042,2294,2042,2367,1858,2367
2073,2299,2247,2299,2247,2373,2073,2373
2247,2304,2399,2304,2399,2378,2247,2378
157,2331,351,2331,351,2404,157,2404
394,2336,654,2350,650,2422,391,2409
687,2352,840,2352,840,2415,687,2415
1858,2378,2037,2378,2037,2451,1858,2451
2068,2383,2247,2383,2247,2457,2068,2457
2241,2388,2394,2388,2394,2462,2241,2462
162,2409,357,2409,357,2488,162,2488
399,2425,546,2425,546,2488,399,2488
645,2436,740,2436,740,2509,645,2509
798,2441,945,2441,945,2499,798,2499
992,2437,1251,2443,1249,2515,990,2509
2121,2472,2236,2472,2236,2541,2121,2541
2241,2478,2388,2478,2388,2546,2241,2546
183,2567,325,2567,325,2635,183,2635
367,2567,567,2567,567,2640,367,2640
604,2569,806,2581,802,2648,601,2637
855,2583,1055,2583,1055,2661,855,2661
1906,2622,2380,2641,2377,2716,1903,2697
231,2646,430,2646,430,2719,231,2719
1905,2703,2052,2703,2052,2777,1905,2777
2059,2706,2233,2715,2230,2789,2055,2781
2226,2719,2373,2719,2373,2793,2226,2793
383,2798,582,2798,582,2871,383,2871
677,2801,873,2808,871,2867,675,2860
189,2808,330,2808,330,2877,189,2877
919,2817,1110,2827,1107,2881,916,2871
435,2882,582,2882,582,2940,435,2940
194,2887,383,2887,383,2945,194,2945
1848,2934,2010,2934,2010,2997,1848,2997
2048,2937,2213,2945,2209,3020,2044,3012
2252,2950,2357,2950,2357,3029,2252,3029
393,3034,640,3034,640,3102,393,3102
687,3033,915,3041,913,3100,685,3092
199,3039,346,3039,346,3102,199,3102
1170,3097,1265,3097,1265,3160,1170,3160
304,3102,409,3102,409,3176,304,3176
693,3102,918,3102,918,3165,693,3165
446,3113,645,3113,645,3186,446,3186
204,3118,299,3118,299,3176,204,3176
315,3176,414,3176,414,3239,315,3239
693,3177,925,3189,922,3253,690,3241
215,3186,309,3186,309,3239,215,3239
456,3186,645,3186,645,3239,456,3239
1176,3239,1228,3239,1228,3297,1176,3297
1270,3239,1359,3239,1359,3291,1270,3291
320,3244,420,3244,420,3307,320,3307
220,3249,315,3249,315,3307,220,3307
462,3249,556,3249,556,3302,462,3302
603,3249,677,3249,677,3302,603,3302
682,3260,824,3260,824,3318,682,3318
1034,3383,1168,3366,1175,3426,1042,3443
1228,3375,1317,3375,1317,3428,1228,3428
614,3381,687,3381,687,3428,614,3428
698,3381,798,3381,798,3433,698,3433
1365,3381,1506,3381,1506,3438,1365,3438
294,3386,477,3386,477,3433,294,3433
519,3386,609,3386,609,3444,519,3444
850,3391,992,3391,992,3444,850,3444
1554,3396,1685,3396,1685,3459,1554,3459
1739,3394,1930,3405,1926,3472,1735,3461
435,3444,577,3444,577,3496,435,3496
624,3444,693,3444,693,3491,624,3491
808,3444,992,3444,992,3496,808,3496
1044,3443,1276,3449,1275,3502,1043,3496
703,3454,761,3454,761,3491,703,3491
1318,3446,1555,3454,1552,3515,1315,3506
262,3501,446,3501,446,3554,262,3554
766,3501,913,3501,913,3554,766,3554
1271,3494,1505,3512,1500,3571,1267,3554
493,3507,703,3507,703,3559,493,3559
1092,3507,1228,3507,1228,3559,1092,3559
703,3517,724,3517,724,3549,703,3549
955,3512,1044,3512,1044,3554,955,3554
1554,3522,1638,3522,1638,3580,1554,3580
1687,3539,1831,3555,1825,3605,1681,3589
1876,3549,2070,3577,2061,3638,1867,3610
708,3559,1050,3559,1050,3612,708,3612
1092,3559,1181,3559,1181,3606,1092,3606
409,3564,540,3564,540,3622,409,3622
593,3564,708,3564,708,3612,593,3612
1229,3560,1369,3574,1363,3629,1223,3615
1407,3577,1546,3586,1543,3645,1404,3637
1548,3596,1643,3596,1643,3659,1548,3659
866,3622,1002,3622,1002,3675,866,3675
1050,3627,1186,3627,1186,3685,1050,3685
1230,3624,1365,3640,1357,3704,1222,3689
961,3892,1897,3951,1893,4016,957,3957
