1113,136,1354,136,1354,194,1113,194
1401,136,1638,136,1638,194,1401,194
388,198,851,205,850,270,387,264
1260,204,1396,204,1396,262,1260,262
1401,204,1501,204,1501,273,1401,273
918,210,1018,210,1018,278,918,278
1065,215,1207,215,1207,273,1065,273
1979,257,2178,257,2178,336,1979,336
1643,262,1795,262,1795,330,1643,330
1837,262,1926,262,1926,325,1837,325
2226,262,2331,262,2331,341,2226,341
383,267,488,267,488,336,383,336
1401,273,1590,273,1590,330,1401,330
531,274,681,288,676,348,526,334
1160,280,1355,287,1353,348,1158,340
729,288,855,288,855,357,729,357
871,288,1008,288,1008,357,871,357
1065,294,1123,294,1123,346,1065,346
1585,341,2079,341,2079,409,1585,409
379,343,770,370,765,437,374,410
1016,365,1574,341,1576,407,1019,432
771,372,855,372,855,430,771,430
850,372,997,372,997,430,850,430
378,435,577,435,577,509,378,509
1254,441,1428,441,1428,493,1254,493
1443,441,1538,441,1538,488,1443,488
866,446,971,446,971,514,866,514
724,451,845,451,845,509,724,509
966,451,1218,451,1218,509,966,509
1021,519,1505,499,1507,566,1024,585
1548,514,1727,514,1727,567,1548,567
1748,514,1842,514,1842,567,1748,567
388,518,767,528,766,593,386,583
861,535,981,535,981,582,861,582
1690,651,1790,651,1790,729,1690,729
1107,661,1260,661,1260,735,1107,735
1501,661,1648,661,1648,729,1501,729
1302,666,1454,666,1454,729,1302,729
1307,745,1543,745,1543,808,1307,808
1932,903,2163,903,2163,992,1932,992
393,908,850,908,850,981,393,981
1013,908,1149,908,1149,971,1013,971
1160,908,1260,908,1260,976,1160,976
2215,913,2504,913,2504,976,2215,976
393,987,493,987,493,1055,393,1055
871,986,1459,986,1459,1055,871,1055
535,992,635,992,635,1050,535,1050
729,992,850,992,850,1060,729,1060
393,1076,519,1076,519,1134,393,1134
1065,1076,1165,1076,1165,1144,1065,1144
855,1081,1023,1081,1023,1149,855,1149
1212,1223,1307,1223,1307,1302,1212,1302
588,1228,735,1228,735,1312,588,1312
2307,1232,2498,1225,2500,1301,2310,1308
393,1233,540,1233,540,1296,393,1296
1355,1235,1604,1254,1599,1327,1350,1309
2021,1239,2262,1239,2262,1307,2021,1307
414,1401,446,1401,446,1454,414,1454
498,1396,645,1396,645,1459,498,1459
687,1396,777,1396,777,1454,687,1454
829,1396,976,1396,976,1454,829,1454
1018,1401,1512,1401,1512,1464,1018,1464
1543,1401,1732,1401,1732,1459,1543,1459
1785,1401,1926,1401,1926,1464,1785,1464
546,1475,861,1475,861,1543,546,1543
876,1475,1170,1475,1170,1543,876,1543
2346,1475,2446,1475,2446,1543,2346,1543
2063,1480,2241,1480,2241,1538,2063,1538
551,1548,609,1548,609,1611,551,1611
645,1548,792,1548,792,1617,645,1617
2110,1548,2493,1548,2493,1627,2110,1627
798,1554,924,1554,924,1617,798,1617
1404,1559,1589,1549,1593,1617,1408,1626
414,1632,462,1632,462,1690,414,1690
504,1632,703,1632,703,1701,504,1701
740,1632,834,1632,834,1690,740,1690
882,1638,1081,1638,1081,1701,882,1701
1128,1638,1370,1638,1370,1701,1128,1701
1407,1638,1501,1638,1501,1701,1407,1701
1548,1638,1737,1638,1737,1695,1548,1695
1785,1638,1921,1638,1921,1695,1785,1695
556,1711,871,1711,871,1779,556,1779
861,1711,1076,1711,1076,1779,861,1779
1081,1711,1176,1711,1176,1779,1081,1779
2341,1711,2441,1711,2441,1774,2341,1774
2058,1716,2205,1716,2205,1774,2058,1774
698,1790,840,1790,840,1853,698,1853
2058,1790,2199,1790,2199,1853,2058,1853
2205,1790,2493,1790,2493,1863,2205,1863
556,1795,693,1795,693,1853,556,1853
887,1795,987,1795,987,1858,887,1858
1554,1806,1585,1806,1585,1853,1554,1853
427,2009,620,2024,613,2108,420,2093
2058,2021,2488,2021,2488,2089,2058,2089
423,2084,620,2107,610,2193,413,2170
651,2094,845,2094,845,2173,651,2173
1176,2094,1365,2094,1365,2168,1176,2168
2247,2100,2357,2100,2357,2168,2247,2168
2348,2103,2482,2095,2485,2162,2352,2170
887,2105,1029,2105,1029,2168,887,2168
1034,2105,1134,2105,1134,2168,1034,2168
428,2163,622,2185,613,2267,418,2245
2205,2173,2357,2173,2357,2241,2205,2241
2357,2173,2488,2173,2488,2236,2357,2236
656,2178,845,2178,845,2241,656,2241
2058,2178,2194,2178,2194,2231,2058,2231
940,2263,1084,2248,1090,2314,946,2328
2058,2252,2194,2252,2194,2315,2058,2315
2205,2252,2357,2252,2357,2320,2205,2320
2357,2252,2493,2252,2493,2325,2357,2325
425,2257,614,2257,614,2325,425,2325
656,2257,876,2257,876,2325,656,2325
425,2331,609,2331,609,2399,425,2399
2247,2331,2352,2331,2352,2399,2247,2399
654,2342,796,2333,800,2395,657,2404
883,2351,975,2328,991,2390,898,2413
1039,2336,1176,2336,1176,2394,1039,2394
1223,2336,1459,2336,1459,2399,1223,2399
2357,2336,2483,2336,2483,2399,2357,2399
1092,2472,1281,2472,1281,2546,1092,2546
619,2478,813,2478,813,2551,619,2551
855,2478,1039,2478,1039,2546,855,2546
2110,2483,2199,2483,2199,2541,2110,2541
2200,2478,2490,2488,2487,2555,2198,2545
435,2488,567,2488,567,2546,435,2546
476,2562,665,2555,668,2622,478,2629
2105,2556,2157,2556,2157,2619,2105,2619
2199,2562,2352,2562,2352,2625,2199,2625
2352,2567,2488,2567,2488,2635,2352,2635
622,2712,812,2705,815,2782,625,2789
901,2719,1091,2712,1093,2775,903,2781
1139,2714,1323,2714,1323,2772,1139,2772
435,2719,572,2719,572,2787,435,2787
2063,2782,2173,2782,2173,2840,2063,2840
2205,2782,2362,2782,2362,2850,2205,2850
2357,2787,2488,2787,2488,2850,2357,2850
435,2793,619,2793,619,2856,435,2856
666,2793,808,2793,808,2850,666,2850
619,2950,855,2950,855,3018,619,3018
903,2948,1126,2961,1122,3027,899,3014
435,2955,577,2955,577,3024,435,3024
525,3018,630,3018,630,3097,525,3097
903,3024,1118,3024,1118,3087,903,3087
1365,3024,1459,3024,1459,3087,1365,3087
430,3029,525,3029,525,3092,430,3092
666,3029,855,3029,855,3102,666,3102
532,3094,634,3104,628,3169,525,3159
435,3102,530,3102,530,3165,435,3165
903,3095,1132,3113,1126,3187,898,3168
665,3110,849,3103,852,3160,667,3167
540,3165,635,3165,635,3234,540,3234
446,3171,535,3171,535,3228,446,3228
1464,3171,1554,3171,1554,3228,1464,3228
677,3176,771,3176,771,3239,677,3239
819,3176,882,3176,882,3228,819,3228
1370,3176,1422,3176,1422,3234,1370,3234
887,3186,1002,3186,1002,3244,887,3244
913,3312,997,3312,997,3370,913,3370
1239,3312,1365,3312,1365,3375,1239,3375
504,3313,685,3323,682,3377,501,3367
819,3318,892,3318,892,3370,819,3370
724,3323,813,3323,813,3381,724,3381
1417,3323,1512,3323,1512,3381,1417,3381
1559,3323,1706,3323,1706,3402,1559,3402
1928,3329,2118,3318,2123,3391,1932,3401
1055,3328,1186,3328,1186,3386,1055,3386
1748,3333,1884,3333,1884,3407,1748,3407
640,3386,777,3386,777,3444,640,3444
824,3386,892,3386,892,3444,824,3444
1002,3391,1191,3391,1191,3459,1002,3459
897,3396,960,3396,960,3449,897,3449
1239,3394,1473,3408,1469,3483,1235,3469
1510,3412,1748,3406,1750,3484,1512,3490
456,3459,640,3459,640,3517,456,3517
683,3457,891,3473,885,3541,678,3525
950,3459,1102,3459,1102,3538,950,3538
887,3486,913,3486,913,3528,887,3528
1139,3480,1228,3480,1228,3538,1139,3538
1459,3480,1701,3480,1701,3554,1459,3554
1275,3486,1422,3486,1422,3559,1275,3559
1743,3486,1842,3486,1842,3559,1743,3559
2074,3492,2271,3508,2266,3583,2068,3568
1884,3501,2021,3501,2021,3559,1884,3559
588,3538,724,3538,724,3617,588,3617
766,3543,887,3543,887,3612,766,3612
882,3543,1225,3556,1222,3623,880,3610
1270,3559,1370,3559,1370,3627,1270,3627
1412,3564,1554,3564,1554,3633,1412,3633
1601,3570,1743,3570,1743,3638,1601,3638
1743,3575,1842,3575,1842,3648,1743,3648
1039,3638,1181,3638,1181,3717,1039,3717
1228,3648,1370,3648,1370,3727,1228,3727
1412,3648,1554,3648,1554,3727,1412,3727
