533,456,630,456,630,476,533,476
650,456,746,456,746,480,650,480
456,480,493,480,493,503,456,503
593,480,650,480,650,500,593,500
243,483,430,483,430,506,243,506
513,483,573,483,573,503,513,503
650,483,690,483,690,503,650,503
513,506,536,506,536,530,513,530
553,504,634,509,632,534,552,529
650,506,730,506,730,526,650,526
750,506,806,506,806,526,750,526
826,506,853,506,853,526,826,526
883,506,920,506,920,530,883,530
920,506,960,506,960,530,920,530
980,506,1020,506,1020,533,980,533
240,506,280,506,280,533,240,533
300,510,360,510,360,533,300,533
376,510,426,510,426,530,376,530
436,510,490,510,490,533,436,533
496,533,650,533,650,560,496,560
653,533,723,533,723,556,653,556
726,530,923,530,923,556,726,556
393,533,426,533,426,560,393,560
426,536,490,536,490,560,426,560
240,540,376,540,376,563,240,563
376,566,426,566,426,590,376,590
433,566,473,566,473,590,433,590
476,566,573,566,573,590,476,590
670,566,710,566,710,586,670,586
240,570,316,570,316,593,240,593
593,570,666,570,666,590,593,590
496,597,693,593,693,619,496,624
236,596,336,596,336,626,236,626
336,600,393,600,393,623,336,623
713,600,786,600,786,620,713,620
790,600,830,600,830,616,790,616
430,603,480,603,480,620,430,620
766,650,810,650,810,680,766,680
690,653,753,653,753,683,690,683
530,656,593,656,593,686,530,686
610,656,673,656,673,683,610,683
633,690,693,690,693,716,633,716
983,746,1103,746,1103,776,983,776
870,750,964,755,962,784,868,779
493,753,593,753,593,783,493,783
283,756,430,756,430,790,283,790
240,760,283,760,283,786,240,786
436,786,673,786,673,820,436,820
376,790,430,790,430,820,376,820
246,796,286,796,286,820,246,820
300,793,343,793,343,820,300,820
516,823,556,823,556,850,516,850
243,826,300,826,300,853,243,853
436,830,513,830,513,856,436,856
906,880,1010,880,1010,910,906,910
1026,883,1106,883,1106,906,1026,906
576,883,616,883,616,913,576,913
636,889,737,893,736,919,635,914
323,890,383,890,383,923,323,923
246,896,306,896,306,920,246,920
636,950,736,950,736,980,636,980
286,956,483,956,483,983,286,983
503,956,620,956,620,980,503,980
246,960,266,960,266,983,246,983
1046,976,1086,976,1086,1003,1046,1003
930,983,990,983,990,1006,930,1006
436,986,483,986,483,1013,436,1013
480,983,560,983,560,1013,480,1013
303,986,423,986,423,1016,303,1016
986,1006,1050,1006,1050,1036,986,1036
1066,1006,1106,1006,1106,1033,1066,1033
930,1013,986,1013,986,1036,930,1036
660,1016,680,1016,680,1043,660,1043
696,1013,736,1013,736,1040,696,1040
303,1016,350,1016,350,1046,303,1046
363,1016,423,1016,423,1046,363,1046
443,1020,483,1020,483,1043,443,1043
930,1106,976,1106,976,1136,930,1136
990,1106,1053,1106,1053,1133,990,1133
1070,1110,1106,1110,1106,1133,1070,1133
247,1111,331,1115,329,1151,245,1146
1010,1136,1050,1136,1050,1166,1010,1166
560,1140,643,1140,643,1173,560,1173
1073,1143,1106,1143,1106,1163,1073,1163
503,1143,546,1143,546,1173,503,1173
248,1142,333,1151,329,1185,244,1176
346,1146,383,1146,383,1176,346,1176
446,1150,503,1150,503,1173,446,1173
386,1150,426,1150,426,1176,386,1176
933,1173,976,1173,976,1200,933,1200
993,1173,1053,1173,1053,1196,993,1196
1073,1176,1106,1176,1106,1196,1073,1196
250,1175,333,1184,329,1218,247,1209
390,1181,432,1187,428,1212,387,1206
350,1186,386,1186,386,1210,350,1210
930,1203,976,1203,976,1233,930,1233
990,1203,1053,1203,1053,1230,990,1230
466,1213,526,1213,526,1240,466,1240
346,1213,440,1213,440,1243,346,1243
250,1216,330,1216,330,1243,250,1243
1016,1240,1053,1240,1053,1263,1016,1263
583,1243,683,1243,683,1270,583,1270
253,1250,333,1250,333,1276,253,1276
353,1250,410,1250,410,1273,353,1273
446,1246,486,1246,486,1280,446,1280
510,1250,566,1250,566,1273,510,1273
993,1300,1053,1300,1053,1330,993,1330
1073,1303,1110,1303,1110,1326,1073,1326
525,1306,606,1302,607,1333,526,1337
430,1310,510,1310,510,1336,430,1336
253,1310,313,1310,313,1340,253,1340
330,1310,413,1310,413,1340,330,1340
993,1333,1053,1333,1053,1360,993,1360
1056,1336,1110,1336,1110,1363,1056,1363
276,1346,296,1346,296,1373,276,1373
313,1343,353,1343,353,1370,313,1370
370,1400,413,1400,413,1433,370,1433
553,1406,630,1406,630,1430,553,1430
256,1406,316,1406,316,1436,256,1436
333,1406,373,1406,373,1433,333,1433
446,1406,530,1406,530,1433,446,1433
993,1426,1056,1426,1056,1456,993,1456
1073,1430,1110,1430,1110,1456,1073,1456
933,1430,980,1430,980,1456,933,1456
260,1443,340,1443,340,1470,260,1470
356,1443,416,1443,416,1466,356,1466
453,1502,547,1507,546,1534,452,1529
263,1506,323,1506,323,1533,263,1533
336,1503,436,1503,436,1530,336,1530
646,1530,686,1530,686,1556,646,1556
303,1536,346,1536,346,1563,303,1563
356,1533,436,1533,436,1566,356,1566
456,1536,536,1536,536,1560,456,1560
260,1536,300,1536,300,1563,260,1563
303,1566,346,1566,346,1593,303,1593
263,1570,300,1570,300,1593,263,1593
360,1570,436,1570,436,1593,360,1593
453,1566,536,1566,536,1596,453,1596
300,1596,346,1596,346,1626,300,1626
690,1600,726,1600,726,1623,690,1623
263,1600,303,1600,303,1626,263,1626
360,1603,400,1603,400,1626,360,1626
420,1603,510,1603,510,1630,420,1630
880,1656,963,1656,963,1686,880,1686
590,1660,646,1660,646,1690,590,1690
724,1667,785,1657,789,1686,728,1695
803,1660,863,1660,863,1690,803,1690
290,1666,363,1666,363,1690,290,1690
375,1670,449,1664,451,1692,377,1698
453,1663,493,1663,493,1690,453,1690
670,1666,710,1666,710,1690,670,1690
516,1670,573,1670,573,1693,516,1693
340,1693,400,1693,400,1723,340,1723
420,1696,476,1696,476,1723,420,1723
493,1693,573,1693,573,1720,493,1720
593,1695,694,1700,692,1727,592,1723
706,1693,790,1693,790,1723,706,1723
943,1722,1024,1727,1023,1754,941,1749
806,1723,846,1723,846,1750,806,1750
263,1726,343,1726,343,1756,263,1756
476,1730,540,1730,540,1753,476,1753
690,1730,790,1730,790,1753,690,1753
863,1730,923,1730,923,1750,863,1750
363,1733,450,1733,450,1760,363,1760
556,1733,593,1733,593,1753,556,1753
610,1730,670,1730,670,1756,610,1756
610,1756,653,1756,653,1786,610,1786
750,1760,806,1760,806,1783,750,1783
320,1760,380,1760,380,1793,320,1793
400,1763,450,1763,450,1790,400,1790
456,1763,593,1763,593,1786,456,1786
670,1763,730,1763,730,1786,670,1786
810,1763,846,1763,846,1786,810,1786
670,1791,728,1796,725,1825,668,1820
513,1793,576,1793,576,1823,513,1823
593,1793,653,1793,653,1823,593,1823
526,1923,963,1923,963,1956,526,1956
