1135,12,1413,38,1406,114,1128,88
1460,34,1735,47,1731,123,1456,109
908,105,1023,105,1023,178,908,178
318,121,834,108,836,185,320,198
1078,104,1250,121,1243,193,1071,177
1302,126,1459,126,1459,204,1302,204
1459,126,1569,126,1569,210,1459,210
320,199,430,199,430,273,320,273
698,199,834,199,834,273,698,273
855,199,1013,199,1013,278,855,278
1076,199,1144,199,1144,267,1076,267
477,204,645,204,645,273,477,273
1189,199,1416,233,1404,311,1177,277
1459,220,1674,220,1674,294,1459,294
1732,225,1900,225,1900,299,1732,299
1945,231,2048,242,2041,307,1938,296
2100,241,2310,241,2310,325,2100,325
2367,257,2483,257,2483,336,2367,336
829,288,1008,288,1008,362,829,362
1030,279,1464,306,1458,389,1025,361
315,294,745,294,745,367,315,367
745,294,840,294,840,367,745,367
1669,312,2211,325,2209,406,1667,393
1464,320,1653,320,1653,383,1464,383
312,387,524,380,527,456,315,463
693,383,971,383,971,462,693,462
971,393,1260,393,1260,456,971,456
1293,405,1473,421,1469,476,1288,461
1512,420,1617,420,1617,477,1512,477
315,477,735,477,735,551,315,551
1030,472,1572,490,1569,573,1027,556
840,493,981,493,981,546,840,546
1617,514,1816,514,1816,572,1617,572
1837,525,1937,525,1937,577,1837,577
1125,659,1295,651,1298,729,1129,737
1350,662,1521,677,1515,749,1344,733
1564,672,1727,672,1727,750,1564,750
1774,672,1884,672,1884,761,1774,761
1359,761,1611,761,1611,829,1359,829
325,929,839,929,839,1007,325,1007
1023,934,1176,934,1176,1008,1023,1008
1181,934,1286,934,1286,1008,1181,1008
2037,966,2283,966,2283,1050,2037,1050
2352,966,2667,966,2667,1039,2352,1039
336,1023,435,1023,435,1102,336,1102
483,1023,593,1023,593,1097,483,1097
698,1023,834,1023,834,1102,698,1102
861,1018,1512,1024,1511,1108,860,1102
341,1123,477,1123,477,1191,341,1191
813,1134,845,1134,845,1181,813,1181
834,1128,1039,1128,1039,1207,834,1207
1076,1128,1191,1128,1191,1197,1076,1197
1244,1291,1349,1291,1349,1375,1244,1375
551,1296,708,1296,708,1380,551,1380
357,1302,504,1302,504,1370,357,1370
1407,1304,1673,1322,1668,1406,1401,1388
2451,1312,2667,1312,2667,1391,2451,1391
2147,1317,2404,1317,2404,1391,2147,1391
462,1480,656,1480,656,1548,462,1548
714,1480,840,1480,840,1548,714,1548
918,1485,1086,1485,1086,1554,918,1554
1139,1485,1359,1485,1359,1564,1139,1564
1417,1491,1727,1491,1727,1569,1417,1569
1879,1491,1989,1491,1989,1564,1879,1564
1769,1496,1827,1496,1827,1559,1769,1559
514,1564,845,1564,845,1637,514,1637
866,1564,1193,1575,1191,1653,864,1642
2194,1585,2352,1585,2352,1653,2194,1653
2504,1585,2609,1585,2609,1653,2504,1653
514,1648,782,1648,782,1722,514,1722
782,1659,918,1659,918,1722,782,1722
1454,1664,1664,1664,1664,1737,1454,1737
2247,1659,2663,1669,2660,1751,2245,1741
376,1895,580,1917,571,2005,366,1982
2336,1926,2509,1926,2509,2000,2336,2000
2236,1932,2325,1932,2325,1995,2236,1995
2495,1935,2639,1927,2643,1993,2499,2001
380,1979,585,2002,575,2089,371,2066
619,1989,834,1989,834,2073,619,2073
882,2000,1149,2000,1149,2079,882,2079
1197,2005,1407,2005,1407,2079,1197,2079
2383,2010,2504,2010,2504,2084,2383,2084
2499,2010,2640,2010,2640,2084,2499,2084
382,2060,591,2090,578,2179,370,2149
624,2079,834,2079,834,2163,624,2163
2226,2094,2294,2094,2294,2168,2226,2168
2325,2094,2499,2094,2499,2168,2325,2168
2493,2094,2640,2094,2640,2173,2493,2173
383,2163,584,2170,582,2248,381,2241
624,2173,866,2173,866,2247,624,2247
939,2178,1097,2178,1097,2252,939,2252
2226,2178,2320,2178,2320,2247,2226,2247
2326,2173,2642,2184,2640,2262,2323,2251
388,2247,582,2247,582,2331,388,2331
630,2257,787,2257,787,2336,630,2336
887,2262,987,2262,987,2341,887,2341
1249,2262,1506,2262,1506,2336,1249,2336
1050,2268,1202,2268,1202,2341,1050,2341
2378,2268,2499,2268,2499,2341,2378,2341
2493,2273,2635,2273,2635,2346,2493,2346
836,2407,1048,2418,1044,2506,832,2495
577,2420,787,2420,787,2504,577,2504
1097,2420,1302,2420,1302,2504,1097,2504
388,2425,530,2425,530,2493,388,2493
2326,2426,2496,2434,2492,2511,2322,2503
2530,2436,2635,2436,2635,2509,2530,2509
430,2509,630,2509,630,2588,430,2588
2326,2510,2491,2518,2487,2596,2322,2587
2488,2525,2635,2525,2635,2598,2488,2598
574,2672,791,2662,795,2745,578,2755
378,2677,525,2677,525,2751,378,2751
872,2680,1099,2688,1096,2761,869,2753
1144,2693,1349,2693,1349,2756,1144,2756
383,2761,588,2761,588,2829,383,2829
2215,2761,2273,2761,2273,2824,2215,2824
2315,2761,2478,2761,2478,2829,2315,2829
630,2766,787,2766,787,2824,630,2824
2469,2769,2613,2762,2616,2829,2473,2836
394,2919,543,2927,540,2989,391,2981
593,2924,845,2924,845,2992,593,2992
894,2919,1138,2944,1131,3010,887,2985
493,2992,603,2992,603,3066,493,3066
393,2997,493,2997,493,3066,393,3066
1297,3014,1494,2993,1501,3059,1304,3080
639,3009,847,2989,854,3065,646,3085
898,2998,1142,3010,1138,3082,895,3070
498,3066,609,3066,609,3144,498,3144
399,3076,498,3076,498,3144,399,3144
651,3081,845,3081,845,3139,651,3139
901,3072,1146,3107,1135,3182,890,3147
404,3144,614,3144,614,3223,404,3223
651,3155,756,3155,756,3223,651,3223
1501,3155,1601,3155,1601,3223,1501,3223
798,3160,871,3160,871,3223,798,3223
1401,3160,1459,3160,1459,3223,1401,3223
878,3165,1033,3179,1027,3250,871,3236
1800,3302,1937,3302,1937,3370,1800,3370
1449,3307,1548,3307,1548,3375,1449,3375
1596,3307,1753,3307,1753,3386,1596,3386
1989,3307,2184,3307,2184,3365,1989,3365
1251,3324,1390,3315,1394,3380,1255,3388
462,3323,656,3323,656,3381,462,3381
903,3323,997,3323,997,3381,903,3381
698,3328,798,3328,798,3402,698,3402
798,3328,876,3328,876,3386,798,3386
1055,3333,1202,3333,1202,3396,1055,3396
1753,3386,1795,3386,1795,3412,1753,3412
1002,3391,1197,3391,1197,3449,1002,3449
1548,3391,1753,3391,1753,3454,1548,3454
609,3396,756,3396,756,3454,609,3454
803,3402,876,3402,876,3454,803,3454
1254,3402,1501,3402,1501,3459,1254,3459
882,3412,950,3412,950,3459,882,3459
1795,3449,1890,3449,1890,3512,1795,3512
1499,3461,1742,3453,1744,3512,1501,3520
2133,3449,2330,3471,2324,3532,2126,3510
1937,3459,2079,3459,2079,3512,1937,3512
420,3465,614,3465,614,3522,420,3522
955,3465,1118,3465,1118,3538,955,3538
661,3467,889,3480,886,3539,658,3526
1155,3475,1254,3475,1254,3528,1155,3528
1302,3475,1449,3475,1449,3538,1302,3538
887,3496,913,3496,913,3533,887,3533
1643,3528,1790,3528,1790,3596,1643,3596
1790,3528,1895,3528,1895,3601,1790,3601
572,3538,714,3538,714,3601,572,3601
1449,3538,1590,3538,1590,3591,1449,3591
766,3543,887,3543,887,3596,766,3596
892,3543,1249,3543,1249,3606,892,3606
1302,3543,1396,3543,1396,3601,1302,3601
1449,3606,1596,3606,1596,3680,1449,3680
1055,3622,1202,3622,1202,3685,1055,3685
1252,3628,1400,3620,1404,3679,1255,3688
1093,3911,2175,3950,2172,4036,1090,3997
