602,327,693,322,694,346,603,350
496,336,586,336,586,360,496,360
913,346,953,346,953,370,913,370
856,350,880,350,880,370,856,370
550,356,603,356,603,380,550,380
606,356,640,356,640,376,606,376
823,356,843,356,843,376,823,376
766,360,790,360,790,383,766,383
480,366,533,366,533,386,480,386
693,366,750,366,750,390,693,390
231,383,402,367,405,398,234,414
426,370,463,370,463,393,426,393
603,376,676,376,676,400,603,400
674,392,858,375,861,402,676,419
516,386,586,386,586,410,516,410
480,393,500,393,500,413,480,413
410,400,460,400,460,423,410,423
606,400,673,400,673,423,606,423
360,403,403,403,403,426,360,426
570,406,603,406,603,430,570,430
230,406,270,406,270,433,230,433
283,406,343,406,343,443,283,443
497,415,569,405,572,432,500,441
463,416,500,416,500,440,463,440
403,423,460,423,460,446,403,446
376,430,403,430,403,453,376,453
623,433,660,433,660,450,623,450
306,436,360,436,360,460,306,460
553,436,610,436,610,460,553,460
233,440,306,440,306,463,233,463
446,446,536,446,536,470,446,470
736,446,773,446,773,466,736,466
403,450,446,450,446,473,403,473
657,457,719,447,722,469,660,479
357,460,403,455,405,476,360,482
464,473,642,453,645,479,466,499
236,470,310,470,310,493,236,493
403,480,460,480,460,500,403,500
323,490,373,490,373,513,323,513
236,503,322,488,327,513,241,529
713,493,753,493,753,523,713,523
643,506,700,506,700,533,643,533
571,517,626,511,629,535,573,541
496,516,553,516,553,546,496,546
590,543,646,543,646,566,590,566
917,569,1036,558,1039,589,920,600
587,570,646,564,648,593,590,598
533,573,573,573,573,600,533,600
811,579,889,574,891,606,813,611
461,611,556,603,558,630,464,638
237,635,406,618,408,646,240,662
407,642,629,620,632,652,410,675
356,646,400,646,400,683,356,683
293,660,330,660,330,683,293,683
240,663,276,663,276,690,240,690
486,670,523,670,523,696,486,696
408,681,482,674,485,701,411,708
243,693,290,693,290,716,243,716
973,693,1010,693,1010,720,973,720
1010,693,1046,693,1046,716,1010,716
858,701,953,695,954,723,860,728
543,720,583,720,583,750,543,750
600,723,693,723,693,746,600,746
309,750,364,739,369,765,314,776
243,753,296,753,296,776,243,776
584,786,679,778,681,803,587,811
993,780,1033,780,1033,810,993,810
495,791,569,786,571,812,496,817
880,790,940,790,940,816,880,816
423,796,476,796,476,820,423,820
278,808,386,801,388,825,280,832
1000,813,1056,813,1056,840,1000,840
940,813,1000,813,1000,843,940,843
418,823,532,813,535,844,420,854
881,822,938,817,941,843,884,848
295,834,386,828,388,856,297,862
386,826,416,826,416,853,386,853
643,836,700,836,700,863,643,863
606,843,626,843,626,863,606,863
423,853,460,853,460,876,423,876
353,860,406,860,406,883,353,883
300,863,350,863,350,890,300,890
606,870,646,870,646,893,606,893
553,873,590,873,590,896,553,896
1003,873,1040,873,1040,896,1003,896
420,876,480,876,480,906,420,906
500,880,536,880,536,900,500,900
886,880,946,880,946,903,886,903
353,886,426,886,426,913,353,913
280,890,340,890,340,920,280,920
246,900,263,900,263,920,246,920
1023,903,1060,903,1060,926,1023,926
418,907,536,899,538,930,420,937
946,903,1006,903,1006,933,946,933
890,910,933,910,933,936,890,936
294,919,416,907,419,938,297,950
666,926,703,926,703,950,666,950
630,930,646,930,646,950,630,950
426,940,463,940,463,966,426,966
353,943,406,943,406,970,353,970
762,950,836,945,837,970,763,975
300,950,350,950,350,976,300,976
685,956,746,952,747,974,687,979
630,956,666,956,666,980,630,980
514,962,609,953,612,982,517,991
441,970,499,965,502,990,444,996
1010,966,1046,966,1046,990,1010,990
893,970,953,970,953,993,893,993
351,977,409,971,411,996,354,1001
281,983,335,978,338,1003,283,1008
246,986,266,986,266,1006,246,1006
1030,993,1066,993,1066,1020,1030,1020
423,993,536,993,536,1023,423,1023
953,993,1013,993,1013,1023,953,1023
893,996,950,996,950,1026,893,1026
295,1005,406,997,408,1029,297,1036
670,1013,710,1013,710,1036,670,1036
633,1016,653,1016,653,1040,633,1040
426,1030,463,1030,463,1053,426,1053
350,1030,410,1030,410,1060,350,1060
783,1033,843,1033,843,1063,783,1063
296,1036,340,1036,340,1066,296,1066
673,1043,770,1043,770,1070,673,1070
578,1052,652,1047,654,1072,580,1077
481,1060,562,1053,564,1079,484,1086
1013,1053,1053,1053,1053,1080,1013,1080
420,1060,466,1060,466,1086,420,1086
900,1063,960,1063,960,1086,900,1086
393,1066,420,1066,420,1086,393,1086
320,1070,376,1070,376,1093,320,1093
283,1073,320,1073,320,1096,283,1096
421,1087,542,1080,544,1110,423,1118
956,1083,1020,1083,1020,1113,956,1113
1036,1086,1076,1086,1076,1110,1036,1110
298,1095,422,1086,425,1118,300,1128
903,1093,956,1093,956,1120,903,1120
673,1103,713,1103,713,1130,673,1130
636,1110,656,1110,656,1133,636,1133
430,1120,466,1120,466,1146,430,1146
356,1123,413,1123,413,1150,356,1150
306,1133,340,1133,340,1156,306,1156
735,1135,813,1131,814,1156,736,1160
557,1142,639,1134,642,1165,560,1173
660,1140,720,1140,720,1163,660,1163
428,1149,546,1142,548,1172,430,1180
1023,1150,1060,1150,1060,1173,1023,1173
906,1156,963,1156,963,1180,906,1180
360,1160,420,1160,420,1183,360,1183
286,1163,343,1163,343,1190,286,1190
253,1166,270,1166,270,1190,253,1190
428,1180,546,1173,548,1203,430,1211
1030,1180,1080,1180,1080,1206,1030,1206
966,1180,1026,1180,1026,1210,966,1210
301,1188,412,1181,414,1213,303,1219
906,1186,963,1186,963,1213,906,1213
656,1196,716,1196,716,1226,656,1226
623,1203,643,1203,643,1226,623,1226
430,1217,472,1211,475,1236,434,1242
360,1213,416,1213,416,1243,360,1243
303,1220,343,1220,343,1246,303,1246
736,1226,836,1226,836,1253,736,1253
568,1238,719,1229,721,1256,570,1265
448,1240,549,1235,551,1266,450,1271
1024,1247,1064,1240,1068,1265,1028,1272
361,1251,439,1246,441,1272,363,1277
908,1253,969,1248,971,1272,910,1278
290,1256,343,1256,343,1280,290,1280
432,1271,589,1265,591,1297,433,1304
964,1277,1032,1271,1034,1302,967,1308
1043,1273,1086,1273,1086,1300,1043,1300
305,1281,429,1273,431,1305,307,1313
910,1283,970,1283,970,1310,910,1310
683,1293,723,1293,723,1320,683,1320
646,1300,670,1300,670,1323,646,1323
436,1306,476,1306,476,1333,436,1333
363,1310,420,1310,420,1340,363,1340
306,1313,350,1313,350,1343,306,1343
1050,1366,1093,1366,1093,1396,1050,1396
973,1370,1036,1370,1036,1400,973,1400
896,1373,960,1373,960,1403,896,1403
1056,1400,1096,1400,1096,1423,1056,1423
1000,1403,1040,1403,1040,1426,1000,1426
257,1404,334,1409,332,1440,255,1436
560,1426,636,1426,636,1453,560,1453
500,1426,540,1426,540,1456,500,1456
443,1430,500,1430,500,1460,443,1460
980,1430,1043,1430,1043,1460,980,1460
1063,1433,1096,1433,1096,1456,1063,1456
898,1437,965,1431,968,1462,900,1468
253,1434,334,1438,332,1471,251,1466
346,1436,386,1436,386,1463,346,1463
390,1440,426,1440,426,1463,390,1463
978,1463,1045,1458,1048,1489,980,1495
1063,1463,1103,1463,1103,1486,1063,1486
903,1463,970,1463,970,1496,903,1496
350,1470,386,1470,386,1493,350,1493
390,1470,426,1470,426,1493,390,1493
256,1473,333,1473,333,1500,256,1500
466,1496,523,1496,523,1520,466,1520
1066,1496,1103,1496,1103,1520,1066,1520
348,1501,439,1496,441,1522,350,1527
1006,1500,1050,1500,1050,1523,1006,1523
253,1503,333,1503,333,1530,253,1530
580,1516,676,1516,676,1546,580,1546
506,1526,563,1526,563,1550,506,1550
353,1530,410,1530,410,1556,353,1556
443,1526,483,1526,483,1560,443,1560
253,1536,333,1536,333,1563,253,1563
929,1566,1056,1560,1057,1589,930,1595
521,1583,602,1578,604,1613,523,1617
366,1590,410,1590,410,1623,366,1623
425,1597,505,1590,507,1616,427,1622
1076,1593,1113,1593,1113,1616,1076,1616
330,1593,370,1593,370,1623,330,1623
990,1593,1056,1593,1056,1623,990,1623
250,1596,310,1596,310,1626,250,1626
953,1600,976,1600,976,1623,953,1623
1073,1623,1116,1623,1116,1653,1073,1653
310,1626,350,1626,350,1656,310,1656
933,1626,1060,1626,1060,1660,933,1660
273,1633,293,1633,293,1656,273,1656
310,1660,353,1660,353,1690,310,1690
273,1666,296,1666,296,1693,273,1693
553,1720,630,1720,630,1746,553,1746
446,1720,530,1720,530,1750,446,1750
328,1725,412,1721,414,1753,330,1757
1086,1726,1126,1726,1126,1753,1086,1753
1003,1726,1066,1726,1066,1756,1003,1756
253,1730,310,1730,310,1760,253,1760
920,1730,986,1730,986,1763,920,1763
350,1766,412,1757,415,1782,354,1791
253,1763,293,1763,293,1790,253,1790
296,1766,336,1766,336,1790,296,1790
821,1805,892,1800,894,1832,823,1838
906,1803,1010,1803,1010,1833,906,1833
746,1810,806,1810,806,1840,746,1840
606,1813,730,1813,730,1850,606,1850
450,1819,547,1823,546,1854,448,1850
329,1826,433,1822,434,1853,330,1857
256,1830,316,1830,316,1856,256,1856
789,1843,909,1839,910,1867,790,1871
666,1843,786,1843,786,1876,666,1876
393,1860,443,1860,443,1886,393,1886
453,1860,490,1860,490,1883,453,1883
256,1860,300,1860,300,1890,256,1890
320,1863,363,1863,363,1886,320,1886
633,1880,693,1880,693,1913,633,1913
613,1886,633,1886,633,1910,613,1910
300,1886,343,1886,343,1916,300,1916
456,1890,550,1890,550,1916,456,1916
260,1890,300,1890,300,1916,260,1916
353,1890,436,1890,436,1923,353,1923
636,1913,693,1913,693,1946,636,1946
613,1920,636,1920,636,1946,613,1946
263,1923,343,1923,343,1956,263,1956
453,1923,550,1923,550,1953,453,1953
360,1930,436,1930,436,1953,360,1953
696,1953,736,1953,736,1976,696,1976
356,1960,396,1960,396,1990,356,1990
416,1963,510,1963,510,1993,416,1993
256,1963,300,1963,300,1993,256,1993
300,1970,343,1970,343,1993,300,1993
900,2006,983,2006,983,2036,900,2036
733,2019,799,2011,803,2044,737,2052
820,2013,880,2013,880,2043,820,2043
596,2016,656,2016,656,2046,596,2046
680,2023,720,2023,720,2046,680,2046
413,2026,450,2026,450,2056,413,2056
453,2026,496,2026,496,2053,453,2053
516,2026,580,2026,580,2056,516,2056
283,2036,360,2036,360,2060,283,2060
373,2033,416,2033,416,2063,373,2063
716,2053,803,2053,803,2083,716,2083
493,2056,580,2056,580,2090,493,2090
600,2056,703,2056,703,2086,600,2086
336,2063,396,2063,396,2096,336,2096
420,2066,480,2066,480,2093,420,2093
963,2075,1051,2080,1049,2111,961,2106
823,2083,866,2083,866,2113,823,2113
883,2086,946,2086,946,2110,883,2110
700,2086,806,2086,806,2116,700,2116
620,2093,683,2093,683,2123,620,2123
476,2100,543,2100,543,2126,476,2126
563,2100,603,2100,603,2120,563,2120
256,2103,340,2103,340,2133,256,2133
360,2106,450,2106,450,2133,360,2133
760,2120,823,2120,823,2150,760,2150
823,2120,870,2120,870,2153,823,2153
620,2123,663,2123,663,2153,620,2153
680,2123,743,2123,743,2153,680,2153
450,2130,583,2130,583,2163,450,2163
583,2136,603,2136,603,2156,583,2156
316,2136,380,2136,380,2170,316,2170
400,2140,450,2140,450,2163,400,2163
680,2156,743,2156,743,2193,680,2193
600,2163,666,2163,666,2196,600,2196
520,2166,583,2166,583,2196,520,2196
565,2313,999,2292,1001,2331,567,2352
