1160,168,1396,168,1396,225,1160,225
1444,165,1682,179,1679,233,1441,219
451,236,897,236,897,299,451,299
1302,236,1433,236,1433,294,1302,294
1443,236,1543,236,1543,309,1443,309
966,241,1065,241,1065,304,966,304
1107,241,1249,241,1249,294,1107,294
446,304,540,304,540,367,446,367
582,309,724,309,724,367,582,367
1204,299,1406,321,1398,393,1196,370
1444,306,1634,313,1632,373,1442,367
777,315,892,315,892,367,777,367
913,315,1044,315,1044,378,913,378
1107,315,1160,315,1160,367,1107,367
1685,315,1837,315,1837,383,1685,383
1874,315,1968,315,1968,378,1874,378
2018,319,2214,312,2216,388,2021,395
2268,325,2367,325,2367,404,2268,404
435,383,530,383,530,435,435,435
535,379,804,387,802,448,534,440
813,388,892,388,892,446,813,446
888,384,1042,393,1039,453,884,443
1060,388,1160,388,1160,451,1060,451
1149,388,1443,388,1443,456,1149,456
1627,388,2115,388,2115,462,1627,462
1443,393,1617,393,1617,451,1443,451
430,456,624,456,624,525,430,525
766,467,892,467,892,535,766,535
887,467,960,467,960,530,887,530
1055,472,1254,472,1254,530,1055,530
1291,483,1470,483,1470,535,1291,535
1485,488,1580,488,1580,540,1485,540
436,534,804,544,803,612,434,602
1055,551,1538,551,1538,614,1055,614
861,561,1013,561,1013,609,861,609
1779,561,1874,561,1874,614,1779,614
1580,567,1764,567,1764,619,1580,619
1716,698,1816,698,1816,777,1716,777
1139,703,1286,703,1286,771,1139,771
1527,708,1674,708,1674,777,1527,777
1333,714,1485,714,1485,777,1333,777
1339,785,1566,797,1563,859,1336,847
425,924,530,924,530,992,425,992
525,922,888,932,886,1008,523,998
1958,934,2194,934,2194,1018,1958,1018
1039,939,1139,939,1139,1002,1039,1002
1186,939,1281,939,1281,1008,1186,1008
2252,945,2546,945,2546,1013,2252,1013
425,1002,525,1002,525,1071,425,1071
567,1013,666,1013,666,1076,567,1076
756,1013,882,1013,882,1081,756,1081
897,1012,1475,1018,1475,1094,897,1088
421,1083,554,1094,549,1154,416,1143
876,1107,1071,1107,1071,1176,876,1176
1086,1107,1186,1107,1186,1170,1086,1170
415,1237,554,1244,550,1303,412,1296
603,1244,750,1244,750,1323,603,1323
1223,1249,1323,1249,1323,1323,1223,1323
1365,1257,1615,1271,1611,1346,1361,1332
2341,1260,2546,1260,2546,1338,2341,1338
2047,1270,2299,1270,2299,1338,2047,1338
414,1401,446,1401,446,1449,414,1449
499,1392,752,1402,750,1473,496,1464
787,1407,866,1407,866,1464,787,1464
887,1412,934,1412,934,1470,887,1470
987,1417,1281,1417,1281,1485,987,1485
1317,1417,1517,1417,1517,1485,1317,1485
1559,1422,1758,1422,1758,1491,1559,1491
1800,1428,1947,1428,1947,1491,1800,1491
546,1475,873,1484,871,1556,544,1546
866,1485,1188,1496,1185,1569,864,1558
2388,1512,2493,1512,2493,1575,2388,1575
2089,1517,2247,1517,2247,1580,2089,1580
540,1554,651,1554,651,1622,540,1622
687,1559,840,1559,840,1627,687,1627
882,1564,981,1564,981,1632,882,1632
1559,1590,1590,1590,1590,1638,1559,1638
2084,1585,2194,1585,2194,1643,2084,1643
2236,1585,2546,1585,2546,1659,2236,1659
392,1769,595,1792,585,1879,382,1855
2079,1827,2226,1827,2226,1890,2079,1890
2232,1822,2396,1830,2393,1902,2228,1894
2388,1832,2530,1832,2530,1895,2388,1895
391,1848,595,1871,586,1957,381,1934
630,1863,829,1863,829,1942,630,1942
1023,1874,1128,1874,1128,1953,1023,1953
876,1879,1023,1879,1023,1947,876,1947
1170,1879,1365,1879,1365,1958,1170,1958
2273,1905,2383,1905,2383,1974,2273,1974
2388,1911,2530,1911,2530,1979,2388,1979
391,1927,595,1949,585,2036,382,2014
630,1947,829,1947,829,2026,630,2026
2073,1984,2194,1984,2194,2052,2073,2052
2226,1984,2388,1984,2388,2058,2226,2058
2425,1995,2525,1995,2525,2058,2425,2058
393,2031,582,2031,582,2094,393,2094
630,2037,882,2037,882,2105,630,2105
924,2042,1071,2042,1071,2105,924,2105
2068,2068,2205,2068,2205,2126,2068,2126
2220,2068,2383,2068,2383,2136,2220,2136
2420,2073,2525,2073,2525,2142,2420,2142
399,2100,588,2100,588,2178,399,2178
630,2115,777,2115,777,2178,630,2178
871,2121,966,2121,966,2194,871,2194
1023,2126,1165,2126,1165,2184,1023,2184
1213,2122,1456,2132,1453,2204,1210,2195
2273,2157,2367,2157,2367,2210,2273,2210
582,2257,782,2257,782,2336,582,2336
404,2262,535,2262,535,2331,404,2331
824,2262,1018,2262,1018,2336,824,2336
1065,2268,1260,2268,1260,2352,1065,2352
2121,2310,2205,2310,2205,2367,2121,2367
2215,2310,2373,2310,2373,2378,2215,2378
2373,2315,2509,2315,2509,2378,2373,2378
451,2341,635,2341,635,2409,451,2409
2115,2388,2205,2388,2205,2446,2115,2446
2215,2388,2367,2388,2367,2457,2215,2457
2367,2394,2504,2394,2504,2457,2367,2457
588,2488,782,2488,782,2572,588,2572
410,2491,543,2499,539,2569,405,2561
824,2501,1067,2510,1065,2577,822,2568
1113,2512,1299,2522,1296,2584,1110,2574
410,2570,587,2588,582,2648,404,2630
630,2588,771,2588,771,2646,630,2646
2058,2619,2173,2619,2173,2688,2058,2688
2205,2625,2362,2625,2362,2698,2205,2698
2399,2635,2504,2635,2504,2703,2399,2703
421,2720,551,2735,545,2795,414,2781
588,2740,824,2740,824,2808,588,2808
873,2741,1102,2765,1095,2836,865,2812
509,2793,603,2793,603,2877,509,2877
420,2798,514,2798,514,2861,420,2861
626,2823,827,2808,832,2881,631,2896
872,2821,1093,2829,1091,2889,869,2881
1338,2835,1433,2835,1433,2892,1338,2892
420,2871,509,2871,509,2940,420,2940
514,2871,603,2871,603,2940,514,2940
635,2898,819,2898,819,2955,635,2955
873,2888,1103,2913,1094,2989,864,2964
409,2945,609,2945,609,3024,409,3024
640,2966,729,2966,729,3034,640,3034
771,2971,845,2971,845,3034,771,3034
845,2982,992,2982,992,3045,845,3045
1338,2992,1522,2992,1522,3055,1338,3055
446,3114,627,3123,624,3188,443,3178
861,3129,950,3129,950,3202,861,3202
666,3134,761,3134,761,3207,666,3207
766,3134,840,3134,840,3192,766,3192
1191,3144,1328,3144,1328,3218,1191,3218
1002,3150,1144,3150,1144,3223,1002,3223
1375,3155,1480,3155,1480,3223,1375,3223
1522,3160,1674,3160,1674,3239,1522,3239
1905,3160,2100,3160,2100,3244,1905,3244
1716,3165,1858,3165,1858,3244,1716,3244
577,3202,724,3202,724,3270,577,3270
766,3207,834,3207,834,3265,766,3265
951,3210,1147,3221,1143,3293,947,3282
840,3223,903,3223,903,3270,840,3270
1192,3225,1437,3245,1432,3316,1186,3297
1475,3244,1680,3244,1680,3323,1475,3323
1680,3249,1716,3249,1716,3281,1680,3281
378,3276,572,3276,572,3349,378,3349
620,3288,838,3302,833,3377,615,3364
899,3287,1058,3295,1054,3372,895,3364
829,3312,861,3312,861,3360,829,3360
1092,3318,1181,3318,1181,3375,1092,3375
1423,3316,1676,3323,1674,3395,1421,3388
1233,3323,1380,3323,1380,3402,1233,3402
1716,3323,1816,3323,1816,3396,1716,3396
2054,3328,2259,3351,2250,3432,2045,3409
1859,3336,2007,3344,2004,3398,1856,3391
509,3370,651,3370,651,3449,509,3449
703,3375,829,3375,829,3444,703,3444
840,3375,1183,3388,1181,3463,837,3450
1228,3396,1328,3396,1328,3470,1228,3470
1370,3407,1522,3407,1522,3475,1370,3475
1564,3407,1706,3407,1706,3475,1564,3475
1711,3412,1816,3412,1816,3491,1711,3491
981,3475,1128,3475,1128,3554,981,3554
1176,3491,1328,3491,1328,3570,1176,3570
1370,3491,1512,3491,1512,3564,1370,3564
987,3864,1039,3864,1039,3916,987,3916
1045,3847,1856,3885,1852,3989,1041,3951
1853,3890,2121,3890,2121,3990,1853,3990
