666,559,764,563,763,587,665,583
546,563,646,563,646,586,546,586
603,586,663,586,663,616,603,616
666,590,706,590,706,616,666,616
466,596,506,596,506,620,466,620
526,596,586,596,586,620,526,620
255,608,439,598,441,623,257,634
944,604,989,610,985,635,941,629
1000,603,1046,603,1046,633,1000,633
903,610,940,610,940,636,903,636
843,613,870,613,870,636,843,636
763,613,826,613,826,643,763,643
665,621,746,617,747,643,666,647
526,623,550,623,550,646,526,646
563,616,648,621,646,651,562,646
390,630,440,630,440,653,390,653
450,630,503,630,503,653,450,653
253,633,293,633,293,660,253,660
313,633,370,633,370,656,313,656
741,646,942,632,945,665,743,680
510,653,546,653,546,680,510,680
546,650,630,650,630,680,546,680
626,650,666,650,666,680,626,680
683,653,743,653,743,676,683,676
440,656,503,656,503,680,440,680
410,660,440,660,440,683,410,683
293,663,390,663,390,686,293,686
250,666,293,666,293,690,250,690
390,690,440,690,440,716,390,716
446,690,470,690,470,713,446,713
470,690,486,690,486,713,470,713
490,690,590,690,590,713,490,713
610,690,683,690,683,710,610,710
690,690,726,690,726,710,690,710
252,696,329,692,331,718,253,722
509,720,706,715,707,743,510,747
810,716,846,716,846,736,810,736
726,720,803,720,803,740,726,740
252,730,346,726,347,751,253,755
350,726,403,726,403,750,350,750
443,726,490,726,490,746,443,746
783,770,826,770,826,800,783,800
710,780,770,780,770,803,710,803
546,780,610,780,610,810,546,810
630,783,690,783,690,806,630,806
632,816,709,810,711,836,634,842
1005,854,1133,848,1134,881,1007,887
885,862,972,857,974,892,887,897
506,876,566,876,566,906,506,906
566,876,610,876,610,903,566,903
290,880,353,880,353,913,290,913
350,880,453,880,453,910,350,910
250,883,290,883,290,910,250,910
505,910,689,901,691,933,506,942
446,910,510,910,510,940,446,940
250,913,293,913,293,943,250,943
307,920,352,914,355,939,310,944
390,916,430,916,430,940,390,940
446,942,534,947,532,977,445,973
550,943,593,943,593,970,550,970
253,953,306,953,306,976,253,976
1100,983,1140,983,1140,1013,1100,1013
1056,986,1100,986,1100,1016,1056,1016
933,990,1040,990,1040,1020,933,1020
646,999,754,1003,752,1035,645,1031
590,1003,630,1003,630,1033,590,1033
326,1010,390,1010,390,1043,326,1043
250,1016,310,1016,310,1040,250,1040
650,1066,753,1066,753,1096,650,1096
509,1075,633,1071,633,1096,510,1100
290,1076,443,1076,443,1106,290,1106
450,1080,490,1080,490,1100,450,1100
250,1083,270,1083,270,1106,250,1106
1083,1086,1126,1086,1126,1113,1083,1113
956,1090,1020,1090,1020,1116,956,1116
485,1102,569,1097,571,1129,486,1134
446,1103,486,1103,486,1133,446,1133
306,1106,426,1106,426,1136,306,1136
1020,1116,1090,1116,1090,1150,1020,1150
1106,1120,1150,1120,1150,1146,1106,1146
956,1120,1006,1120,1006,1150,956,1150
710,1130,753,1130,753,1160,710,1160
673,1136,693,1136,693,1160,673,1160
366,1136,430,1136,430,1166,366,1166
450,1140,486,1140,486,1163,450,1163
306,1140,353,1140,353,1170,306,1170
1023,1220,1093,1220,1093,1253,1023,1253
960,1223,1023,1223,1023,1256,960,1256
246,1236,326,1236,326,1273,246,1273
1046,1253,1093,1253,1093,1283,1046,1283
1113,1256,1153,1256,1153,1283,1113,1283
566,1260,653,1260,653,1293,566,1293
506,1263,550,1263,550,1293,506,1293
383,1266,426,1266,426,1296,383,1296
443,1266,503,1266,503,1296,443,1296
247,1267,328,1272,326,1307,245,1303
343,1270,383,1270,383,1300,343,1300
1026,1290,1093,1290,1093,1320,1026,1320
1116,1293,1153,1293,1153,1316,1116,1316
966,1296,1013,1296,1013,1323,966,1323
247,1301,328,1305,326,1341,245,1336
343,1303,383,1303,383,1333,343,1333
383,1303,426,1303,426,1333,383,1333
1026,1323,1096,1323,1096,1356,1026,1356
963,1326,1013,1326,1013,1356,963,1356
1116,1330,1156,1330,1156,1353,1116,1353
338,1340,436,1335,437,1367,340,1371
463,1336,526,1336,526,1366,463,1366
246,1346,323,1346,323,1373,246,1373
1050,1360,1096,1360,1096,1390,1050,1390
1116,1360,1156,1360,1156,1390,1116,1390
586,1366,693,1366,693,1396,586,1396
506,1370,570,1370,570,1400,506,1400
340,1373,403,1373,403,1403,340,1403
443,1373,483,1373,483,1406,443,1406
246,1380,326,1380,326,1406,246,1406
1033,1426,1103,1426,1103,1456,1033,1456
526,1430,610,1430,610,1466,526,1466
1123,1433,1163,1433,1163,1456,1123,1456
420,1440,506,1440,506,1470,420,1470
320,1440,403,1440,403,1470,320,1470
240,1443,300,1443,300,1473,240,1473
1036,1463,1106,1463,1106,1493,1036,1493
1103,1463,1166,1463,1166,1493,1103,1493
263,1480,283,1480,283,1510,263,1510
300,1476,343,1476,343,1506,300,1506
316,1543,356,1543,356,1576,316,1576
356,1543,400,1543,400,1573,356,1573
436,1543,526,1543,526,1573,436,1573
546,1543,633,1543,633,1573,546,1573
233,1546,296,1546,296,1576,233,1576
1040,1566,1110,1566,1110,1600,1040,1600
973,1570,1036,1570,1036,1603,973,1603
1126,1570,1170,1570,1170,1600,1126,1600
333,1580,400,1580,400,1610,333,1610
233,1583,316,1583,316,1610,233,1610
440,1648,544,1654,542,1688,438,1683
230,1653,296,1653,296,1683,230,1683
313,1653,420,1653,420,1683,313,1683
653,1683,696,1683,696,1713,653,1713
230,1686,273,1686,273,1716,230,1716
270,1686,320,1686,320,1716,270,1716
333,1686,420,1686,420,1723,333,1723
440,1686,543,1686,543,1716,440,1716
270,1720,320,1720,320,1753,270,1753
226,1723,270,1723,270,1753,226,1753
333,1723,420,1723,420,1753,333,1753
440,1720,544,1726,542,1761,438,1756
270,1756,320,1756,320,1790,270,1790
696,1756,740,1756,740,1786,696,1786
226,1760,270,1760,270,1790,226,1790
333,1760,380,1760,380,1790,333,1790
400,1763,433,1763,433,1790,400,1790
436,1763,500,1763,500,1796,436,1796
916,1826,1006,1826,1006,1863,916,1863
436,1830,480,1830,480,1863,436,1863
586,1830,650,1830,650,1863,586,1863
736,1830,783,1830,783,1870,736,1870
256,1836,336,1836,336,1863,256,1863
400,1836,430,1836,430,1863,400,1863
500,1833,566,1833,566,1870,500,1870
673,1833,720,1833,720,1863,673,1863
783,1833,806,1833,806,1863,783,1863
830,1833,893,1833,893,1870,830,1870
353,1836,396,1836,396,1870,353,1870
313,1865,378,1870,376,1901,311,1896
396,1870,430,1870,430,1896,396,1896
476,1870,566,1870,566,1900,476,1900
433,1873,460,1873,460,1900,433,1900
586,1873,696,1873,696,1906,586,1906
713,1873,810,1873,810,1906,713,1906
226,1903,316,1903,316,1936,226,1936
330,1905,441,1911,439,1943,328,1937
456,1906,526,1906,526,1936,456,1936
983,1905,1078,1910,1076,1944,981,1939
543,1910,590,1910,590,1940,543,1940
693,1910,810,1910,810,1940,693,1940
830,1910,873,1910,873,1940,830,1940
606,1913,673,1913,673,1946,606,1946
896,1916,963,1916,963,1940,896,1940
290,1943,350,1943,350,1976,290,1976
370,1943,426,1943,426,1973,370,1973
433,1943,586,1943,586,1976,433,1976
606,1946,653,1946,653,1976,606,1976
673,1945,744,1950,742,1981,671,1976
760,1946,826,1946,826,1976,760,1976
830,1950,876,1950,876,1983,830,1983
496,1983,563,1983,563,2020,496,2020
673,1983,736,1983,736,2020,673,2020
586,1990,653,1990,653,2023,586,2023
543,2143,1013,2143,1013,2180,543,2180
