1192,333,1425,346,1422,405,1188,393
1470,340,1702,346,1700,407,1468,401
473,357,932,382,928,449,469,424
997,399,1097,399,1097,462,997,462
1139,409,1281,409,1281,467,1139,467
1333,414,1464,414,1464,477,1333,477
1470,414,1569,414,1569,488,1470,488
467,435,567,435,567,504,467,504
615,445,766,464,759,524,608,505
808,462,929,462,929,525,808,525
950,472,1050,472,1050,535,950,535
1139,477,1228,477,1228,535,1139,535
1235,476,1434,500,1425,571,1226,548
1701,483,1848,483,1848,551,1701,551
1890,488,1979,488,1979,551,1890,551
2026,488,2215,488,2215,556,2026,556
1470,493,1653,493,1653,546,1470,546
2268,493,2373,493,2373,567,2268,567
467,519,572,519,572,588,467,588
573,517,850,544,843,609,567,582
850,546,924,546,924,598,850,598
945,546,1076,546,1076,603,945,603
1097,546,1472,567,1468,640,1093,618
1648,554,2127,562,2125,638,1647,629
1475,567,1638,567,1638,624,1475,624
467,603,661,603,661,672,467,672
808,619,924,619,924,677,808,677
939,619,992,619,992,677,939,677
1002,624,1034,624,1034,677,1002,677
1040,628,1315,642,1311,703,1036,689
1512,645,1601,645,1601,698,1512,698
1323,651,1496,651,1496,693,1323,693
473,680,837,700,833,764,469,744
935,705,1047,714,1043,763,931,754
1086,708,1564,708,1564,771,1086,771
1601,724,1779,724,1779,777,1601,777
1795,729,1884,729,1884,782,1795,782
1176,855,1323,855,1323,929,1176,929
1737,855,1837,855,1837,939,1737,939
1555,856,1704,864,1700,941,1551,933
1365,866,1512,866,1512,934,1365,934
1412,955,1554,955,1554,1008,1412,1008
572,1076,924,1076,924,1155,572,1155
472,1081,567,1081,567,1149,472,1149
1086,1097,1228,1097,1228,1165,1086,1165
1223,1102,1317,1102,1317,1165,1223,1165
1963,1102,2189,1102,2189,1191,1963,1191
2247,1113,2535,1113,2535,1181,2247,1181
472,1155,572,1155,572,1223,472,1223
614,1165,708,1165,708,1228,614,1228
798,1165,924,1165,924,1233,798,1233
940,1169,1502,1182,1501,1254,938,1241
467,1239,577,1239,577,1302,467,1302
939,1260,1097,1260,1097,1323,939,1323
1128,1260,1228,1260,1228,1328,1128,1328
467,1396,609,1396,609,1454,467,1454
661,1396,803,1396,803,1475,661,1475
1270,1407,1365,1407,1365,1480,1270,1480
1413,1413,1648,1434,1641,1507,1406,1487
2325,1417,2514,1417,2514,1491,2325,1491
2047,1427,2283,1427,2283,1485,2047,1485
556,1554,656,1554,656,1611,556,1611
704,1552,847,1559,844,1621,700,1613
945,1564,1039,1564,1039,1622,945,1622
1086,1569,1281,1569,1281,1632,1086,1632
1323,1569,1459,1569,1459,1632,1323,1632
1501,1575,1638,1575,1638,1638,1501,1638
1685,1575,1963,1575,1963,1643,1685,1643
603,1627,924,1627,924,1695,603,1695
945,1634,1230,1641,1228,1712,943,1704
2089,1659,2226,1659,2226,1716,2089,1716
2367,1659,2462,1659,2462,1722,2367,1722
609,1706,740,1706,740,1764,609,1764
745,1706,897,1706,897,1774,745,1774
939,1711,1039,1711,1039,1774,939,1774
1412,1722,1459,1722,1459,1785,1412,1785
1501,1722,1638,1722,1638,1790,1501,1790
2089,1727,2226,1727,2226,1790,2089,1790
2226,1727,2383,1727,2383,1800,2226,1800
2378,1732,2504,1732,2504,1795,2378,1795
1470,1748,1501,1748,1501,1790,1470,1790
464,1921,664,1943,655,2026,455,2004
2084,1958,2189,1958,2189,2021,2084,2021
2189,1958,2367,1958,2367,2021,2189,2021
2404,1963,2499,1963,2499,2021,2404,2021
464,1999,666,2014,660,2098,457,2083
703,2005,897,2005,897,2084,703,2084
1086,2010,1186,2010,1186,2084,1086,2084
1223,2010,1412,2010,1412,2084,1223,2084
939,2016,1081,2016,1081,2079,939,2079
2268,2037,2373,2037,2373,2100,2268,2100
2399,2037,2499,2037,2499,2100,2399,2100
469,2077,666,2092,660,2171,462,2156
708,2089,892,2089,892,2152,708,2152
2089,2110,2220,2110,2220,2168,2089,2168
2220,2110,2367,2110,2367,2173,2220,2173
2399,2115,2493,2115,2493,2168,2399,2168
472,2163,661,2163,661,2236,472,2236
703,2168,924,2168,924,2236,703,2236
987,2168,1128,2168,1128,2226,987,2226
2084,2184,2205,2184,2205,2247,2084,2247
2215,2184,2399,2184,2399,2252,2215,2252
2399,2184,2488,2184,2488,2247,2399,2247
472,2236,661,2236,661,2315,472,2315
1086,2241,1223,2241,1223,2299,1086,2299
1270,2241,1491,2241,1491,2304,1270,2304
703,2247,845,2247,845,2310,703,2310
945,2247,1034,2247,1034,2320,945,2320
2262,2262,2362,2262,2362,2325,2262,2325
2394,2262,2488,2262,2488,2320,2394,2320
939,2378,1081,2378,1081,2451,939,2451
1128,2378,1312,2378,1312,2451,1128,2451
656,2388,850,2388,850,2462,656,2462
467,2399,603,2399,603,2467,467,2467
2131,2415,2173,2415,2173,2462,2131,2462
2210,2409,2483,2409,2483,2472,2210,2472
572,2472,703,2472,703,2541,572,2541
514,2478,577,2478,577,2546,514,2546
2210,2483,2352,2483,2352,2541,2210,2541
2388,2488,2483,2488,2483,2546,2388,2546
653,2620,849,2609,853,2687,657,2697
938,2619,1123,2613,1125,2673,940,2680
1171,2609,1351,2616,1349,2673,1169,2666
464,2633,607,2625,611,2692,467,2700
703,2703,845,2703,845,2761,703,2761
2068,2703,2199,2703,2199,2766,2068,2766
2206,2699,2362,2715,2355,2785,2199,2770
467,2709,656,2709,656,2766,467,2766
2388,2719,2488,2719,2488,2787,2388,2787
654,2853,892,2843,894,2911,656,2920
934,2843,1156,2852,1154,2916,932,2907
467,2866,614,2866,614,2919,467,2919
1391,2908,1485,2908,1485,2976,1391,2976
936,2922,1153,2910,1157,2974,940,2986
472,2919,661,2919,661,2987,472,2987
698,2927,890,2912,896,2986,704,3001
934,2992,1155,2992,1155,3055,934,3055
567,2997,666,2997,666,3071,567,3071
472,3003,561,3003,561,3071,472,3071
703,3003,887,3003,887,3060,703,3060
1391,3060,1569,3060,1569,3123,1391,3123
567,3066,666,3066,666,3144,567,3144
703,3076,798,3076,798,3144,703,3144
845,3076,913,3076,913,3134,845,3134
934,3076,1034,3076,1034,3134,934,3134
1034,3081,1060,3081,1060,3118,1034,3118
467,3081,561,3081,561,3150,467,3150
1254,3207,1386,3207,1386,3276,1254,3276
934,3213,1023,3213,1023,3281,934,3281
1569,3213,1711,3213,1711,3291,1569,3291
1433,3218,1522,3218,1522,3270,1433,3270
840,3223,913,3223,913,3276,840,3276
1076,3223,1207,3223,1207,3281,1076,3281
1753,3221,1883,3229,1878,3294,1749,3285
1932,3228,2105,3228,2105,3286,1932,3286
525,3239,703,3239,703,3297,525,3297
745,3239,834,3239,834,3302,745,3302
1023,3286,1207,3286,1207,3344,1023,3344
1255,3284,1483,3297,1479,3357,1251,3343
840,3291,913,3291,913,3349,840,3349
918,3297,981,3297,981,3349,918,3349
1522,3297,1711,3297,1711,3360,1522,3360
656,3307,798,3307,798,3365,656,3365
1480,3351,1708,3360,1705,3420,1478,3412
981,3360,1128,3360,1128,3417,981,3417
1165,3365,1254,3365,1254,3412,1165,3412
1753,3365,1837,3365,1837,3417,1753,3417
701,3376,913,3368,915,3427,703,3435
1302,3370,1433,3370,1433,3428,1302,3428
1885,3366,2018,3373,2015,3424,1882,3417
2063,3372,2250,3387,2245,3442,2059,3427
465,3397,655,3387,658,3443,468,3453
934,3428,1254,3428,1254,3486,934,3486
1296,3428,1386,3428,1386,3480,1296,3480
1433,3433,1569,3433,1569,3486,1433,3486
1617,3433,1748,3433,1748,3491,1617,3491
803,3438,913,3438,913,3496,803,3496
1753,3438,1848,3438,1848,3507,1753,3507
614,3449,750,3449,750,3517,614,3517
1076,3501,1207,3501,1207,3559,1076,3559
1433,3501,1569,3501,1569,3575,1433,3575
1260,3507,1391,3507,1391,3564,1260,3564
1104,3788,2113,3852,2107,3944,1099,3880
