1271,363,1522,389,1515,450,1265,424
1571,374,1826,399,1819,466,1564,440
494,383,996,417,991,493,489,459
1060,430,1165,430,1165,498,1060,498
1214,441,1370,457,1363,518,1207,502
1417,462,1564,462,1564,530,1417,530
1569,462,1674,462,1674,540,1569,540
488,467,593,467,593,540,488,540
641,480,801,489,797,553,638,544
850,498,987,498,987,567,850,567
1008,514,1118,514,1118,582,1008,582
1212,525,1275,525,1275,588,1212,588
1314,530,1522,552,1515,613,1307,591
1570,537,1766,544,1763,610,1567,603
1821,556,1974,556,1974,619,1821,619
488,561,598,561,598,630,488,630
599,560,900,575,896,652,595,637
2021,567,2115,567,2115,624,2021,624
2163,572,2367,572,2367,635,2163,635
2420,582,2525,582,2525,645,2420,645
892,588,987,588,987,651,892,651
982,589,1142,598,1138,657,978,648
1165,595,1573,618,1568,693,1161,670
1569,624,1753,624,1753,687,1569,687
1764,624,2275,642,2272,715,1762,697
483,651,687,651,687,724,483,724
845,666,981,666,981,740,845,740
978,666,1374,702,1367,772,972,737
1407,706,1577,715,1574,771,1405,762
1617,724,1711,724,1711,777,1617,777
483,737,884,750,881,826,480,813
982,773,1111,784,1106,838,977,827
1155,774,1661,795,1658,862,1152,841
1706,813,1895,813,1895,866,1706,866
1911,819,2010,819,2010,866,1911,866
1239,945,1396,945,1396,1018,1239,1018
1449,955,1601,955,1601,1023,1449,1023
1853,955,1953,955,1953,1029,1853,1029
1648,960,1806,960,1806,1029,1648,1029
1501,1044,1653,1044,1653,1102,1501,1102
468,1139,964,1173,958,1254,463,1220
1134,1191,1281,1191,1281,1260,1134,1260
1286,1197,1391,1197,1391,1265,1286,1265
2105,1218,2346,1218,2346,1307,2105,1307
2410,1223,2721,1231,2719,1308,2408,1300
456,1233,561,1233,561,1307,456,1307
614,1249,719,1249,719,1317,614,1317
819,1260,955,1260,955,1328,819,1328
972,1262,1593,1287,1589,1363,968,1338
457,1323,596,1330,592,1392,454,1385
950,1359,1139,1359,1139,1428,950,1428
1176,1365,1286,1365,1286,1433,1176,1433
447,1482,608,1495,602,1560,441,1547
651,1508,815,1491,823,1568,658,1585
1333,1517,1433,1517,1433,1596,1333,1596
1486,1528,1748,1555,1740,1631,1479,1605
2205,1552,2468,1559,2467,1630,2203,1623
2515,1559,2722,1569,2719,1641,2512,1632
446,1669,477,1669,477,1722,446,1722
546,1664,698,1664,698,1737,546,1737
750,1680,934,1680,934,1748,750,1748
960,1690,1065,1690,1065,1758,960,1758
1118,1687,1382,1696,1380,1772,1116,1763
1422,1706,1580,1706,1580,1774,1422,1774
588,1748,936,1765,933,1840,584,1823
950,1767,1262,1778,1259,1851,948,1840
2241,1821,2404,1821,2404,1890,2241,1890
2556,1827,2661,1827,2661,1895,2556,1895
582,1837,708,1837,708,1911,582,1911
740,1842,903,1842,903,1916,740,1916
945,1853,1055,1853,1055,1921,945,1921
1517,1874,1617,1874,1617,1942,1517,1942
1617,1879,1722,1879,1722,1947,1617,1947
2236,1900,2388,1900,2388,1963,2236,1963
2399,1895,2717,1910,2713,1988,2396,1973
413,2066,629,2095,617,2184,401,2155
2241,2157,2399,2157,2399,2231,2241,2231
408,2149,627,2178,615,2268,396,2239
2404,2163,2577,2163,2577,2236,2404,2236
2572,2168,2724,2168,2724,2241,2572,2241
666,2173,876,2173,876,2257,666,2257
929,2184,1202,2184,1202,2268,929,2268
1249,2194,1459,2194,1459,2278,1249,2278
398,2233,616,2263,603,2357,385,2327
2463,2241,2727,2255,2723,2332,2459,2319
661,2268,871,2268,871,2346,661,2346
2241,2331,2409,2331,2409,2399,2241,2399
2410,2328,2732,2344,2729,2422,2406,2406
389,2336,600,2343,598,2427,386,2419
646,2352,927,2365,923,2443,643,2429
971,2367,1134,2367,1134,2441,971,2441
2247,2420,2404,2420,2404,2493,2247,2493
2405,2418,2732,2433,2728,2516,2401,2500
383,2441,593,2441,593,2514,383,2514
640,2446,808,2446,808,2525,640,2525
908,2462,1013,2462,1013,2541,908,2541
1076,2467,1239,2467,1239,2535,1076,2535
1286,2472,1554,2472,1554,2546,1286,2546
2457,2514,2583,2514,2583,2588,2457,2588
2619,2520,2730,2520,2730,2593,2619,2593
578,2609,795,2616,792,2704,575,2698
367,2619,525,2619,525,2693,367,2693
846,2622,1068,2633,1064,2716,842,2705
1123,2635,1333,2635,1333,2719,1123,2719
2409,2693,2572,2693,2572,2766,2409,2766
2577,2698,2724,2698,2724,2766,2577,2766
415,2707,631,2714,629,2797,412,2790
2409,2774,2726,2782,2724,2870,2407,2862
346,2887,498,2887,498,2961,346,2961
561,2892,777,2892,777,2976,561,2976
825,2902,1106,2919,1101,2997,820,2979
1155,2922,1378,2932,1374,3007,1152,2997
347,2970,566,2985,561,3063,342,3048
609,2997,771,2997,771,3060,609,3060
2236,3050,2367,3050,2367,3123,2236,3123
2399,3050,2726,3061,2724,3144,2397,3133
346,3155,509,3155,509,3228,346,3228
557,3161,827,3174,823,3251,553,3238
878,3176,1139,3202,1132,3278,870,3252
346,3228,572,3228,572,3312,346,3312
607,3257,828,3249,831,3328,609,3335
882,3265,1139,3265,1139,3339,882,3339
1417,3286,1522,3286,1522,3349,1417,3349
456,3312,572,3312,572,3396,456,3396
346,3323,451,3323,451,3391,346,3391
614,3335,825,3343,823,3403,612,3396
883,3340,1137,3365,1131,3431,876,3405
459,3393,577,3402,571,3478,453,3469
351,3402,456,3402,456,3470,351,3470
616,3408,723,3418,718,3478,610,3468
777,3417,850,3417,850,3475,777,3475
861,3423,1022,3437,1017,3497,856,3483
1412,3438,1464,3438,1464,3507,1412,3507
1522,3438,1617,3438,1617,3496,1522,3496
425,3549,630,3549,630,3601,425,3601
887,3554,981,3554,981,3601,887,3601
1260,3554,1401,3554,1401,3606,1260,3606
2026,3554,2226,3554,2226,3617,2026,3617
672,3559,771,3559,771,3617,672,3617
782,3559,866,3559,866,3601,782,3601
1051,3550,1205,3565,1200,3621,1045,3605
1464,3559,1564,3559,1564,3612,1464,3612
1614,3562,1773,3554,1776,3616,1617,3624
1827,3564,1968,3564,1968,3622,1827,3622
583,3607,737,3615,734,3666,580,3658
787,3612,861,3612,861,3659,787,3659
992,3612,1197,3612,1197,3664,992,3664
876,3622,939,3622,939,3659,876,3659
1255,3608,1514,3627,1510,3684,1251,3664
1558,3633,1821,3626,1823,3688,1559,3695
378,3669,588,3669,588,3717,378,3717
635,3668,872,3676,871,3731,633,3723
939,3669,1102,3669,1102,3722,939,3722
1151,3676,1253,3686,1248,3731,1146,3721
871,3690,897,3690,897,3722,871,3722
1501,3682,1760,3691,1758,3748,1500,3739
1302,3690,1449,3690,1449,3743,1302,3743
1811,3690,1905,3690,1905,3743,1811,3743
2158,3690,2360,3705,2356,3762,2154,3747
1958,3701,2105,3701,2105,3748,1958,3748
539,3733,686,3725,689,3782,542,3790
745,3732,871,3732,871,3785,745,3785
877,3728,1245,3738,1244,3793,875,3784
1296,3743,1396,3743,1396,3795,1296,3795
1444,3750,1598,3759,1595,3811,1441,3802
1648,3753,1795,3753,1795,3811,1648,3811
1806,3764,1900,3764,1900,3822,1806,3822
1046,3796,1195,3811,1190,3867,1040,3852
1449,3808,1589,3822,1583,3882,1443,3868
1249,3816,1396,3816,1396,3869,1249,3869
