563,449,659,462,655,487,560,474
273,461,371,470,369,496,271,487
674,460,769,477,764,502,669,485
370,467,459,478,456,504,367,493
480,476,523,476,523,503,480,503
540,480,600,480,600,506,540,506
616,490,673,490,673,513,616,513
266,490,310,490,310,520,266,520
673,496,710,496,710,520,673,520
330,498,391,503,389,528,328,522
406,503,456,503,456,530,406,530
466,513,506,513,506,536,466,536
540,513,560,513,560,536,540,536
581,510,659,524,655,549,576,535
674,517,750,530,745,556,669,542
266,526,330,526,330,553,266,553
330,530,346,530,346,553,330,553
767,528,824,533,822,558,765,553
350,533,406,533,406,560,350,560
933,533,953,533,953,553,933,553
986,530,1030,530,1030,560,986,560
840,536,863,536,863,556,840,556
423,536,456,536,456,563,423,563
456,543,516,543,516,566,456,566
520,540,560,540,560,566,520,566
556,540,633,540,633,570,556,570
636,546,673,546,673,570,636,570
690,551,745,556,743,581,688,576
270,559,347,563,346,589,268,585
743,556,933,556,933,586,743,586
406,570,456,570,456,593,406,593
463,573,500,573,500,596,463,596
503,574,600,578,599,604,502,599
616,583,680,583,680,603,616,603
693,586,730,586,730,606,693,606
270,593,363,593,363,620,270,620
366,600,406,600,406,623,366,623
460,610,513,610,513,630,460,630
523,607,710,611,709,637,522,632
730,617,799,628,795,650,727,639
803,626,840,626,840,646,803,646
553,666,613,666,613,693,553,693
630,670,690,670,690,696,630,696
706,670,766,670,766,700,706,700
780,676,820,676,820,703,780,703
654,700,711,705,709,731,651,726
266,750,306,750,306,776,266,776
303,746,363,746,363,780,303,780
360,750,450,750,450,780,360,780
513,760,613,760,613,786,513,786
986,773,1100,773,1100,796,986,796
876,776,953,776,953,803,876,803
266,783,303,783,303,806,266,806
320,783,363,783,363,810,320,810
396,783,446,783,446,813,396,813
453,782,690,790,689,821,452,814
263,811,318,816,316,840,261,836
457,817,535,825,532,851,454,843
553,823,593,823,593,846,553,846
433,826,456,826,456,843,433,843
260,876,320,876,320,900,260,900
340,880,396,880,396,906,340,906
590,883,630,883,630,910,590,910
647,884,745,893,742,921,644,912
913,896,1010,896,1010,920,913,920
1030,896,1066,896,1066,920,1030,920
1066,900,1103,900,1103,920,1066,920
256,936,273,936,273,960,256,960
296,940,360,940,360,963,296,963
376,943,443,943,443,966,376,966
453,946,473,946,473,970,453,970
490,940,630,944,629,974,489,969
647,946,724,951,723,977,645,973
743,953,780,953,780,976,743,976
800,956,853,956,853,980,800,980
860,956,880,956,880,980,860,980
316,973,433,973,433,1000,316,1000
450,973,570,973,570,1003,450,1003
933,990,1006,990,1006,1013,933,1013
1050,990,1086,990,1086,1013,1050,1013
316,1003,350,1003,350,1026,316,1026
353,1000,413,1000,413,1030,353,1030
430,1010,470,1010,470,1030,430,1030
663,1013,686,1013,686,1036,663,1036
703,1013,743,1013,743,1036,703,1036
953,1020,986,1020,986,1043,953,1043
990,1016,1050,1016,1050,1043,990,1043
1053,1020,1106,1020,1106,1046,1053,1046
250,1088,336,1098,332,1132,247,1122
953,1113,976,1113,976,1136,953,1136
990,1110,1050,1110,1050,1140,990,1140
1070,1113,1106,1113,1106,1136,1070,1136
250,1119,333,1128,329,1162,246,1152
506,1126,546,1126,546,1160,506,1160
346,1130,386,1130,386,1156,346,1156
390,1133,430,1133,430,1156,390,1156
446,1133,503,1133,503,1156,446,1156
563,1130,646,1130,646,1160,563,1160
1010,1140,1050,1140,1050,1166,1010,1166
1070,1143,1106,1143,1106,1166,1070,1166
247,1152,333,1161,329,1195,244,1186
350,1166,386,1166,386,1190,350,1190
390,1166,426,1166,426,1190,390,1190
956,1173,976,1173,976,1196,956,1196
993,1170,1053,1170,1053,1200,993,1200
1070,1176,1106,1176,1106,1200,1070,1200
250,1196,326,1196,326,1220,250,1220
343,1193,436,1193,436,1223,343,1223
466,1200,523,1200,523,1223,466,1223
956,1206,976,1206,976,1230,956,1230
993,1203,1053,1203,1053,1230,993,1230
1073,1206,1110,1206,1110,1230,1073,1230
247,1224,328,1230,326,1256,245,1249
346,1230,406,1230,406,1253,346,1253
440,1226,480,1226,480,1260,440,1260
506,1230,563,1230,563,1256,506,1256
580,1226,683,1226,683,1256,580,1256
1010,1236,1056,1236,1056,1263,1010,1263
1060,1240,1110,1240,1110,1263,1060,1263
240,1286,300,1286,300,1316,240,1316
323,1293,403,1293,403,1316,323,1316
440,1293,503,1293,503,1320,440,1320
520,1290,603,1290,603,1320,520,1320
993,1300,1056,1300,1056,1326,993,1326
1073,1303,1113,1303,1113,1326,1073,1326
263,1323,286,1323,286,1350,263,1350
300,1320,343,1320,343,1350,300,1350
993,1330,1056,1330,1056,1360,993,1360
1070,1333,1113,1333,1113,1360,1070,1360
360,1383,403,1383,403,1416,360,1416
240,1386,300,1386,300,1413,240,1413
316,1386,360,1386,360,1416,316,1416
440,1393,523,1393,523,1416,440,1416
543,1393,623,1393,623,1420,543,1420
240,1420,321,1426,319,1452,238,1446
340,1426,400,1426,400,1450,340,1450
960,1433,976,1433,976,1456,960,1456
993,1430,1056,1430,1056,1460,993,1460
1073,1433,1113,1433,1113,1456,1073,1456
236,1490,296,1490,296,1516,236,1516
313,1486,420,1486,420,1516,313,1516
440,1490,537,1498,535,1526,437,1517
230,1520,273,1520,273,1546,230,1546
277,1521,322,1526,319,1552,274,1546
333,1520,416,1520,416,1553,333,1553
440,1526,533,1526,533,1550,440,1550
600,1526,613,1526,613,1546,600,1546
636,1523,680,1523,680,1550,636,1550
273,1550,320,1550,320,1583,273,1583
230,1553,273,1553,273,1580,230,1580
333,1553,416,1553,416,1583,333,1583
437,1551,535,1560,532,1592,434,1584
226,1586,270,1586,270,1616,226,1616
270,1586,316,1586,316,1616,270,1616
333,1590,376,1590,376,1616,333,1616
393,1590,426,1590,426,1616,393,1616
676,1593,716,1593,716,1620,676,1620
426,1596,480,1596,480,1623,426,1623
253,1660,333,1660,333,1686,253,1686
393,1660,426,1660,426,1686,393,1686
430,1656,473,1656,473,1686,430,1686
576,1656,633,1656,633,1686,576,1686
350,1663,390,1663,390,1690,350,1690
656,1663,696,1663,696,1686,656,1686
713,1660,776,1660,776,1690,713,1690
793,1660,853,1660,853,1690,793,1690
873,1663,956,1663,956,1690,873,1690
496,1666,556,1666,556,1693,496,1693
306,1690,373,1690,373,1720,306,1720
473,1690,556,1690,556,1720,473,1720
576,1689,677,1693,676,1724,575,1719
393,1696,426,1696,426,1720,393,1720
426,1696,456,1696,456,1720,426,1720
693,1693,776,1693,776,1723,693,1723
226,1726,310,1726,310,1753,226,1753
673,1723,776,1723,776,1753,673,1753
330,1729,427,1733,426,1758,329,1754
453,1730,520,1730,520,1753,453,1753
796,1730,836,1730,836,1753,796,1753
933,1728,1014,1733,1012,1760,931,1756
536,1733,576,1733,576,1753,536,1753
596,1733,656,1733,656,1756,596,1756
853,1733,913,1733,913,1753,853,1753
733,1756,793,1756,793,1786,733,1786
286,1760,346,1760,346,1793,286,1793
370,1763,423,1763,423,1790,370,1790
430,1763,576,1763,576,1790,430,1790
593,1760,636,1760,636,1786,593,1786
656,1763,716,1763,716,1786,656,1786
793,1760,836,1760,836,1790,793,1790
653,1793,713,1793,713,1826,653,1826
490,1796,556,1796,556,1826,490,1826
573,1796,636,1796,636,1830,573,1830
523,1936,949,1936,949,1973,523,1973
500,1943,523,1943,523,1963,500,1963
