1160,289,1356,297,1354,349,1158,340
1392,294,1589,315,1583,366,1386,345
582,346,971,346,971,399,582,399
1002,351,1081,351,1081,399,1002,399
1123,357,1239,357,1239,404,1123,404
1275,357,1386,357,1386,414,1275,414
1391,362,1470,362,1470,420,1391,420
577,404,656,404,656,456,577,456
693,409,813,409,813,456,693,456
850,409,950,409,950,462,850,462
966,414,1055,414,1055,472,966,472
1123,414,1197,414,1197,467,1123,467
1199,410,1360,432,1352,492,1191,470
1391,425,1543,425,1543,477,1391,477
1585,430,1701,430,1701,483,1585,483
1732,435,1811,435,1811,488,1732,488
1842,435,2000,435,2000,493,1842,493
2037,446,2115,446,2115,504,2037,504
577,465,857,475,855,528,575,519
887,477,955,477,955,525,887,525
950,473,1078,483,1074,534,947,524
1087,474,1535,494,1532,555,1084,535
1538,493,1921,493,1921,551,1538,551
577,535,729,535,729,588,577,588
850,540,955,540,955,593,850,593
950,540,1044,540,1044,598,950,598
1045,549,1268,562,1264,614,1042,600
1275,567,1417,567,1417,614,1275,614
1428,567,1506,567,1506,614,1428,614
577,597,883,607,881,664,575,654
956,616,1058,625,1054,670,952,662
1086,624,1475,624,1475,677,1086,677
1501,635,1648,635,1648,682,1501,682
1659,640,1732,640,1732,682,1659,682
1160,750,1275,750,1275,803,1160,803
1611,750,1690,750,1690,808,1611,808
1312,756,1428,756,1428,808,1312,808
1464,756,1575,756,1575,808,1464,808
1349,819,1501,819,1501,871,1349,871
588,929,955,929,955,987,588,987
1086,938,1272,945,1270,1002,1084,995
1795,950,1974,950,1974,1018,1795,1018
2016,955,2236,955,2236,1013,2016,1013
593,992,672,992,672,1044,593,1044
703,997,787,997,787,1044,703,1044
855,997,955,997,955,1050,855,1050
971,998,1424,1011,1422,1070,969,1058
593,1060,677,1060,677,1107,593,1107
958,1060,1134,1082,1127,1138,951,1116
1160,1076,1239,1076,1239,1128,1160,1128
593,1186,714,1186,714,1239,593,1239
750,1191,861,1191,861,1249,750,1249
1239,1197,1312,1197,1312,1254,1239,1254
1349,1204,1536,1218,1532,1273,1345,1258
2152,1207,2226,1207,2226,1265,2152,1265
1858,1212,2047,1212,2047,1265,1858,1265
2079,1212,2152,1212,2152,1265,2079,1265
609,1317,635,1317,635,1365,609,1365
677,1317,834,1317,834,1370,677,1370
871,1323,966,1323,966,1370,871,1370
960,1323,1023,1323,1023,1370,960,1370
1050,1323,1170,1323,1170,1375,1050,1375
1202,1326,1460,1333,1459,1387,1201,1380
1490,1338,1711,1338,1711,1386,1490,1386
1743,1344,1790,1344,1790,1386,1743,1386
719,1375,966,1375,966,1433,719,1433
981,1380,1123,1380,1123,1438,981,1438
1134,1386,1207,1386,1207,1443,1134,1443
2105,1396,2184,1396,2184,1443,2105,1443
1884,1401,2026,1401,2026,1449,1884,1449
719,1438,834,1438,834,1491,719,1491
834,1443,945,1443,945,1496,834,1496
981,1449,1055,1449,1055,1496,981,1496
1995,1449,2121,1449,2121,1506,1995,1506
2142,1454,2220,1454,2220,1501,2142,1501
1884,1459,1995,1459,1995,1506,1884,1506
621,1610,776,1624,770,1688,615,1673
2142,1632,2220,1632,2220,1685,2142,1685
1879,1638,1968,1638,1968,1690,1879,1690
1995,1638,2115,1638,2115,1690,1995,1690
621,1667,776,1683,770,1746,614,1730
803,1680,950,1680,950,1737,803,1737
1097,1685,1170,1685,1170,1737,1097,1737
1202,1685,1349,1685,1349,1743,1202,1743
987,1690,1097,1690,1097,1737,987,1737
2031,1690,2110,1690,2110,1743,2031,1743
2142,1690,2215,1690,2215,1743,2142,1743
621,1725,776,1740,770,1804,615,1789
803,1743,955,1743,955,1795,803,1795
1879,1753,1958,1753,1958,1800,1879,1800
1989,1753,2110,1753,2110,1800,1989,1800
2142,1753,2215,1753,2215,1800,2142,1800
619,1795,771,1795,771,1853,619,1853
803,1806,992,1806,992,1853,803,1853
1102,1811,1134,1811,1134,1858,1102,1858
1018,1811,1097,1811,1097,1858,1018,1858
1879,1811,1963,1811,1963,1863,1879,1863
1989,1811,2110,1811,2110,1863,1989,1863
2142,1816,2215,1816,2215,1863,2142,1863
619,1858,766,1858,766,1911,619,1911
803,1863,913,1863,913,1916,803,1916
981,1869,1055,1869,1055,1926,981,1926
1097,1869,1207,1869,1207,1916,1097,1916
1233,1869,1417,1869,1417,1921,1233,1921
1879,1874,1963,1874,1963,1926,1879,1926
1989,1874,2110,1874,2110,1926,1989,1926
2142,1874,2215,1874,2215,1926,2142,1926
761,1974,913,1974,913,2031,761,2031
945,1974,1097,1974,1097,2031,945,2031
614,1979,724,1979,724,2031,614,2031
1134,1979,1275,1979,1275,2037,1134,2037
1921,2000,1958,2000,1958,2042,1921,2042
1989,1995,2136,1995,2136,2047,1989,2047
2142,1995,2215,1995,2215,2047,2142,2047
651,2042,698,2042,698,2094,651,2094
698,2042,803,2042,803,2094,698,2094
1921,2058,1958,2058,1958,2105,1921,2105
1989,2052,2110,2052,2110,2105,1989,2105
2136,2058,2215,2058,2215,2105,2136,2105
766,2152,913,2152,913,2210,766,2210
619,2157,724,2157,724,2210,619,2210
950,2157,1134,2157,1134,2210,950,2210
1165,2163,1307,2163,1307,2210,1165,2210
619,2220,766,2220,766,2268,619,2268
798,2220,913,2220,913,2268,798,2268
1874,2231,1979,2231,1979,2283,1874,2283
1984,2231,2105,2231,2105,2289,1984,2289
2105,2236,2210,2236,2210,2294,2105,2294
971,2336,1097,2336,1097,2388,971,2388
619,2341,729,2341,729,2394,619,2394
766,2341,871,2341,871,2388,766,2388
929,2346,971,2346,971,2394,929,2394
1128,2341,1265,2341,1265,2394,1128,2394
1874,2352,1958,2352,1958,2404,1874,2404
1984,2357,2105,2357,2105,2409,1984,2409
2136,2362,2215,2362,2215,2415,2136,2415
766,2457,950,2457,950,2509,766,2509
982,2452,1157,2464,1154,2518,978,2506
619,2462,729,2462,729,2509,619,2509
693,2514,771,2514,771,2572,693,2572
981,2514,1155,2514,1155,2567,981,2567
1270,2514,1312,2514,1312,2567,1270,2567
1312,2514,1417,2514,1417,2572,1312,2572
614,2520,687,2520,687,2572,614,2572
798,2520,950,2520,950,2577,798,2577
693,2572,771,2572,771,2630,693,2630
798,2577,950,2577,950,2630,798,2630
982,2572,1157,2584,1154,2639,979,2627
614,2583,687,2583,687,2630,614,2630
693,2635,771,2635,771,2693,693,2693
1345,2637,1422,2646,1416,2691,1340,2681
1412,2635,1485,2635,1485,2688,1412,2688
614,2640,687,2640,687,2693,614,2693
798,2640,871,2640,871,2688,798,2688
908,2640,966,2640,966,2688,908,2688
966,2646,1081,2646,1081,2698,966,2698
1233,2751,1338,2751,1338,2803,1233,2803
976,2756,1050,2756,1050,2808,976,2808
1485,2756,1596,2756,1596,2814,1485,2814
656,2761,803,2761,803,2808,656,2808
903,2761,950,2761,950,2808,903,2808
1086,2761,1197,2761,1197,2814,1086,2814
1375,2761,1454,2761,1454,2803,1375,2803
1627,2761,1732,2761,1732,2814,1627,2814
829,2766,903,2766,903,2819,829,2819
1769,2772,1916,2772,1916,2824,1769,2824
1050,2814,1197,2814,1197,2866,1050,2866
761,2819,871,2819,871,2871,761,2871
908,2819,966,2819,966,2866,908,2866
1233,2817,1419,2824,1417,2878,1232,2871
966,2829,1018,2829,1018,2866,966,2866
1449,2824,1596,2824,1596,2877,1449,2877
1013,2877,1134,2877,1134,2929,1013,2929
1412,2877,1596,2877,1596,2929,1412,2929
1627,2877,1701,2877,1701,2924,1627,2924
611,2888,765,2877,768,2929,615,2939
798,2880,967,2888,965,2939,795,2930
1160,2887,1233,2887,1233,2929,1160,2929
1270,2887,1375,2887,1375,2940,1270,2940
1732,2887,1842,2887,1842,2929,1732,2929
1882,2877,2035,2912,2022,2967,1870,2932
724,2934,834,2934,834,2997,724,2997
976,2934,1086,2934,1086,2987,976,2987
1265,2934,1344,2934,1344,2987,1265,2987
1522,2934,1627,2934,1627,2987,1522,2987
1627,2934,1701,2934,1701,2987,1627,2987
871,2940,966,2940,966,2987,871,2987
1086,2940,1233,2940,1233,2987,1086,2987
1375,2940,1485,2940,1485,2987,1375,2987
1086,2997,1197,2997,1197,3050,1086,3050
1375,2997,1480,2997,1480,3055,1375,3055
1233,3003,1344,3003,1344,3055,1233,3055
1108,3237,1917,3252,1915,3321,1106,3306
