1428,220,1653,220,1653,273,1428,273
1155,225,1380,225,1380,278,1155,278
1291,283,1422,283,1422,336,1291,336
1428,283,1517,283,1517,336,1428,336
477,288,909,294,908,351,477,345
971,294,1060,294,1060,346,971,346
1107,294,1244,294,1244,341,1107,341
2205,336,2304,336,2304,393,2205,393
1428,338,1608,344,1606,400,1426,393
1976,354,2150,340,2154,388,1980,402
1654,342,1797,349,1794,406,1651,398
472,351,567,351,567,414,472,414
1107,351,1155,351,1155,404,1107,404
1197,351,1380,351,1380,409,1197,409
1837,357,1890,357,1890,404,1837,404
609,362,745,362,745,414,609,414
792,362,903,362,903,414,792,414
924,362,1018,362,1018,420,924,420
1604,415,2067,393,2070,451,1607,473
1148,413,1422,406,1423,466,1150,473
1060,414,1149,414,1149,472,1060,472
1428,414,1596,414,1596,467,1428,467
467,425,792,425,792,483,467,483
924,425,1044,425,1044,477,924,477
829,430,897,430,897,483,829,483
913,488,1008,488,1008,540,913,540
1008,488,1249,488,1249,540,1008,540
1286,488,1454,488,1454,535,1286,535
1475,493,1559,493,1559,530,1475,530
462,493,640,493,640,546,462,546
782,493,897,493,897,540,782,540
1753,535,1842,535,1842,577,1753,577
1563,551,1736,542,1738,582,1565,592
1053,560,1516,542,1518,598,1055,615
693,561,808,561,808,603,693,603
903,559,1015,567,1012,607,900,599
456,561,677,561,677,614,456,614
1701,645,1795,645,1795,708,1701,708
1512,651,1653,651,1653,708,1512,708
1318,673,1463,656,1469,707,1324,723
1134,667,1278,675,1275,731,1131,723
1367,727,1515,719,1518,776,1370,783
413,868,865,859,867,926,414,935
1170,866,1270,866,1270,934,1170,934
1029,871,1165,871,1165,924,1029,924
1937,887,2163,887,2163,971,1937,971
2221,889,2501,899,2498,971,2218,960
409,939,498,939,498,1002,409,1002
735,939,850,939,850,992,735,992
877,926,1461,946,1458,1012,875,992
546,945,640,945,640,997,546,997
856,1003,1084,1020,1079,1085,852,1068
1118,1013,1218,1013,1218,1071,1118,1071
404,1023,530,1023,530,1081,404,1081
564,1170,719,1146,731,1220,576,1244
1212,1165,1312,1165,1312,1239,1212,1239
388,1170,525,1170,525,1223,388,1223
1365,1172,1613,1198,1605,1274,1357,1248
2037,1191,2283,1191,2283,1249,2037,1249
2331,1187,2522,1197,2519,1258,2328,1248
378,1323,409,1323,409,1375,378,1375
467,1317,666,1317,666,1380,467,1380
714,1317,840,1317,840,1380,714,1380
840,1323,913,1323,913,1380,840,1380
966,1328,1123,1328,1123,1391,966,1391
1165,1332,1367,1339,1364,1406,1163,1399
1407,1344,1559,1344,1559,1407,1407,1407
1606,1344,1790,1344,1790,1407,1606,1407
1800,1344,1905,1344,1905,1407,1800,1407
514,1391,840,1391,840,1464,514,1464
840,1401,1165,1401,1165,1475,840,1475
2089,1422,2247,1422,2247,1491,2089,1491
2383,1428,2483,1428,2483,1496,2383,1496
504,1470,651,1470,651,1533,504,1533
656,1475,813,1475,813,1543,656,1543
855,1480,960,1480,960,1543,855,1543
2090,1492,2241,1505,2235,1576,2084,1563
1559,1506,1590,1506,1590,1554,1559,1554
2241,1501,2394,1501,2394,1575,2241,1575
2394,1506,2525,1506,2525,1575,2394,1575
351,1554,399,1554,399,1611,351,1611
451,1554,603,1554,603,1622,451,1622
651,1554,842,1563,839,1625,649,1616
908,1569,1065,1569,1065,1632,908,1632
1107,1575,1412,1575,1412,1643,1107,1643
1454,1580,1606,1580,1606,1643,1454,1643
1648,1580,1800,1580,1800,1643,1648,1643
1848,1580,1953,1580,1953,1643,1848,1643
494,1627,836,1636,834,1709,492,1700
856,1638,1062,1648,1059,1716,853,1705
1060,1648,1155,1648,1155,1711,1060,1711
2094,1664,2247,1664,2247,1727,2094,1727
2383,1669,2472,1669,2472,1727,2383,1727
498,1716,588,1716,588,1779,498,1779
593,1711,904,1722,902,1800,591,1789
2142,1734,2537,1744,2535,1821,2140,1810
1554,1743,1601,1743,1601,1795,1554,1795
335,1940,548,1968,536,2057,324,2029
2094,1984,2415,1984,2415,2058,2094,2058
2396,1992,2534,1985,2538,2052,2400,2059
333,2027,543,2048,533,2140,324,2119
588,2042,792,2042,792,2121,588,2121
845,2047,1107,2047,1107,2126,845,2126
1149,2047,1354,2047,1354,2131,1149,2131
2294,2068,2404,2068,2404,2142,2294,2142
2441,2073,2541,2073,2541,2142,2441,2142
328,2111,542,2133,533,2220,319,2198
582,2126,792,2126,792,2205,582,2205
2094,2147,2247,2147,2247,2215,2094,2215
2247,2147,2404,2147,2404,2220,2247,2220
2441,2152,2541,2152,2541,2220,2441,2220
325,2215,535,2215,535,2289,325,2289
582,2220,824,2220,824,2289,582,2289
892,2226,1044,2226,1044,2283,892,2283
2094,2231,2247,2231,2247,2294,2094,2294
2247,2231,2546,2231,2546,2304,2247,2304
325,2294,535,2294,535,2373,325,2373
582,2304,740,2304,740,2373,582,2373
997,2304,1149,2304,1149,2367,997,2367
840,2310,939,2310,939,2383,840,2383
1197,2310,1454,2310,1454,2378,1197,2378
2294,2320,2409,2320,2409,2388,2294,2388
2409,2320,2546,2320,2546,2388,2409,2388
535,2457,740,2457,740,2541,535,2541
1044,2457,1249,2457,1249,2541,1044,2541
787,2462,997,2462,997,2541,787,2541
330,2467,477,2467,477,2535,330,2535
2247,2483,2546,2483,2546,2556,2247,2556
2152,2488,2210,2488,2210,2546,2152,2546
383,2551,582,2551,582,2614,383,2614
2147,2567,2199,2567,2199,2625,2147,2625
2247,2567,2409,2567,2409,2635,2247,2635
2404,2567,2546,2567,2546,2640,2404,2640
362,2688,498,2688,498,2745,362,2745
554,2691,749,2684,752,2745,557,2752
850,2696,1051,2704,1049,2762,848,2755
1102,2709,1296,2709,1296,2761,1102,2761
367,2756,561,2756,561,2808,367,2808
606,2767,755,2758,758,2810,609,2818
2079,2787,2178,2787,2178,2850,2079,2850
2226,2793,2383,2793,2383,2861,2226,2861
2420,2798,2520,2798,2520,2871,2420,2871
388,2887,530,2887,530,2940,388,2940
577,2892,813,2892,813,2950,577,2950
861,2899,1091,2922,1085,2982,855,2959
399,2950,488,2950,488,3008,399,3008
494,2946,597,2957,591,3017,488,3006
628,2968,818,2961,820,3018,630,3025
866,2976,1092,2976,1092,3034,866,3034
1344,2987,1438,2987,1438,3045,1344,3045
498,3013,598,3013,598,3087,498,3087
404,3018,493,3018,493,3076,404,3076
635,3030,820,3038,818,3093,633,3086
872,3035,1096,3060,1089,3120,865,3095
498,3081,598,3081,598,3165,498,3165
399,3092,498,3092,498,3160,399,3160
635,3097,729,3097,729,3165,635,3165
777,3102,845,3102,845,3165,777,3165
845,3118,997,3118,997,3186,845,3186
1338,3129,1433,3129,1433,3192,1338,3192
1433,3129,1533,3129,1533,3197,1433,3197
446,3260,624,3260,624,3323,446,3323
861,3265,955,3265,955,3333,861,3333
766,3270,840,3270,840,3328,766,3328
666,3276,761,3276,761,3344,666,3344
1197,3281,1333,3281,1333,3354,1197,3354
1002,3286,1144,3286,1144,3354,1002,3354
1386,3291,1480,3291,1480,3349,1386,3349
1527,3291,1674,3291,1674,3370,1527,3370
1911,3297,2105,3297,2105,3375,1911,3375
1722,3302,1863,3302,1863,3381,1722,3381
577,3344,724,3344,724,3412,577,3412
766,3349,834,3349,834,3402,766,3402
951,3349,1147,3360,1143,3430,947,3419
840,3360,903,3360,903,3412,840,3412
1193,3360,1432,3381,1427,3447,1187,3426
1475,3381,1722,3381,1722,3459,1475,3459
388,3410,580,3420,576,3492,385,3482
619,3428,840,3428,840,3496,619,3496
905,3419,1066,3435,1058,3506,898,3490
840,3444,861,3444,861,3480,840,3480
1092,3449,1186,3449,1186,3501,1092,3501
1428,3448,1676,3454,1674,3526,1426,3519
1239,3454,1380,3454,1380,3528,1239,3528
1716,3454,1811,3454,1811,3522,1716,3522
1858,3472,2003,3481,1999,3535,1855,3526
2054,3469,2258,3493,2249,3570,2045,3545
525,3501,666,3501,666,3575,525,3575
714,3507,840,3507,840,3570,714,3570
841,3496,1189,3520,1185,3586,837,3562
1233,3522,1333,3522,1333,3591,1233,3591
1376,3529,1521,3543,1515,3603,1370,3589
1569,3538,1711,3538,1711,3606,1569,3606
1716,3538,1816,3538,1816,3617,1716,3617
997,3591,1134,3591,1134,3659,997,3659
1186,3612,1333,3612,1333,3680,1186,3680
1375,3612,1517,3612,1517,3685,1375,3685
1008,3953,2089,3953,2089,4026,1008,4026
