1228,378,1438,378,1438,435,1228,435
1475,382,1686,388,1684,447,1473,440
583,402,999,422,996,484,580,464
1055,435,1139,435,1139,493,1055,493
1181,446,1312,446,1312,498,1181,498
1354,451,1475,451,1475,509,1354,509
1475,456,1559,456,1559,519,1475,519
577,472,666,472,666,530,577,530
710,478,844,493,838,548,704,533
887,493,992,493,992,546,887,546
1013,504,1102,504,1102,567,1013,567
1976,508,2145,500,2148,566,1979,574
2194,504,2294,504,2294,572,2194,572
1181,514,1228,514,1228,567,1181,567
1268,509,1439,531,1431,592,1260,570
1685,514,1811,514,1811,572,1685,572
1853,514,1932,514,1932,572,1853,572
1475,525,1643,525,1643,577,1475,577
577,546,672,546,672,598,577,598
667,548,915,558,913,616,664,606
924,567,997,567,997,619,924,619
1013,577,1128,577,1128,630,1013,630
1636,588,2062,572,2065,641,1638,657
1149,588,1186,588,1186,635,1149,635
1181,582,1228,582,1228,635,1181,635
1223,579,1629,599,1626,661,1220,641
578,609,753,620,749,679,574,668
882,630,992,630,992,687,882,687
1008,640,1055,640,1055,698,1008,698
1060,651,1097,651,1097,698,1060,698
1093,646,1316,664,1311,722,1088,704
1344,672,1501,672,1501,719,1344,719
1512,672,1596,672,1596,719,1512,719
577,679,916,700,913,759,574,739
997,724,1102,724,1102,771,997,771
1139,727,1555,735,1553,797,1138,789
1590,740,1748,740,1748,787,1590,787
1764,740,1848,740,1848,787,1764,787
1711,861,1800,861,1800,934,1711,934
1218,866,1344,866,1344,934,1218,934
1548,871,1669,871,1669,929,1548,929
1380,876,1506,876,1506,929,1380,929
1386,945,1590,945,1590,1002,1386,1002
572,1039,666,1039,666,1102,572,1102
667,1039,995,1059,991,1129,663,1110
1128,1076,1244,1076,1244,1134,1128,1134
1254,1076,1338,1076,1338,1139,1254,1139
1916,1076,2121,1076,2121,1155,1916,1155
2168,1081,2430,1081,2430,1139,2168,1139
577,1113,666,1113,666,1181,577,1181
708,1123,792,1123,792,1181,708,1181
876,1134,987,1134,987,1191,876,1191
1003,1138,1508,1152,1506,1221,1001,1207
577,1191,672,1191,672,1244,577,1244
989,1205,1206,1233,1199,1293,981,1266
1212,1223,1296,1223,1296,1275,1212,1275
573,1324,713,1338,707,1393,568,1379
744,1345,873,1330,881,1395,752,1410
1291,1349,1375,1349,1375,1417,1291,1417
2247,1359,2420,1359,2420,1428,2247,1428
1417,1362,1620,1376,1616,1440,1413,1427
1989,1370,2205,1370,2205,1428,1989,1428
577,1475,609,1475,609,1522,577,1522
661,1475,792,1475,792,1533,661,1533
829,1485,918,1485,918,1538,829,1538
955,1487,1125,1494,1123,1549,953,1543
1170,1501,1375,1501,1375,1554,1170,1554
1412,1506,1491,1506,1491,1559,1412,1559
1533,1506,1659,1506,1659,1559,1533,1559
1701,1512,1785,1512,1785,1564,1701,1564
1821,1512,1900,1512,1900,1564,1821,1564
703,1540,983,1551,981,1613,701,1602
982,1554,1251,1563,1249,1623,980,1614
2021,1585,2184,1585,2184,1638,2021,1638
2278,1585,2367,1585,2367,1638,2278,1638
703,1611,787,1611,787,1669,703,1669
788,1609,926,1618,922,1680,784,1671
924,1627,1039,1627,1039,1680,924,1680
1407,1638,1491,1638,1491,1695,1407,1695
1485,1638,1611,1638,1611,1695,1485,1695
2063,1648,2289,1648,2289,1711,2063,1711
2283,1653,2404,1653,2404,1711,2283,1711
572,1680,614,1680,614,1732,572,1732
656,1685,792,1685,792,1737,656,1737
829,1690,913,1690,913,1743,829,1743
976,1695,1123,1695,1123,1748,976,1748
955,1706,987,1706,987,1743,955,1743
1165,1701,1370,1701,1370,1758,1165,1758
1407,1706,1485,1706,1485,1758,1407,1758
1527,1711,1648,1711,1648,1764,1527,1764
1690,1716,1774,1716,1774,1769,1690,1769
1816,1716,1895,1716,1895,1769,1816,1769
698,1753,981,1753,981,1811,698,1811
992,1764,1244,1764,1244,1821,992,1821
2016,1790,2173,1790,2173,1842,2016,1842
2268,1790,2357,1790,2357,1848,2268,1848
703,1821,787,1821,787,1874,703,1874
787,1821,918,1821,918,1879,787,1879
918,1832,1034,1832,1034,1884,918,1884
1407,1842,1606,1842,1606,1900,1407,1900
2058,1858,2136,1858,2136,1911,2058,1911
2136,1858,2278,1858,2278,1916,2136,1916
2278,1863,2394,1863,2394,1921,2278,1921
577,1890,614,1890,614,1937,577,1937
661,1890,787,1890,787,1942,661,1942
824,1895,876,1895,876,1942,824,1942
908,1895,976,1895,976,1947,908,1947
976,1895,1081,1895,1081,1947,976,1947
1118,1900,1202,1900,1202,1953,1118,1953
1239,1905,1480,1905,1480,1963,1239,1963
1522,1911,1643,1911,1643,1963,1522,1963
1690,1911,1890,1911,1890,1968,1690,1968
698,1958,971,1958,971,2016,698,2016
992,1963,1239,1963,1239,2021,992,2021
2011,1987,2175,1997,2172,2053,2007,2044
2257,1995,2346,1995,2346,2052,2257,2052
698,2021,1035,2030,1033,2092,696,2083
1438,2042,1522,2042,1522,2100,1438,2100
1517,2042,1601,2042,1601,2094,1517,2094
2005,2058,2131,2058,2131,2115,2005,2115
2131,2063,2268,2063,2268,2121,2131,2121
2268,2068,2383,2068,2383,2126,2268,2126
564,2210,742,2232,733,2309,554,2287
2000,2262,2094,2262,2094,2315,2000,2315
2126,2268,2257,2268,2257,2325,2126,2325
2299,2273,2383,2273,2383,2331,2299,2331
559,2278,738,2301,728,2378,550,2355
766,2294,939,2294,939,2357,766,2357
981,2294,1191,2294,1191,2357,981,2357
1228,2299,1396,2299,1396,2362,1228,2362
2168,2336,2262,2336,2262,2394,2168,2394
2299,2341,2383,2341,2383,2399,2299,2399
559,2347,738,2369,727,2450,549,2428
767,2363,936,2369,934,2431,764,2425
2000,2399,2094,2399,2094,2457,2000,2457
2126,2404,2257,2404,2257,2462,2126,2462
2299,2415,2383,2415,2383,2472,2299,2472
556,2436,724,2436,724,2493,556,2493
766,2436,960,2436,960,2493,766,2493
1018,2441,1144,2441,1144,2493,1018,2493
1995,2467,2094,2467,2094,2525,1995,2525
2126,2472,2262,2472,2262,2530,2126,2530
2299,2478,2383,2478,2383,2535,2299,2535
551,2499,719,2499,719,2562,551,2562
761,2509,887,2509,887,2567,761,2567
971,2509,1055,2509,1055,2572,971,2572
1102,2509,1228,2509,1228,2562,1102,2562
1265,2509,1470,2509,1470,2567,1265,2567
2168,2546,2257,2546,2257,2604,2168,2604
2299,2556,2383,2556,2383,2609,2299,2609
1139,2635,1302,2635,1302,2703,1139,2703
719,2640,892,2640,892,2709,719,2709
929,2640,1097,2640,1097,2703,929,2703
551,2646,677,2646,677,2703,551,2703
2042,2677,2089,2677,2089,2730,2042,2730
2122,2673,2262,2689,2255,2749,2115,2733
2294,2693,2378,2693,2378,2751,2294,2751
677,2709,761,2709,761,2766,677,2766
593,2714,645,2714,645,2772,593,2772
2037,2740,2089,2740,2089,2798,2037,2798
2121,2745,2257,2745,2257,2814,2121,2814
2294,2761,2378,2761,2378,2819,2294,2819
719,2845,882,2845,882,2908,719,2908
546,2850,672,2850,672,2908,546,2908
966,2850,1134,2850,1134,2908,966,2908
1176,2856,1338,2856,1338,2913,1176,2913
551,2912,920,2921,918,2988,550,2979
1989,2945,2084,2945,2084,3003,1989,3003
2115,2955,2257,2955,2257,3024,2115,3024
2289,2971,2373,2971,2373,3024,2289,3024
714,3050,924,3050,924,3108,714,3108
551,3055,677,3055,677,3113,551,3113
961,3058,1162,3070,1159,3127,957,3115
635,3113,724,3113,724,3176,635,3176
756,3118,924,3118,924,3181,756,3181
546,3123,630,3123,630,3181,546,3181
960,3129,1160,3129,1160,3181,960,3181
1375,3129,1454,3129,1454,3186,1375,3186
1291,3139,1338,3139,1338,3186,1291,3186
635,3181,724,3181,724,3244,635,3244
756,3186,918,3186,918,3239,756,3239
546,3192,630,3192,630,3249,546,3249
961,3189,1163,3205,1158,3265,956,3248
635,3249,724,3249,724,3312,635,3312
761,3249,840,3249,840,3302,761,3302
882,3255,945,3255,945,3307,882,3307
1370,3260,1454,3260,1454,3318,1370,3318
1454,3260,1533,3260,1533,3312,1454,3312
546,3265,630,3265,630,3323,546,3323
939,3265,1071,3265,1071,3323,939,3323
876,3381,945,3381,945,3433,876,3433
955,3381,1039,3381,1039,3438,955,3438
1249,3381,1365,3381,1365,3433,1249,3433
792,3386,876,3386,876,3449,792,3449
1081,3391,1207,3391,1207,3444,1081,3444
1412,3391,1491,3391,1491,3438,1412,3438
1533,3391,1653,3391,1653,3454,1533,3454
598,3396,756,3396,756,3449,598,3449
1699,3400,1821,3426,1809,3485,1686,3459
1858,3423,2021,3423,2021,3491,1858,3491
876,3444,945,3444,945,3496,876,3496
1039,3449,1207,3449,1207,3501,1039,3501
1249,3447,1456,3460,1453,3514,1246,3501
714,3454,840,3454,840,3507,714,3507
945,3459,1002,3459,1002,3496,945,3496
1485,3465,1659,3465,1659,3528,1485,3528
997,3512,1134,3512,1134,3564,997,3564
1165,3517,1249,3517,1249,3564,1165,3564
1449,3512,1656,3526,1653,3585,1445,3571
756,3522,966,3522,966,3575,756,3575
1286,3522,1407,3522,1407,3580,1286,3580
535,3546,711,3524,719,3588,543,3610
1695,3538,1774,3538,1774,3591,1695,3591
1812,3558,1942,3576,1935,3622,1806,3603
939,3570,1244,3570,1244,3627,939,3627
1286,3575,1365,3575,1365,3627,1286,3627
840,3580,939,3580,939,3633,840,3633
1407,3577,1530,3585,1527,3640,1404,3632
1979,3577,2151,3592,2146,3646,1975,3631
672,3591,798,3591,798,3669,672,3669
1569,3591,1685,3591,1685,3648,1569,3648
1690,3601,1774,3601,1774,3659,1690,3659
1081,3638,1202,3638,1202,3696,1081,3696
1244,3643,1365,3643,1365,3706,1244,3706
1401,3643,1522,3643,1522,3706,1401,3706
1099,3908,1909,3979,1902,4063,1092,3993
1911,3984,2005,3984,2005,4026,1911,4026
