1113,152,1354,152,1354,210,1113,210
1401,154,1645,168,1641,228,1398,214
918,220,1018,220,1018,288,918,288
399,225,871,225,871,288,399,288
1060,225,1207,225,1207,283,1060,283
1260,225,1396,225,1396,294,1260,294
1401,231,1501,231,1501,299,1401,299
393,299,493,299,493,367,393,367
1162,290,1360,310,1353,381,1154,361
535,304,677,304,677,362,535,362
729,304,850,304,850,367,729,367
1060,304,1149,304,1149,357,1060,357
1402,300,1592,306,1590,363,1400,356
1643,304,1795,304,1795,367,1643,367
871,309,971,309,971,372,871,372
1837,309,1932,309,1932,372,1837,372
1974,309,2173,309,2173,383,1974,383
2226,315,2331,315,2331,388,2226,388
1016,377,1306,368,1308,440,1018,448
1307,378,1401,378,1401,441,1307,441
1590,372,2080,383,2078,455,1589,444
388,383,488,383,488,441,388,441
488,383,766,383,766,441,488,441
866,383,997,383,997,441,866,441
1401,383,1580,383,1580,435,1401,435
766,388,850,388,850,441,766,441
383,456,572,456,572,519,383,519
724,462,850,462,850,525,724,525
845,462,913,462,913,519,845,519
913,462,960,462,960,519,913,519
960,462,1207,462,1207,519,960,519
1249,462,1428,462,1428,514,1249,514
1449,462,1538,462,1538,514,1449,514
1012,534,1495,526,1496,593,1013,601
383,535,755,535,755,598,383,598
1539,538,1724,547,1721,601,1536,592
1743,546,1837,546,1837,598,1743,598
850,551,971,551,971,598,850,598
1097,682,1249,682,1249,756,1097,756
1685,682,1785,682,1785,761,1685,761
1491,687,1643,687,1643,761,1491,761
1296,693,1449,693,1449,761,1296,761
1344,777,1496,777,1496,834,1344,834
372,918,834,918,834,997,372,997
997,929,1144,929,1144,1002,997,1002
1144,929,1239,929,1239,1002,1144,1002
1921,934,2152,934,2152,1029,1921,1029
2210,950,2499,950,2499,1018,2210,1018
372,1002,472,1002,472,1071,372,1071
519,1008,619,1008,619,1076,519,1076
708,1008,834,1008,834,1076,708,1076
855,1013,1443,1013,1443,1086,855,1086
367,1086,498,1086,498,1144,367,1144
841,1090,1064,1108,1059,1179,835,1162
1097,1102,1202,1102,1202,1165,1097,1165
362,1241,512,1249,508,1309,359,1301
556,1249,708,1249,708,1328,556,1328
1197,1249,1291,1249,1291,1328,1197,1328
1344,1262,1588,1276,1584,1351,1340,1338
2304,1265,2504,1265,2504,1338,2304,1338
2010,1270,2257,1270,2257,1338,2010,1338
367,1412,399,1412,399,1459,367,1459
456,1407,661,1407,661,1475,456,1475
703,1417,829,1417,829,1475,703,1475
829,1422,897,1422,897,1475,829,1475
950,1422,1191,1422,1191,1485,950,1485
1244,1428,1433,1428,1433,1491,1244,1491
1680,1426,1923,1435,1921,1504,1677,1495
1480,1433,1627,1433,1627,1496,1480,1496
504,1485,829,1485,829,1559,504,1559
829,1492,1151,1499,1149,1570,828,1563
2058,1517,2205,1517,2205,1575,2058,1575
2352,1517,2451,1517,2451,1580,2352,1580
509,1564,603,1564,603,1627,509,1627
604,1564,899,1575,896,1642,601,1632
1386,1585,1580,1585,1580,1659,1386,1659
2052,1590,2168,1590,2168,1659,2052,1659
2200,1585,2500,1596,2498,1674,2197,1663
362,1783,565,1811,552,1900,349,1872
2200,1828,2354,1835,2351,1907,2196,1900
2052,1837,2184,1837,2184,1895,2052,1895
2357,1837,2488,1837,2488,1900,2357,1900
360,1864,564,1886,554,1973,350,1951
603,1879,798,1879,798,1958,603,1958
845,1884,1097,1884,1097,1963,845,1963
1139,1890,1338,1890,1338,1968,1139,1968
2247,1911,2357,1911,2357,1979,2247,1979
2357,1916,2488,1916,2488,1979,2357,1979
365,1947,564,1970,554,2057,355,2034
603,1963,803,1963,803,2042,603,2042
2047,1989,2184,1989,2184,2052,2047,2052
2194,1987,2494,1995,2493,2068,2192,2060
362,2042,561,2042,561,2115,362,2115
603,2052,834,2052,834,2121,603,2121
892,2052,1039,2052,1039,2121,892,2121
2047,2073,2163,2073,2163,2136,2047,2136
2194,2073,2357,2073,2357,2142,2194,2142
2352,2073,2488,2073,2488,2147,2352,2147
362,2126,561,2126,561,2199,362,2199
603,2131,756,2131,756,2199,603,2199
845,2136,939,2136,939,2215,845,2215
997,2142,1139,2142,1139,2199,997,2199
1186,2142,1428,2142,1428,2210,1186,2210
2247,2157,2352,2157,2352,2226,2247,2226
2357,2157,2493,2157,2493,2226,2357,2226
551,2278,750,2278,750,2357,551,2357
787,2283,992,2283,992,2362,787,2362
1044,2283,1233,2283,1233,2362,1044,2362
362,2289,504,2289,504,2357,362,2357
2194,2310,2357,2310,2357,2383,2194,2383
2352,2315,2493,2315,2493,2383,2352,2383
404,2367,598,2367,598,2446,404,2446
2194,2394,2352,2394,2352,2467,2194,2467
2352,2394,2483,2394,2483,2462,2352,2462
540,2525,740,2525,740,2604,540,2604
351,2530,488,2530,488,2598,351,2598
829,2541,1034,2541,1034,2609,829,2609
1081,2541,1281,2541,1281,2609,1081,2609
346,2614,540,2614,540,2682,346,2682
582,2619,729,2619,729,2682,582,2682
2052,2635,2168,2635,2168,2709,2052,2709
2199,2640,2367,2640,2367,2714,2199,2714
2399,2640,2499,2640,2499,2714,2399,2714
341,2777,488,2777,488,2850,341,2850
530,2782,777,2782,777,2856,530,2856
825,2778,1066,2803,1058,2879,817,2854
430,2850,535,2850,535,2934,430,2934
330,2856,430,2856,430,2929,330,2929
568,2870,774,2856,780,2933,573,2948
819,2871,1060,2871,1060,2945,819,2945
1312,2877,1417,2877,1417,2950,1312,2950
425,2934,535,2934,535,3018,425,3018
330,2940,425,2940,425,3013,330,3013
572,2947,768,2954,765,3020,570,3013
820,2946,1060,2970,1052,3047,812,3022
425,3018,530,3018,530,3097,425,3097
325,3029,420,3029,420,3097,325,3097
572,3034,672,3034,672,3102,572,3102
719,3039,798,3039,798,3102,719,3102
1312,3045,1365,3045,1365,3108,1312,3108
1412,3045,1512,3045,1512,3113,1412,3113
787,3050,950,3050,950,3113,787,3113
378,3197,567,3197,567,3260,378,3260
1900,3197,2100,3197,2100,3276,1900,3276
813,3202,913,3202,913,3270,813,3270
1165,3202,1307,3202,1307,3270,1165,3270
609,3207,714,3207,714,3281,609,3281
714,3207,787,3207,787,3265,714,3265
966,3207,1118,3207,1118,3281,966,3281
1359,3207,1459,3207,1459,3270,1359,3270
1506,3207,1664,3207,1664,3286,1506,3286
1711,3207,1853,3207,1853,3286,1711,3286
514,3281,672,3281,672,3344,514,3344
714,3281,787,3281,787,3339,714,3339
913,3281,1118,3281,1118,3349,913,3349
1165,3284,1415,3297,1411,3367,1162,3354
1456,3297,1711,3284,1715,3367,1461,3379
792,3291,861,3291,861,3344,792,3344
320,3360,519,3360,519,3428,320,3428
861,3360,1023,3360,1023,3433,861,3433
567,3363,794,3371,792,3443,564,3434
1407,3370,1659,3370,1659,3438,1407,3438
1706,3370,1806,3370,1806,3438,1706,3438
2048,3367,2250,3379,2246,3451,2044,3440
1060,3375,1160,3375,1160,3428,1060,3428
787,3386,819,3386,819,3428,787,3428
1212,3381,1359,3381,1359,3449,1212,3449
1848,3381,1995,3381,1995,3433,1848,3433
462,3444,609,3444,609,3528,462,3528
661,3449,792,3449,792,3517,661,3517
792,3449,1160,3449,1160,3522,792,3522
1207,3454,1312,3454,1312,3522,1207,3522
1354,3454,1506,3454,1506,3522,1354,3522
1554,3454,1811,3454,1811,3533,1554,3533
1354,3538,1501,3538,1501,3622,1354,3622
955,3543,1107,3543,1107,3617,955,3617
1160,3549,1312,3549,1312,3622,1160,3622
975,3918,2099,3905,2100,3994,976,4007
