1611,72,1875,79,1873,142,1610,136
1295,82,1558,73,1560,134,1297,143
519,147,1013,147,1013,215,519,215
1081,152,1191,152,1191,220,1081,220
1454,152,1611,152,1611,220,1454,220
1611,152,1716,152,1716,231,1611,231
1239,162,1396,162,1396,220,1239,220
514,231,619,231,619,304,514,304
666,231,824,231,824,304,666,304
868,235,1006,226,1011,298,873,307
1029,236,1144,236,1144,315,1029,315
1346,225,1565,247,1557,324,1338,302
1606,236,1821,236,1821,309,1606,309
1239,241,1328,241,1328,299,1239,299
1874,241,2037,241,2037,315,1874,315
2088,239,2194,259,2182,325,2076,306
2241,246,2457,246,2457,330,2241,330
2514,257,2625,257,2625,341,2514,341
1191,317,1607,325,1606,404,1190,395
514,325,724,325,724,393,514,393
724,325,913,325,913,393,724,393
924,325,1013,325,1013,399,924,399
1002,325,1170,325,1170,393,1002,393
1612,324,1803,333,1800,400,1609,391
1816,322,2348,333,2346,415,1815,404
519,414,724,414,724,488,519,488
876,414,1086,414,1086,488,876,488
1081,414,1134,414,1134,483,1081,483
1134,415,1408,423,1406,496,1132,488
1449,430,1638,430,1638,488,1449,488
1659,435,1758,435,1758,488,1659,488
530,509,918,509,918,582,530,582
1186,504,1749,512,1748,590,1185,582
1013,525,1139,525,1139,577,1013,577
1758,530,1953,530,1953,588,1758,588
1974,535,2073,535,2073,588,1974,588
1286,682,1443,682,1443,761,1286,761
1701,687,1863,687,1863,766,1701,766
1905,687,2010,687,2010,771,1905,771
1496,691,1656,698,1653,770,1493,763
514,915,1030,933,1028,1014,512,996
1174,939,1437,933,1439,1006,1176,1012
2163,945,2415,945,2415,1034,2163,1034
2478,955,2793,955,2793,1023,2478,1023
514,1002,619,1002,619,1076,514,1076
866,1008,997,1008,997,1081,866,1081
1013,1013,1643,1013,1643,1086,1013,1086
661,1018,771,1018,771,1081,661,1081
509,1097,645,1097,645,1155,509,1155
1218,1102,1328,1102,1328,1170,1218,1170
966,1107,1181,1107,1181,1181,966,1181
505,1255,671,1270,665,1341,499,1326
1375,1260,1480,1260,1480,1344,1375,1344
714,1265,866,1265,866,1349,714,1349
2598,1265,2819,1265,2819,1349,2598,1349
1533,1273,1798,1286,1794,1366,1529,1353
2278,1275,2551,1275,2551,1349,2278,1349
509,1438,540,1438,540,1496,509,1496
603,1438,813,1438,813,1512,603,1512
861,1443,997,1443,997,1512,861,1512
1002,1449,1076,1449,1076,1517,1002,1517
1118,1454,1323,1454,1323,1522,1118,1522
1375,1454,1527,1454,1527,1522,1375,1522
1580,1454,1842,1454,1842,1527,1580,1527
656,1519,1004,1528,1002,1604,654,1595
997,1532,1328,1532,1328,1606,997,1606
2320,1548,2493,1548,2493,1617,2320,1617
2646,1548,2761,1548,2761,1622,2646,1622
661,1600,1073,1617,1070,1696,658,1679
1582,1621,1688,1639,1677,1705,1571,1688
1680,1627,1785,1627,1785,1695,1680,1695
2483,1625,2810,1633,2808,1716,2481,1708
2378,1632,2488,1632,2488,1701,2378,1701
512,1838,726,1860,716,1952,502,1930
2362,1900,2415,1900,2415,1958,2362,1958
2467,1895,2679,1902,2677,1975,2465,1968
2672,1900,2782,1900,2782,1968,2672,1968
513,1919,728,1947,716,2036,501,2008
766,1937,971,1937,971,2016,766,2016
1019,1937,1277,1943,1275,2027,1017,2021
1317,1947,1527,1947,1527,2031,1317,2031
2514,1984,2630,1984,2630,2052,2514,2052
2630,1984,2777,1984,2777,2052,2630,2052
511,2005,726,2028,717,2119,502,2097
766,2021,966,2021,966,2105,766,2105
2357,2068,2457,2068,2457,2131,2357,2131
2457,2068,2777,2068,2777,2147,2457,2147
509,2110,714,2110,714,2184,509,2184
761,2115,997,2115,997,2189,761,2189
1065,2121,1223,2121,1223,2194,1065,2194
2352,2152,2451,2152,2451,2215,2352,2215
2457,2150,2773,2158,2771,2234,2455,2227
509,2189,714,2189,714,2268,509,2268
761,2199,913,2199,913,2273,761,2273
1013,2210,1113,2210,1113,2283,1013,2283
1170,2210,1317,2210,1317,2273,1170,2273
1365,2215,1622,2215,1622,2283,1365,2283
2504,2241,2625,2241,2625,2315,2504,2315
2656,2241,2766,2241,2766,2315,2656,2315
708,2357,913,2357,913,2436,708,2436
956,2352,1167,2359,1165,2442,953,2435
509,2362,656,2362,656,2430,509,2430
1218,2362,1417,2362,1417,2441,1218,2441
2446,2409,2614,2409,2614,2483,2446,2483
2609,2415,2761,2415,2761,2488,2609,2488
561,2446,661,2446,661,2520,561,2520
656,2446,761,2446,761,2520,656,2520
2446,2493,2614,2493,2614,2572,2446,2572
2614,2499,2766,2499,2766,2572,2614,2572
714,2593,918,2593,918,2677,714,2677
514,2598,661,2598,661,2672,514,2672
992,2614,1218,2614,1218,2682,992,2682
1265,2617,1467,2627,1464,2697,1262,2687
514,2682,714,2682,714,2756,514,2756
756,2698,903,2698,903,2756,756,2756
2341,2756,2399,2756,2399,2819,2341,2819
2447,2751,2764,2766,2760,2844,2443,2829
514,2850,656,2850,656,2924,514,2924
703,2858,951,2865,949,2941,701,2934
999,2867,1249,2892,1241,2968,991,2943
603,2924,708,2924,708,3008,603,3008
509,2929,603,2929,603,3003,509,3003
743,2947,949,2940,952,3018,746,3025
997,2955,1239,2955,1239,3029,997,3029
1501,2971,1601,2971,1601,3045,1501,3045
603,3008,708,3008,708,3092,603,3092
504,3013,598,3013,598,3087,504,3087
746,3029,948,3040,944,3110,742,3099
994,3034,1244,3060,1236,3137,986,3110
603,3092,708,3092,708,3176,603,3176
498,3097,603,3097,603,3171,498,3171
745,3113,845,3113,845,3186,745,3186
892,3123,971,3123,971,3186,892,3186
972,3128,1133,3144,1126,3209,965,3193
1496,3144,1596,3144,1596,3213,1496,3213
1601,3150,1706,3150,1706,3218,1601,3218
563,3260,751,3287,742,3348,554,3321
792,3276,892,3276,892,3349,792,3349
892,3276,971,3276,971,3333,892,3333
992,3281,1086,3281,1086,3339,992,3339
1344,3297,1485,3297,1485,3360,1344,3360
1144,3302,1291,3302,1291,3360,1144,3360
1548,3312,1648,3312,1648,3365,1548,3365
1701,3312,1858,3312,1858,3386,1701,3386
1905,3318,2047,3318,2047,3386,1905,3386
2107,3310,2319,3321,2314,3403,2102,3392
698,3344,850,3344,850,3407,698,3407
897,3349,971,3349,971,3407,897,3407
976,3360,1044,3360,1044,3412,976,3412
1092,3355,1293,3365,1290,3424,1089,3414
1349,3373,1598,3386,1595,3451,1345,3438
1648,3391,1900,3391,1900,3459,1648,3459
504,3415,700,3425,697,3487,501,3477
750,3426,978,3434,975,3495,748,3487
1045,3424,1209,3431,1206,3498,1042,3490
976,3449,1002,3449,1002,3491,976,3491
1249,3449,1344,3449,1344,3501,1249,3501
1396,3454,1548,3454,1548,3528,1396,3528
1596,3449,1856,3463,1852,3536,1592,3521
1900,3470,2005,3470,2005,3538,1900,3538
2047,3486,2199,3486,2199,3538,2047,3538
2259,3485,2474,3513,2465,3586,2249,3557
648,3502,802,3494,806,3572,652,3580
850,3507,976,3507,976,3564,850,3564
997,3508,1345,3517,1343,3578,996,3569
1396,3522,1496,3522,1496,3591,1396,3591
1545,3528,1695,3543,1689,3604,1538,3589
1743,3543,1890,3543,1890,3617,1743,3617
1900,3554,2005,3554,2005,3627,1900,3627
1144,3596,1296,3596,1296,3669,1144,3669
1344,3606,1496,3606,1496,3685,1344,3685
1543,3612,1690,3612,1690,3690,1543,3690
1171,3930,2285,3974,2282,4054,1168,4010
