1145,133,1382,147,1379,199,1142,185
1428,136,1659,136,1659,189,1428,189
955,199,1044,199,1044,252,955,252
1092,196,1236,205,1233,257,1089,247
1286,204,1417,204,1417,257,1286,257
1422,204,1517,204,1517,262,1422,262
456,215,892,215,892,273,456,273
2241,246,2341,246,2341,304,2241,304
1992,256,2182,248,2185,309,1995,317
1659,257,1806,257,1806,315,1659,315
1092,262,1170,262,1170,315,1092,315
1182,255,1378,270,1374,328,1178,313
1422,262,1606,262,1606,320,1422,320
1853,262,1947,262,1947,315,1853,315
903,273,1029,273,1029,330,903,330
446,278,540,278,540,341,446,341
766,278,882,278,882,330,766,330
582,283,724,283,724,336,582,336
1039,325,1417,325,1417,388,1039,388
1604,331,2088,312,2091,377,1607,397
897,341,1023,341,1023,393,897,393
1422,341,1596,341,1596,393,1422,393
803,346,876,346,876,399,803,399
441,351,535,351,535,409,441,409
535,356,761,356,761,409,535,409
985,408,1227,399,1230,456,987,465
752,415,870,407,874,467,756,474
882,409,987,409,987,467,882,467
1270,409,1449,409,1449,462,1270,462
1464,420,1559,420,1559,467,1464,467
435,425,614,425,614,477,435,477
1033,473,1511,467,1512,530,1034,535
425,488,782,488,782,546,425,546
1554,488,1737,488,1737,535,1554,535
1753,488,1848,488,1848,535,1753,535
876,498,1013,498,1013,535,876,535
1695,609,1795,609,1795,672,1695,672
1113,614,1260,614,1260,677,1113,677
1307,614,1454,614,1454,672,1307,672
1506,614,1653,614,1653,677,1506,677
1354,693,1506,693,1506,745,1354,745
2247,829,2551,829,2551,897,2247,897
1940,838,2183,830,2186,916,1943,925
497,854,850,844,852,920,499,930
1008,850,1244,850,1244,918,1008,918
409,861,504,861,504,929,409,929
860,929,1448,921,1449,997,861,1005
409,929,504,929,504,1008,409,1008
724,934,845,934,845,997,724,997
540,939,635,939,635,1002,540,1002
846,1008,1069,1025,1063,1095,841,1077
1102,1013,1207,1013,1207,1081,1102,1081
404,1023,525,1023,525,1081,404,1081
2348,1145,2565,1134,2569,1214,2352,1225
1197,1160,1296,1160,1296,1239,1197,1239
2042,1160,2304,1160,2304,1228,2042,1228
577,1170,719,1170,719,1249,577,1249
399,1176,530,1176,530,1233,399,1233
1344,1173,1593,1186,1589,1261,1340,1248
1785,1328,1947,1328,1947,1391,1785,1391
666,1333,714,1333,714,1391,666,1391
756,1333,829,1333,829,1391,756,1391
1580,1333,1732,1333,1732,1396,1580,1396
404,1344,430,1344,430,1396,404,1396
483,1338,630,1338,630,1396,483,1396
903,1338,1050,1338,1050,1396,903,1396
1097,1338,1296,1338,1296,1401,1097,1401
1338,1338,1533,1338,1533,1401,1338,1401
2084,1401,2252,1401,2252,1464,2084,1464
2404,1401,2514,1401,2514,1470,2404,1470
530,1412,840,1412,840,1480,530,1480
834,1412,1144,1412,1144,1480,834,1480
2142,1470,2573,1480,2571,1558,2140,1548
1422,1480,1575,1480,1575,1548,1422,1548
1328,1485,1380,1485,1380,1543,1328,1543
530,1491,609,1491,609,1548,530,1548
619,1491,897,1491,897,1559,619,1559
890,1570,1081,1563,1083,1621,892,1629
1128,1564,1380,1564,1380,1632,1128,1632
1422,1564,1575,1564,1575,1638,1422,1638
1622,1564,1932,1564,1932,1627,1622,1627
393,1575,425,1575,425,1627,393,1627
473,1567,621,1575,618,1637,470,1629
661,1575,708,1575,708,1632,661,1632
750,1575,819,1575,819,1627,750,1627
813,1638,1123,1638,1123,1701,813,1701
512,1648,818,1637,821,1708,515,1720
2084,1648,2283,1648,2283,1711,2084,1711
2409,1648,2520,1648,2520,1716,2409,1716
589,1722,739,1714,743,1784,593,1793
735,1722,871,1722,871,1785,735,1785
509,1727,588,1727,588,1785,509,1785
1312,1727,1365,1727,1365,1790,1312,1790
1412,1727,1569,1727,1569,1795,1412,1795
2136,1732,2577,1732,2577,1811,2136,1811
1375,1758,1407,1758,1407,1795,1375,1795
335,1924,525,1952,512,2042,322,2013
2073,1989,2231,1989,2231,2063,2073,2063
2242,1985,2575,2000,2571,2080,2238,2064
323,2010,522,2033,512,2120,313,2098
556,2026,756,2026,756,2110,556,2110
803,2031,1065,2031,1065,2115,803,2115
1102,2042,1307,2042,1307,2126,1102,2126
2294,2084,2420,2084,2420,2157,2294,2157
2407,2092,2571,2084,2574,2157,2411,2164
320,2091,523,2121,510,2206,307,2176
556,2115,756,2115,756,2189,556,2189
2068,2163,2231,2163,2231,2236,2068,2236
2242,2163,2569,2173,2566,2251,2239,2241
315,2189,509,2189,509,2268,315,2268
551,2205,782,2205,782,2273,551,2273
850,2205,1008,2205,1008,2278,850,2278
2068,2252,2226,2252,2226,2325,2068,2325
2237,2250,2417,2258,2414,2336,2234,2327
2409,2262,2567,2262,2567,2341,2409,2341
315,2278,514,2278,514,2352,315,2352
556,2283,703,2283,703,2357,556,2357
792,2294,892,2294,892,2373,792,2373
950,2299,1097,2299,1097,2362,950,2362
1144,2304,1401,2304,1401,2373,1144,2373
2289,2346,2409,2346,2409,2425,2289,2425
2409,2352,2562,2352,2562,2430,2409,2430
325,2441,462,2441,462,2509,325,2509
509,2441,708,2441,708,2520,509,2520
750,2446,945,2446,945,2520,750,2520
997,2451,1202,2451,1202,2535,997,2535
2121,2520,2226,2520,2226,2583,2121,2583
2231,2517,2402,2526,2398,2601,2227,2592
372,2525,561,2525,561,2598,372,2598
2404,2530,2562,2530,2562,2604,2404,2604
2121,2604,2215,2604,2215,2667,2121,2667
2227,2599,2399,2615,2392,2691,2220,2676
2399,2619,2556,2619,2556,2693,2399,2693
525,2672,724,2672,724,2751,525,2751
341,2677,477,2677,477,2745,341,2745
767,2681,1011,2699,1007,2760,762,2742
1056,2705,1253,2725,1247,2785,1050,2765
347,2744,534,2758,529,2821,342,2807
577,2761,719,2761,719,2819,577,2819
2058,2831,2172,2841,2167,2901,2053,2891
2221,2840,2381,2849,2377,2910,2218,2902
2425,2856,2535,2856,2535,2929,2425,2929
362,2892,504,2892,504,2955,362,2955
551,2901,779,2914,776,2973,548,2960
831,2904,1059,2930,1052,2994,823,2969
456,2961,561,2961,561,3039,456,3039
362,2971,456,2971,456,3039,362,3039
596,2979,786,2971,789,3044,598,3052
835,2983,1058,2994,1054,3056,832,3044
1302,3024,1401,3024,1401,3087,1302,3087
462,3045,561,3045,561,3118,462,3118
367,3050,456,3050,456,3118,367,3118
596,3057,791,3050,793,3113,599,3119
841,3051,1071,3076,1063,3147,833,3121
372,3118,467,3118,467,3176,372,3176
467,3118,561,3118,561,3181,467,3181
603,3129,698,3129,698,3197,603,3197
745,3129,819,3129,819,3197,745,3197
819,3139,966,3139,966,3202,819,3202
1312,3160,1365,3160,1365,3218,1312,3218
1370,3171,1501,3171,1501,3228,1370,3228
425,3281,609,3281,609,3339,425,3339
651,3286,735,3286,735,3344,651,3344
745,3286,819,3286,819,3339,745,3339
840,3286,929,3286,929,3344,840,3344
992,3291,1128,3291,1128,3349,992,3349
1176,3291,1307,3291,1307,3349,1176,3349
1365,3312,1454,3312,1454,3360,1365,3360
1506,3318,1601,3318,1601,3375,1506,3375
1601,3323,1648,3323,1648,3370,1601,3370
1701,3320,1846,3329,1842,3404,1696,3395
1890,3328,2091,3335,2089,3403,1888,3396
561,3349,708,3349,708,3417,561,3417
750,3354,824,3354,824,3412,750,3412
934,3354,1134,3354,1134,3423,934,3423
824,3365,892,3365,892,3412,824,3412
1177,3361,1411,3382,1405,3452,1171,3431
1455,3383,1703,3397,1698,3480,1450,3466
372,3423,561,3423,561,3486,372,3486
887,3428,1050,3428,1050,3501,887,3501
609,3431,825,3439,823,3500,607,3492
824,3449,850,3449,850,3491,824,3491
1081,3444,1176,3444,1176,3496,1081,3496
1224,3441,1368,3450,1363,3520,1219,3511
1408,3449,1648,3476,1642,3537,1401,3510
1695,3486,1790,3486,1790,3543,1695,3543
519,3501,661,3501,661,3580,519,3580
708,3507,824,3507,824,3570,708,3570
1838,3503,1987,3513,1984,3564,1835,3555
2039,3501,2248,3532,2238,3597,2029,3566
824,3508,1172,3517,1170,3582,822,3573
1223,3512,1317,3512,1317,3580,1223,3580
1361,3517,1506,3533,1500,3589,1355,3573
1550,3534,1695,3550,1688,3610,1543,3594
1695,3559,1790,3559,1790,3622,1695,3622
1365,3596,1501,3596,1501,3669,1365,3669
981,3601,1128,3601,1128,3675,981,3675
1176,3606,1323,3606,1323,3680,1176,3680
1002,3948,2084,3948,2084,4026,1002,4026
