723,326,836,326,836,356,723,356
856,326,973,326,973,360,856,360
630,363,676,363,676,396,630,396
386,366,600,366,600,396,386,396
700,366,770,366,770,396,700,396
790,366,856,366,856,396,790,396
860,366,906,366,906,400,860,400
1128,399,1222,394,1224,429,1130,434
1246,396,1300,396,1300,433,1246,433
383,400,430,400,430,430,383,430
973,400,1043,400,1043,433,973,433
1063,400,1110,400,1110,433,1063,433
450,403,520,403,520,433,450,433
540,403,600,403,600,433,540,433
703,406,740,406,740,433,703,433
743,402,838,406,836,440,741,436
856,403,950,403,950,433,856,433
610,410,660,410,660,436,610,436
380,436,430,436,430,470,380,470
946,436,1176,436,1176,473,946,473
433,443,450,443,450,470,433,470
450,440,493,440,493,470,450,470
563,440,600,440,600,470,563,470
606,440,670,440,670,470,606,470
676,440,860,440,860,473,676,473
496,443,543,443,543,470,496,470
860,443,943,443,943,473,860,473
380,476,473,476,473,510,380,510
540,476,600,476,600,506,540,506
606,476,653,476,653,510,606,510
653,480,770,480,770,510,653,510
793,486,873,486,873,510,793,510
880,483,926,483,926,510,880,510
380,513,496,513,496,546,380,546
493,516,560,516,560,546,493,546
676,516,906,516,906,550,676,550
603,520,660,520,660,546,603,546
926,526,1013,526,1013,550,926,550
1020,526,1063,526,1063,550,1020,550
990,586,1036,586,1036,623,990,623
716,590,786,590,786,623,716,623
810,593,880,593,880,623,810,623
900,593,970,593,970,623,900,623
836,633,923,633,923,663,836,663
386,703,433,703,433,736,386,736
433,703,500,703,500,736,433,736
496,703,600,703,600,736,496,736
673,706,740,706,740,736,673,736
740,706,786,706,786,740,740,740
1103,710,1196,710,1196,750,1103,750
1236,710,1376,710,1376,743,1236,743
1196,720,1213,720,1213,740,1196,740
386,740,433,740,433,770,386,770
453,743,503,743,503,773,453,773
540,743,600,743,600,776,540,776
606,743,676,743,676,776,606,776
673,740,877,744,876,780,672,776
383,776,450,776,450,810,383,810
696,786,743,786,743,816,696,816
606,790,693,790,693,820,606,820
380,846,450,846,450,880,380,880
473,853,543,853,543,886,473,886
763,856,810,856,810,893,763,893
1142,863,1262,859,1264,892,1143,896
1283,860,1330,860,1330,890,1283,890
1330,860,1376,860,1376,890,1330,890
830,861,948,870,945,904,828,896
380,923,393,923,393,946,380,946
423,923,600,923,600,960,423,960
626,933,696,933,696,963,626,963
720,933,833,933,833,966,720,966
443,957,598,965,596,999,442,991
1306,963,1353,963,1353,993,1306,993
606,965,744,969,743,1003,605,999
1161,970,1236,965,1238,996,1163,1001
490,996,563,996,563,1030,490,1030
1233,996,1310,996,1310,1030,1233,1030
1310,996,1376,996,1376,1030,1310,1030
1193,1006,1213,1006,1213,1033,1193,1033
893,1006,940,1006,940,1036,893,1036
850,1010,876,1010,876,1040,850,1040
376,1033,400,1033,400,1063,376,1063
420,1031,511,1035,509,1067,418,1063
534,1034,595,1040,592,1072,531,1067
646,1043,743,1043,743,1073,646,1073
760,1043,806,1043,806,1073,760,1073
440,1070,510,1070,510,1103,440,1103
1303,1070,1353,1070,1353,1103,1303,1103
513,1073,593,1073,593,1106,513,1106
603,1076,740,1076,740,1110,603,1110
1161,1080,1232,1074,1235,1106,1163,1111
440,1110,493,1110,493,1140,440,1140
510,1110,580,1110,580,1143,510,1143
1233,1110,1310,1110,1310,1143,1233,1143
1310,1110,1380,1110,1380,1143,1310,1143
600,1113,646,1113,646,1143,600,1143
1163,1113,1230,1113,1230,1146,1163,1146
364,1208,463,1218,459,1258,360,1249
1233,1223,1310,1223,1310,1260,1233,1260
1330,1223,1380,1223,1380,1256,1330,1256
1160,1226,1216,1226,1216,1256,1160,1256
365,1246,463,1261,458,1299,359,1285
480,1256,576,1256,576,1293,480,1293
596,1263,663,1263,663,1293,596,1293
666,1263,713,1263,713,1296,666,1296
733,1263,826,1263,826,1296,733,1296
1256,1263,1306,1263,1306,1296,1256,1296
1330,1263,1380,1263,1380,1296,1330,1296
364,1284,461,1297,455,1335,359,1322
480,1296,526,1296,526,1326,480,1326
526,1300,573,1300,573,1330,526,1330
1233,1300,1310,1300,1310,1333,1233,1333
1160,1303,1230,1303,1230,1333,1160,1333
1310,1303,1380,1303,1380,1336,1310,1336
360,1331,457,1335,456,1367,358,1363
476,1336,586,1336,586,1366,476,1366
616,1336,686,1336,686,1370,616,1370
1160,1340,1213,1340,1213,1373,1160,1373
1233,1340,1310,1340,1310,1373,1233,1373
1330,1343,1380,1343,1380,1373,1330,1373
360,1370,456,1370,456,1403,360,1403
476,1373,546,1373,546,1406,476,1406
593,1376,636,1376,636,1413,593,1413
663,1376,733,1376,733,1406,663,1406
753,1380,866,1380,866,1410,753,1410
1256,1380,1310,1380,1310,1410,1256,1410
1330,1380,1376,1380,1376,1413,1330,1413
450,1443,543,1443,543,1480,450,1480
356,1446,426,1446,426,1476,356,1476
683,1446,773,1446,773,1483,683,1483
586,1450,660,1450,660,1483,586,1483
1233,1448,1328,1455,1326,1491,1231,1484
1326,1456,1376,1456,1376,1486,1326,1486
376,1483,406,1483,406,1516,376,1516
423,1483,473,1483,473,1516,423,1516
1230,1490,1306,1490,1306,1523,1230,1523
1326,1493,1373,1493,1373,1523,1326,1523
373,1523,403,1523,403,1556,373,1556
400,1523,470,1523,470,1556,400,1556
1233,1530,1373,1530,1373,1566,1233,1566
483,1596,533,1596,533,1633,483,1633
343,1600,413,1600,413,1633,343,1633
436,1603,483,1603,483,1633,436,1633
576,1603,676,1603,676,1636,576,1636
700,1606,793,1606,793,1640,700,1640
340,1640,436,1640,436,1673,340,1673
453,1643,530,1643,530,1673,453,1673
1160,1646,1213,1646,1213,1680,1160,1680
1233,1646,1306,1646,1306,1683,1233,1683
1306,1650,1376,1650,1376,1686,1306,1686
333,1723,406,1723,406,1756,333,1756
426,1723,546,1723,546,1756,426,1756
570,1720,688,1731,685,1766,567,1756
330,1763,376,1763,376,1796,330,1796
380,1766,433,1766,433,1796,380,1796
450,1766,546,1766,546,1803,450,1803
570,1766,686,1766,686,1800,570,1800
760,1766,786,1766,786,1796,760,1796
790,1766,856,1766,856,1803,790,1803
326,1803,373,1803,373,1836,326,1836
376,1803,430,1803,430,1836,376,1836
446,1806,543,1806,543,1836,446,1836
567,1803,685,1811,682,1849,564,1840
763,1810,783,1810,783,1836,763,1836
374,1838,429,1843,426,1881,371,1876
323,1843,373,1843,373,1876,323,1876
446,1843,493,1843,493,1880,446,1880
516,1846,556,1846,556,1880,516,1880
806,1846,836,1846,836,1883,806,1883
833,1846,903,1846,903,1883,833,1883
563,1850,633,1850,633,1886,563,1886
350,1930,443,1930,443,1963,350,1963
458,1934,552,1927,555,1965,460,1971
560,1930,610,1930,610,1963,560,1963
733,1930,803,1930,803,1966,733,1966
1096,1930,1196,1930,1196,1970,1096,1970
830,1933,880,1933,880,1966,830,1966
900,1933,976,1933,976,1973,900,1973
1000,1933,1070,1933,1070,1976,1000,1976
633,1936,710,1936,710,1970,633,1970
413,1970,486,1970,486,2003,413,2003
606,1970,706,1970,706,2006,606,2006
510,1973,550,1973,550,2003,510,2003
730,1971,858,1980,855,2015,728,2006
556,1976,586,1976,586,2006,556,2006
980,1980,1000,1980,1000,1996,980,1996
876,1980,980,1980,980,2016,876,2016
310,2010,410,2010,410,2046,310,2046
433,2011,548,2019,545,2057,431,2049
580,2013,660,2013,660,2050,580,2050
850,2014,978,2020,976,2056,848,2050
680,2020,730,2020,730,2050,680,2050
753,2020,826,2020,826,2056,753,2056
1000,2020,1050,2020,1050,2053,1000,2053
1174,2018,1276,2027,1272,2065,1170,2055
1073,2026,1150,2026,1150,2056,1073,2056
380,2056,453,2056,453,2093,380,2093
480,2056,543,2056,543,2093,480,2093
550,2056,726,2056,726,2090,550,2090
750,2060,800,2060,800,2090,750,2090
823,2061,901,2066,899,2097,821,2093
923,2063,996,2063,996,2096,923,2096
1000,2066,1050,2066,1050,2103,1000,2103
620,2100,696,2100,696,2140,620,2140
820,2103,896,2103,896,2143,820,2143
723,2106,800,2106,800,2143,723,2143
857,2286,1214,2299,1212,2352,855,2339
