563,510,653,510,653,533,563,533
673,513,763,513,763,536,673,536
286,533,463,533,463,560,286,560
486,536,526,536,526,560,486,560
543,536,600,536,600,560,543,560
616,540,670,540,670,563,616,563
673,543,710,543,710,566,673,566
283,560,323,560,323,586,283,586
416,563,463,563,463,590,416,590
340,566,396,566,396,590,340,590
543,566,563,566,563,586,543,586
580,563,658,572,655,598,577,589
763,566,820,566,820,590,763,590
893,566,926,566,926,593,893,593
926,566,963,566,963,593,926,593
983,566,1023,566,1023,593,983,593
470,570,523,570,523,590,470,590
673,570,746,570,746,590,673,590
836,570,860,570,860,590,836,590
523,590,636,590,636,620,523,620
743,589,926,589,926,619,743,619
283,596,416,596,416,620,283,620
430,593,463,593,463,620,430,620
463,596,520,596,520,620,463,620
636,596,670,596,670,620,636,620
673,596,743,596,743,620,673,620
283,623,360,623,360,650,283,650
416,626,463,626,463,650,416,650
466,623,506,623,506,650,466,650
506,626,613,626,613,650,506,650
693,630,726,630,726,650,693,650
620,633,680,633,680,653,620,653
286,656,376,656,376,683,286,683
380,656,430,656,430,683,380,683
620,655,711,660,709,687,618,682
526,660,620,660,620,683,526,683
463,663,510,663,510,680,463,680
730,663,786,663,786,683,730,683
803,663,840,663,840,683,803,683
560,716,616,716,616,743,560,743
780,713,820,713,820,743,780,743
633,716,693,716,693,743,633,743
710,720,766,720,766,743,710,743
656,750,713,750,713,773,656,773
876,806,963,806,963,836,876,836
980,803,1093,803,1093,833,980,833
290,810,383,810,383,836,290,836
396,810,466,810,466,836,396,836
526,810,616,810,616,833,526,833
290,840,326,840,326,866,290,866
413,836,463,836,463,866,413,866
470,836,526,836,526,866,470,866
523,836,693,836,693,866,523,866
343,843,383,843,383,866,343,866
290,873,340,873,340,896,290,896
546,873,583,873,583,896,546,896
470,876,530,876,530,900,470,900
596,923,636,923,636,953,596,953
913,926,1006,926,1006,953,913,953
1023,926,1096,926,1096,950,1023,950
653,929,750,933,749,959,652,954
290,931,348,937,346,959,288,954
363,933,416,933,416,960,363,960
786,986,880,986,880,1013,786,1013
433,990,510,990,510,1013,433,1013
526,990,566,990,566,1013,526,1013
583,990,693,990,693,1013,583,1013
710,990,766,990,766,1013,710,1013
286,993,303,993,303,1013,286,1013
323,993,380,993,380,1016,323,1016
396,993,416,993,416,1013,396,1013
933,1016,990,1016,990,1040,933,1040
1046,1016,1083,1016,1083,1040,1046,1040
336,1016,453,1016,453,1046,336,1046
466,1016,583,1016,583,1046,466,1046
710,1043,750,1043,750,1073,710,1073
953,1046,986,1046,986,1070,953,1070
990,1046,1100,1046,1100,1073,990,1073
340,1050,376,1050,376,1073,340,1073
373,1046,436,1046,436,1076,373,1076
673,1050,693,1050,693,1073,673,1073
436,1053,490,1053,490,1076,436,1076
953,1140,986,1140,986,1163,953,1163
986,1136,1050,1136,1050,1163,986,1163
1066,1140,1100,1140,1100,1163,1066,1163
287,1139,362,1147,359,1174,284,1167
583,1166,660,1166,660,1196,583,1196
413,1166,453,1166,453,1196,413,1196
523,1166,566,1166,566,1196,523,1196
1010,1170,1050,1170,1050,1193,1010,1193
1066,1170,1100,1170,1100,1193,1066,1193
287,1171,361,1175,359,1201,285,1196
376,1170,413,1170,413,1196,376,1196
470,1173,523,1173,523,1196,470,1196
953,1200,986,1200,986,1226,953,1226
986,1196,1050,1196,1050,1226,986,1226
1066,1200,1100,1200,1100,1223,1066,1223
283,1197,361,1202,359,1234,281,1229
380,1206,413,1206,413,1230,380,1230
416,1206,453,1206,453,1230,416,1230
986,1226,1046,1226,1046,1256,986,1256
953,1233,986,1233,986,1256,953,1256
1066,1233,1100,1233,1100,1253,1066,1253
286,1236,360,1236,360,1260,286,1260
373,1233,463,1233,463,1260,373,1260
490,1236,546,1236,546,1260,490,1260
1026,1263,1046,1263,1046,1286,1026,1286
1066,1263,1100,1263,1100,1286,1066,1286
287,1263,364,1268,362,1294,285,1289
380,1266,433,1266,433,1290,380,1290
526,1266,583,1266,583,1290,526,1290
600,1263,693,1263,693,1290,600,1290
1010,1266,1026,1266,1026,1286,1010,1286
470,1270,506,1270,506,1293,470,1293
464,1320,528,1325,526,1354,462,1349
545,1326,619,1322,621,1349,547,1354
356,1323,433,1323,433,1353,356,1353
1010,1326,1046,1326,1046,1346,1010,1346
283,1326,340,1326,340,1353,283,1353
996,1356,1050,1356,1050,1380,996,1380
303,1360,340,1360,340,1383,303,1383
340,1360,380,1360,380,1383,340,1383
356,1413,433,1413,433,1446,356,1446
280,1416,336,1416,336,1443,280,1443
470,1420,546,1420,546,1443,470,1443
566,1420,640,1420,640,1443,566,1443
990,1443,1053,1443,1053,1473,990,1473
1066,1443,1106,1443,1106,1473,1066,1473
956,1450,980,1450,980,1473,956,1473
283,1453,453,1453,453,1480,283,1480
470,1512,561,1517,559,1545,468,1539
283,1516,340,1516,340,1540,283,1540
353,1513,450,1513,450,1540,353,1540
466,1540,560,1540,560,1570,466,1570
660,1543,696,1543,696,1566,660,1566
276,1543,316,1543,316,1570,276,1570
320,1546,360,1546,360,1570,320,1570
373,1543,450,1543,450,1573,373,1573
276,1573,316,1573,316,1603,276,1603
320,1576,360,1576,360,1603,320,1603
373,1576,450,1576,450,1603,373,1603
467,1571,561,1576,559,1608,465,1602
316,1606,360,1606,360,1633,316,1633
696,1606,733,1606,733,1630,696,1630
276,1606,316,1606,316,1633,276,1633
370,1606,410,1606,410,1633,370,1633
430,1609,520,1613,519,1641,428,1636
596,1666,656,1666,656,1696,596,1696
890,1670,966,1670,966,1696,890,1696
430,1673,460,1673,460,1700,430,1700
463,1670,503,1670,503,1696,463,1696
676,1673,716,1673,716,1696,676,1696
733,1673,793,1673,793,1700,733,1700
810,1670,866,1670,866,1700,810,1700
300,1676,373,1676,373,1700,300,1700
386,1673,426,1673,426,1703,386,1703
523,1676,583,1676,583,1703,523,1703
503,1700,583,1700,583,1730,503,1730
353,1706,410,1706,410,1730,353,1730
430,1706,486,1706,486,1730,430,1730
600,1703,700,1703,700,1733,600,1733
713,1703,796,1703,796,1733,713,1733
943,1728,1025,1733,1023,1764,941,1759
276,1733,356,1733,356,1763,276,1763
486,1736,550,1736,550,1763,486,1763
693,1733,796,1733,796,1763,693,1763
810,1733,850,1733,850,1760,810,1760
373,1740,473,1740,473,1766,373,1766
563,1740,603,1740,603,1763,563,1763
616,1736,676,1736,676,1766,616,1766
866,1740,926,1740,926,1760,866,1760
333,1766,390,1766,390,1800,333,1800
410,1770,460,1770,460,1796,410,1796
506,1770,603,1770,603,1793,506,1793
616,1766,660,1766,660,1793,616,1793
676,1770,736,1770,736,1793,676,1793
750,1766,810,1766,810,1793,750,1793
810,1766,853,1766,853,1796,810,1796
460,1773,506,1773,506,1796,460,1796
520,1800,583,1800,583,1830,520,1830
673,1800,733,1800,733,1830,673,1830
600,1803,660,1803,660,1833,600,1833
559,1940,966,1931,967,1966,560,1975
536,1946,556,1946,556,1963,536,1963
