573,473,666,473,666,496,573,496
683,473,780,473,780,496,683,496
630,500,683,500,683,523,630,523
496,503,536,503,536,526,496,526
553,503,610,503,610,526,553,526
686,503,723,503,723,523,686,523
293,506,333,506,333,530,293,530
330,506,386,506,386,530,330,530
386,506,470,506,470,530,386,530
780,523,840,523,840,546,780,546
953,523,986,523,986,546,953,546
1003,520,1046,520,1046,550,1003,550
683,526,760,526,760,550,683,550
853,526,880,526,880,546,853,546
913,526,946,526,946,550,913,550
590,530,666,530,666,553,590,553
293,533,330,533,330,556,293,556
423,533,470,533,470,556,423,556
553,533,573,533,573,553,553,553
346,536,403,536,403,556,346,556
480,536,520,536,520,560,480,560
756,546,950,546,950,576,756,576
569,552,683,548,684,579,570,583
686,556,756,556,756,580,686,580
470,560,530,560,530,583,470,583
533,556,573,556,573,583,533,583
290,563,330,563,330,590,290,590
346,563,420,563,420,586,346,586
440,563,470,563,470,583,440,583
330,566,346,566,346,586,330,586
706,586,743,586,743,606,706,606
420,590,466,590,466,613,420,613
476,590,513,590,513,613,476,613
513,590,613,590,613,613,513,613
630,590,696,590,696,610,630,610
290,596,343,596,343,620,290,620
532,620,723,613,724,639,533,646
743,616,806,616,806,636,743,636
820,616,856,616,856,636,820,636
383,623,420,623,420,646,383,646
470,623,516,623,516,643,470,643
290,626,380,626,380,650,290,650
796,666,836,666,836,696,796,696
720,670,780,670,780,696,720,696
566,673,626,673,626,700,566,700
646,676,706,676,706,700,646,700
666,706,723,706,723,730,666,730
893,756,973,756,973,786,893,786
1010,760,1030,760,1030,783,1010,783
1033,760,1070,760,1070,783,1033,783
1066,756,1126,756,1126,783,1066,783
530,766,623,766,623,793,530,793
283,770,320,770,320,793,283,793
320,766,380,766,380,796,320,796
380,770,463,770,463,793,380,793
522,793,699,789,700,819,523,824
413,796,460,796,460,823,413,823
470,796,526,796,526,820,470,820
333,796,376,796,376,823,333,823
283,803,320,803,320,823,283,823
446,826,550,826,550,853,446,853
566,826,606,826,606,850,566,850
280,830,333,830,333,853,280,853
603,883,643,883,643,906,603,906
660,881,761,890,759,914,658,906
936,883,1036,883,1036,910,936,910
1053,883,1093,883,1093,906,1053,906
1093,883,1133,883,1133,910,1093,910
276,886,333,886,333,910,276,910
353,886,406,886,406,913,353,913
456,946,506,946,506,973,456,973
523,946,566,946,566,970,523,970
580,943,700,943,700,973,580,973
716,943,780,943,780,973,716,973
796,943,900,943,900,970,796,970
273,950,290,950,290,973,273,973
310,950,370,950,370,973,310,973
423,946,456,946,456,973,423,973
326,976,423,976,423,1006,326,1006
423,980,446,980,446,1006,423,1006
460,976,580,976,580,1003,460,1003
953,976,1016,976,1016,1003,953,1003
1076,980,1113,980,1113,1003,1076,1003
363,1006,426,1006,426,1036,363,1036
680,1010,720,1010,720,1036,680,1036
716,1006,760,1006,760,1036,716,1036
973,1006,1000,1006,1000,1036,973,1036
1013,1006,1076,1006,1076,1036,1013,1036
330,1013,363,1013,363,1036,330,1036
430,1013,483,1013,483,1036,430,1036
1096,1013,1133,1013,1133,1036,1096,1036
267,1098,349,1108,346,1142,263,1133
976,1110,1000,1110,1000,1133,976,1133
1013,1106,1080,1106,1080,1133,1013,1133
580,1133,663,1133,663,1166,580,1166
460,1136,520,1136,520,1166,460,1166
520,1136,563,1136,563,1166,520,1166
263,1140,346,1140,346,1173,263,1173
363,1140,403,1140,403,1166,363,1166
403,1140,443,1140,443,1166,403,1166
1040,1143,1076,1143,1076,1166,1040,1166
267,1171,348,1175,346,1204,265,1199
976,1173,1013,1173,1013,1200,976,1200
1013,1170,1076,1170,1076,1200,1013,1200
363,1173,403,1173,403,1200,363,1200
406,1176,446,1176,446,1200,406,1200
1096,1176,1133,1176,1133,1200,1096,1200
480,1203,543,1203,543,1233,480,1233
1013,1203,1076,1203,1076,1233,1013,1233
270,1210,346,1210,346,1233,270,1233
363,1210,456,1210,456,1233,363,1233
976,1210,1013,1210,1013,1233,976,1233
1100,1210,1116,1210,1116,1230,1100,1230
266,1240,346,1240,346,1266,266,1266
363,1236,423,1236,423,1266,363,1266
600,1236,700,1236,700,1266,600,1266
460,1240,500,1240,500,1270,460,1270
523,1243,583,1243,583,1266,523,1266
540,1296,620,1296,620,1330,540,1330
263,1300,320,1300,320,1330,263,1330
343,1303,423,1303,423,1330,343,1330
460,1306,523,1306,523,1330,460,1330
283,1336,303,1336,303,1363,283,1363
320,1333,363,1333,363,1363,320,1363
1020,1340,1076,1340,1076,1363,1020,1363
260,1396,316,1396,316,1426,260,1426
336,1396,420,1396,420,1426,336,1426
453,1400,540,1400,540,1430,453,1430
560,1403,640,1403,640,1430,560,1430
256,1433,439,1433,439,1466,256,1466
980,1436,1003,1436,1003,1463,980,1463
1016,1433,1083,1433,1083,1463,1016,1463
1096,1433,1140,1433,1140,1463,1096,1463
260,1503,280,1503,280,1526,260,1526
333,1500,436,1500,436,1530,333,1530
456,1502,554,1507,552,1535,455,1529
280,1506,320,1506,320,1530,280,1530
253,1533,293,1533,293,1560,253,1560
296,1536,340,1536,340,1560,296,1560
353,1533,436,1533,436,1566,353,1566
456,1536,550,1536,550,1563,456,1563
660,1536,696,1536,696,1560,660,1560
296,1566,336,1566,336,1593,296,1593
250,1566,290,1566,290,1593,250,1593
353,1568,434,1572,433,1597,352,1593
450,1563,551,1571,549,1602,448,1594
293,1600,336,1600,336,1630,293,1630
246,1600,290,1600,290,1630,246,1630
346,1600,393,1600,393,1630,346,1630
410,1600,443,1600,443,1630,410,1630
446,1603,506,1603,506,1633,446,1633
700,1606,736,1606,736,1630,700,1630
270,1673,346,1673,346,1696,270,1696
406,1673,436,1673,436,1700,406,1700
443,1670,486,1670,486,1700,443,1700
590,1670,653,1670,653,1700,590,1700
360,1673,403,1673,403,1703,360,1703
510,1675,574,1680,572,1704,508,1700
676,1676,716,1676,716,1700,676,1700
733,1673,800,1673,800,1706,733,1706
820,1673,880,1673,880,1706,820,1706
903,1676,986,1676,986,1700,903,1700
323,1703,386,1703,386,1733,323,1733
486,1703,573,1703,573,1733,486,1733
406,1710,436,1710,436,1733,406,1733
440,1710,470,1710,470,1733,440,1733
593,1707,697,1713,696,1740,592,1735
713,1710,800,1710,800,1740,713,1740
240,1736,323,1736,323,1766,240,1766
346,1742,450,1747,449,1775,345,1771
466,1743,536,1743,536,1770,466,1770
693,1740,803,1740,803,1770,693,1770
820,1740,863,1740,863,1770,820,1770
964,1741,1051,1750,1048,1778,961,1769
553,1746,593,1746,593,1770,553,1770
610,1743,676,1743,676,1773,610,1773
880,1750,943,1750,943,1770,880,1770
300,1773,363,1773,363,1806,300,1806
446,1776,570,1776,570,1803,446,1803
610,1773,653,1773,653,1803,610,1803
753,1773,816,1773,816,1803,753,1803
386,1780,436,1780,436,1803,386,1803
676,1780,736,1780,736,1803,676,1803
820,1776,863,1776,863,1806,820,1806
573,1783,593,1783,593,1803,573,1803
506,1810,570,1810,570,1843,506,1843
670,1810,733,1810,733,1843,670,1843
590,1813,656,1813,656,1843,590,1843
546,1956,983,1956,983,1993,546,1993
