599,169,1208,235,1202,289,593,223
911,407,990,417,985,455,906,445
1010,416,1090,416,1090,453,1010,453
1116,430,1196,430,1196,470,1116,470
753,440,803,440,803,473,753,473
807,444,886,454,881,492,802,482
906,455,988,460,986,491,904,486
531,456,637,472,631,509,525,493
1010,463,1060,463,1060,496,1010,496
1087,464,1272,487,1268,523,1082,499
653,476,733,476,733,506,653,506
753,486,803,486,803,520,753,520
827,489,961,499,959,533,824,523
1276,493,1343,493,1343,526,1276,526
983,496,1056,496,1056,530,983,530
1373,496,1446,496,1446,533,1373,533
1083,510,1133,510,1133,536,1083,536
1153,514,1239,522,1235,554,1150,546
830,526,933,526,933,560,830,560
1274,518,1390,534,1386,569,1269,553
954,530,1080,546,1076,579,950,562
1414,540,1520,553,1515,586,1410,572
610,551,711,555,709,587,608,582
1104,549,1208,558,1205,592,1101,582
733,555,808,560,806,594,731,589
856,563,906,563,906,596,856,596
1233,563,1309,573,1305,599,1230,590
830,566,856,566,856,593,830,593
926,573,980,573,980,603,926,603
1331,569,1410,580,1405,612,1326,600
1003,583,1076,583,1076,616,1003,616
1100,583,1173,583,1173,620,1100,620
1203,600,1250,600,1250,633,1203,633
1260,603,1353,603,1353,636,1260,636
1374,610,1473,623,1469,656,1369,643
903,653,950,653,950,683,903,683
976,663,996,663,996,686,976,686
1190,666,1240,666,1240,700,1190,700
1250,680,1286,680,1286,706,1250,706
1310,683,1360,683,1360,713,1310,713
1376,690,1430,690,1430,726,1376,726
1433,696,1480,696,1480,726,1433,726
1137,697,1236,711,1231,746,1132,732
1257,711,1355,723,1351,755,1253,742
1373,730,1423,730,1423,756,1373,756
946,730,993,730,993,763,946,763
1423,730,1473,730,1473,760,1423,760
1130,742,1228,748,1226,779,1128,773
1250,753,1346,753,1346,786,1250,786
1363,763,1416,763,1416,800,1363,800
1416,766,1463,766,1463,796,1416,796
1111,768,1227,783,1222,819,1106,803
1246,787,1368,796,1365,831,1244,822
1383,803,1456,803,1456,836,1383,836
430,813,476,813,476,846,430,846
500,816,570,816,570,853,500,853
1260,870,1333,870,1333,896,1260,896
1354,873,1446,887,1442,915,1350,902
1003,888,1098,893,1096,927,1001,922
1120,895,1214,900,1213,934,1118,929
1253,906,1346,906,1346,940,1253,940
1370,913,1436,913,1436,946,1370,946
426,933,473,933,473,963,426,963
493,936,566,936,566,970,493,970
423,973,473,973,473,1003,423,1003
493,971,568,977,565,1011,491,1006
1316,986,1363,986,1363,1020,1316,1020
1380,990,1406,990,1406,1020,1380,1020
1020,1010,1110,1010,1110,1043,1020,1043
1133,1013,1183,1013,1183,1050,1133,1050
1183,1020,1206,1020,1206,1046,1183,1046
1247,1017,1338,1023,1336,1055,1244,1049
1360,1026,1426,1026,1426,1060,1360,1060
493,1053,540,1053,540,1083,493,1083
927,1075,1045,1083,1042,1118,924,1109
1060,1086,1130,1086,1130,1116,1060,1116
1153,1086,1200,1086,1200,1120,1153,1120
493,1090,563,1090,563,1123,493,1123
1240,1096,1310,1096,1310,1126,1240,1126
1330,1097,1422,1103,1419,1136,1328,1129
430,1126,473,1126,473,1153,430,1153
493,1126,563,1126,563,1160,493,1160
1103,1126,1173,1126,1173,1160,1103,1160
1203,1130,1311,1134,1309,1167,1202,1163
1330,1140,1376,1140,1376,1166,1330,1166
1373,1140,1420,1140,1420,1170,1373,1170
426,1160,473,1160,473,1190,426,1190
493,1163,540,1163,540,1196,493,1196
1213,1170,1260,1170,1260,1200,1213,1200
1324,1166,1420,1181,1414,1216,1319,1202
1260,1173,1303,1173,1303,1203,1260,1203
426,1193,473,1193,473,1226,426,1226
963,1190,1058,1196,1056,1231,961,1224
493,1200,560,1200,560,1233,493,1233
1073,1200,1123,1200,1123,1236,1073,1236
1123,1203,1190,1203,1190,1233,1123,1233
1213,1210,1256,1210,1256,1236,1213,1236
1321,1203,1417,1217,1411,1256,1315,1242
1256,1210,1300,1210,1300,1240,1256,1240
1318,1240,1413,1254,1407,1293,1312,1279
423,1306,470,1306,470,1336,423,1336
490,1310,560,1310,560,1343,490,1343
583,1320,603,1320,603,1346,583,1346
846,1333,893,1333,893,1366,846,1366
916,1340,936,1340,936,1366,916,1366
443,1343,490,1343,490,1373,443,1373
556,1350,623,1350,623,1383,556,1383
1156,1353,1220,1353,1220,1383,1156,1383
1220,1356,1293,1356,1293,1386,1220,1386
1313,1366,1333,1366,1333,1393,1313,1393
1040,1377,1181,1384,1179,1420,1038,1412
1197,1385,1335,1395,1332,1429,1194,1419
996,1412,1111,1418,1109,1452,995,1446
1126,1423,1176,1423,1176,1453,1126,1453
1216,1426,1263,1426,1263,1460,1216,1460
1283,1433,1350,1433,1350,1463,1283,1463
1380,1440,1396,1440,1396,1466,1380,1466
410,1453,456,1453,456,1483,410,1483
456,1456,500,1456,500,1486,456,1486
523,1457,641,1463,639,1498,521,1492
837,1466,953,1479,949,1515,833,1502
970,1486,1016,1486,1016,1516,970,1516
1236,1500,1303,1500,1303,1533,1236,1533
1323,1510,1393,1510,1393,1543,1323,1543
1030,1563,1076,1563,1076,1593,1030,1593
1096,1566,1173,1566,1173,1596,1096,1596
1343,1586,1393,1586,1393,1616,1343,1616
897,1590,1102,1605,1099,1641,894,1626
394,1600,535,1610,532,1646,391,1636
1100,1606,1166,1606,1166,1643,1100,1643
580,1610,673,1610,673,1646,580,1646
1186,1613,1233,1613,1233,1646,1186,1646
1273,1620,1323,1620,1323,1650,1273,1650
1343,1623,1390,1623,1390,1656,1343,1656
983,1640,1096,1640,1096,1673,983,1673
1173,1648,1341,1656,1339,1693,1171,1685
1343,1663,1390,1663,1390,1693,1343,1693
866,1710,956,1710,956,1740,866,1740
960,1720,996,1720,996,1733,960,1733
726,1740,776,1740,776,1773,726,1773
796,1743,863,1743,863,1776,796,1776
886,1746,953,1746,953,1780,886,1780
977,1748,1048,1754,1046,1788,974,1782
696,1813,743,1813,743,1843,696,1843
760,1815,838,1820,836,1849,758,1844
860,1820,1084,1831,1082,1866,858,1855
1110,1840,1156,1840,1156,1863,1110,1863
1203,1836,1382,1850,1379,1884,1200,1871
836,1866,880,1866,880,1890,836,1890
896,1862,974,1866,972,1896,895,1891
990,1867,1107,1873,1106,1906,988,1900
1106,1876,1153,1876,1153,1906,1106,1906
1160,1880,1220,1880,1220,1910,1160,1910
576,1885,811,1898,809,1936,574,1923
1286,1886,1380,1886,1380,1920,1286,1920
813,1903,900,1903,900,1933,813,1933
900,1903,1084,1912,1083,1949,898,1940
450,1916,503,1916,503,1956,450,1956
1086,1916,1150,1916,1150,1946,1086,1946
1160,1920,1200,1920,1200,1950,1160,1950
1200,1923,1216,1923,1216,1946,1200,1946
1216,1918,1378,1928,1376,1961,1214,1952
530,1923,620,1923,620,1960,530,1960
660,1933,690,1933,690,1966,660,1966
710,1936,780,1936,780,1970,710,1970
803,1938,901,1945,899,1979,801,1972
921,1937,1019,1951,1014,1986,916,1972
1033,1953,1060,1953,1060,1983,1033,1983
1100,1953,1150,1953,1150,1986,1100,1986
1156,1960,1216,1960,1216,1990,1156,1990
1237,1958,1311,1964,1309,1998,1234,1992
1326,1966,1373,1966,1373,2000,1326,2000
846,1980,896,1980,896,2013,846,2013
896,1983,966,1983,966,2020,896,2020
986,1990,1060,1990,1060,2023,986,2023
1080,1993,1126,1993,1126,2026,1080,2026
1156,1994,1371,2004,1369,2039,1155,2029
777,2010,896,2024,892,2059,773,2045
913,2024,1034,2030,1032,2064,911,2058
