1390,357,1616,350,1618,409,1391,415
1124,349,1352,363,1348,424,1120,411
421,373,875,406,870,471,416,438
939,414,1034,414,1034,477,939,477
1082,427,1220,436,1217,490,1078,482
1396,430,1491,430,1491,504,1396,504
1265,435,1396,435,1396,498,1265,498
420,451,519,451,519,519,420,519
2173,451,2278,451,2278,519,2173,519
1933,463,2119,452,2123,522,1938,532
563,462,713,477,707,538,557,523
1800,472,1890,472,1890,535,1800,535
756,477,871,477,871,535,756,535
1618,484,1762,475,1767,544,1623,554
898,486,1032,494,1028,558,894,550
1081,498,1165,498,1165,556,1081,556
1173,494,1360,516,1352,581,1165,559
1401,504,1575,504,1575,561,1401,561
420,532,764,552,760,616,416,596
1570,563,2035,529,2040,602,1576,636
798,561,876,561,876,614,798,614
898,559,1026,566,1023,626,894,618
1039,567,1139,567,1139,635,1039,635
1128,571,1565,577,1564,644,1127,638
420,619,614,619,614,687,420,687
756,630,876,630,876,693,756,693
876,640,992,640,992,698,876,698
992,645,1235,655,1233,715,990,706
1449,661,1533,661,1533,708,1449,708
1265,666,1433,666,1433,714,1265,714
425,691,795,708,792,771,422,755
1722,719,1811,719,1811,766,1722,766
887,722,1005,730,1001,781,884,772
850,735,882,735,882,766,850,766
1039,729,1496,729,1496,787,1039,787
1535,732,1705,723,1707,774,1538,784
1669,850,1764,850,1764,929,1669,929
1128,871,1270,871,1270,939,1128,939
1491,871,1632,871,1632,939,1491,939
1312,882,1449,882,1449,934,1312,934
1359,955,1501,955,1501,1013,1359,1013
2170,1071,2451,1055,2454,1119,2174,1136
430,1069,889,1082,887,1156,428,1144
1898,1085,2115,1077,2117,1147,1901,1156
1044,1097,1270,1097,1270,1155,1044,1155
435,1155,535,1155,535,1223,435,1223
577,1160,677,1160,677,1223,577,1223
766,1165,887,1165,887,1228,766,1228
908,1170,1459,1170,1459,1239,908,1239
435,1239,546,1239,546,1302,435,1302
893,1245,1106,1261,1101,1326,888,1309
1139,1254,1239,1254,1239,1317,1139,1317
2269,1362,2460,1349,2465,1417,2274,1430
1988,1382,2225,1373,2227,1434,1990,1443
441,1396,582,1396,582,1454,441,1454
630,1396,777,1396,777,1470,630,1470
1233,1396,1323,1396,1323,1459,1233,1459
1370,1400,1593,1412,1590,1476,1367,1464
1727,1538,1858,1538,1858,1596,1727,1596
1459,1548,1596,1548,1596,1606,1459,1606
451,1559,488,1559,488,1606,451,1606
540,1554,740,1554,740,1617,540,1617
782,1554,960,1554,960,1611,782,1611
1013,1554,1155,1554,1155,1611,1013,1611
1370,1554,1428,1554,1428,1606,1370,1606
1197,1559,1333,1559,1333,1611,1197,1611
2320,1596,2425,1596,2425,1659,2320,1659
2037,1606,2184,1606,2184,1664,2037,1664
593,1627,908,1627,908,1695,593,1695
897,1627,1202,1627,1202,1695,897,1695
2037,1669,2331,1669,2331,1732,2037,1732
2336,1669,2467,1669,2467,1732,2336,1732
1372,1696,1594,1683,1598,1745,1376,1758
598,1701,735,1701,735,1764,598,1764
740,1701,876,1701,876,1758,740,1758
924,1701,1018,1701,1018,1764,924,1764
2041,1901,2330,1895,2332,1957,2042,1964
2336,1900,2462,1900,2462,1963,2336,1963
464,1914,655,1929,649,2009,458,1994
1202,1974,1375,1974,1375,2042,1202,2042
2226,1974,2336,1974,2336,2037,2226,2037
2336,1974,2467,1974,2467,2042,2336,2042
693,1989,876,1989,876,2058,693,2058
926,1998,1154,1985,1157,2046,929,2059
458,1987,655,2003,649,2082,452,2067
2047,2047,2142,2047,2142,2105,2047,2105
2178,2047,2336,2047,2336,2115,2178,2115
2330,2057,2465,2044,2471,2104,2337,2118
458,2066,655,2081,649,2160,452,2146
693,2073,882,2073,882,2136,693,2136
2042,2121,2147,2121,2147,2178,2042,2178
2184,2126,2331,2126,2331,2184,2184,2184
2336,2126,2467,2126,2467,2189,2336,2189
973,2142,1112,2134,1115,2194,977,2201
690,2155,933,2142,936,2204,693,2217
454,2158,649,2147,653,2220,458,2230
2094,2199,2142,2199,2142,2257,2094,2257
2184,2199,2331,2199,2331,2257,2184,2257
1249,2205,1470,2205,1470,2262,1249,2262
2336,2205,2462,2205,2462,2262,2336,2262
1068,2213,1206,2205,1209,2262,1072,2270
934,2220,1018,2220,1018,2283,934,2283
694,2237,837,2222,843,2282,700,2297
462,2231,651,2231,651,2294,462,2294
1118,2357,1294,2338,1301,2403,1125,2422
2094,2346,2178,2346,2178,2399,2094,2399
2189,2346,2341,2346,2341,2409,2189,2409
2336,2346,2462,2346,2462,2409,2336,2409
884,2358,1069,2347,1073,2414,887,2424
651,2373,841,2354,848,2425,658,2444
464,2387,602,2379,606,2440,468,2448
2094,2415,2152,2415,2152,2478,2094,2478
2184,2420,2336,2420,2336,2488,2184,2488
2373,2425,2462,2425,2462,2483,2373,2483
609,2451,708,2451,708,2520,609,2520
519,2462,614,2462,614,2520,519,2520
1167,2568,1347,2557,1351,2621,1171,2632
916,2584,1123,2576,1125,2635,919,2642
660,2600,852,2579,860,2650,668,2671
477,2614,609,2614,609,2672,477,2672
2052,2635,2157,2635,2157,2703,2052,2703
2189,2638,2463,2646,2461,2712,2187,2704
703,2680,848,2662,855,2718,710,2736
477,2682,666,2682,666,2745,477,2745
2100,2787,2147,2787,2147,2845,2100,2845
2190,2780,2464,2796,2461,2860,2186,2845
1128,2793,1296,2793,1296,2850,1128,2850
945,2803,1081,2803,1081,2861,945,2861
672,2824,808,2824,808,2877,672,2877
488,2840,624,2840,624,2892,488,2892
1527,2919,1701,2919,1701,2976,1527,2976
1307,2929,1485,2929,1485,2992,1307,2992
674,2962,902,2948,905,3008,678,3021
950,2950,1165,2950,1165,3008,950,3008
493,2976,635,2976,635,3034,493,3034
1443,2987,1832,2987,1832,3050,1443,3050
1837,2992,2000,2992,2000,3029,1837,3029
950,3024,1029,3024,1029,3076,950,3076
634,3040,775,3024,782,3091,642,3107
819,3029,929,3029,929,3081,819,3081
498,3050,593,3050,593,3108,498,3108
1304,3072,1484,3061,1488,3123,1308,3134
953,3095,1164,3083,1168,3142,956,3154
723,3109,910,3087,918,3153,731,3175
598,3108,698,3108,698,3176,598,3176
504,3118,593,3118,593,3181,504,3181
1312,3139,1480,3139,1480,3202,1312,3202
961,3159,1172,3165,1170,3225,959,3219
598,3176,703,3176,703,3249,598,3249
732,3179,912,3168,915,3225,735,3236
504,3192,593,3192,593,3249,504,3249
1491,3202,1575,3202,1575,3260,1491,3260
1401,3213,1449,3213,1449,3260,1401,3260
871,3239,939,3239,939,3291,871,3291
939,3239,1081,3239,1081,3297,939,3297
603,3244,703,3244,703,3318,603,3318
740,3244,824,3244,824,3302,740,3302
509,3260,598,3260,598,3323,509,3323
1572,3353,1708,3330,1718,3389,1583,3413
1753,3339,1879,3339,1879,3396,1753,3396
1926,3339,2100,3339,2100,3396,1926,3396
1271,3359,1399,3345,1406,3406,1277,3420
1449,3349,1538,3349,1538,3402,1449,3402
966,3370,1050,3370,1050,3438,966,3438
1102,3375,1228,3375,1228,3428,1102,3428
871,3386,945,3386,945,3438,871,3438
782,3396,866,3396,866,3454,782,3454
567,3402,745,3402,745,3459,567,3459
1722,3412,1753,3412,1753,3444,1722,3444
1533,3417,1716,3417,1716,3475,1533,3475
1275,3428,1496,3428,1496,3486,1275,3486
1052,3442,1233,3431,1236,3493,1055,3503
876,3454,945,3454,945,3507,876,3507
950,3459,1013,3459,1013,3507,950,3507
698,3470,834,3470,834,3522,698,3522
1493,3481,1710,3468,1714,3527,1497,3540
1758,3470,1842,3470,1842,3528,1758,3528
1884,3486,2010,3486,2010,3533,1884,3533
2059,3480,2242,3503,2234,3563,2051,3541
1323,3496,1454,3496,1454,3559,1323,3559
1013,3512,1155,3512,1155,3575,1013,3575
1191,3512,1281,3512,1281,3559,1191,3559
743,3538,976,3529,978,3592,746,3601
1627,3538,1748,3538,1748,3596,1627,3596
517,3549,702,3539,705,3601,521,3611
1758,3543,1842,3543,1842,3601,1758,3601
1454,3559,1585,3559,1585,3612,1454,3612
1323,3564,1412,3564,1412,3622,1323,3622
962,3595,1279,3567,1284,3628,967,3656
840,3601,950,3601,950,3659,840,3659
656,3612,792,3612,792,3675,656,3675
1450,3634,1578,3618,1586,3685,1458,3700
1286,3648,1412,3648,1412,3706,1286,3706
1107,3654,1239,3654,1239,3711,1107,3711
1142,3934,2104,3900,2107,3982,1145,4016
