1486,71,1756,85,1752,160,1482,146
1170,78,1438,78,1438,147,1170,147
388,144,895,169,891,245,385,219
1328,157,1480,157,1480,236,1328,236
960,162,1065,162,1065,236,960,236
1485,162,1590,162,1590,241,1485,241
1118,168,1275,168,1275,236,1118,236
383,231,493,231,493,304,383,304
541,243,711,252,707,322,538,313
756,252,887,252,887,320,756,320
1118,252,1181,252,1181,315,1118,315
1223,246,1436,258,1432,338,1219,326
1480,252,1695,252,1695,320,1480,320
913,257,1055,257,1055,336,913,336
1748,257,1905,257,1905,325,1748,325
1953,262,2052,262,2052,330,1953,330
2105,262,2320,262,2320,346,2105,346
2373,267,2488,267,2488,351,2373,351
384,317,806,344,801,421,379,394
1071,336,1680,336,1680,414,1071,414
1685,339,2211,348,2210,427,1684,418
803,346,897,346,897,414,803,414
887,346,1055,346,1055,414,887,414
383,412,595,420,592,496,381,488
756,430,887,430,887,498,756,498
887,430,1307,430,1307,498,887,498
1323,441,1512,441,1512,498,1323,498
1533,446,1632,446,1632,498,1533,498
388,502,795,520,792,595,385,577
1065,519,1590,519,1590,593,1065,593
855,540,876,540,876,572,855,572
892,535,1023,535,1023,588,892,588
1632,535,1827,535,1827,588,1632,588
1848,540,1947,540,1947,593,1848,593
1165,687,1317,687,1317,766,1165,766
1580,687,1737,687,1737,766,1580,766
1785,687,1890,687,1890,771,1785,771
1370,698,1533,698,1533,766,1370,766
1422,787,1575,787,1575,845,1422,845
384,923,884,939,881,1020,381,1004
1055,950,1207,950,1207,1023,1055,1023
1207,955,1312,955,1312,1023,1207,1023
2039,951,2288,967,2281,1065,2032,1049
2347,969,2653,980,2650,1058,2344,1047
383,1013,488,1013,488,1092,383,1092
535,1029,645,1029,645,1092,535,1092
745,1029,876,1029,876,1102,745,1102
898,1032,1523,1041,1522,1119,896,1110
383,1113,525,1113,525,1181,383,1181
879,1116,1149,1143,1142,1220,871,1193
1155,1134,1265,1134,1265,1202,1155,1202
850,1144,882,1144,882,1197,850,1197
378,1278,538,1286,535,1356,375,1348
582,1297,743,1281,751,1358,590,1374
1260,1291,1359,1291,1359,1375,1260,1375
1418,1304,1674,1323,1668,1402,1412,1382
2441,1312,2640,1312,2640,1396,2441,1396
2126,1323,2388,1323,2388,1391,2126,1391
388,1459,425,1459,425,1517,388,1517
483,1459,698,1459,698,1533,483,1533
745,1470,876,1470,876,1533,745,1533
876,1470,1060,1470,1060,1538,876,1538
1108,1473,1319,1480,1317,1552,1105,1545
1359,1485,1464,1485,1464,1554,1359,1554
1506,1485,1821,1485,1821,1559,1506,1559
1869,1491,2026,1491,2026,1559,1869,1559
535,1539,878,1548,876,1625,533,1616
897,1554,1212,1554,1212,1627,897,1627
2168,1585,2331,1585,2331,1648,2168,1648
2478,1585,2583,1585,2583,1653,2478,1653
540,1627,640,1627,640,1695,540,1695
641,1623,952,1638,948,1718,637,1703
1459,1653,1664,1653,1664,1727,1459,1727
2226,1664,2315,1664,2315,1727,2226,1727
2325,1664,2635,1664,2635,1742,2325,1742
382,1856,591,1884,579,1973,370,1946
2226,1921,2278,1921,2278,1979,2226,1979
2325,1921,2493,1921,2493,1989,2325,1989
2525,1921,2630,1921,2630,1984,2525,1984
377,1940,590,1968,578,2057,365,2029
735,1958,834,1958,834,2042,735,2042
630,1968,735,1968,735,2037,630,2037
887,1963,1151,1970,1149,2048,885,2042
1197,1968,1407,1968,1407,2052,1197,2052
2373,2000,2635,2000,2635,2073,2373,2073
377,2023,590,2053,578,2142,365,2113
630,2047,834,2047,834,2126,630,2126
2226,2089,2273,2089,2273,2147,2226,2147
2320,2089,2630,2089,2630,2163,2320,2163
378,2131,577,2131,577,2205,378,2205
630,2136,866,2136,866,2210,630,2210
934,2142,1097,2142,1097,2215,934,2215
2220,2173,2273,2173,2273,2231,2220,2231
2320,2173,2630,2173,2630,2247,2320,2247
378,2210,582,2210,582,2289,378,2289
630,2226,787,2226,787,2294,630,2294
887,2231,987,2231,987,2310,887,2310
1044,2231,1191,2231,1191,2294,1044,2294
1244,2236,1501,2236,1501,2304,1244,2304
2362,2257,2478,2257,2478,2331,2362,2331
2478,2262,2619,2262,2619,2336,2478,2336
582,2373,792,2373,792,2451,582,2451
834,2373,1044,2373,1044,2457,834,2457
1097,2378,1296,2378,1296,2457,1097,2457
383,2383,535,2383,535,2451,383,2451
2300,2406,2506,2413,2503,2489,2297,2482
2499,2415,2604,2415,2604,2483,2499,2483
435,2462,640,2462,640,2535,435,2535
2299,2488,2600,2499,2597,2577,2297,2566
582,2619,787,2619,787,2703,582,2703
388,2625,535,2625,535,2698,388,2698
882,2635,1092,2635,1092,2703,882,2703
1144,2635,1344,2635,1344,2709,1144,2709
383,2709,582,2709,582,2782,383,2782
630,2724,782,2724,782,2782,630,2782
2294,2739,2594,2745,2593,2823,2292,2816
383,2882,530,2882,530,2950,383,2950
577,2887,829,2887,829,2955,577,2955
878,2882,1128,2907,1121,2984,871,2959
378,2950,588,2950,588,3029,378,3029
630,2966,834,2966,834,3045,630,3045
882,2971,1123,2971,1123,3039,882,3039
1344,2976,1485,2976,1485,3055,1344,3055
1286,2979,1343,2983,1333,3111,1277,3106
483,3034,593,3034,593,3113,483,3113
383,3039,483,3039,483,3113,383,3113
630,3050,824,3050,824,3113,630,3113
883,3041,1128,3066,1121,3141,876,3117
383,3113,593,3113,593,3192,383,3192
635,3129,735,3129,735,3192,635,3192
782,3129,855,3129,855,3186,782,3186
1480,3134,1580,3134,1580,3202,1480,3202
861,3136,1015,3144,1012,3206,858,3197
1380,3139,1438,3139,1438,3197,1380,3197
1968,3276,2168,3276,2168,3354,1968,3354
446,3281,635,3281,635,3339,446,3339
887,3281,976,3281,976,3344,887,3344
1233,3281,1375,3281,1375,3349,1233,3349
682,3286,777,3286,777,3354,682,3354
782,3286,855,3286,855,3339,782,3339
1428,3286,1527,3286,1527,3349,1428,3349
1580,3286,1732,3286,1732,3370,1580,3370
1779,3286,1921,3286,1921,3365,1779,3365
1034,3291,1181,3291,1181,3354,1034,3354
588,3354,740,3354,740,3423,588,3423
782,3354,861,3354,861,3423,782,3423
981,3360,1186,3360,1186,3428,981,3428
861,3365,934,3365,934,3417,861,3417
1233,3363,1487,3370,1485,3445,1231,3438
1527,3370,1779,3370,1779,3449,1527,3449
393,3433,593,3433,593,3501,393,3501
930,3429,1095,3436,1091,3514,926,3506
640,3436,868,3448,864,3523,636,3511
1475,3444,1732,3444,1732,3517,1475,3517
1774,3449,1874,3449,1874,3517,1774,3517
2117,3445,2319,3460,2314,3536,2111,3521
1134,3454,1228,3454,1228,3507,1134,3507
1281,3454,1433,3454,1433,3528,1281,3528
1921,3459,2063,3459,2063,3512,1921,3512
540,3517,682,3517,682,3596,540,3596
735,3522,866,3522,866,3591,735,3591
861,3522,1233,3522,1233,3596,861,3596
1275,3528,1380,3528,1380,3596,1275,3596
1423,3530,1572,3539,1569,3600,1420,3592
1622,3533,1769,3533,1769,3601,1622,3601
1774,3533,1874,3533,1874,3612,1774,3612
1025,3607,1181,3623,1173,3699,1017,3682
1422,3612,1569,3612,1569,3690,1422,3690
1228,3617,1380,3617,1380,3696,1228,3696
1055,3948,2152,3948,2152,4016,1055,4016
