803,378,1727,378,1727,588,803,588
1480,572,1701,572,1701,630,1480,630
1701,572,1869,572,1869,624,1701,624
1191,577,1312,577,1312,624,1191,624
1317,577,1480,577,1480,630,1317,630
530,735,703,735,703,798,530,798
908,740,1002,740,1002,808,908,808
724,745,897,745,897,808,724,808
1018,745,1165,745,1165,813,1018,813
1181,743,1368,753,1364,823,1177,813
1391,750,1496,750,1496,819,1391,819
1517,750,1664,750,1664,819,1517,819
1674,750,1863,750,1863,824,1674,824
1890,750,1937,750,1937,808,1890,808
1969,744,2141,757,2136,832,1964,820
557,811,743,821,739,892,553,881
756,819,887,819,887,887,756,887
897,819,950,819,950,882,897,882
981,824,1170,824,1170,892,981,892
1176,824,1228,824,1228,887,1176,887
1265,824,1359,824,1359,892,1265,892
1380,824,1485,824,1485,892,1380,892
1496,824,1617,824,1617,892,1496,892
1632,829,1790,829,1790,897,1632,897
1800,829,1937,829,1937,903,1800,903
1947,829,2105,829,2105,897,1947,897
997,897,1134,897,1134,966,997,966
1134,897,1659,897,1659,971,1134,971
798,1092,1018,1092,1018,1197,798,1197
1307,1097,1522,1097,1522,1202,1307,1202
1040,1103,1282,1110,1280,1203,1037,1196
1548,1107,1842,1107,1842,1207,1548,1207
425,1344,609,1344,609,1428,425,1428
624,1344,792,1344,792,1417,624,1417
824,1349,1223,1349,1223,1422,824,1422
1233,1354,1433,1354,1433,1422,1233,1422
1569,1354,1785,1354,1785,1443,1569,1443
1952,1359,2220,1359,2220,1433,1952,1433
619,1464,976,1464,976,1543,619,1543
420,1470,556,1470,556,1543,420,1543
976,1475,1013,1475,1013,1533,976,1533
1008,1470,1281,1470,1281,1543,1008,1543
1569,1470,1816,1470,1816,1543,1569,1543
1869,1475,2142,1475,2142,1548,1869,1548
2136,1480,2220,1480,2220,1548,2136,1548
409,1659,546,1659,546,1743,409,1743
564,1648,764,1670,754,1757,554,1735
1979,1659,2220,1659,2220,1743,1979,1743
1044,1664,1212,1664,1212,1737,1044,1737
1214,1677,1341,1659,1353,1741,1226,1759
1606,1664,1706,1664,1706,1737,1606,1737
404,1800,792,1800,792,1879,404,1879
1062,1792,1255,1808,1247,1898,1055,1883
804,1796,1059,1812,1054,1897,799,1881
398,1900,981,1900,981,1979,398,1979
1202,1900,1344,1900,1344,1979,1202,1979
1097,1905,1212,1905,1212,1979,1097,1979
1974,1905,2079,1905,2079,1979,1974,1979
2084,1911,2220,1911,2220,1979,2084,1979
393,2084,640,2084,640,2189,393,2189
880,2088,1196,2082,1198,2183,882,2190
661,2089,861,2089,861,2189,661,2189
1979,2110,2089,2110,2089,2189,1979,2189
2084,2110,2226,2110,2226,2184,2084,2184
609,2231,924,2231,924,2336,609,2336
399,2236,593,2236,593,2336,399,2336
938,2246,1111,2232,1119,2325,946,2340
1979,2257,2089,2257,2089,2336,1979,2336
2084,2257,2220,2257,2220,2331,2084,2331
404,2388,556,2388,556,2472,404,2472
567,2399,703,2399,703,2478,567,2478
1974,2399,2073,2399,2073,2478,1974,2478
2084,2404,2220,2404,2220,2478,2084,2478
404,2546,598,2546,598,2640,404,2640
619,2556,787,2556,787,2640,619,2640
813,2562,950,2562,950,2646,813,2646
1224,2729,1385,2705,1398,2795,1237,2819
1401,2719,1554,2719,1554,2798,1401,2798
813,2724,966,2724,966,2798,813,2798
981,2724,1076,2724,1076,2798,981,2798
1086,2724,1228,2724,1228,2798,1086,2798
1564,2724,1816,2724,1816,2808,1564,2808
430,2987,525,2987,525,3060,430,3060
714,2987,903,2987,903,3066,714,3066
535,2997,708,2997,708,3066,535,3066
1569,2997,1921,2997,1921,3071,1569,3071
1921,3008,1953,3008,1953,3060,1921,3060
1952,3002,2220,3002,2220,3071,1952,3071
950,3160,1107,3160,1107,3234,950,3234
803,3165,934,3165,934,3234,803,3234
1123,3165,1265,3165,1265,3239,1123,3239
1281,3171,1422,3171,1422,3234,1281,3234
1444,3170,1641,3182,1637,3252,1440,3240
1659,3176,1837,3176,1837,3249,1659,3249
556,3249,687,3249,687,3312,556,3312
703,3255,955,3255,955,3312,703,3312
976,3255,1097,3255,1097,3312,976,3312
1118,3255,1212,3255,1212,3312,1118,3312
1228,3255,1475,3255,1475,3318,1228,3318
1496,3255,1706,3255,1706,3318,1496,3318
1953,3256,2092,3266,2088,3331,1949,3322
1727,3265,1932,3265,1932,3318,1727,3318
593,3407,777,3407,777,3480,593,3480
934,3407,1107,3407,1107,3480,934,3480
1128,3407,1412,3407,1412,3480,1128,3480
1748,3407,1921,3407,1921,3475,1748,3475
1438,3412,1533,3412,1533,3470,1438,3470
1937,3412,2063,3412,2063,3480,1937,3480
792,3417,918,3417,918,3480,792,3480
1559,3417,1727,3417,1727,3475,1559,3475
1111,3492,1421,3482,1423,3545,1113,3554
1417,3486,1617,3486,1617,3543,1417,3543
1637,3485,1905,3485,1905,3543,1637,3543
735,3486,957,3494,955,3551,733,3543
981,3491,1107,3491,1107,3549,981,3549
1239,3559,1485,3559,1485,3612,1239,3612
1496,3559,1569,3559,1569,3606,1496,3606
1086,3564,1228,3564,1228,3606,1086,3606
