803,84,1748,84,1748,304,803,304
1323,283,1491,283,1491,341,1323,341
1496,283,1716,283,1716,346,1496,346
1716,283,1890,283,1890,346,1716,346
1197,288,1323,288,1323,341,1197,341
1990,469,2163,484,2156,565,1983,550
918,477,1008,477,1008,551,918,551
1023,477,1176,477,1176,551,1023,551
1191,477,1380,477,1380,551,1191,551
1401,477,1501,477,1501,551,1401,551
1527,477,1674,477,1674,551,1527,551
1690,477,1884,477,1884,556,1690,556
1905,477,1958,477,1958,535,1905,535
540,483,724,483,724,551,540,551
735,483,908,483,908,551,735,551
1391,551,1496,551,1496,630,1391,630
1275,556,1370,556,1370,630,1275,630
1811,556,1953,556,1953,630,1811,630
1963,556,2126,556,2126,630,1963,630
766,561,897,561,897,635,766,635
908,561,960,561,960,624,908,624
992,561,1181,561,1181,635,992,635
1186,561,1239,561,1239,624,1186,624
1506,561,1632,561,1632,630,1506,630
1643,561,1806,561,1806,630,1643,630
572,567,756,567,756,635,572,635
1017,638,1669,631,1670,713,1018,720
821,858,1038,851,1041,960,825,967
1317,855,1533,855,1533,960,1317,960
1559,855,1853,855,1853,960,1559,960
1065,866,1296,866,1296,966,1065,966
472,1118,656,1118,656,1202,472,1202
1575,1118,1790,1118,1790,1212,1575,1212
666,1123,829,1123,829,1191,666,1191
861,1123,1244,1123,1244,1197,861,1197
1953,1123,2215,1123,2215,1197,1953,1197
1260,1128,1370,1128,1370,1197,1260,1197
1359,1128,1443,1128,1443,1197,1359,1197
666,1239,1013,1239,1013,1317,666,1317
472,1244,609,1244,609,1317,472,1317
1044,1244,1296,1244,1296,1317,1044,1317
1580,1244,1816,1244,1816,1317,1580,1317
1869,1244,2215,1244,2215,1317,1869,1317
1013,1254,1039,1254,1039,1307,1013,1307
472,1428,603,1428,603,1506,472,1506
2037,1428,2205,1428,2205,1506,2037,1506
622,1422,815,1445,806,1522,612,1499
1078,1429,1243,1443,1237,1519,1071,1505
1240,1451,1362,1433,1373,1511,1251,1529
1617,1438,1706,1438,1706,1512,1617,1512
1974,1438,2042,1438,2042,1501,1974,1501
467,1564,651,1564,651,1638,467,1638
666,1569,887,1569,887,1643,666,1643
903,1568,1109,1575,1107,1652,900,1645
1239,1575,1370,1575,1370,1648,1239,1648
1380,1575,1475,1575,1475,1648,1380,1648
1496,1575,1653,1575,1653,1648,1496,1648
1113,1580,1228,1580,1228,1638,1113,1638
1659,1580,1790,1580,1790,1653,1659,1653
1779,1580,1900,1580,1900,1664,1779,1664
467,1659,603,1659,603,1732,467,1732
598,1659,1023,1659,1023,1732,598,1732
1134,1664,1244,1664,1244,1743,1134,1743
1228,1664,1365,1664,1365,1737,1228,1737
2003,1669,2199,1662,2201,1738,2006,1745
1585,1669,1732,1669,1732,1737,1585,1737
666,1785,787,1785,787,1863,666,1863
472,1795,656,1795,656,1863,472,1863
803,1793,1015,1800,1012,1872,801,1865
1023,1795,1165,1795,1165,1869,1023,1869
1344,1794,1613,1802,1611,1889,1341,1882
1170,1800,1338,1800,1338,1869,1170,1869
1617,1800,1811,1800,1811,1879,1617,1879
472,1879,819,1879,819,1953,472,1953
813,1884,1029,1884,1029,1953,813,1953
1170,1884,1223,1884,1223,1953,1170,1953
1233,1884,1365,1884,1365,1958,1233,1958
2000,1890,2052,1890,2052,1953,2000,1953
2058,1890,2194,1890,2194,1958,2058,1958
472,2058,708,2058,708,2152,472,2152
939,2063,1228,2063,1228,2152,939,2152
729,2068,918,2068,918,2152,729,2152
1958,2084,2063,2084,2063,2152,1958,2152
2058,2084,2194,2084,2194,2157,2058,2157
682,2199,976,2199,976,2294,682,2294
997,2205,1155,2205,1155,2289,997,2289
472,2210,661,2210,661,2294,472,2294
1958,2219,2196,2226,2194,2304,1956,2297
477,2346,624,2346,624,2425,477,2425
635,2352,766,2352,766,2425,635,2425
1963,2357,2052,2357,2052,2430,1963,2430
2058,2362,2194,2362,2194,2436,2058,2436
687,2493,845,2493,845,2583,687,2583
477,2499,666,2499,666,2588,477,2588
871,2504,997,2504,997,2583,871,2583
2063,2520,2194,2520,2194,2593,2063,2593
1265,2651,1407,2651,1407,2740,1265,2740
1029,2656,1113,2656,1113,2730,1029,2730
1596,2653,1809,2662,1805,2741,1593,2733
892,2661,1013,2661,1013,2730,892,2730
1128,2661,1254,2661,1254,2730,1128,2730
1417,2661,1548,2661,1548,2724,1417,2724
758,2923,944,2915,947,2996,762,3004
1571,2916,1915,2938,1910,3018,1566,2997
483,2929,572,2929,572,3008,483,3008
588,2940,756,2940,756,3008,588,3008
1906,2940,2204,2958,2199,3036,1901,3018
1149,3097,1286,3097,1286,3171,1149,3171
840,3102,971,3102,971,3176,840,3176
1302,3102,1443,3102,1443,3171,1302,3171
1455,3105,1647,3119,1641,3200,1449,3186
1659,3118,1837,3118,1837,3202,1659,3202
732,3207,991,3198,994,3275,735,3284
1501,3207,1716,3207,1716,3281,1501,3281
593,3213,724,3213,724,3286,593,3286
1727,3224,1935,3234,1931,3304,1724,3293
1952,3225,2095,3252,2080,3330,1937,3303
1202,3307,1437,3354,1417,3453,1182,3406
1637,3333,1863,3408,1838,3482,1613,3407
614,3391,798,3391,798,3470,614,3470
808,3396,945,3396,945,3465,808,3465
1167,3412,1311,3433,1299,3511,1156,3490
1881,3419,2149,3515,2121,3592,1853,3496
1313,3451,1414,3484,1394,3544,1293,3511
745,3480,918,3480,918,3554,745,3554
1124,3525,1411,3579,1382,3730,1096,3676
1102,3664,1191,3664,1191,3727,1102,3727
1593,3625,2056,3810,1983,3992,1520,3807
1209,3673,1330,3714,1311,3772,1190,3732
1172,3771,1404,3840,1381,3918,1149,3849
1405,3846,1565,3899,1539,3976,1380,3923
1711,3874,1821,3874,1821,3953,1711,3953
819,3890,861,3890,861,3927,819,3927
876,3895,929,3895,929,3937,876,3937
945,3916,992,3916,992,3953,945,3953
1835,3901,2021,3963,2001,4023,1815,3961
1559,3921,1659,3921,1659,4005,1559,4005
1685,3969,1848,3969,1848,4026,1685,4026
1510,3973,1570,3993,1562,4015,1503,3995
