523,333,1003,333,1003,443,523,443
956,430,980,430,980,450,956,450
1080,510,1106,510,1106,543,1080,543
1120,508,1211,513,1209,547,1118,543
970,513,1066,513,1066,546,970,546
823,516,873,516,873,550,823,550
886,516,963,516,963,550,886,550
716,520,813,520,813,556,716,556
486,526,576,526,576,563,486,563
580,526,630,526,630,563,580,563
633,526,710,526,710,560,633,560
390,533,480,533,480,570,390,570
820,553,873,553,873,593,820,593
1036,553,1106,553,1106,586,1036,586
1110,553,1193,553,1193,583,1110,583
880,556,940,556,940,590,880,590
946,556,1030,556,1030,590,946,590
760,560,810,560,810,593,760,593
716,563,743,563,743,596,716,596
620,566,713,566,713,603,620,603
506,570,573,570,573,606,506,606
583,573,603,573,603,603,583,603
403,576,500,576,500,610,403,610
854,599,962,593,965,632,856,637
696,600,856,600,856,640,696,640
630,606,700,606,700,643,630,643
907,708,1059,702,1061,757,910,764
790,713,900,713,900,766,790,766
543,723,650,723,650,776,543,776
660,730,779,720,782,766,664,775
1112,830,1246,825,1247,863,1113,868
920,836,1030,836,1030,880,920,880
806,843,853,843,853,876,806,876
559,850,749,845,750,883,560,887
760,846,806,846,806,880,760,880
366,856,460,856,460,900,366,900
463,856,546,856,546,890,463,890
1068,892,1249,885,1251,923,1070,929
923,896,1046,896,1046,933,923,933
462,916,776,903,778,941,463,954
370,920,436,920,436,956,370,956
1125,982,1246,978,1247,1019,1127,1024
943,993,990,993,990,1030,943,1030
670,1003,750,1003,750,1040,670,1040
753,1003,813,1003,813,1043,753,1043
443,1011,537,1016,536,1051,441,1046
370,1016,436,1016,436,1050,370,1050
960,1060,1026,1060,1026,1096,960,1096
870,1063,953,1063,953,1100,870,1100
853,1070,873,1070,873,1100,853,1100
653,1070,736,1070,736,1106,653,1106
522,1076,646,1072,647,1108,523,1112
740,1073,766,1073,766,1103,740,1103
770,1073,840,1073,840,1103,770,1103
366,1076,516,1076,516,1113,366,1113
1180,1100,1250,1100,1250,1136,1180,1136
1126,1103,1173,1103,1173,1140,1126,1140
746,1113,813,1113,813,1150,746,1150
696,1116,743,1116,743,1150,696,1150
363,1120,640,1120,640,1156,363,1156
1180,1203,1252,1198,1255,1236,1183,1241
1126,1203,1176,1203,1176,1240,1126,1240
624,1213,749,1207,751,1253,627,1259
356,1213,476,1213,476,1256,356,1256
486,1213,583,1213,583,1256,486,1256
593,1216,623,1216,623,1253,593,1253
453,1274,614,1278,613,1327,452,1323
1130,1276,1183,1276,1183,1316,1130,1316
1183,1276,1253,1276,1253,1313,1183,1313
346,1280,446,1280,446,1323,346,1323
620,1280,703,1280,703,1320,620,1320
1186,1346,1260,1346,1260,1386,1186,1386
340,1350,416,1350,416,1386,340,1386
1130,1350,1180,1350,1180,1386,1130,1386
423,1353,493,1353,493,1386,423,1386
330,1430,433,1430,433,1473,330,1473
443,1430,530,1430,530,1470,443,1470
540,1430,616,1430,616,1473,540,1473
1190,1430,1260,1430,1260,1466,1190,1466
756,1510,836,1510,836,1560,756,1560
840,1510,920,1510,920,1550,840,1550
533,1513,616,1513,616,1550,533,1550
926,1510,1057,1514,1056,1553,925,1549
623,1516,670,1516,670,1550,623,1550
680,1516,750,1516,750,1550,680,1550
310,1660,363,1660,363,1706,310,1706
466,1660,570,1660,570,1706,466,1706
930,1663,1276,1663,1276,1706,930,1706
366,1666,460,1666,460,1703,366,1703
581,1769,672,1764,674,1809,583,1814
503,1770,580,1770,580,1813,503,1813
680,1770,763,1770,763,1816,680,1816
770,1773,853,1773,853,1813,770,1813
860,1772,971,1776,969,1824,858,1819
976,1773,1080,1773,1080,1823,976,1823
364,1825,439,1830,436,1871,361,1866
443,1829,587,1833,586,1872,442,1868
676,1830,733,1830,733,1873,676,1873
736,1830,876,1830,876,1870,736,1870
886,1830,1006,1830,1006,1870,886,1870
594,1837,666,1831,669,1865,597,1871
1144,1829,1228,1840,1222,1886,1138,1875
1016,1836,1136,1836,1136,1870,1016,1870
366,1940,476,1940,476,1990,366,1990
559,1947,665,1937,669,1986,564,1996
676,1943,840,1943,840,1989,676,1989
480,1946,556,1946,556,1990,480,1990
850,1946,913,1946,913,1990,850,1990
923,1946,1026,1946,1026,1993,923,1993
1033,1946,1136,1946,1136,1990,1033,1990
1143,1950,1216,1950,1216,1993,1143,1993
440,2000,570,2004,569,2044,438,2039
586,2003,846,2003,846,2046,586,2046
840,2003,943,2003,943,2046,840,2046
943,2010,960,2010,960,2043,943,2043
973,2006,1133,2006,1133,2050,973,2050
640,2060,730,2060,730,2090,640,2090
730,2059,880,2059,880,2093,730,2093
886,2060,933,2060,933,2093,886,2093
