829,126,1701,126,1701,315,829,315
1669,278,1832,278,1832,330,1669,330
1462,294,1674,281,1676,330,1465,343
1312,294,1464,294,1464,341,1312,341
1197,304,1307,304,1307,341,1197,341
1932,415,2092,425,2088,485,1928,475
1853,425,1900,425,1900,477,1853,477
1653,430,1827,430,1827,488,1653,488
1496,435,1632,435,1632,493,1496,493
1380,441,1464,441,1464,493,1380,493
1181,446,1354,446,1354,504,1181,504
934,456,1013,456,1013,514,934,514
1029,456,1165,456,1165,509,1029,509
577,462,708,462,708,519,577,519
761,462,918,462,918,519,761,519
714,483,740,483,740,514,714,514
1911,488,2063,488,2063,546,1911,546
1769,493,1895,493,1895,551,1769,551
1370,498,1470,498,1470,567,1370,567
1606,498,1758,498,1758,551,1606,551
1480,504,1590,504,1590,556,1480,556
1260,509,1344,509,1344,567,1260,567
997,519,1165,519,1165,577,997,577
1181,519,1228,519,1228,572,1181,572
918,530,960,530,960,582,918,582
598,535,771,535,771,588,598,588
787,535,908,535,908,588,787,588
1137,579,1600,562,1602,625,1139,641
1601,572,1632,572,1632,619,1601,619
1010,588,1138,580,1142,639,1014,647
1525,742,1815,735,1818,834,1528,841
1302,745,1506,745,1506,850,1302,850
1058,782,1275,775,1278,855,1061,862
829,782,1029,782,1029,866,829,866
1921,971,2178,971,2178,1044,1921,1044
1548,976,1764,976,1764,1060,1548,1060
1328,987,1422,987,1422,1055,1328,1055
853,1001,1222,991,1224,1061,855,1072
1228,992,1323,992,1323,1055,1228,1055
483,1008,656,1008,656,1086,483,1086
664,1010,818,1003,821,1065,667,1072
1841,1083,2183,1076,2185,1154,1842,1161
1554,1086,1790,1086,1790,1160,1554,1160
987,1102,1275,1102,1275,1176,987,1176
654,1113,997,1104,998,1178,656,1187
472,1123,603,1123,603,1191,472,1191
1947,1260,2184,1260,2184,1338,1947,1338
1590,1275,1685,1275,1685,1344,1590,1344
1055,1281,1212,1281,1212,1354,1055,1354
1214,1294,1336,1275,1348,1352,1226,1370
462,1291,593,1291,593,1365,462,1365
604,1285,791,1297,786,1373,599,1361
1178,1411,1343,1404,1346,1480,1181,1487
1349,1407,1559,1407,1559,1480,1349,1480
1569,1407,1800,1407,1800,1480,1569,1480
451,1417,824,1417,824,1491,451,1491
845,1417,1039,1417,1039,1485,845,1485
1044,1417,1170,1417,1170,1485,1044,1485
1953,1496,2063,1496,2063,1564,1953,1564
2058,1496,2189,1496,2189,1564,2058,1564
445,1504,997,1496,998,1574,446,1582
1144,1501,1338,1501,1338,1575,1144,1575
1627,1506,1659,1506,1659,1564,1627,1564
1359,1632,1496,1632,1496,1706,1359,1706
1596,1632,1732,1632,1732,1701,1596,1701
446,1638,672,1638,672,1711,446,1711
666,1638,714,1638,714,1706,666,1706
740,1638,934,1638,934,1711,740,1711
940,1633,1096,1644,1091,1724,935,1713
1223,1638,1354,1638,1354,1706,1223,1706
1097,1643,1212,1643,1212,1711,1097,1711
1506,1643,1585,1643,1585,1706,1506,1706
1953,1716,2047,1716,2047,1790,1953,1790
2052,1716,2189,1716,2189,1785,2052,1785
441,1722,619,1722,619,1800,441,1800
651,1722,745,1722,745,1795,651,1795
777,1722,997,1722,997,1795,777,1795
1202,1722,1338,1722,1338,1795,1202,1795
1627,1727,1664,1727,1664,1785,1627,1785
619,1732,651,1732,651,1790,619,1790
745,1732,777,1732,777,1790,745,1790
1144,1727,1191,1727,1191,1790,1144,1790
1517,1848,1853,1848,1853,1926,1517,1926
1207,1853,1344,1853,1344,1932,1207,1932
1396,1853,1512,1853,1512,1926,1396,1926
440,1858,671,1858,671,1931,440,1931
687,1858,787,1858,787,1932,687,1932
1029,1858,1197,1858,1197,1932,1029,1932
798,1869,829,1869,829,1921,798,1921
829,1863,945,1863,945,1937,829,1937
955,1863,1018,1863,1018,1932,955,1932
777,1942,992,1942,992,2021,777,2021
1207,1942,1344,1942,1344,2021,1207,2021
1958,1942,2052,1942,2052,2016,1958,2016
2058,1942,2194,1942,2194,2016,2058,2016
435,1947,740,1947,740,2026,435,2026
1144,1947,1197,1947,1197,2016,1144,2016
1622,1947,1664,1947,1664,2010,1622,2010
735,1953,777,1953,777,2016,735,2016
554,2088,744,2081,747,2157,556,2164
750,2084,824,2084,824,2157,750,2157
834,2084,976,2084,976,2163,834,2163
992,2084,1181,2084,1181,2157,992,2157
1186,2084,1317,2084,1317,2168,1186,2168
1328,2084,1417,2084,1417,2152,1328,2152
430,2089,546,2089,546,2163,430,2163
2063,2168,2199,2168,2199,2241,2063,2241
429,2174,991,2167,993,2251,430,2258
1212,2173,1344,2173,1344,2247,1212,2247
2000,2173,2052,2173,2052,2236,2000,2236
1611,2178,1685,2178,1685,2236,1611,2236
900,2368,1201,2359,1204,2451,903,2460
1958,2367,2058,2367,2058,2446,1958,2446
2063,2367,2199,2367,2199,2446,2063,2446
430,2373,666,2373,666,2462,430,2462
687,2373,876,2373,876,2457,687,2457
960,2499,1128,2499,1128,2598,960,2598
635,2504,939,2504,939,2604,635,2604
1958,2514,2199,2514,2199,2593,1958,2593
425,2514,619,2514,619,2604,425,2604
2047,2651,2205,2651,2205,2730,2047,2730
435,2656,582,2656,582,2735,435,2735
1958,2656,2063,2656,2063,2730,1958,2730
593,2661,729,2661,729,2740,593,2740
435,2808,624,2808,624,2903,435,2903
641,2825,810,2811,817,2893,648,2907
834,2819,966,2819,966,2903,834,2903
1401,2966,1554,2966,1554,3050,1401,3050
1244,2971,1396,2971,1396,3071,1244,3071
1564,2976,1811,2976,1811,3055,1564,3055
831,2986,985,2978,989,3055,835,3062
997,2982,1092,2982,1092,3055,997,3055
1102,2987,1233,2987,1233,3055,1102,3055
1569,3234,1916,3234,1916,3307,1569,3307
1942,3234,2199,3234,2199,3302,1942,3302
456,3239,551,3239,551,3312,456,3312
740,3239,924,3239,924,3312,740,3312
1916,3244,1942,3244,1942,3297,1916,3297
561,3244,729,3244,729,3312,561,3312
824,3402,955,3402,955,3470,824,3470
966,3402,1118,3402,1118,3465,966,3465
1139,3407,1270,3407,1270,3465,1139,3465
1291,3407,1438,3407,1438,3470,1291,3470
1449,3406,1634,3412,1632,3476,1447,3470
1656,3412,1831,3403,1835,3475,1660,3485
1949,3476,2085,3491,2077,3558,1941,3542
582,3486,708,3486,708,3549,582,3549
727,3491,975,3482,977,3544,730,3553
1134,3486,1223,3486,1223,3543,1134,3543
1496,3486,1706,3486,1706,3543,1496,3543
997,3491,1113,3491,1113,3549,997,3549
1239,3491,1480,3491,1480,3543,1239,3543
1727,3491,1926,3491,1926,3543,1727,3543
624,3638,798,3638,798,3706,624,3706
955,3638,1123,3638,1123,3706,955,3706
1144,3638,1422,3638,1422,3706,1144,3706
1438,3638,1533,3638,1533,3696,1438,3696
1748,3638,1916,3638,1916,3706,1748,3706
813,3643,934,3643,934,3701,813,3701
1564,3643,1727,3643,1727,3701,1564,3701
1937,3643,2047,3643,2047,3701,1937,3701
1002,3711,1128,3711,1128,3769,1002,3769
1128,3711,1428,3711,1428,3769,1128,3769
1421,3713,1621,3706,1623,3764,1423,3770
756,3717,971,3717,971,3769,756,3769
1643,3716,1921,3716,1921,3764,1643,3764
1248,3780,1490,3774,1492,3825,1249,3831
1101,3789,1243,3781,1245,3821,1103,3829
1501,3780,1575,3780,1575,3822,1501,3822
