782,309,1753,309,1753,525,782,525
1323,504,1491,504,1491,556,1323,556
1490,503,1721,503,1721,556,1490,556
1181,509,1312,509,1312,561,1181,561
1727,509,1900,509,1900,561,1727,561
1396,682,1501,682,1501,756,1396,756
1527,682,1685,682,1685,750,1527,750
1701,682,1916,682,1916,761,1701,761
1926,682,1984,682,1984,745,1926,745
2017,679,2199,693,2193,769,2011,755
687,687,871,687,871,761,687,761
997,687,1155,687,1155,761,997,761
1170,687,1370,687,1370,761,1170,761
483,693,677,693,677,761,483,761
887,693,981,693,981,761,887,761
1386,761,1496,761,1496,834,1386,834
1506,761,1638,761,1638,834,1506,834
1653,761,1821,761,1821,829,1653,829
1832,761,1984,761,1984,834,1832,834
960,766,1155,766,1155,845,960,845
1170,766,1212,766,1212,829,1170,829
1260,766,1359,766,1359,834,1260,834
1995,766,2163,766,2163,834,1995,834
719,771,861,771,861,845,719,845
509,777,703,777,703,845,509,845
871,777,924,777,924,834,871,834
980,847,1679,839,1680,917,981,925
766,1055,997,1055,997,1165,766,1165
1304,1058,1531,1051,1535,1159,1308,1167
1564,1055,1884,1055,1884,1160,1564,1160
1023,1071,1275,1071,1275,1165,1023,1165
2004,1321,2293,1314,2295,1396,2005,1402
1580,1317,1816,1317,1816,1417,1580,1417
798,1328,1218,1328,1218,1407,798,1407
1239,1328,1438,1328,1438,1407,1239,1407
372,1328,572,1328,572,1422,372,1422
588,1333,766,1333,766,1407,588,1407
1590,1454,1853,1454,1853,1538,1590,1538
1909,1456,2293,1449,2295,1532,1911,1539
582,1459,960,1459,960,1543,582,1543
955,1464,1275,1464,1275,1543,955,1543
372,1470,519,1470,519,1548,372,1548
2026,1664,2283,1664,2283,1748,2026,1748
372,1669,519,1669,519,1764,372,1764
1039,1674,1212,1674,1212,1753,1039,1753
1223,1674,1349,1674,1349,1769,1223,1769
1632,1674,1732,1674,1732,1748,1632,1748
536,1672,740,1688,733,1772,530,1757
551,1821,724,1821,724,1905,551,1905
866,1821,981,1821,981,1900,866,1900
989,1807,1192,1827,1183,1921,980,1900
378,1827,530,1827,530,1916,378,1916
740,1832,855,1832,855,1916,740,1916
1207,1921,1349,1921,1349,2000,1207,2000
1979,1921,2147,1921,2147,2005,1979,2005
2136,1921,2283,1921,2283,2000,2136,2000
378,1926,976,1926,976,2005,378,2005
1055,1926,1202,1926,1202,2005,1055,2005
873,2124,1201,2111,1205,2215,878,2228
378,2126,630,2126,630,2220,378,2220
651,2126,855,2126,855,2220,651,2220
1979,2136,2283,2136,2283,2220,1979,2220
601,2276,923,2269,925,2372,604,2379
945,2273,1123,2273,1123,2373,945,2373
378,2278,582,2278,582,2378,378,2378
1979,2289,2147,2289,2147,2373,1979,2373
2136,2294,2283,2294,2283,2367,2136,2367
388,2436,546,2436,546,2520,388,2520
556,2441,698,2441,698,2525,556,2525
1984,2446,2131,2446,2131,2525,1984,2525
2136,2446,2283,2446,2283,2520,2136,2520
388,2598,588,2598,588,2698,388,2698
605,2604,785,2596,789,2692,609,2700
803,2609,950,2609,950,2703,803,2703
1244,2772,1412,2772,1412,2877,1244,2877
1422,2777,1580,2777,1580,2861,1422,2861
1590,2782,1858,2782,1858,2866,1590,2866
840,2787,971,2787,971,2861,840,2861
987,2787,1081,2787,1081,2861,987,2861
1097,2787,1239,2787,1239,2861,1097,2861
819,2798,845,2798,845,2861,819,2861
414,3060,514,3060,514,3139,414,3139
708,3066,903,3066,903,3150,708,3150
525,3071,698,3071,698,3144,525,3144
1601,3076,1968,3076,1968,3155,1601,3155
1968,3081,2289,3081,2289,3160,1968,3160
950,3249,1118,3249,1118,3333,950,3333
803,3255,934,3255,934,3328,803,3328
1134,3260,1275,3260,1275,3339,1134,3339
1302,3265,1454,3265,1454,3339,1302,3339
1470,3269,1676,3276,1673,3361,1467,3354
1695,3270,1890,3270,1890,3360,1695,3360
546,3344,682,3344,682,3417,546,3417
693,3350,962,3356,960,3429,691,3422
981,3365,1107,3365,1107,3423,981,3423
1128,3365,1228,3365,1228,3433,1128,3433
1244,3365,1506,3365,1506,3438,1244,3438
1522,3365,1753,3365,1753,3438,1522,3438
2017,3370,2164,3386,2156,3458,2009,3442
1774,3381,1995,3381,1995,3444,1774,3444
582,3522,766,3522,766,3606,582,3606
932,3544,1112,3536,1115,3614,935,3622
782,3543,918,3543,918,3612,782,3612
1139,3543,1438,3543,1438,3622,1139,3622
1459,3549,1569,3549,1569,3622,1459,3622
1800,3554,1995,3554,1995,3633,1800,3633
1601,3559,1779,3559,1779,3633,1601,3633
2000,3564,2136,3564,2136,3633,2000,3633
719,3627,950,3627,950,3690,719,3690
987,3633,1123,3633,1123,3696,987,3696
1118,3629,1450,3639,1448,3709,1116,3699
1443,3638,1632,3638,1632,3706,1443,3706
1680,3643,1974,3643,1974,3711,1680,3711
1627,3654,1659,3654,1659,3701,1627,3701
1092,3717,1244,3717,1244,3764,1092,3764
1254,3716,1517,3716,1517,3769,1254,3769
1527,3722,1611,3722,1611,3769,1527,3769
