783,313,1713,323,1711,554,780,544
1176,551,1296,551,1296,603,1176,603
1302,556,1459,556,1459,609,1302,609
1459,556,1674,556,1674,614,1459,614
1671,562,1842,552,1845,608,1675,618
519,708,698,708,698,771,519,771
719,714,892,714,892,787,719,787
903,719,992,719,992,792,903,792
1013,724,1155,724,1155,798,1013,798
1172,725,1356,746,1347,822,1163,801
1938,729,2108,741,2103,816,1932,804
1370,740,1464,740,1464,808,1370,808
1496,740,1638,740,1638,808,1496,808
1653,740,1837,740,1837,813,1653,813
1858,740,1911,740,1911,798,1858,798
551,792,740,792,740,861,551,861
750,792,882,792,882,866,750,866
892,798,945,798,945,861,892,861
977,800,1164,811,1159,886,972,875
1365,808,1464,808,1464,887,1365,887
1165,813,1218,813,1218,876,1165,876
1249,813,1344,813,1344,887,1249,887
1769,813,1905,813,1905,892,1769,892
1916,813,2073,813,2073,887,1916,887
1475,819,1596,819,1596,887,1475,887
1606,819,1764,819,1764,887,1606,887
997,884,1602,898,1600,978,996,964
1601,908,1627,908,1627,960,1601,960
808,1092,1023,1092,1023,1197,808,1197
1296,1102,1501,1102,1501,1207,1296,1207
1045,1105,1278,1113,1274,1209,1042,1201
1520,1109,1805,1103,1807,1207,1523,1214
456,1338,640,1338,640,1422,456,1422
651,1344,819,1344,819,1412,651,1412
846,1343,1225,1357,1222,1434,843,1420
1904,1358,2162,1351,2164,1427,1906,1434
1228,1359,1417,1359,1417,1433,1228,1433
1543,1359,1748,1359,1748,1449,1543,1449
456,1464,593,1464,593,1533,456,1533
651,1459,1035,1469,1033,1547,649,1537
1023,1475,1275,1475,1275,1548,1023,1548
1548,1475,1774,1475,1774,1548,1548,1548
1821,1475,2157,1475,2157,1548,1821,1548
456,1648,593,1648,593,1727,456,1727
1921,1648,2152,1648,2152,1732,1921,1732
606,1643,799,1665,791,1742,597,1720
1060,1659,1218,1659,1218,1732,1060,1732
1228,1664,1338,1664,1338,1748,1228,1748
1580,1664,1669,1664,1669,1732,1580,1732
451,1785,987,1785,987,1858,451,1858
997,1790,1134,1790,1134,1863,997,1863
1144,1790,1275,1790,1275,1863,1144,1863
1281,1790,1412,1790,1412,1863,1281,1863
1417,1795,1554,1795,1554,1874,1417,1874
1569,1795,1848,1795,1848,1874,1569,1874
1848,1795,2016,1795,2016,1869,1848,1869
451,1874,719,1874,719,1947,451,1947
750,1874,1008,1874,1008,1947,750,1947
719,1884,750,1884,750,1942,719,1942
1118,1879,1207,1879,1207,1953,1118,1953
1218,1879,1338,1879,1338,1953,1218,1953
2021,1884,2147,1884,2147,1953,2021,1953
916,2053,1206,2044,1209,2136,919,2145
451,2047,687,2047,687,2142,451,2142
714,2058,897,2058,897,2142,714,2142
1916,2068,2021,2068,2021,2142,1916,2142
2016,2068,2147,2068,2147,2142,2016,2142
975,2194,1130,2180,1138,2267,983,2281
666,2189,955,2189,955,2278,666,2278
456,2189,645,2189,645,2283,456,2283
1916,2205,2026,2205,2026,2278,1916,2278
2016,2205,2147,2205,2147,2278,2016,2278
458,2334,607,2327,611,2409,462,2416
1921,2336,2010,2336,2010,2409,1921,2409
2021,2336,2147,2336,2147,2409,2021,2409
614,2341,750,2341,750,2409,614,2409
459,2491,644,2484,648,2571,462,2579
664,2494,827,2486,831,2564,668,2572
845,2488,976,2488,976,2567,845,2567
1239,2625,1380,2625,1380,2714,1239,2714
1386,2630,1527,2630,1527,2703,1386,2703
1002,2635,1092,2635,1092,2703,1002,2703
1102,2635,1233,2635,1233,2703,1102,2703
1540,2623,1775,2642,1768,2721,1533,2703
845,2640,992,2640,992,2709,845,2709
737,2903,922,2894,926,2976,740,2985
1538,2893,1875,2902,1873,2980,1536,2971
1869,2906,2160,2919,2156,2995,1865,2983
456,2913,556,2913,556,2992,456,2992
561,2924,735,2924,735,2992,561,2992
955,3066,1113,3066,1113,3150,955,3150
1123,3071,1254,3071,1254,3144,1123,3144
1270,3071,1412,3071,1412,3144,1270,3144
1428,3073,1613,3092,1604,3170,1420,3150
819,3081,945,3081,945,3155,819,3155
1622,3092,1795,3092,1795,3171,1622,3171
981,3171,1102,3171,1102,3244,981,3244
1118,3171,1207,3171,1207,3239,1118,3239
1218,3171,1454,3171,1454,3239,1218,3239
705,3184,964,3170,969,3249,709,3263
1470,3176,1680,3176,1680,3249,1470,3249
1690,3186,1895,3186,1895,3255,1690,3255
1913,3181,2050,3199,2039,3280,1902,3262
567,3192,703,3192,703,3265,567,3265
1123,3344,1396,3344,1396,3428,1123,3428
923,3363,1096,3345,1104,3426,931,3443
1412,3354,1512,3354,1512,3428,1412,3428
787,3370,918,3370,918,3444,787,3444
1533,3370,1701,3370,1701,3444,1533,3444
1716,3370,1884,3370,1884,3449,1716,3449
588,3375,771,3375,771,3459,588,3459
1905,3381,2026,3381,2026,3454,1905,3454
1060,3438,1401,3438,1401,3512,1060,3512
1396,3449,1564,3449,1564,3522,1396,3522
971,3454,1065,3454,1065,3522,971,3522
1559,3465,1590,3465,1590,3517,1559,3517
1611,3459,1879,3459,1879,3533,1611,3533
716,3470,949,3457,953,3527,720,3540
1223,3528,1459,3528,1459,3585,1223,3585
1068,3536,1212,3528,1215,3580,1071,3588
1470,3538,1548,3538,1548,3591,1470,3591
