782,126,1669,126,1669,341,782,341
1433,304,1638,304,1638,362,1433,362
1638,304,1795,304,1795,357,1638,357
1275,309,1428,309,1428,367,1275,367
1155,315,1270,315,1270,367,1155,367
1896,477,2057,489,2051,564,1890,552
1464,488,1606,488,1606,556,1464,556
1617,488,1795,488,1795,561,1617,561
1821,488,1863,488,1863,540,1821,540
1149,493,1328,493,1328,567,1149,567
1349,493,1438,493,1438,561,1349,561
721,509,886,501,889,572,725,579
897,504,987,504,987,572,897,572
997,504,1134,504,1134,567,997,567
546,514,677,514,677,582,546,582
677,525,703,525,703,567,677,567
1338,561,1438,561,1438,640,1338,640
1732,561,1863,561,1863,635,1732,635
1871,557,2031,571,2024,643,1864,628
1449,567,1564,567,1564,635,1449,635
1575,567,1727,567,1727,635,1575,635
1228,572,1323,572,1323,640,1228,640
966,577,1144,577,1144,651,966,651
1149,577,1197,577,1197,635,1149,635
892,582,939,582,939,645,892,645
756,588,882,588,882,656,756,656
577,593,750,593,750,661,577,661
1112,651,1601,643,1602,717,1113,726
983,662,1112,653,1116,724,988,732
1275,850,1475,850,1475,950,1275,950
1496,850,1774,850,1774,950,1496,950
815,864,1017,856,1021,960,819,967
1036,871,1254,864,1257,955,1040,962
1867,1092,2115,1085,2117,1159,1869,1166
1522,1097,1716,1097,1716,1181,1522,1181
855,1107,1212,1107,1212,1181,855,1181
1218,1107,1302,1107,1302,1176,1218,1176
1291,1107,1401,1107,1401,1176,1291,1176
498,1113,672,1113,672,1191,498,1191
677,1113,834,1113,834,1181,677,1181
1788,1212,2115,1203,2117,1275,1790,1284
1527,1212,1748,1212,1748,1286,1527,1286
1023,1223,1265,1223,1265,1291,1023,1291
504,1228,630,1228,630,1296,504,1296
682,1228,1002,1228,1002,1296,682,1296
1002,1233,1034,1233,1034,1286,1002,1286
1888,1379,2104,1373,2107,1454,1890,1460
1559,1396,1648,1396,1648,1464,1559,1464
504,1401,635,1401,635,1475,504,1475
647,1392,826,1413,817,1489,638,1468
1065,1401,1212,1401,1212,1470,1065,1470
1218,1401,1328,1401,1328,1480,1218,1480
504,1522,619,1522,619,1596,504,1596
630,1522,777,1522,777,1596,630,1596
1228,1522,1422,1522,1422,1590,1228,1590
1428,1522,1548,1522,1548,1590,1428,1590
792,1527,971,1527,971,1596,792,1596
977,1522,1122,1534,1116,1609,971,1598
1118,1533,1223,1533,1223,1596,1118,1596
1921,1601,1968,1601,1968,1664,1921,1664
1974,1601,2105,1601,2105,1669,1974,1669
504,1611,677,1611,677,1680,504,1680
666,1611,792,1611,792,1680,666,1680
792,1617,824,1617,824,1674,792,1674
819,1611,1023,1611,1023,1680,819,1680
1155,1611,1202,1611,1202,1674,1155,1674
1207,1611,1333,1611,1333,1680,1207,1680
1974,1680,2105,1680,2105,1748,1974,1748
1932,1695,1963,1695,1963,1743,1932,1743
509,1695,624,1695,624,1764,509,1764
624,1706,651,1706,651,1753,624,1753
808,1816,876,1816,876,1884,808,1884
882,1816,1008,1816,1008,1884,882,1884
1021,1820,1185,1813,1188,1873,1024,1880
1197,1816,1312,1816,1312,1890,1197,1890
514,1821,624,1821,624,1890,514,1890
630,1821,798,1821,798,1879,630,1879
1323,1821,1396,1821,1396,1874,1323,1874
1979,1890,2105,1890,2105,1958,1979,1958
513,1900,1023,1890,1025,1964,514,1974
1218,1895,1338,1895,1338,1963,1218,1963
947,2064,1212,2055,1215,2141,950,2150
761,2068,929,2068,929,2147,761,2147
1921,2068,2105,2068,2105,2142,1921,2142
519,2073,740,2073,740,2157,519,2157
950,2184,1055,2184,1055,2268,950,2268
1071,2189,1260,2189,1260,2268,1071,2268
761,2194,934,2194,934,2273,761,2273
525,2199,740,2199,740,2283,525,2283
1900,2199,2105,2199,2105,2273,1900,2273
1008,2310,1149,2310,1149,2388,1008,2388
716,2319,991,2310,994,2393,719,2402
1921,2325,1968,2325,1968,2388,1921,2388
1979,2325,2105,2325,2105,2394,1979,2394
525,2331,703,2331,703,2409,525,2409
1921,2451,1968,2451,1968,2514,1921,2514
527,2460,670,2452,674,2530,531,2537
677,2457,803,2457,803,2525,677,2525
1979,2457,2105,2457,2105,2525,1979,2525
715,2601,869,2570,885,2653,732,2684
892,2588,1013,2588,1013,2661,892,2661
530,2604,707,2592,713,2678,536,2690
1254,2719,1391,2719,1391,2803,1254,2803
1391,2719,1527,2719,1527,2798,1391,2798
1533,2724,1757,2737,1753,2815,1529,2803
950,2753,1113,2900,1060,2959,897,2811
1057,2821,1131,2748,1378,2995,1304,3068
869,2828,1041,2914,928,3141,756,3055
1060,2955,1118,2898,1239,3018,1181,3076
1014,2925,1248,3116,1098,3300,864,3109
1539,2972,1856,2991,1852,3063,1534,3044
1848,2992,2123,3004,2120,3078,1845,3066
546,3003,635,3003,635,3076,546,3076
645,3003,708,3003,708,3060,645,3060
1191,3060,1249,3003,1365,3118,1307,3176
1309,3160,1377,3098,1507,3243,1438,3305
1664,3160,1774,3160,1774,3223,1664,3223
596,3197,821,3349,771,3422,546,3271
1769,3255,1869,3255,1869,3312,1769,3312
1892,3247,2024,3273,2010,3346,1878,3319
1338,3307,1380,3265,1470,3354,1428,3396
1753,3323,1800,3323,1800,3370,1753,3370
1321,3264,1535,3455,1437,3565,1223,3374
810,3345,1021,3486,976,3554,765,3413
1430,3388,1472,3346,1540,3415,1498,3457
1800,3365,1858,3365,1858,3412,1800,3412
1879,3433,2000,3433,2000,3507,1879,3507
1197,3438,1270,3438,1270,3517,1197,3517
1252,3530,1304,3478,1407,3580,1354,3633
1174,3491,1344,3624,1288,3697,1117,3564
1711,3512,1853,3512,1853,3575,1711,3575
847,3612,889,3647,821,3728,780,3693
794,3708,828,3727,792,3789,759,3769
750,3763,793,3790,726,3899,683,3872
