733,363,1173,363,1173,463,733,463
1053,456,1123,456,1123,476,1053,476
620,520,693,520,693,546,620,546
697,517,778,522,776,554,695,549
780,520,823,520,823,550,780,550
993,523,1030,523,1030,546,993,546
1046,523,1110,523,1110,546,1046,546
1113,521,1198,528,1196,552,1112,546
830,526,893,526,893,550,830,550
900,526,976,526,976,550,900,550
1240,520,1319,527,1316,558,1237,551
936,553,976,553,976,576,936,576
983,550,1033,550,1033,576,983,576
1040,553,1090,553,1090,576,1040,576
1096,553,1170,553,1170,576,1096,576
1166,550,1230,550,1230,580,1166,580
623,553,710,553,710,583,623,583
710,553,773,553,773,583,710,583
813,553,893,553,893,580,813,580
900,556,920,556,920,580,900,580
1230,556,1306,556,1306,580,1230,580
780,560,800,560,800,580,780,580
875,581,1009,577,1010,609,876,613
1013,580,1110,580,1110,610,1013,610
820,583,880,583,880,613,820,613
956,663,1053,663,1053,710,956,710
1060,663,1190,663,1190,703,1060,703
736,670,830,670,830,706,736,706
843,673,943,673,943,706,843,706
1240,760,1360,760,1360,790,1240,790
966,763,1010,763,1010,796,966,796
1070,763,1163,763,1163,796,1070,796
573,766,656,766,656,803,573,803
660,766,736,766,736,796,660,796
750,766,920,766,920,796,750,796
926,766,966,766,966,796,926,796
1070,806,1173,806,1173,840,1070,840
1202,810,1363,806,1363,838,1203,842
810,813,943,813,943,846,810,846
570,816,633,816,633,850,570,850
656,816,813,816,813,846,656,846
1253,886,1363,886,1363,920,1253,920
1090,890,1133,890,1133,923,1090,923
843,893,913,893,913,926,843,926
566,896,630,896,630,930,566,930
630,893,722,900,719,934,628,927
920,896,973,896,973,930,920,930
980,950,1076,950,1076,983,980,983
1083,950,1143,950,1143,983,1083,983
563,953,706,953,706,986,563,986
706,953,753,953,753,986,706,986
760,953,850,953,850,986,760,986
853,956,923,956,923,990,853,990
926,956,976,956,976,986,926,986
1303,986,1366,986,1366,1020,1303,1020
1256,990,1300,990,1300,1023,1256,1023
716,993,813,993,813,1030,716,1030
866,993,906,993,906,1026,866,1026
910,993,973,993,973,1026,910,1026
563,996,699,996,699,1029,563,1029
700,1000,716,1000,716,1026,700,1026
1306,1026,1366,1026,1366,1063,1306,1063
1273,1033,1300,1033,1300,1063,1273,1063
563,1036,616,1036,616,1070,563,1070
616,1043,630,1043,630,1066,616,1066
560,1096,613,1096,613,1130,560,1130
616,1096,703,1096,703,1130,616,1130
703,1096,740,1096,740,1130,703,1130
813,1096,900,1096,900,1130,813,1130
740,1100,803,1100,803,1130,740,1130
900,1100,960,1100,960,1133,900,1133
966,1100,1006,1100,1006,1126,966,1126
1307,1128,1372,1133,1369,1168,1304,1162
560,1136,813,1136,813,1170,560,1170
910,1136,973,1136,973,1170,910,1170
563,1193,643,1193,643,1233,563,1233
646,1196,726,1196,726,1233,646,1233
733,1196,786,1196,786,1233,733,1233
860,1196,910,1196,910,1230,860,1230
916,1196,1013,1196,1013,1230,916,1230
790,1200,853,1200,853,1233,790,1233
913,1236,973,1236,973,1273,913,1273
1260,1236,1300,1236,1300,1270,1260,1270
1306,1236,1370,1236,1370,1270,1306,1270
560,1240,716,1240,716,1273,560,1273
713,1240,813,1240,813,1273,713,1273
866,1240,906,1240,906,1270,866,1270
563,1326,670,1326,670,1370,563,1370
803,1326,913,1326,913,1370,803,1370
676,1330,763,1330,763,1366,676,1366
770,1330,810,1330,810,1366,770,1366
1256,1330,1303,1330,1303,1363,1256,1363
1306,1330,1370,1330,1370,1363,1306,1363
773,1390,830,1390,830,1436,773,1436
563,1393,673,1393,673,1436,563,1436
676,1393,766,1393,766,1436,676,1436
836,1393,933,1393,933,1433,836,1433
1266,1396,1303,1396,1303,1430,1266,1430
1306,1396,1370,1396,1370,1430,1306,1430
656,1456,796,1456,796,1503,656,1503
566,1460,653,1460,653,1503,566,1503
803,1460,876,1460,876,1500,803,1500
1240,1463,1303,1463,1303,1496,1240,1496
1306,1463,1370,1463,1370,1496,1306,1496
566,1523,636,1523,636,1560,566,1560
1243,1526,1303,1526,1303,1560,1243,1560
1306,1526,1370,1526,1370,1560,1306,1560
636,1530,700,1530,700,1560,636,1560
566,1596,653,1596,653,1633,566,1633
660,1596,736,1596,736,1633,660,1633
743,1596,806,1596,806,1633,743,1633
1260,1600,1303,1600,1303,1633,1260,1633
1306,1600,1370,1600,1370,1633,1306,1633
743,1673,813,1673,813,1706,743,1706
820,1673,860,1673,860,1706,820,1706
930,1673,1000,1673,1000,1713,930,1713
1003,1673,1073,1673,1073,1710,1003,1710
1076,1673,1193,1673,1193,1710,1076,1710
863,1676,926,1676,926,1706,863,1706
553,1800,603,1800,603,1843,553,1843
686,1800,776,1800,776,1840,686,1840
603,1806,683,1806,683,1840,603,1840
1080,1806,1247,1810,1246,1848,1079,1844
1243,1810,1386,1810,1386,1846,1243,1846
716,1893,783,1893,783,1936,716,1936
786,1893,863,1893,863,1933,786,1933
866,1896,936,1896,936,1933,866,1933
946,1900,1016,1900,1016,1936,946,1936
1024,1898,1119,1907,1116,1945,1020,1936
1123,1906,1213,1906,1213,1946,1123,1946
593,1943,656,1943,656,1983,593,1983
660,1946,790,1946,790,1983,660,1983
793,1950,856,1950,856,1983,793,1983
866,1950,913,1950,913,1986,866,1986
916,1953,1040,1953,1040,1986,916,1986
1050,1953,1156,1953,1156,1990,1050,1990
1163,1956,1266,1956,1266,1990,1163,1990
1274,1952,1346,1963,1341,1999,1268,1988
593,2043,690,2043,690,2093,593,2093
863,2046,1013,2046,1013,2096,863,2096
766,2050,856,2050,856,2093,766,2093
693,2053,763,2053,763,2093,693,2093
1016,2053,1073,2053,1073,2096,1016,2096
1083,2056,1173,2056,1173,2100,1083,2100
1180,2056,1270,2056,1270,2100,1180,2100
1273,2060,1343,2060,1343,2103,1273,2103
656,2103,773,2103,773,2140,656,2140
786,2103,853,2103,853,2140,786,2140
853,2103,1006,2103,1006,2146,853,2146
1010,2106,1116,2106,1116,2143,1010,2143
1126,2110,1263,2110,1263,2146,1126,2146
833,2153,913,2153,913,2183,833,2183
916,2153,1046,2153,1046,2186,916,2186
1050,2156,1093,2156,1093,2186,1050,2186
