945,346,1879,346,1879,582,945,582
1454,572,1611,572,1611,624,1454,624
1617,572,1832,572,1832,630,1617,630
1323,577,1449,577,1449,630,1323,630
1837,577,2010,577,2010,630,1837,630
672,732,854,743,849,814,668,802
866,756,1039,756,1039,824,866,824
1055,761,1139,761,1139,829,1055,829
1313,757,1499,767,1495,844,1309,834
1155,766,1296,766,1296,834,1155,834
1517,766,1617,766,1617,834,1517,834
1640,761,1794,775,1788,847,1634,833
1800,766,1995,766,1995,845,1800,845
2101,763,2273,778,2266,859,2094,844
2016,771,2068,771,2068,834,2016,834
700,813,893,832,886,904,693,885
897,834,1029,834,1029,908,897,908
1039,840,1092,840,1092,903,1039,903
1506,840,1606,840,1606,913,1506,913
1118,845,1302,845,1302,918,1118,918
1307,845,1359,845,1359,913,1307,913
1391,845,1485,845,1485,918,1391,918
1617,845,1737,845,1737,918,1617,918
1753,850,1911,850,1911,918,1753,918
1921,850,2063,850,2063,929,1921,929
2073,850,2236,850,2236,924,2073,924
1139,919,1775,927,1774,1005,1138,997
945,1134,1155,1134,1155,1239,945,1239
1424,1134,1636,1142,1632,1251,1420,1243
1653,1144,1947,1144,1947,1254,1653,1254
1176,1149,1401,1149,1401,1244,1176,1244
593,1365,771,1365,771,1454,593,1454
787,1372,954,1383,949,1458,783,1448
977,1384,1346,1400,1343,1477,973,1460
1349,1400,1540,1407,1537,1481,1347,1474
1664,1412,1874,1412,1874,1506,1664,1506
2037,1422,2299,1422,2299,1496,2037,1496
588,1491,724,1491,724,1564,588,1564
782,1494,1393,1519,1390,1596,779,1571
1664,1533,1895,1533,1895,1606,1664,1606
1947,1543,2289,1543,2289,1617,1947,1617
582,1669,719,1669,719,1748,582,1748
732,1668,921,1692,912,1769,722,1745
1176,1692,1453,1712,1447,1792,1171,1772
1690,1716,1779,1716,1779,1790,1690,1790
2042,1722,2268,1722,2268,1806,2042,1806
583,1798,936,1813,933,1887,579,1871
950,1821,1170,1821,1170,1890,950,1890
1187,1824,1373,1835,1369,1905,1183,1894
1375,1827,1480,1827,1480,1916,1375,1916
1485,1821,1662,1844,1651,1931,1473,1908
1655,1847,1820,1839,1824,1921,1659,1928
1832,1853,1921,1853,1921,1921,1832,1921
1937,1858,2021,1858,2021,1926,1937,1926
573,1885,920,1896,918,1973,570,1963
918,1911,950,1911,950,1963,918,1963
950,1905,1118,1905,1118,1979,950,1979
1218,1916,1307,1916,1307,1984,1218,1984
1312,1916,1443,1916,1443,1989,1312,1989
2021,1953,2121,1953,2121,2021,2021,2021
2121,1953,2257,1953,2257,2026,2121,2026
573,2069,806,2079,802,2167,569,2157
824,2084,1002,2084,1002,2168,824,2168
1023,2089,1302,2089,1302,2178,1023,2178
2010,2142,2121,2142,2121,2220,2010,2220
2110,2147,2247,2147,2247,2220,2110,2220
572,2210,756,2210,756,2294,572,2294
777,2206,1062,2213,1059,2305,775,2298
1076,2226,1228,2226,1228,2304,1076,2304
2005,2273,2110,2273,2110,2357,2005,2357
2105,2283,2236,2283,2236,2357,2105,2357
567,2346,714,2346,714,2420,567,2420
724,2352,855,2352,855,2425,724,2425
2000,2404,2094,2404,2094,2478,2000,2478
2100,2415,2231,2415,2231,2488,2100,2488
567,2488,745,2488,745,2572,567,2572
771,2493,924,2493,924,2572,771,2572
945,2499,1065,2499,1065,2577,945,2577
934,2651,1076,2651,1076,2719,934,2719
1086,2656,1176,2656,1176,2724,1086,2724
1183,2656,1314,2673,1306,2739,1175,2723
1312,2661,1459,2661,1459,2745,1312,2745
1459,2672,1601,2672,1601,2745,1459,2745
1613,2671,1848,2689,1842,2769,1606,2750
829,2898,1002,2898,1002,2976,829,2976
556,2908,645,2908,645,2982,556,2982
656,2913,819,2913,819,2982,656,2982
1607,2942,1936,2963,1931,3039,1602,3018
1932,2966,2219,2985,2214,3058,1927,3039
897,3076,1018,3076,1018,3144,897,3144
1029,3076,1176,3076,1176,3155,1029,3155
1191,3092,1317,3092,1317,3165,1191,3165
1333,3102,1470,3102,1470,3176,1333,3176
1486,3109,1671,3131,1663,3207,1477,3185
1680,3134,1853,3134,1853,3213,1680,3213
788,3161,1035,3167,1033,3240,786,3233
651,3171,782,3171,782,3239,651,3239
1050,3176,1165,3176,1165,3239,1050,3239
1181,3181,1270,3181,1270,3249,1181,3249
1281,3184,1516,3201,1511,3274,1276,3257
1527,3207,1732,3207,1732,3281,1527,3281
1743,3224,1944,3234,1941,3296,1740,3285
1962,3225,2099,3251,2086,3325,1948,3299
666,3339,845,3339,845,3423,666,3423
861,3344,981,3344,981,3417,861,3417
997,3344,1155,3344,1155,3417,997,3417
1179,3339,1450,3367,1442,3453,1170,3426
1459,3375,1559,3375,1559,3454,1459,3454
1580,3396,1748,3396,1748,3470,1580,3470
1758,3402,1926,3402,1926,3480,1758,3480
1947,3417,2063,3417,2063,3491,1947,3491
792,3433,1008,3433,1008,3501,792,3501
1034,3438,1155,3438,1155,3501,1034,3501
1155,3437,1642,3474,1637,3550,1150,3512
1659,3476,1936,3497,1930,3570,1654,3550
1124,3522,1263,3537,1258,3588,1119,3574
1271,3532,1505,3548,1501,3608,1267,3591
1512,3559,1585,3559,1585,3612,1512,3612
