766,341,1643,341,1643,556,766,556
1604,546,1768,536,1771,587,1607,597
1134,546,1249,546,1249,593,1134,593
1254,546,1407,546,1407,593,1254,593
1407,546,1606,546,1606,598,1407,598
515,684,685,696,681,756,510,744
1858,703,2016,703,2016,771,1858,771
703,708,866,708,866,777,703,777
1785,708,1832,708,1832,766,1785,766
882,714,966,714,966,782,882,782
1590,714,1758,714,1758,782,1590,782
976,719,1107,719,1107,777,976,777
1128,719,1296,719,1296,782,1128,782
1323,719,1412,719,1412,782,1323,782
1438,719,1569,719,1569,777,1438,777
546,766,719,766,719,840,546,840
735,782,861,782,861,850,735,850
1701,782,1832,782,1832,855,1701,855
1837,782,1984,782,1984,840,1837,840
1312,787,1412,787,1412,855,1312,855
866,792,918,792,918,850,866,850
945,792,1123,792,1123,861,945,861
1128,792,1176,792,1176,855,1128,855
1207,792,1296,792,1296,855,1207,855
1422,792,1533,792,1533,855,1422,855
1548,792,1690,792,1690,855,1548,855
966,866,1092,866,1092,934,966,934
1086,866,1386,866,1386,934,1086,934
1375,866,1569,866,1569,934,1375,934
782,1055,987,1055,987,1155,782,1155
1249,1060,1443,1060,1443,1160,1249,1160
1470,1065,1737,1065,1737,1160,1470,1160
1018,1074,1230,1081,1227,1161,1016,1154
441,1267,623,1279,618,1362,436,1350
1832,1293,2082,1273,2088,1348,1838,1367
631,1282,791,1298,785,1359,625,1343
819,1293,1177,1300,1175,1371,817,1364
1186,1302,1291,1302,1291,1365,1186,1365
1281,1302,1370,1302,1370,1370,1281,1370
1485,1302,1685,1302,1685,1380,1485,1380
441,1391,572,1391,572,1459,441,1459
1756,1407,2078,1393,2081,1464,1759,1478
630,1394,967,1409,964,1482,627,1467
1489,1410,1710,1403,1713,1474,1491,1481
955,1412,1223,1412,1223,1480,955,1480
435,1569,567,1569,567,1643,435,1643
1858,1569,2073,1569,2073,1648,1858,1648
585,1562,775,1591,763,1670,573,1641
1023,1590,1165,1590,1165,1653,1023,1653
1181,1590,1291,1590,1291,1669,1181,1669
1522,1590,1611,1590,1611,1659,1522,1659
431,1697,663,1706,661,1777,428,1768
677,1711,892,1711,892,1779,677,1779
908,1711,1050,1711,1050,1785,908,1785
1204,1703,1380,1718,1373,1799,1197,1783
1386,1716,1538,1716,1538,1785,1386,1785
1543,1716,1632,1716,1632,1785,1543,1785
1060,1722,1191,1722,1191,1779,1060,1779
430,1787,967,1799,965,1873,429,1861
1853,1795,1942,1795,1942,1863,1853,1863
1942,1795,2073,1795,2073,1863,1942,1863
1076,1800,1165,1800,1165,1869,1076,1869
1165,1800,1291,1800,1291,1869,1165,1869
430,1968,661,1968,661,2052,430,2052
882,1968,1165,1968,1165,2052,882,2052
682,1979,861,1979,861,2052,682,2052
1848,1979,1953,1979,1953,2047,1848,2047
1947,1979,2073,1979,2073,2047,1947,2047
635,2100,918,2100,918,2184,635,2184
939,2100,1092,2100,1092,2184,939,2184
430,2105,614,2105,614,2189,430,2189
1816,2110,1958,2110,1958,2184,1816,2184
1947,2110,2079,2110,2079,2178,1947,2178
1947,2236,2079,2236,2079,2310,1947,2310
425,2241,577,2241,577,2315,425,2315
582,2241,719,2241,719,2315,582,2315
1816,2241,1942,2241,1942,2310,1816,2310
630,2383,787,2383,787,2467,630,2467
1853,2388,1963,2388,1963,2467,1853,2467
425,2394,614,2394,614,2478,425,2478
813,2394,939,2394,939,2467,813,2467
1953,2394,2084,2394,2084,2462,1953,2462
1191,2535,1333,2535,1333,2625,1191,2625
1338,2535,1480,2535,1480,2609,1338,2609
960,2541,1050,2541,1050,2609,960,2609
1060,2541,1186,2541,1186,2609,1060,2609
1485,2541,1716,2541,1716,2619,1485,2619
803,2546,950,2546,950,2619,803,2619
698,2811,880,2797,886,2876,704,2890
1491,2801,1855,2815,1852,2890,1488,2876
1848,2819,2094,2819,2094,2892,1848,2892
420,2824,514,2824,514,2908,420,2908
525,2829,693,2829,693,2898,525,2898
909,2975,1064,2968,1068,3049,913,3057
1076,2976,1212,2976,1212,3050,1076,3050
777,2982,903,2982,903,3055,777,3055
1224,2979,1367,2987,1364,3057,1220,3049
1376,2984,1563,2998,1557,3074,1370,3059
1575,2992,1748,2992,1748,3076,1575,3076
934,3076,1050,3076,1050,3139,934,3139
1071,3076,1165,3076,1165,3144,1071,3144
1171,3075,1408,3081,1406,3153,1169,3146
663,3090,922,3075,927,3149,667,3164
1422,3081,1627,3081,1627,3155,1422,3155
1643,3093,1845,3103,1842,3170,1640,3160
530,3102,661,3102,661,3176,530,3176
1860,3097,1997,3114,1987,3191,1850,3173
1076,3255,1344,3255,1344,3339,1076,3339
1365,3260,1464,3260,1464,3339,1365,3339
887,3265,1050,3265,1050,3339,887,3339
741,3277,870,3267,875,3343,746,3352
534,3290,727,3271,735,3357,542,3376
1485,3281,1653,3281,1653,3354,1485,3354
1664,3286,1837,3286,1837,3365,1664,3365
1853,3297,1979,3297,1979,3375,1853,3375
1050,3347,1545,3362,1543,3437,1048,3423
929,3360,1055,3360,1055,3428,929,3428
671,3379,901,3358,908,3431,678,3452
1565,3371,1831,3388,1826,3461,1560,3444
1171,3439,1418,3445,1417,3507,1169,3501
1023,3449,1165,3449,1165,3501,1023,3501
1422,3454,1496,3454,1496,3507,1422,3507
