939,215,1790,215,1790,430,939,430
1296,414,1407,414,1407,467,1296,467
1412,420,1559,420,1559,472,1412,472
1564,425,1758,425,1758,477,1564,477
1756,430,1915,423,1918,479,1759,486
2000,582,2157,582,2157,656,2000,656
703,588,866,588,866,656,703,656
876,588,1034,588,1034,656,876,656
1044,588,1128,588,1128,656,1044,656
1139,588,1275,588,1275,656,1139,656
1286,588,1459,588,1459,661,1286,661
1475,593,1564,593,1564,656,1475,656
1590,593,1722,593,1722,656,1590,656
1926,593,1974,593,1974,651,1926,651
1732,598,1905,598,1905,666,1732,666
729,661,892,661,892,724,729,724
1113,661,1281,661,1281,735,1113,735
1286,661,1333,661,1333,724,1286,724
1365,661,1454,661,1454,729,1365,729
1470,661,1564,661,1564,729,1470,729
908,666,1029,666,1029,729,908,729
1039,666,1081,666,1081,724,1039,724
1575,666,1685,666,1685,729,1575,729
1848,666,1974,666,1974,740,1848,740
1979,666,2121,666,2121,724,1979,724
1695,672,1837,672,1837,735,1695,735
1128,735,1538,735,1538,803,1128,803
1527,740,1722,740,1722,803,1527,803
960,929,1155,929,1155,1023,960,1023
1401,929,1596,929,1596,1029,1401,1029
1617,929,1884,929,1884,1029,1617,1029
1176,945,1386,945,1386,1029,1176,1029
640,1155,808,1155,808,1239,640,1239
1971,1161,2214,1149,2218,1220,1974,1232
819,1160,971,1160,971,1228,819,1228
1638,1165,1827,1165,1827,1249,1638,1249
992,1170,1338,1170,1338,1239,992,1239
1349,1170,1428,1170,1428,1228,1349,1228
1433,1170,1517,1170,1517,1239,1433,1239
2131,1265,2215,1265,2215,1333,2131,1333
640,1270,766,1270,766,1338,640,1338
1893,1276,2141,1267,2143,1336,1896,1345
813,1275,1391,1275,1391,1344,813,1344
1638,1275,1853,1275,1853,1344,1638,1344
1987,1439,2204,1429,2207,1506,1990,1516
640,1438,766,1438,766,1512,640,1512
779,1433,956,1456,946,1532,769,1509
1186,1449,1333,1449,1333,1517,1186,1517
1338,1449,1443,1449,1443,1527,1338,1527
1669,1449,1753,1449,1753,1517,1669,1517
645,1564,829,1564,829,1632,645,1632
845,1569,1002,1569,1002,1638,845,1638
1013,1569,1128,1569,1128,1638,1013,1638
1370,1569,1559,1569,1559,1643,1370,1643
1128,1575,1244,1575,1244,1632,1128,1632
1716,1575,1821,1575,1821,1648,1716,1648
1556,1585,1711,1578,1714,1650,1560,1657
1254,1585,1359,1585,1359,1648,1254,1648
640,1643,803,1643,803,1711,640,1711
798,1648,1176,1648,1176,1716,798,1716
2079,1648,2205,1648,2205,1716,2079,1716
1323,1653,1443,1653,1443,1722,1323,1722
1622,1653,1795,1653,1795,1722,1622,1722
1984,1653,2068,1653,2068,1711,1984,1711
1202,1659,1317,1659,1317,1722,1202,1722
640,1722,840,1722,840,1790,640,1790
645,1890,855,1890,855,1968,645,1968
876,1895,1039,1895,1039,1974,876,1974
1060,1895,1323,1895,1323,1974,1060,1974
1979,1905,2084,1905,2084,1968,1979,1968
2073,1905,2199,1905,2199,1974,2073,1974
645,2016,813,2016,813,2100,645,2100
834,2015,1091,2015,1091,2094,834,2094
1104,2021,1252,2013,1257,2094,1109,2102
1979,2031,2084,2031,2084,2100,1979,2100
2073,2031,2199,2031,2199,2100,2073,2100
640,2140,889,2149,886,2225,638,2217
2031,2163,2063,2163,2063,2215,2031,2215
2073,2157,2199,2157,2199,2226,2073,2226
640,2247,782,2247,782,2320,640,2320
787,2257,908,2257,908,2325,787,2325
1979,2268,2073,2268,2073,2336,1979,2336
2073,2268,2199,2268,2199,2336,2073,2336
640,2388,813,2388,813,2467,640,2467
834,2388,971,2388,971,2467,834,2467
992,2394,1107,2394,1107,2472,992,2472
1984,2409,2199,2409,2199,2483,1984,2483
983,2545,1121,2537,1125,2608,987,2616
1128,2541,1212,2541,1212,2609,1128,2609
1344,2541,1480,2541,1480,2625,1344,2625
1480,2541,1622,2541,1622,2614,1480,2614
1218,2546,1333,2546,1333,2609,1218,2609
1628,2540,1852,2553,1847,2632,1623,2618
719,2751,819,2751,819,2819,719,2819
829,2751,1008,2751,1008,2819,829,2819
635,2756,714,2756,714,2819,635,2819
1015,2745,1170,2768,1158,2845,1004,2822
1518,2758,2201,2786,2199,2852,1515,2824
635,2856,798,2856,798,2934,635,2934
803,2866,924,2866,924,2929,803,2929
924,2866,1018,2866,1018,2940,924,2940
1018,2866,1128,2866,1128,2940,1018,2940
1397,2863,1577,2870,1574,2951,1394,2944
1134,2871,1281,2871,1281,2940,1134,2940
1354,2887,1375,2887,1375,2929,1354,2929
1291,2892,1328,2892,1328,2924,1291,2924
2126,2908,2199,2908,2199,2961,2126,2961
640,2966,729,2966,729,3039,640,3039
892,2966,1055,2966,1055,3039,892,3039
735,2976,887,2976,887,3039,735,3039
1627,2997,1942,2997,1942,3071,1627,3071
1937,3003,2136,3003,2136,3076,1937,3076
2131,3013,2215,3013,2215,3081,2131,3081
960,3134,1076,3134,1076,3202,960,3202
1086,3139,1223,3139,1223,3218,1086,3218
1234,3147,1364,3156,1359,3231,1229,3222
1375,3160,1506,3160,1506,3228,1375,3228
1518,3163,1695,3177,1689,3252,1512,3238
1706,3171,1874,3171,1874,3255,1706,3255
735,3223,850,3223,850,3286,735,3286
866,3218,1094,3226,1091,3298,864,3290
1102,3239,1212,3239,1212,3297,1102,3297
1228,3239,1312,3239,1312,3312,1228,3312
1323,3249,1545,3255,1543,3317,1321,3310
1564,3260,1758,3260,1758,3328,1564,3328
1774,3270,1963,3270,1963,3328,1774,3328
1981,3264,2112,3282,2102,3354,1971,3337
750,3391,918,3391,918,3465,750,3465
929,3402,1050,3402,1050,3470,929,3470
1060,3404,1215,3412,1211,3483,1057,3474
1235,3402,1490,3420,1485,3504,1229,3486
1506,3428,1596,3428,1596,3496,1506,3496
1622,3438,1785,3438,1785,3512,1622,3512
1795,3444,1958,3444,1958,3517,1795,3517
1974,3449,2089,3449,2089,3522,1974,3522
871,3480,1076,3480,1076,3549,871,3549
1097,3491,1218,3491,1218,3559,1097,3559
1213,3496,1499,3512,1495,3583,1208,3567
1485,3517,1680,3517,1680,3591,1485,3591
1696,3531,1949,3539,1947,3600,1694,3591
1186,3585,1317,3585,1317,3633,1186,3633
1323,3583,1556,3596,1553,3656,1320,3643
1559,3601,1632,3601,1632,3654,1559,3654
