680,386,1133,386,1133,463,680,463
853,460,910,460,910,476,853,476
920,463,980,463,980,476,920,476
990,463,1090,463,1090,480,990,480
536,526,620,526,620,553,536,553
626,526,710,526,710,556,626,556
713,526,756,526,756,556,713,556
763,526,833,526,833,556,763,556
840,526,926,526,926,556,840,556
936,526,983,526,983,556,936,556
996,526,1066,526,1066,556,996,556
1076,525,1165,531,1162,562,1074,556
1216,528,1298,533,1296,564,1214,559
546,560,633,560,633,590,546,590
640,560,700,560,700,590,640,590
710,563,730,563,730,590,710,590
746,560,833,560,833,590,746,590
840,563,863,563,863,590,840,590
876,560,923,560,923,590,876,590
930,560,983,560,983,590,930,590
986,560,1046,560,1046,590,986,590
1050,563,1126,563,1126,590,1050,590
1133,563,1200,563,1200,593,1133,593
1203,563,1280,563,1280,593,1203,593
753,593,816,593,816,626,753,626
813,593,963,593,963,626,813,626
963,596,1063,596,1063,626,963,626
896,690,996,690,996,743,896,743
660,693,763,693,763,740,660,740
1010,693,1150,693,1150,743,1010,743
773,695,884,700,883,744,771,739
496,813,580,813,580,853,496,853
583,813,660,813,660,846,583,846
673,813,853,813,853,850,673,850
860,816,946,816,946,850,860,850
1013,816,1113,816,1113,860,1013,860
1196,816,1323,816,1323,853,1196,853
580,869,877,873,876,909,579,905
493,873,556,873,556,903,493,903
1013,873,1126,873,1126,906,1013,906
1153,876,1283,876,1283,910,1153,910
1280,876,1323,876,1323,913,1280,913
490,960,553,960,553,993,490,993
557,955,649,965,645,1002,553,992
770,963,846,963,846,996,770,996
850,966,906,966,906,1003,850,1003
1030,966,1073,966,1073,1003,1030,1003
1200,966,1313,966,1313,1003,1200,1003
490,1023,576,1023,576,1056,490,1056
583,1023,636,1023,636,1060,583,1060
643,1027,728,1033,726,1068,641,1061
730,1024,829,1033,826,1071,727,1062
830,1028,941,1036,939,1071,828,1062
943,1030,1043,1030,1043,1066,943,1066
1046,1033,1110,1033,1110,1070,1046,1070
483,1066,566,1066,566,1100,483,1100
563,1066,743,1070,743,1107,562,1103
796,1073,836,1073,836,1106,796,1106
840,1073,903,1073,903,1110,840,1110
1196,1083,1240,1083,1240,1116,1196,1116
1243,1083,1310,1083,1310,1116,1243,1116
483,1110,556,1110,556,1143,483,1143
1216,1130,1236,1130,1236,1160,1216,1160
1240,1126,1306,1126,1306,1160,1240,1160
480,1170,617,1175,616,1211,478,1206
623,1174,692,1180,689,1214,621,1209
693,1180,760,1180,760,1213,693,1213
763,1183,813,1183,813,1213,763,1213
816,1183,880,1183,880,1216,816,1216
886,1186,906,1186,906,1216,886,1216
913,1186,973,1186,973,1223,913,1223
990,1186,1053,1186,1053,1226,990,1226
476,1211,740,1219,739,1256,475,1249
790,1223,836,1223,836,1256,790,1256
843,1223,903,1223,903,1256,843,1256
1190,1233,1236,1233,1236,1266,1190,1266
1243,1233,1303,1233,1303,1266,1243,1266
473,1303,586,1303,586,1346,473,1346
596,1306,686,1306,686,1350,596,1350
726,1310,833,1310,833,1350,726,1350
693,1313,730,1313,730,1346,693,1346
1186,1322,1304,1326,1302,1366,1185,1361
470,1370,583,1370,583,1413,470,1413
593,1373,683,1373,683,1416,593,1416
690,1376,746,1376,746,1420,690,1420
756,1380,860,1380,860,1420,756,1420
1193,1390,1300,1390,1300,1430,1193,1430
473,1440,556,1440,556,1480,473,1480
566,1440,710,1440,710,1486,566,1486
716,1446,793,1446,793,1483,716,1483
1186,1460,1300,1460,1300,1496,1186,1496
535,1516,612,1509,615,1549,538,1556
616,1513,702,1520,699,1555,614,1548
1186,1530,1233,1530,1233,1563,1186,1563
1236,1530,1303,1530,1303,1570,1236,1570
643,1636,706,1636,706,1673,643,1673
653,1716,713,1716,713,1750,653,1750
716,1716,760,1716,760,1753,716,1753
836,1716,910,1716,910,1760,836,1760
913,1716,986,1716,986,1760,913,1760
766,1720,833,1720,833,1753,766,1753
993,1719,1119,1727,1116,1771,990,1762
436,1833,480,1833,480,1870,436,1870
483,1836,536,1836,536,1870,483,1870
648,1833,735,1848,728,1886,642,1872
570,1840,643,1840,643,1873,570,1873
930,1844,1307,1859,1306,1898,928,1883
436,1893,526,1893,526,1930,436,1930
530,1900,593,1900,593,1933,530,1933
593,1900,646,1900,646,1943,593,1943
646,1900,710,1900,710,1940,646,1940
713,1903,796,1903,796,1940,713,1940
863,1904,961,1908,959,1947,861,1943
803,1913,826,1913,826,1936,803,1936
836,1913,853,1913,853,1940,836,1940
1263,1923,1310,1923,1310,1956,1263,1956
490,1960,573,1960,573,1990,490,1990
576,1960,670,1960,670,1993,576,1993
990,1970,1164,1976,1162,2015,988,2009
1160,1980,1263,1980,1263,2016,1160,2016
1263,1983,1306,1983,1306,2016,1263,2016
616,2046,680,2046,680,2080,616,2080
683,2046,763,2046,763,2083,683,2083
770,2053,840,2053,840,2086,770,2086
846,2060,920,2060,920,2093,846,2093
926,2062,1025,2068,1023,2101,924,2094
1030,2066,1123,2066,1123,2103,1030,2103
563,2085,691,2091,689,2124,562,2118
696,2096,760,2096,760,2126,696,2126
766,2096,816,2096,816,2126,766,2126
820,2103,943,2103,943,2133,820,2133
950,2106,1060,2106,1060,2136,950,2136
1066,2113,1170,2113,1170,2143,1066,2143
1176,2116,1246,2116,1246,2150,1176,2150
510,2160,600,2160,600,2193,510,2193
606,2166,670,2166,670,2196,606,2196
680,2172,760,2176,759,2200,679,2196
770,2173,913,2173,913,2203,770,2203
923,2180,973,2180,973,2206,923,2206
983,2186,1070,2186,1070,2210,983,2210
1076,2183,1163,2183,1163,2213,1076,2213
1170,2186,1233,2186,1233,2216,1170,2216
580,2203,690,2203,690,2226,580,2226
703,2206,746,2206,746,2230,703,2230
770,2210,906,2210,906,2233,770,2233
936,2216,956,2216,956,2236,936,2236
960,2216,1000,2216,1000,2236,960,2236
1026,2215,1157,2220,1156,2242,1025,2236
826,2240,933,2240,933,2253,826,2253
