682,131,1596,131,1596,362,682,362
1349,325,1559,325,1559,383,1349,383
1564,325,1732,325,1732,378,1564,378
1186,330,1344,330,1344,388,1186,388
1065,336,1186,336,1186,393,1065,393
1539,506,1725,517,1720,592,1535,582
1743,509,1795,509,1795,572,1743,572
1827,504,1993,515,1988,590,1822,579
1260,519,1354,519,1354,593,1260,593
1380,519,1527,519,1527,588,1380,588
1060,530,1239,530,1239,603,1060,603
624,535,792,535,792,609,624,609
808,535,892,535,892,603,808,603
908,535,1050,535,1050,603,908,603
441,540,609,540,609,609,441,609
1659,588,1790,588,1790,661,1659,661
1800,588,1963,588,1963,656,1800,656
1249,593,1354,593,1354,672,1249,672
1491,593,1648,593,1648,666,1491,666
1359,598,1480,598,1480,666,1359,666
1139,609,1233,609,1233,677,1139,677
661,614,787,614,787,687,661,687
876,614,1055,614,1055,687,876,687
1060,614,1107,614,1107,677,1060,677
472,619,651,619,651,687,472,687
792,619,845,619,845,677,792,677
1317,677,1522,677,1522,750,1317,750
1021,689,1327,676,1330,752,1024,766
897,693,1023,693,1023,766,897,766
1410,884,1694,876,1697,981,1412,988
1186,887,1391,887,1391,992,1186,992
714,897,924,897,924,997,714,997
945,903,1165,903,1165,997,945,997
1793,1134,2052,1127,2054,1205,1795,1211
1433,1139,1638,1139,1638,1228,1433,1228
388,1149,561,1149,561,1233,388,1233
572,1149,729,1149,729,1218,572,1218
755,1149,1118,1149,1118,1223,755,1223
1134,1149,1312,1149,1312,1218,1134,1218
1716,1254,2047,1254,2047,1328,1716,1328
1438,1260,1669,1260,1669,1328,1438,1328
572,1265,903,1265,903,1338,572,1338
892,1265,1176,1265,1176,1333,892,1333
388,1270,519,1270,519,1338,388,1338
1813,1439,2035,1429,2039,1506,1817,1516
388,1443,519,1443,519,1522,388,1522
966,1441,1121,1449,1117,1524,962,1516
1475,1443,1564,1443,1564,1517,1475,1517
532,1437,716,1459,706,1537,523,1515
1123,1449,1233,1449,1233,1527,1123,1527
393,1575,771,1575,771,1648,393,1648
782,1575,934,1575,934,1653,782,1653
1270,1575,1428,1575,1428,1648,1270,1648
1538,1575,1732,1575,1732,1643,1538,1643
945,1580,1029,1580,1029,1648,945,1648
1040,1578,1261,1585,1259,1658,1037,1650
1449,1580,1522,1580,1522,1643,1449,1643
1905,1659,2037,1659,2037,1732,1905,1732
393,1664,682,1664,682,1737,393,1737
682,1664,918,1664,918,1737,682,1737
1023,1664,1113,1664,1113,1737,1023,1737
1113,1664,1239,1664,1239,1737,1113,1737
1816,1664,1900,1664,1900,1732,1816,1732
1055,1785,1191,1785,1191,1874,1055,1874
887,1787,1053,1798,1049,1868,883,1858
1296,1790,1422,1790,1422,1869,1296,1869
1433,1790,1554,1790,1554,1863,1433,1863
1559,1790,1638,1790,1638,1858,1559,1858
1643,1790,1732,1790,1732,1863,1643,1863
393,1795,672,1795,672,1863,393,1863
682,1795,871,1795,871,1863,682,1863
1191,1800,1291,1800,1291,1863,1191,1863
393,1874,918,1874,918,1947,393,1947
1118,1874,1244,1874,1244,1942,1118,1942
1806,1874,1900,1874,1900,1942,1806,1942
1029,1879,1113,1879,1113,1947,1029,1947
1900,1879,2031,1879,2031,1947,1900,1947
1501,1884,1538,1884,1538,1937,1501,1937
404,2000,546,2000,546,2068,404,2068
561,2000,729,2000,729,2068,561,2068
960,2000,1123,2000,1123,2084,960,2084
1128,2000,1312,2000,1312,2073,1128,2073
740,2005,861,2005,861,2068,740,2068
876,2005,950,2005,950,2063,876,2063
399,2079,929,2079,929,2152,399,2152
1023,2079,1113,2079,1113,2152,1023,2152
1118,2079,1244,2079,1244,2152,1118,2152
1806,2084,1895,2084,1895,2152,1806,2152
1900,2084,2031,2084,2031,2152,1900,2152
845,2252,1118,2252,1118,2336,845,2336
409,2257,630,2257,630,2341,409,2341
651,2257,824,2257,824,2336,651,2336
1806,2268,2031,2268,2031,2341,1806,2341
607,2386,881,2379,883,2467,609,2473
900,2392,1048,2384,1052,2461,904,2469
406,2397,587,2390,590,2472,410,2479
1806,2399,1911,2399,1911,2478,1806,2478
1900,2404,2031,2404,2031,2472,1900,2472
414,2520,556,2520,556,2598,414,2598
561,2525,687,2525,687,2598,561,2598
1811,2535,1895,2535,1895,2604,1811,2604
1905,2535,2031,2535,2031,2609,1905,2609
607,2668,761,2651,770,2734,616,2751
420,2667,593,2667,593,2751,420,2751
782,2667,908,2667,908,2745,782,2745
1155,2803,1291,2803,1291,2892,1155,2892
779,2814,923,2806,926,2876,783,2884
934,2808,1018,2808,1018,2877,934,2877
1024,2811,1147,2819,1143,2879,1020,2871
1296,2814,1433,2814,1433,2887,1296,2887
1444,2814,1673,2826,1669,2904,1439,2892
693,3050,866,3050,866,3123,693,3123
425,3066,514,3066,514,3139,425,3139
525,3066,682,3066,682,3134,525,3134
1444,3069,1771,3084,1768,3163,1440,3149
1764,3087,2050,3102,2046,3178,1760,3163
897,3213,1039,3213,1039,3281,897,3281
766,3218,887,3218,887,3286,766,3286
1055,3223,1176,3223,1176,3297,1055,3297
1192,3229,1328,3242,1322,3310,1185,3296
1339,3239,1519,3261,1510,3333,1330,3311
1522,3260,1695,3260,1695,3339,1522,3339
665,3316,907,3310,909,3380,667,3387
918,3312,1029,3312,1029,3370,918,3370
1050,3312,1134,3312,1134,3381,1050,3381
1145,3315,1369,3334,1363,3398,1139,3380
535,3323,656,3323,656,3391,535,3391
1386,3339,1580,3339,1580,3402,1386,3402
1596,3360,1785,3360,1785,3417,1596,3417
1808,3354,1942,3372,1933,3443,1798,3425
873,3486,1033,3478,1037,3548,877,3556
1057,3469,1317,3489,1311,3568,1051,3548
551,3492,727,3477,733,3554,557,3569
740,3486,861,3486,861,3554,740,3554
1328,3501,1422,3501,1422,3559,1328,3559
1443,3512,1606,3512,1606,3580,1443,3580
1622,3517,1785,3517,1785,3591,1622,3591
1800,3533,1921,3533,1921,3601,1800,3601
918,3564,1044,3564,1044,3633,918,3633
1035,3555,1327,3574,1322,3647,1030,3627
677,3570,897,3570,897,3638,677,3638
1313,3578,1478,3586,1474,3655,1309,3648
1475,3601,1501,3601,1501,3648,1475,3648
1523,3593,1783,3609,1779,3677,1519,3661
1008,3648,1144,3648,1144,3696,1008,3696
1150,3640,1384,3658,1380,3718,1146,3700
1386,3669,1459,3669,1459,3717,1386,3717
