771,310,1226,295,1230,400,774,415
1175,387,1256,380,1257,402,1177,408
1077,398,1176,387,1178,412,1080,423
950,410,1000,410,1000,430,950,430
1300,453,1380,453,1380,486,1300,486
1263,460,1286,460,1286,486,1263,486
1163,466,1250,466,1250,500,1163,500
646,473,730,473,730,503,646,503
1086,473,1160,473,1160,506,1086,506
733,480,816,480,816,513,733,513
1033,480,1076,480,1076,510,1033,510
820,483,863,483,863,513,820,513
866,486,933,486,933,516,866,516
940,486,1023,486,1023,513,940,513
1217,497,1282,490,1286,524,1220,532
1286,493,1363,493,1363,523,1286,523
1136,507,1215,497,1219,529,1140,539
1077,510,1136,505,1139,540,1080,545
657,507,745,515,743,546,654,538
750,513,810,513,810,546,750,546
1030,513,1076,513,1076,546,1030,546
976,516,1023,516,1023,550,976,550
816,523,836,523,836,546,816,546
853,520,936,520,936,553,853,553
943,523,963,523,963,550,943,550
1060,543,1156,543,1156,580,1060,580
918,556,1062,548,1064,583,920,592
860,556,923,556,923,586,860,586
1106,640,1243,640,1243,686,1106,686
1000,646,1096,646,1096,696,1000,696
777,647,878,651,876,697,774,693
883,656,990,656,990,696,883,696
1287,740,1413,732,1415,768,1290,776
611,746,700,760,694,798,605,785
1113,750,1213,750,1213,790,1113,790
700,756,766,756,766,790,700,790
786,760,963,760,963,793,786,793
1013,760,1056,760,1056,793,1013,793
966,763,1010,763,1010,793,966,793
1247,799,1415,786,1418,822,1250,835
1114,806,1225,798,1228,833,1117,841
610,810,673,810,673,843,610,843
696,813,986,813,986,846,696,846
1298,879,1412,874,1414,913,1300,917
606,893,670,893,670,926,606,926
674,891,763,901,759,935,670,925
1133,893,1176,893,1176,923,1133,923
883,900,956,900,956,933,883,933
963,900,1016,900,1016,936,963,936
606,953,683,953,683,986,606,986
1136,953,1186,953,1186,986,1136,986
686,956,770,956,770,990,686,990
1066,956,1130,956,1130,990,1066,990
770,957,859,967,855,999,767,989
856,960,916,960,916,993,856,993
920,957,998,962,996,997,918,993
1003,960,1063,960,1063,996,1003,996
1346,986,1413,986,1413,1020,1346,1020
1296,990,1343,990,1343,1023,1296,1023
603,996,760,996,760,1030,603,1030
760,1000,856,1000,856,1033,760,1033
953,1000,1016,1000,1016,1033,953,1033
906,1003,950,1003,950,1033,906,1033
1346,1026,1413,1026,1413,1063,1346,1063
1320,1036,1343,1036,1343,1063,1320,1063
603,1036,673,1036,673,1070,603,1070
600,1096,706,1096,706,1130,600,1130
1156,1096,1220,1096,1220,1130,1156,1130
713,1100,786,1100,786,1133,713,1133
866,1100,943,1100,943,1136,866,1136
1053,1100,1150,1100,1150,1133,1053,1133
790,1106,810,1106,810,1133,790,1133
816,1103,863,1103,863,1136,816,1136
946,1103,993,1103,993,1136,946,1136
1000,1103,1050,1103,1050,1136,1000,1136
1350,1133,1416,1133,1416,1166,1350,1166
600,1136,857,1140,856,1176,599,1172
1320,1136,1346,1136,1346,1166,1320,1166
926,1146,950,1146,950,1176,926,1176
953,1143,1013,1143,1013,1176,953,1176
600,1196,706,1196,706,1233,600,1233
713,1198,812,1206,809,1240,711,1233
1143,1200,1210,1200,1210,1233,1143,1233
813,1203,873,1203,873,1236,813,1236
1056,1203,1103,1203,1103,1233,1056,1233
876,1206,916,1206,916,1243,876,1243
920,1206,950,1206,950,1236,920,1236
956,1206,1053,1206,1053,1236,956,1236
1103,1206,1140,1206,1140,1240,1103,1240
596,1236,857,1243,856,1280,595,1273
1300,1240,1346,1240,1346,1273,1300,1273
1350,1240,1416,1240,1416,1273,1350,1273
953,1243,1013,1243,1013,1276,953,1276
903,1246,946,1246,946,1276,903,1276
596,1303,690,1303,690,1336,596,1336
696,1303,753,1303,753,1336,696,1336
1066,1303,1143,1303,1143,1340,1066,1340
1150,1303,1213,1303,1213,1340,1150,1340
755,1310,833,1305,835,1337,757,1342
840,1301,936,1310,932,1348,837,1339
937,1301,1045,1310,1042,1348,934,1339
1050,1310,1070,1310,1070,1340,1050,1340
593,1343,853,1343,853,1380,593,1380
950,1346,1013,1346,1013,1380,950,1380
1353,1346,1420,1346,1420,1380,1353,1380
926,1353,946,1353,946,1380,926,1380
590,1433,703,1433,703,1476,590,1476
710,1436,800,1436,800,1473,710,1473
840,1433,948,1437,946,1477,838,1473
810,1440,843,1440,843,1473,810,1473
1303,1440,1360,1440,1360,1476,1303,1476
1353,1440,1420,1440,1420,1476,1353,1476
590,1500,703,1500,703,1546,590,1546
710,1503,800,1503,800,1546,710,1546
806,1503,863,1503,863,1546,806,1546
873,1506,970,1506,970,1543,873,1543
1356,1510,1423,1510,1423,1546,1356,1546
1313,1513,1360,1513,1360,1550,1313,1550
687,1564,831,1568,829,1617,685,1613
586,1570,680,1570,680,1616,586,1616
833,1573,910,1573,910,1613,833,1613
1306,1583,1356,1583,1356,1623,1306,1623
1356,1583,1426,1583,1426,1623,1356,1623
586,1636,656,1636,656,1676,586,1676
660,1643,723,1643,723,1676,660,1676
1306,1650,1356,1650,1356,1686,1306,1686
1360,1653,1426,1653,1426,1690,1360,1690
583,1713,676,1713,676,1760,583,1760
680,1720,760,1720,760,1756,680,1756
770,1720,833,1720,833,1756,770,1756
1333,1736,1356,1736,1356,1766,1333,1766
1363,1733,1430,1733,1430,1766,1363,1766
767,1794,841,1798,839,1834,765,1829
846,1800,886,1800,886,1833,846,1833
893,1798,958,1803,956,1837,891,1832
960,1800,1033,1800,1033,1840,960,1840
1036,1803,1110,1803,1110,1840,1036,1840
1113,1801,1238,1809,1236,1848,1111,1839
713,1933,803,1933,803,1973,713,1973
573,1936,623,1936,623,1976,573,1976
623,1940,706,1940,706,1973,623,1973
1116,1946,1295,1956,1292,2000,1114,1990
1286,1955,1444,1961,1443,2004,1285,1998
816,2026,896,2026,896,2070,816,2070
746,2030,816,2030,816,2073,746,2073
900,2033,970,2033,970,2073,900,2073
977,2038,1052,2043,1049,2081,974,2076
1057,2044,1155,2054,1151,2095,1053,2085
1160,2056,1253,2056,1253,2100,1160,2100
620,2083,686,2083,686,2120,620,2120
690,2086,820,2086,820,2120,690,2120
830,2086,890,2086,890,2120,830,2120
896,2086,943,2086,943,2123,896,2123
950,2092,1074,2096,1073,2132,948,2128
1080,2095,1192,2102,1189,2141,1077,2133
1196,2109,1307,2113,1306,2147,1195,2143
1314,2110,1387,2120,1381,2159,1308,2148
626,2183,723,2183,723,2226,626,2226
726,2186,796,2186,796,2226,726,2226
800,2186,890,2186,890,2226,800,2226
896,2186,1043,2186,1043,2236,896,2236
1050,2196,1106,2196,1106,2240,1050,2240
1113,2206,1206,2206,1206,2250,1113,2250
1210,2210,1306,2210,1306,2253,1210,2253
1310,2216,1380,2216,1380,2260,1310,2260
820,2233,886,2233,886,2270,820,2270
690,2236,806,2236,806,2270,690,2270
886,2234,1035,2242,1032,2282,884,2274
1040,2246,1148,2252,1146,2290,1038,2285
1157,2254,1302,2264,1299,2303,1154,2293
870,2286,946,2286,946,2320,870,2320
946,2288,1078,2296,1076,2332,944,2325
1080,2300,1123,2300,1123,2333,1080,2333
