876,326,920,326,920,346,876,346
926,326,1063,326,1063,350,926,350
1070,330,1150,330,1150,350,1070,350
690,353,836,353,836,383,690,383
853,360,866,360,866,380,853,380
870,356,956,356,956,386,870,386
973,356,1130,356,1130,390,973,390
1133,363,1200,363,1200,393,1133,393
1217,358,1341,367,1339,398,1215,390
603,386,673,386,673,423,603,423
683,393,780,393,780,426,683,426
790,393,870,393,870,426,790,426
896,396,956,396,956,433,896,433
966,396,1120,400,1119,437,965,433
1133,403,1226,403,1226,440,1133,440
1236,406,1306,406,1306,440,1236,440
1317,405,1418,410,1416,452,1314,447
594,483,674,493,668,536,588,526
676,493,793,493,793,526,676,526
803,496,920,496,920,533,803,533
930,500,1066,500,1066,536,930,536
1073,500,1123,500,1123,536,1073,536
1133,503,1200,503,1200,540,1133,540
1210,502,1348,510,1346,547,1208,539
1353,513,1420,513,1420,550,1353,550
736,543,836,543,836,590,736,590
843,544,949,553,946,591,840,582
956,552,1038,557,1035,594,954,589
1046,556,1123,556,1123,600,1046,600
1130,560,1213,560,1213,600,1130,600
1220,563,1293,563,1293,606,1220,606
529,650,696,650,696,693,529,693
693,651,884,655,883,701,692,696
1233,663,1333,663,1333,710,1233,710
1336,666,1423,666,1423,703,1336,703
1430,670,1483,670,1483,713,1430,713
750,806,886,806,886,853,750,853
973,806,1056,806,1056,860,973,860
890,813,970,813,970,856,890,856
1060,811,1131,816,1129,851,1057,846
1136,816,1186,816,1186,856,1136,856
1190,816,1270,816,1270,853,1190,853
610,893,670,893,670,933,610,933
1200,893,1276,893,1276,940,1200,940
540,896,616,896,616,936,540,936
1280,896,1373,896,1373,943,1280,943
1383,896,1486,896,1486,940,1383,940
1326,980,1403,980,1403,1016,1326,1016
1406,980,1490,980,1490,1026,1406,1026
543,983,620,983,620,1023,543,1023
623,983,673,983,673,1023,623,1023
613,1056,670,1056,670,1096,613,1096
1113,1056,1203,1056,1203,1103,1113,1103
1213,1056,1376,1056,1376,1103,1213,1103
1386,1056,1490,1056,1490,1100,1386,1100
543,1060,620,1060,620,1100,543,1100
1050,1133,1163,1133,1163,1180,1050,1180
1173,1133,1240,1133,1240,1183,1173,1183
1250,1133,1350,1133,1350,1180,1250,1180
1360,1133,1490,1133,1490,1180,1360,1180
543,1136,620,1136,620,1176,543,1176
630,1143,660,1143,660,1170,630,1170
543,1210,626,1210,626,1250,543,1250
1076,1210,1240,1210,1240,1260,1076,1260
1246,1210,1350,1210,1350,1260,1246,1260
1360,1210,1490,1210,1490,1260,1360,1260
626,1216,650,1216,650,1250,626,1250
543,1320,613,1320,613,1356,543,1356
996,1320,1073,1320,1073,1360,996,1360
1186,1320,1490,1320,1490,1363,1186,1363
1013,1360,1080,1360,1080,1396,1013,1396
960,1366,1006,1366,1006,1400,960,1400
1086,1366,1186,1366,1186,1400,1086,1400
1196,1366,1270,1366,1270,1400,1196,1400
1276,1366,1313,1366,1313,1400,1276,1400
1316,1366,1416,1366,1416,1400,1316,1400
1423,1366,1483,1366,1483,1403,1423,1403
546,1436,623,1436,623,1476,546,1476
630,1443,666,1443,666,1473,630,1473
1400,1440,1483,1440,1483,1473,1400,1473
546,1483,620,1483,620,1520,546,1520
1000,1483,1070,1483,1070,1520,1000,1520
1080,1486,1103,1486,1103,1520,1080,1520
1183,1483,1316,1483,1316,1520,1183,1520
630,1490,653,1490,653,1520,630,1520
1320,1486,1386,1486,1386,1520,1320,1520
1386,1486,1480,1486,1480,1523,1386,1523
1060,1526,1120,1526,1120,1563,1060,1563
1127,1524,1205,1530,1202,1568,1124,1562
870,1530,936,1530,936,1566,870,1566
946,1533,1056,1533,1056,1570,946,1570
1210,1533,1313,1533,1313,1566,1210,1566
1326,1533,1410,1533,1410,1576,1326,1576
1411,1537,1476,1531,1479,1566,1414,1572
1000,1593,1060,1593,1060,1630,1000,1630
1297,1594,1398,1603,1396,1638,1294,1629
553,1600,676,1600,676,1636,553,1636
816,1600,863,1600,863,1633,816,1633
1066,1600,1150,1600,1150,1636,1066,1636
1400,1600,1476,1600,1476,1643,1400,1643
556,1686,600,1686,600,1720,556,1720
600,1686,733,1686,733,1720,600,1720
763,1690,886,1690,886,1723,763,1723
1033,1690,1076,1690,1076,1723,1033,1723
1076,1690,1183,1690,1183,1723,1076,1723
1186,1687,1367,1693,1366,1729,1185,1723
1393,1693,1466,1693,1466,1726,1393,1726
776,1736,886,1736,886,1773,776,1773
560,1740,693,1740,693,1773,560,1773
956,1743,1056,1743,1056,1776,956,1776
1060,1743,1260,1743,1260,1780,1060,1780
1366,1746,1463,1746,1463,1786,1366,1786
1273,1750,1360,1750,1360,1783,1273,1783
753,1833,901,1840,899,1879,752,1872
913,1840,1020,1840,1020,1883,913,1883
1033,1843,1146,1843,1146,1880,1033,1880
1163,1842,1274,1847,1272,1886,1161,1881
870,1930,953,1930,953,1956,870,1956
963,1933,1106,1933,1106,1956,963,1956
1110,1936,1170,1936,1170,1960,1110,1960
636,1950,713,1950,713,1970,636,1970
720,1947,784,1952,782,1974,718,1969
790,1950,867,1956,866,1978,788,1973
873,1956,930,1956,930,1976,873,1976
940,1960,986,1960,986,1980,940,1980
1000,1960,1046,1960,1046,1980,1000,1980
1063,1960,1083,1960,1083,1980,1063,1980
1090,1955,1181,1962,1179,1985,1088,1978
1200,1963,1220,1963,1220,1983,1200,1983
1230,1963,1293,1963,1293,1983,1230,1983
1300,1966,1390,1966,1390,1983,1300,1983
626,1968,704,1974,703,1996,625,1989
756,1972,844,1977,843,2000,755,1995
720,1976,743,1976,743,1996,720,1996
996,1976,1084,1980,1083,2001,995,1997
853,1980,923,1980,923,2000,853,2000
940,1980,980,1980,980,1996,940,1996
1093,1983,1163,1983,1163,2000,1093,2000
1173,1983,1213,1983,1213,2003,1173,2003
1223,1986,1290,1986,1290,2003,1223,2003
1333,1986,1396,1986,1396,2006,1333,2006
1020,2026,1080,2026,1080,2046,1020,2046
943,2030,1016,2030,1016,2053,943,2053
839,2035,939,2030,940,2056,840,2060
760,2040,836,2040,836,2063,760,2063
820,2050,1255,2034,1259,2122,823,2138
790,2106,830,2106,830,2140,790,2140
