666,690,1103,690,1103,790,666,790
1083,773,1163,773,1163,793,1083,793
986,776,1083,776,1083,800,986,800
1176,850,1196,850,1196,876,1176,876
1210,844,1291,849,1289,881,1208,876
1070,850,1160,850,1160,880,1070,880
940,853,983,853,983,886,940,886
996,853,1066,853,1066,883,996,883
543,856,626,856,626,890,543,890
633,860,713,860,713,893,633,893
720,860,763,860,763,893,720,893
840,860,930,860,930,890,840,890
766,863,836,863,836,893,766,893
1133,883,1196,883,1196,913,1133,913
1196,883,1276,883,1276,913,1196,913
936,886,986,886,986,920,936,920
990,886,1046,886,1046,920,990,920
1053,886,1126,886,1126,916,1053,916
880,890,926,890,926,923,880,923
846,896,866,896,866,923,846,923
553,896,643,896,643,923,553,923
646,896,710,896,710,923,646,923
716,900,740,900,740,923,716,923
753,896,840,896,840,926,753,926
966,923,1066,923,1066,956,966,956
823,926,963,926,963,960,823,960
760,930,823,930,823,960,760,960
670,1016,773,1016,773,1063,670,1063
906,1016,1010,1016,1010,1063,906,1063
1018,1018,1156,1012,1158,1058,1020,1064
786,1023,893,1023,893,1060,786,1060
1210,1123,1336,1123,1336,1156,1210,1156
496,1126,583,1126,583,1166,496,1166
590,1126,670,1126,670,1160,590,1160
683,1126,866,1126,866,1160,683,1160
876,1126,916,1126,916,1160,876,1160
920,1126,966,1126,966,1160,920,1160
1030,1126,1130,1126,1130,1163,1030,1163
1030,1176,1146,1176,1146,1213,1030,1213
1170,1176,1340,1176,1340,1213,1170,1213
586,1180,893,1180,893,1216,586,1216
493,1186,560,1186,560,1220,493,1220
1226,1263,1340,1263,1340,1300,1226,1300
1050,1266,1096,1266,1096,1300,1050,1300
786,1270,863,1270,863,1303,786,1303
870,1270,926,1270,926,1306,870,1306
490,1273,553,1273,553,1310,490,1310
560,1270,651,1275,649,1311,558,1306
876,1330,963,1330,963,1373,876,1373
718,1337,873,1331,874,1366,720,1373
483,1336,566,1336,566,1373,483,1373
583,1336,666,1336,666,1370,583,1370
673,1340,716,1340,716,1370,673,1370
1230,1373,1276,1373,1276,1406,1230,1406
1280,1373,1350,1373,1350,1410,1280,1410
860,1376,926,1376,926,1413,860,1413
566,1380,650,1380,650,1416,566,1416
650,1380,756,1380,756,1416,650,1416
813,1380,856,1380,856,1413,813,1413
480,1383,570,1383,570,1416,480,1416
743,1470,863,1470,863,1516,743,1516
1286,1470,1356,1470,1356,1510,1286,1510
480,1473,596,1473,596,1523,480,1523
606,1473,700,1473,700,1520,606,1520
1236,1473,1283,1473,1283,1510,1236,1510
710,1480,746,1480,746,1513,710,1513
578,1545,729,1541,731,1589,580,1594
1236,1543,1293,1543,1293,1583,1236,1583
1290,1543,1356,1543,1356,1580,1290,1580
476,1546,573,1546,573,1593,476,1593
740,1546,820,1546,820,1586,740,1586
1236,1613,1286,1613,1286,1650,1236,1650
1290,1613,1360,1613,1360,1646,1290,1646
473,1616,550,1616,550,1656,473,1656
553,1620,620,1620,620,1660,553,1660
1293,1693,1363,1693,1363,1733,1293,1733
1263,1696,1296,1696,1296,1733,1263,1733
473,1700,570,1700,570,1746,473,1746
576,1700,663,1700,663,1743,576,1743
670,1703,736,1703,736,1740,670,1740
880,1780,956,1780,956,1830,880,1830
960,1780,1033,1780,1033,1816,960,1816
1043,1780,1170,1780,1170,1823,1043,1823
753,1783,800,1783,800,1820,753,1820
670,1786,746,1786,746,1823,670,1823
806,1786,873,1786,873,1820,806,1820
1236,1923,1373,1923,1373,1960,1236,1960
616,1926,713,1926,713,1966,616,1966
1046,1926,1223,1926,1223,1963,1046,1963
1223,1930,1240,1930,1240,1960,1223,1960
470,1930,523,1930,523,1973,470,1973
526,1936,613,1936,613,1970,526,1970
731,2019,812,2014,814,2056,733,2060
656,2023,726,2023,726,2060,656,2060
820,2023,893,2023,893,2056,820,2056
900,2023,976,2023,976,2056,900,2056
983,2023,1083,2023,1083,2060,983,2060
1090,2023,1183,2023,1183,2060,1090,2060
1010,2063,1120,2063,1120,2100,1010,2100
1243,2061,1312,2066,1309,2101,1241,2096
1126,2066,1233,2066,1233,2096,1126,2096
816,2070,866,2070,866,2103,816,2103
872,2073,999,2068,1001,2100,873,2105
530,2073,596,2073,596,2106,530,2106
603,2073,736,2073,736,2106,603,2106
746,2073,810,2073,810,2106,746,2106
1140,2150,1230,2150,1230,2183,1140,2183
1233,2150,1300,2150,1300,2183,1233,2183
820,2156,966,2156,966,2193,820,2193
976,2156,1033,2156,1033,2190,976,2190
1040,2156,1130,2156,1130,2190,1040,2190
546,2160,640,2160,640,2200,546,2200
721,2163,809,2158,811,2193,723,2197
646,2163,713,2163,713,2196,646,2196
1083,2193,1223,2193,1223,2223,1083,2223
812,2200,963,2195,964,2228,813,2233
973,2200,990,2200,990,2226,973,2226
990,2196,1073,2196,1073,2226,990,2226
743,2203,810,2203,810,2233,743,2233
613,2206,730,2206,730,2236,613,2236
880,2236,1006,2236,1006,2260,880,2260
1013,2236,1050,2236,1050,2256,1013,2256
800,2240,873,2240,873,2263,800,2263
