819,330,1685,330,1685,551,819,551
1449,535,1653,535,1653,593,1449,593
1650,541,1815,530,1819,587,1654,597
1302,546,1449,546,1449,598,1302,598
1181,551,1296,551,1296,598,1181,598
572,695,738,707,733,766,568,754
756,708,918,708,918,777,756,777
929,714,1013,714,1013,782,929,782
1632,714,1800,714,1800,787,1632,787
1821,714,1874,714,1874,771,1821,771
1901,708,2062,720,2057,795,1895,784
1023,719,1155,719,1155,782,1023,782
1365,719,1454,719,1454,787,1365,787
1480,719,1611,719,1611,787,1480,787
1170,724,1354,724,1354,792,1170,792
598,777,766,777,766,840,598,840
782,782,908,782,908,850,782,850
913,787,960,787,960,850,913,850
1354,787,1449,787,1449,861,1354,861
1737,787,1869,787,1869,861,1737,861
993,789,1169,800,1164,871,989,860
1459,792,1569,792,1569,861,1459,861
1580,792,1732,792,1732,861,1580,861
1874,792,2026,792,2026,861,1874,861
1170,798,1212,798,1212,861,1170,861
1249,798,1338,798,1338,866,1249,866
1013,871,1134,871,1134,934,1013,934
1128,871,1575,871,1575,945,1128,945
1575,876,1601,876,1601,929,1575,929
829,1060,1029,1060,1029,1160,829,1160
1496,1065,1769,1065,1769,1170,1496,1170
1286,1071,1480,1071,1480,1170,1286,1170
1055,1086,1265,1086,1265,1165,1055,1165
498,1286,672,1286,672,1365,498,1365
682,1287,832,1294,829,1355,680,1348
866,1295,1215,1309,1212,1381,863,1367
1512,1307,1706,1307,1706,1396,1512,1396
1218,1312,1307,1312,1307,1375,1218,1375
1323,1312,1396,1312,1396,1375,1323,1375
1858,1312,2100,1312,2100,1386,1858,1386
498,1401,624,1401,624,1464,498,1464
678,1394,1037,1410,1033,1485,674,1469
1024,1411,1266,1417,1264,1490,1022,1483
1512,1417,1732,1417,1732,1485,1512,1485
1774,1422,2021,1422,2021,1496,1774,1496
2016,1428,2094,1428,2094,1496,2016,1496
498,1569,624,1569,624,1643,498,1643
632,1569,815,1592,806,1664,623,1641
1060,1590,1197,1590,1197,1653,1060,1653
1212,1596,1317,1596,1317,1674,1212,1674
1543,1596,1627,1596,1627,1664,1543,1664
1869,1596,2084,1596,2084,1674,1869,1674
498,1695,714,1695,714,1769,498,1769
724,1706,966,1706,966,1779,724,1779
981,1716,1160,1716,1160,1785,981,1785
1165,1722,1307,1722,1307,1795,1165,1795
1449,1722,1569,1722,1569,1790,1449,1790
1580,1719,1771,1726,1768,1797,1577,1789
1307,1727,1438,1727,1438,1785,1307,1785
1779,1727,1905,1727,1905,1795,1779,1795
493,1780,1004,1792,1002,1867,492,1855
1107,1800,1191,1800,1191,1869,1107,1869
1197,1800,1312,1800,1312,1869,1197,1869
1863,1816,1963,1816,1963,1879,1863,1879
1958,1816,2079,1816,2079,1884,1958,1884
493,1905,598,1905,598,1974,493,1974
603,1916,771,1916,771,1974,603,1974
782,1916,850,1916,850,1979,782,1979
861,1916,981,1916,981,1979,861,1979
1002,1921,1165,1921,1165,1984,1002,1984
1170,1926,1286,1926,1286,1989,1170,1989
1296,1932,1370,1932,1370,1984,1296,1984
488,1982,998,1989,997,2064,487,2057
1191,2000,1312,2000,1312,2068,1191,2068
1953,2021,2079,2021,2079,2084,1953,2084
488,2157,703,2157,703,2241,488,2241
724,2163,897,2163,897,2241,724,2241
913,2163,1186,2163,1186,2241,913,2241
1853,2194,2073,2194,2073,2268,1853,2268
677,2283,950,2283,950,2367,677,2367
483,2289,661,2289,661,2367,483,2367
966,2289,1113,2289,1113,2367,966,2367
1848,2319,2070,2326,2068,2403,1846,2396
477,2415,619,2415,619,2493,477,2493
630,2425,750,2425,750,2493,630,2493
1853,2451,2068,2451,2068,2525,1853,2525
672,2556,819,2556,819,2640,672,2640
477,2562,656,2562,656,2640,477,2640
840,2567,960,2567,960,2646,840,2646
1202,2709,1338,2709,1338,2798,1202,2798
831,2719,975,2712,978,2781,835,2789
981,2714,1065,2714,1065,2782,981,2782
1076,2714,1197,2714,1197,2782,1076,2782
1344,2714,1475,2714,1475,2793,1344,2793
1486,2721,1711,2737,1705,2816,1481,2800
472,2950,561,2950,561,3029,472,3029
735,2950,903,2950,903,3029,735,3029
572,2966,729,2966,729,3029,572,3029
1486,2973,1803,2987,1799,3062,1482,3048
1790,2990,2071,3003,2067,3074,1787,3062
934,3113,1076,3113,1076,3192,934,3192
803,3123,924,3123,924,3197,803,3197
1086,3123,1212,3123,1212,3197,1086,3197
1229,3126,1363,3134,1359,3205,1224,3196
1372,3133,1551,3156,1541,3233,1363,3210
1559,3160,1727,3160,1727,3234,1559,3234
572,3218,693,3218,693,3286,572,3286
703,3218,939,3218,939,3286,703,3286
946,3225,1063,3212,1070,3273,953,3286
1081,3218,1170,3218,1170,3286,1081,3286
1176,3217,1403,3223,1401,3295,1174,3288
1414,3226,1616,3240,1611,3314,1409,3300
1622,3255,1811,3255,1811,3312,1622,3312
1830,3248,1964,3267,1954,3339,1819,3320
582,3391,756,3391,756,3465,582,3465
903,3391,1060,3391,1060,3459,903,3459
1081,3387,1340,3394,1338,3466,1079,3459
771,3396,892,3396,892,3465,771,3465
1359,3402,1449,3402,1449,3470,1359,3470
1470,3412,1632,3412,1632,3486,1470,3486
1643,3423,1806,3423,1806,3496,1643,3496
1821,3433,1937,3433,1937,3507,1821,3507
939,3475,1344,3475,1344,3543,939,3543
708,3480,918,3480,918,3543,708,3543
1338,3486,1501,3486,1501,3559,1338,3559
1496,3507,1522,3507,1522,3554,1496,3554
1544,3496,1815,3516,1810,3586,1539,3567
1029,3559,1165,3559,1165,3606,1029,3606
1171,3550,1404,3565,1401,3624,1167,3609
1407,3570,1480,3570,1480,3627,1407,3627
