654,307,1096,295,1099,400,657,412
975,387,1072,380,1074,404,976,411
1203,443,1286,443,1286,476,1203,476
1063,456,1153,456,1153,490,1063,490
523,470,593,470,593,500,523,500
986,470,1056,470,1056,500,986,500
926,473,973,473,973,506,926,506
613,474,701,480,699,511,611,505
703,480,750,480,750,513,703,513
753,483,823,483,823,513,753,513
830,483,920,483,920,513,830,513
1186,483,1270,483,1270,516,1186,516
1120,486,1186,486,1186,523,1120,523
1037,500,1116,494,1118,529,1040,534
533,503,629,513,625,544,530,534
976,506,1036,506,1036,540,976,540
630,507,697,517,692,549,625,539
920,510,973,510,973,543,920,543
866,513,916,513,916,546,866,546
703,520,723,520,723,546,703,546
833,520,856,520,856,546,833,546
736,520,826,520,826,550,736,550
953,549,1054,534,1059,569,958,585
806,550,950,550,950,583,806,583
746,553,810,553,810,583,746,583
1003,640,1143,640,1143,690,1003,690
657,642,763,650,759,698,653,690
890,646,996,646,996,693,890,693
770,653,880,653,880,696,770,696
1190,742,1322,730,1326,768,1193,780
478,732,571,751,563,792,470,773
570,748,655,755,652,788,567,780
1010,753,1110,753,1110,793,1010,793
666,755,851,763,849,801,665,793
853,760,896,760,896,793,853,793
903,760,950,760,950,793,903,793
1151,803,1323,790,1326,827,1153,841
473,796,540,796,540,833,473,833
570,801,738,815,735,851,567,838
1013,810,1126,810,1126,846,1013,846
736,816,876,816,876,850,736,850
466,883,533,883,533,920,466,920
1204,887,1322,880,1324,919,1207,926
542,881,639,899,632,936,535,918
1030,900,1076,900,1076,933,1030,933
850,903,906,903,906,943,850,943
770,906,846,906,846,940,770,940
466,942,605,950,602,988,464,979
1104,960,1286,949,1288,992,1107,1003
610,957,768,964,766,1002,608,994
914,964,1003,974,999,1009,910,999
1006,966,1070,966,1070,1000,1006,1000
1083,970,1100,970,1100,993,1083,993
773,967,910,971,909,1007,772,1003
460,985,615,997,612,1034,457,1022
1253,996,1323,996,1323,1033,1253,1033
613,998,738,1008,736,1044,610,1034
1203,1000,1250,1000,1250,1036,1203,1036
840,1010,906,1010,906,1046,840,1046
790,1013,836,1013,836,1046,790,1046
456,1083,576,1083,576,1130,456,1130
587,1087,686,1096,681,1142,583,1132
1203,1096,1260,1096,1260,1136,1203,1136
1256,1096,1326,1096,1326,1133,1256,1133
690,1100,836,1100,836,1143,690,1143
453,1153,550,1153,550,1200,453,1200
560,1150,713,1161,709,1211,557,1200
1206,1166,1256,1166,1256,1206,1206,1206
1256,1166,1326,1166,1326,1203,1256,1203
716,1170,796,1170,796,1206,716,1206
446,1220,526,1220,526,1256,446,1256
530,1230,600,1230,600,1263,530,1263
1210,1236,1253,1236,1253,1270,1210,1270
1260,1236,1330,1236,1330,1270,1260,1270
443,1296,543,1296,543,1343,443,1343
553,1306,633,1306,633,1343,553,1343
646,1310,713,1310,713,1350,646,1350
1233,1316,1256,1316,1256,1350,1233,1350
1260,1313,1330,1313,1330,1350,1260,1350
643,1390,720,1390,720,1426,643,1426
726,1393,770,1393,770,1430,726,1430
850,1393,926,1393,926,1440,850,1440
926,1393,1003,1393,1003,1433,926,1433
1007,1389,1135,1398,1132,1437,1004,1429
777,1394,845,1400,842,1434,774,1429
426,1523,480,1523,480,1570,426,1570
580,1526,680,1526,680,1570,580,1570
486,1533,573,1533,573,1566,486,1566
1010,1540,1190,1540,1190,1583,1010,1583
1186,1540,1346,1540,1346,1583,1186,1583
616,1630,690,1630,690,1670,616,1670
693,1630,773,1630,773,1673,693,1673
783,1633,853,1633,853,1673,783,1673
863,1636,940,1636,940,1673,863,1673
946,1638,1045,1644,1043,1684,944,1678
1053,1643,1153,1643,1153,1686,1053,1686
476,1683,546,1683,546,1720,476,1720
556,1686,697,1690,696,1725,555,1721
703,1690,770,1690,770,1723,703,1723
776,1690,826,1690,826,1726,776,1726
833,1693,963,1693,963,1726,833,1726
970,1693,1083,1693,1083,1730,970,1730
1093,1695,1204,1700,1203,1734,1092,1729
1214,1693,1290,1704,1284,1743,1209,1732
483,1786,586,1786,586,1836,483,1836
670,1790,766,1790,766,1836,670,1836
776,1790,926,1790,926,1840,776,1840
593,1793,666,1793,666,1836,593,1836
936,1796,993,1796,993,1840,936,1840
1003,1803,1100,1803,1100,1846,1003,1846
1106,1803,1203,1803,1203,1846,1106,1846
1210,1806,1283,1806,1283,1850,1210,1850
553,1844,677,1848,676,1887,552,1882
693,1846,766,1846,766,1890,693,1890
763,1850,923,1850,923,1890,763,1890
926,1853,1040,1853,1040,1893,926,1893
1046,1851,1201,1858,1199,1902,1045,1896
746,1903,826,1903,826,1933,746,1933
830,1903,966,1903,966,1936,830,1936
970,1906,1013,1906,1013,1936,970,1936
