659,360,1096,356,1097,456,660,460
1031,511,1235,495,1238,526,1034,542
544,507,621,514,619,539,541,532
624,510,709,521,705,550,620,539
966,523,1026,523,1026,550,966,550
703,520,821,527,819,558,701,551
910,526,953,526,953,553,910,553
827,531,901,537,899,562,825,556
1014,547,1205,530,1208,560,1016,576
550,537,636,548,632,578,546,567
637,544,732,554,729,586,633,576
903,559,1012,547,1015,579,907,591
736,556,850,556,850,590,736,590
856,563,903,563,903,590,856,590
934,588,1029,579,1032,610,937,620
743,589,934,596,932,629,742,621
976,677,1109,663,1113,706,980,719
663,673,765,678,762,724,661,719
874,689,973,674,980,718,881,733
770,686,870,686,870,723,770,723
1150,762,1272,751,1275,785,1153,796
501,759,591,777,583,814,494,796
590,771,662,777,659,808,587,803
986,776,1080,776,1080,810,986,810
677,775,848,787,846,821,674,809
850,786,936,786,936,820,850,820
1114,816,1275,802,1278,834,1117,848
500,816,556,816,556,850,500,850
987,826,1095,817,1098,849,990,859
587,821,874,839,872,872,585,854
1161,889,1272,880,1275,916,1164,925
496,896,563,896,563,930,496,930
564,900,656,911,652,945,559,935
1006,906,1050,906,1050,936,1006,936
773,913,843,913,843,946,773,946
846,920,900,920,900,953,846,953
497,951,641,960,639,997,494,989
988,967,1109,958,1112,992,990,1001
643,966,726,966,726,996,643,996
730,970,793,970,793,1003,730,1003
930,973,986,973,986,1003,930,1003
796,976,920,976,920,1010,796,1010
1210,986,1276,986,1276,1020,1210,1020
493,991,748,1009,746,1046,491,1028
1166,993,1213,993,1213,1023,1166,1023
1023,1013,1043,1013,1043,1036,1023,1036
793,1013,836,1013,836,1043,793,1043
836,1013,900,1013,900,1043,836,1043
493,1053,543,1053,543,1086,493,1086
546,1060,633,1060,633,1093,546,1093
636,1063,703,1063,703,1096,636,1096
703,1070,756,1070,756,1100,703,1100
870,1070,990,1070,990,1100,870,1100
763,1074,864,1079,863,1104,762,1099
1213,1086,1280,1086,1280,1120,1213,1120
490,1090,748,1105,746,1141,488,1126
1146,1093,1210,1093,1210,1126,1146,1126
790,1110,836,1110,836,1140,790,1140
836,1110,903,1110,903,1140,836,1140
490,1148,654,1157,653,1192,488,1183
994,1164,1116,1155,1118,1186,997,1196
656,1160,723,1160,723,1193,656,1193
726,1166,780,1166,780,1196,726,1196
780,1165,864,1170,862,1204,778,1199
886,1165,991,1169,989,1200,885,1196
860,1170,890,1170,890,1196,860,1196
1213,1186,1283,1186,1283,1220,1213,1220
490,1186,671,1198,669,1234,488,1223
1170,1190,1213,1190,1213,1223,1170,1223
666,1200,746,1200,746,1233,666,1233
790,1203,900,1203,900,1236,790,1236
1216,1226,1283,1226,1283,1260,1216,1260
490,1233,563,1233,563,1263,490,1263
1220,1316,1286,1316,1286,1350,1220,1350
486,1320,596,1320,596,1360,486,1360
1153,1320,1216,1320,1216,1353,1153,1353
603,1326,693,1326,693,1363,603,1363
700,1326,840,1326,840,1363,700,1363
1223,1383,1290,1383,1290,1416,1223,1416
483,1386,596,1386,596,1430,483,1430
603,1390,690,1390,690,1426,603,1426
696,1390,753,1390,753,1426,696,1426
760,1393,860,1393,860,1426,760,1426
1223,1450,1293,1450,1293,1483,1223,1483
480,1453,573,1453,573,1493,480,1493
580,1453,720,1453,720,1493,580,1493
1156,1453,1223,1453,1223,1483,1156,1483
726,1460,803,1460,803,1493,726,1493
1226,1513,1296,1513,1296,1550,1226,1550
1160,1516,1223,1516,1223,1550,1160,1550
476,1520,543,1520,543,1556,476,1556
543,1523,626,1523,626,1560,543,1560
630,1519,715,1527,712,1562,627,1554
473,1563,630,1563,630,1596,473,1596
473,1636,570,1636,570,1680,473,1680
573,1636,656,1636,656,1680,573,1680
660,1636,726,1636,726,1673,660,1673
850,1710,923,1710,923,1753,850,1753
926,1710,996,1710,996,1746,926,1746
1000,1707,1117,1711,1116,1750,998,1746
660,1716,733,1716,733,1750,660,1750
736,1716,780,1716,780,1750,736,1750
783,1716,850,1716,850,1750,783,1750
603,1850,696,1850,696,1890,603,1890
1003,1849,1169,1849,1169,1886,1003,1886
1166,1847,1314,1852,1313,1890,1165,1886
463,1853,516,1853,516,1896,463,1896
516,1860,600,1860,600,1893,516,1893
708,1942,789,1938,791,1979,710,1984
793,1943,863,1943,863,1980,793,1980
870,1943,943,1943,943,1976,870,1976
947,1939,1045,1947,1042,1985,944,1977
640,1946,706,1946,706,1983,640,1983
1046,1946,1133,1946,1133,1986,1046,1986
970,1987,1081,1991,1079,2027,969,2023
846,1993,966,1993,966,2026,846,2026
790,1996,840,1996,840,2030,790,2030
513,2000,580,2000,580,2036,513,2036
717,2003,785,1997,788,2029,720,2035
1083,1996,1187,2001,1186,2034,1082,2029
1191,1996,1264,2007,1259,2042,1186,2032
583,2003,716,2003,716,2036,583,2036
793,2093,940,2093,940,2136,793,2136
940,2093,996,2093,996,2126,940,2126
1003,2093,1096,2093,1096,2136,1003,2136
1096,2093,1190,2093,1190,2136,1096,2136
523,2096,620,2096,620,2143,523,2143
693,2100,783,2100,783,2140,693,2140
620,2103,693,2103,693,2143,620,2143
1190,2103,1263,2103,1263,2143,1190,2143
778,2145,936,2138,937,2182,780,2189
933,2140,1040,2140,1040,2176,933,2176
1043,2140,1185,2150,1182,2187,1041,2176
716,2146,783,2146,783,2183,716,2183
586,2153,703,2153,703,2186,586,2186
841,2194,972,2185,975,2217,843,2227
973,2186,1016,2186,1016,2216,973,2216
