1011,320,1086,314,1088,339,1013,345
877,333,1005,317,1009,349,881,365
840,336,876,336,876,363,840,363
1150,333,1266,333,1266,366,1150,366
1065,350,1134,340,1139,376,1070,386
920,364,1066,348,1070,386,924,402
813,370,913,370,913,406,813,406
1243,370,1340,370,1340,413,1243,413
667,367,805,375,803,411,665,403
1166,380,1233,380,1233,413,1166,413
1066,393,1158,383,1162,418,1070,429
916,410,1059,394,1063,432,920,449
590,413,660,413,660,456,590,456
663,416,756,416,756,460,663,460
856,416,910,416,910,450,856,450
760,420,846,420,846,453,760,453
1283,466,1350,466,1350,500,1283,500
1141,478,1276,470,1278,503,1143,511
1067,490,1135,483,1139,519,1070,525
1016,493,1063,493,1063,523,1016,523
885,511,1008,493,1013,528,890,546
586,506,653,506,653,543,586,543
663,513,766,513,766,543,663,543
773,513,883,513,883,546,773,546
1151,530,1222,524,1225,562,1154,568
1066,540,1149,531,1154,570,1071,580
993,546,1063,546,1063,580,993,580
913,553,986,553,986,586,913,586
713,556,803,556,803,596,713,596
813,556,906,556,906,590,813,590
1363,600,1413,600,1413,636,1363,636
1270,606,1356,606,1356,640,1270,640
1167,620,1265,611,1269,651,1171,660
530,650,676,650,676,686,530,686
676,653,850,653,850,690,676,690
1135,763,1213,758,1215,796,1137,801
1086,766,1133,766,1133,803,1086,803
936,770,1013,770,1013,820,936,820
1016,773,1080,773,1080,806,1016,806
860,786,933,786,933,823,860,823
733,790,853,790,853,826,733,826
1323,829,1425,821,1429,866,1327,874
1223,837,1314,828,1319,873,1227,882
1150,840,1223,840,1223,883,1150,883
540,866,606,866,606,903,540,903
613,870,640,870,640,903,613,903
1346,906,1423,906,1423,946,1346,946
1270,913,1343,913,1343,950,1270,950
540,943,610,943,610,980,540,980
616,946,660,946,660,983,616,983
1330,976,1430,976,1430,1016,1330,1016
1164,992,1322,983,1325,1029,1167,1038
1071,1000,1152,995,1155,1034,1074,1039
426,1006,456,1006,456,1103,426,1103
480,1006,516,1006,516,1086,480,1086
616,1016,660,1016,660,1050,616,1050
330,1016,426,1016,426,1116,330,1116
1308,1053,1432,1047,1435,1091,1310,1098
1201,1063,1295,1059,1298,1100,1203,1105
1040,1070,1160,1070,1160,1116,1040,1116
1160,1070,1186,1070,1186,1103,1160,1103
623,1090,663,1090,663,1120,623,1120
483,1093,520,1093,520,1210,483,1210
540,1093,590,1093,590,1286,540,1286
430,1106,463,1106,463,1170,430,1170
330,1116,436,1116,436,1266,330,1266
1343,1156,1436,1156,1436,1196,1343,1196
1253,1163,1346,1163,1346,1206,1253,1206
1146,1166,1253,1166,1253,1206,1146,1206
973,1176,1040,1176,1040,1213,973,1213
1043,1176,1086,1176,1086,1213,1043,1213
1348,1206,1436,1202,1438,1239,1350,1244
486,1210,530,1210,530,1310,486,1310
1240,1210,1330,1210,1330,1246,1240,1246
1190,1213,1233,1213,1233,1246,1190,1246
1025,1223,1183,1214,1185,1249,1027,1258
936,1220,1026,1220,1026,1263,936,1263
1235,1283,1439,1273,1441,1311,1237,1322
1148,1285,1239,1281,1241,1319,1150,1324
1046,1290,1073,1290,1073,1323,1046,1323
976,1293,1043,1293,1043,1326,976,1326
490,1316,530,1316,530,1413,490,1413
1292,1326,1439,1321,1440,1359,1293,1364
1216,1326,1286,1326,1286,1363,1216,1363
943,1328,1058,1337,1055,1374,941,1366
1136,1330,1210,1330,1210,1363,1136,1363
1060,1333,1133,1333,1133,1366,1060,1366
733,1336,810,1336,810,1376,733,1376
816,1340,883,1340,883,1373,816,1373
886,1340,940,1340,940,1373,886,1373
360,1373,406,1373,406,1436,360,1436
436,1390,466,1390,466,1463,436,1463
1306,1393,1446,1393,1446,1436,1306,1436
1152,1399,1289,1394,1291,1433,1153,1438
1290,1403,1310,1403,1310,1433,1290,1433
976,1403,1046,1403,1046,1440,976,1440
1050,1403,1096,1403,1096,1436,1050,1436
406,1406,436,1406,436,1510,406,1510
630,1413,666,1413,666,1446,630,1446
496,1420,526,1420,526,1483,496,1483
360,1440,406,1440,406,1533,360,1533
1368,1447,1442,1442,1445,1479,1370,1484
1100,1446,1173,1446,1173,1483,1100,1483
1180,1446,1273,1446,1273,1483,1180,1483
1283,1446,1373,1446,1373,1486,1283,1486
854,1454,963,1448,965,1489,857,1495
1023,1450,1096,1450,1096,1483,1023,1483
970,1453,1016,1453,1016,1486,970,1486
713,1456,833,1456,833,1493,713,1493
833,1463,850,1463,850,1490,833,1490
440,1466,470,1466,470,1520,440,1520
498,1494,534,1496,528,1598,491,1596
1271,1507,1374,1520,1369,1558,1266,1545
980,1513,1040,1513,1040,1553,980,1553
1376,1513,1450,1513,1450,1560,1376,1560
1046,1520,1126,1520,1126,1556,1046,1556
803,1526,853,1526,853,1563,803,1563
600,1616,620,1616,620,1640,600,1640
1016,1623,1170,1623,1170,1663,1016,1663
1166,1623,1353,1623,1353,1663,1166,1663
1393,1623,1456,1623,1456,1666,1393,1666
750,1630,873,1630,873,1666,750,1666
631,1635,722,1631,724,1669,633,1674
549,1656,636,1652,637,1675,550,1679
763,1681,877,1687,875,1733,761,1728
1360,1681,1463,1689,1459,1738,1356,1730
943,1686,1036,1686,1036,1723,943,1723
1046,1686,1250,1686,1250,1730,1046,1730
1263,1690,1353,1690,1353,1726,1263,1726
544,1706,683,1698,685,1741,546,1749
734,1815,889,1808,891,1861,737,1868
903,1810,1013,1810,1013,1860,903,1860
1026,1810,1143,1810,1143,1856,1026,1856
1156,1811,1274,1817,1272,1869,1154,1864
850,1940,946,1940,946,1983,850,1983
950,1935,1178,1944,1176,1989,948,1980
836,1950,853,1950,853,1980,836,1980
856,1986,923,1986,923,2030,856,2030
923,1986,983,1986,983,2030,923,2030
990,1986,1040,1986,1040,2023,990,2023
1060,1990,1083,1990,1083,2023,1060,2023
1090,1983,1189,1990,1185,2032,1087,2024
766,1993,850,1993,850,2030,766,2030
1206,2000,1233,2000,1233,2033,1206,2033
1236,1996,1313,1996,1313,2040,1236,2040
690,2000,763,2000,763,2043,690,2043
1317,1996,1422,2003,1419,2042,1314,2035
600,2010,686,2010,686,2046,600,2046
990,2023,1085,2030,1083,2071,987,2064
926,2030,976,2030,976,2066,926,2066
833,2033,910,2033,910,2070,833,2070
1093,2031,1175,2037,1172,2075,1091,2069
726,2040,823,2040,823,2080,726,2080
1180,2040,1230,2040,1230,2083,1180,2083
1236,2043,1333,2043,1333,2086,1236,2086
1340,2046,1442,2053,1439,2091,1337,2084
583,2060,670,2060,670,2096,583,2096
933,2140,1016,2140,1016,2170,933,2170
811,2148,929,2142,931,2175,813,2181
727,2164,812,2156,815,2183,730,2191
802,2160,1301,2185,1294,2311,796,2285
