837,221,1811,258,1802,497,828,460
1542,456,1768,450,1770,511,1543,518
1769,451,1947,451,1947,514,1769,514
1244,456,1375,456,1375,514,1244,514
1375,456,1543,456,1543,519,1375,519
567,624,756,624,756,698,567,698
2048,632,2225,646,2219,722,2042,708
773,631,955,647,949,722,767,707
1963,640,2016,640,2016,703,1963,703
966,645,1055,645,1055,719,966,719
1743,645,1937,645,1937,719,1743,719
1076,651,1223,651,1223,724,1076,724
1240,646,1431,657,1427,734,1235,723
1454,651,1554,651,1554,724,1454,724
1580,651,1732,651,1732,719,1580,719
600,708,798,726,791,798,593,780
808,724,945,724,945,798,808,798
1443,724,1548,724,1548,803,1443,803
1869,724,2010,724,2010,803,1869,803
2021,724,2189,724,2189,798,2021,798
1559,729,1685,729,1685,803,1559,803
1695,729,1863,729,1863,803,1695,803
955,735,1008,735,1008,798,955,798
1039,735,1228,735,1228,813,1039,813
1239,735,1291,735,1291,803,1239,803
1323,735,1422,735,1422,808,1323,808
1197,813,1727,813,1727,892,1197,892
1060,819,1197,819,1197,892,1060,892
866,1029,1086,1029,1086,1139,866,1139
1611,1029,1911,1029,1911,1139,1611,1139
1367,1037,1584,1029,1588,1138,1371,1146
1113,1042,1351,1050,1348,1146,1110,1138
500,1276,699,1297,689,1388,490,1367
708,1291,876,1291,876,1370,708,1370
2013,1297,2288,1286,2291,1366,2016,1377
908,1302,1296,1302,1296,1380,908,1380
1632,1302,1848,1302,1848,1391,1632,1391
1302,1307,1401,1307,1401,1380,1302,1380
1401,1307,1496,1307,1496,1380,1401,1380
498,1417,645,1417,645,1491,498,1491
703,1415,1098,1424,1096,1505,701,1495
1926,1417,2283,1417,2283,1496,1926,1496
1630,1427,1873,1418,1876,1496,1633,1505
1092,1428,1270,1428,1270,1501,1092,1501
1260,1433,1354,1433,1354,1501,1260,1501
504,1601,645,1601,645,1685,504,1685
2031,1601,2273,1601,2273,1685,2031,1685
657,1603,856,1619,849,1699,651,1683
1128,1617,1291,1617,1291,1690,1128,1690
1296,1617,1417,1617,1417,1701,1296,1701
1669,1617,1764,1617,1764,1690,1669,1690
498,1743,897,1743,897,1821,498,1821
1254,1743,1422,1743,1422,1827,1254,1827
918,1753,1113,1753,1113,1827,918,1827
1123,1753,1249,1753,1249,1827,1123,1827
1433,1753,1575,1753,1575,1827,1433,1827
1590,1753,1727,1753,1727,1827,1590,1827
498,1842,1070,1842,1070,1916,498,1916
1281,1842,1417,1842,1417,1921,1281,1921
2110,1848,2273,1848,2273,1921,2110,1921
1186,1853,1270,1853,1270,1916,1186,1916
1706,1858,1727,1858,1727,1900,1706,1900
2031,1853,2121,1853,2121,1921,2031,1921
981,2031,1281,2031,1281,2121,981,2121
498,2031,745,2031,745,2131,498,2131
766,2031,960,2031,960,2126,766,2126
2026,2052,2273,2052,2273,2131,2026,2131
722,2176,1023,2169,1025,2262,724,2269
1035,2173,1201,2165,1205,2257,1040,2265
504,2184,703,2184,703,2273,504,2273
2021,2189,2136,2189,2136,2268,2021,2268
2126,2194,2268,2194,2268,2268,2126,2268
504,2320,661,2320,661,2404,504,2404
672,2325,808,2325,808,2399,672,2399
2021,2331,2126,2331,2126,2404,2021,2404
2126,2331,2268,2331,2268,2409,2126,2409
724,2467,892,2467,892,2556,724,2556
913,2472,1044,2472,1044,2556,913,2556
504,2478,703,2478,703,2572,504,2572
2026,2488,2142,2488,2142,2572,2026,2572
2131,2493,2273,2493,2273,2567,2131,2567
1301,2635,1456,2609,1471,2700,1316,2725
1470,2625,1617,2625,1617,2709,1470,2709
1071,2630,1160,2630,1160,2703,1071,2703
908,2635,1060,2635,1060,2714,908,2714
1176,2635,1307,2635,1307,2709,1176,2709
1623,2629,1877,2643,1873,2721,1619,2708
798,2916,985,2902,991,2986,804,3000
1633,2912,2282,2946,2277,3026,1629,2992
509,2934,609,2934,609,3018,509,3018
619,2934,792,2934,792,3008,619,3008
1023,3087,1181,3087,1181,3165,1023,3165
878,3098,1012,3090,1017,3165,883,3173
1197,3092,1333,3092,1333,3165,1197,3165
1349,3097,1496,3097,1496,3171,1349,3171
1512,3100,1705,3114,1700,3190,1507,3176
1722,3113,1900,3113,1900,3197,1722,3197
767,3202,1032,3183,1037,3259,773,3278
1050,3192,1176,3192,1176,3260,1050,3260
1191,3192,1286,3192,1286,3260,1191,3260
1296,3192,1543,3192,1543,3265,1296,3265
1559,3192,1776,3199,1774,3276,1557,3270
630,3218,761,3218,761,3291,630,3291
1790,3223,2000,3223,2000,3286,1790,3286
2024,3215,2168,3242,2153,3319,2010,3292
1197,3370,1480,3370,1480,3459,1197,3459
994,3382,1170,3373,1174,3454,998,3462
1496,3381,1601,3381,1601,3459,1496,3459
850,3386,981,3386,981,3459,850,3459
635,3412,830,3380,844,3467,649,3500
1627,3396,1800,3396,1800,3475,1627,3475
1816,3407,1995,3407,1995,3486,1816,3486
2010,3423,2142,3423,2142,3501,2010,3501
1044,3475,1176,3475,1176,3549,1044,3549
1176,3475,1485,3475,1485,3549,1176,3549
777,3489,1032,3467,1039,3545,784,3568
1480,3480,1685,3480,1685,3554,1480,3554
1707,3485,2011,3512,2004,3589,1700,3561
1139,3564,1291,3564,1291,3622,1139,3622
1296,3564,1554,3564,1554,3632,1296,3632
1559,3570,1638,3570,1638,3627,1559,3627
