870,131,1937,125,1938,320,871,326
1422,309,1596,309,1596,362,1422,362
1601,309,1832,309,1832,362,1601,362
1837,309,2016,309,2016,357,1837,357
1286,315,1422,315,1422,362,1286,362
2127,479,2314,494,2308,570,2121,555
1281,488,1485,488,1485,561,1281,561
1506,488,1611,488,1611,556,1506,556
1643,488,1800,488,1800,556,1643,556
1816,488,2016,488,2016,561,1816,561
2047,488,2094,488,2094,546,2047,546
992,493,1092,493,1092,561,992,561
1107,493,1265,493,1265,561,1107,561
792,498,976,498,976,567,792,567
582,504,777,504,777,572,582,572
1501,556,1611,556,1611,635,1501,635
1953,561,2100,561,2100,640,1953,640
2110,561,2278,561,2278,635,2110,635
1370,567,1475,567,1475,640,1370,640
1622,567,1753,567,1753,635,1622,635
1769,567,1942,567,1942,635,1769,635
1071,572,1270,572,1270,645,1071,645
1281,572,1333,572,1333,635,1281,635
824,577,966,577,966,651,824,651
981,577,1034,577,1034,640,981,640
614,582,813,582,813,656,614,656
1091,652,1800,642,1801,720,1092,730
1424,870,1657,861,1661,976,1428,984
1688,868,1999,861,2002,976,1690,983
884,880,1121,872,1125,986,888,994
1147,890,1400,882,1403,981,1150,988
2119,1153,2398,1146,2400,1228,2121,1234
1711,1155,1937,1155,1937,1254,1711,1254
721,1168,901,1160,904,1243,725,1251
934,1165,1349,1165,1349,1244,934,1244
1359,1165,1464,1165,1464,1244,1359,1244
1464,1165,1569,1165,1569,1239,1464,1239
509,1165,708,1165,708,1265,509,1265
2025,1291,2393,1285,2395,1363,2026,1369
1716,1291,1968,1291,1968,1370,1716,1370
723,1306,1138,1300,1140,1380,724,1386
1134,1302,1407,1302,1407,1380,1134,1380
519,1312,666,1312,666,1391,519,1391
2134,1487,2382,1477,2385,1564,2137,1574
1359,1506,1480,1506,1480,1596,1359,1596
1758,1506,1853,1506,1853,1575,1758,1575
525,1512,666,1512,666,1596,525,1596
689,1505,892,1520,885,1604,682,1589
1176,1512,1349,1512,1349,1585,1176,1585
918,1653,1065,1653,1065,1732,918,1732
1193,1642,1433,1662,1426,1745,1187,1726
1443,1653,1706,1653,1706,1727,1443,1727
525,1659,908,1659,908,1732,525,1732
1086,1664,1181,1664,1181,1732,1086,1732
2136,1737,2231,1737,2231,1816,2136,1816
2241,1737,2383,1737,2383,1816,2241,1816
1354,1748,1485,1748,1485,1827,1354,1827
1779,1748,1827,1748,1827,1811,1779,1811
530,1753,1118,1753,1118,1832,530,1832
1281,1753,1333,1753,1333,1821,1281,1821
2129,1948,2382,1939,2385,2023,2132,2031
1029,1942,1344,1942,1344,2042,1029,2042
530,1953,787,1953,787,2052,530,2052
808,1953,1008,1953,1008,2047,808,2047
2089,2094,2383,2094,2383,2178,2089,2178
758,2098,1075,2089,1078,2192,761,2201
1088,2100,1264,2092,1268,2188,1093,2196
540,2110,745,2110,745,2205,540,2205
2089,2241,2231,2241,2231,2315,2089,2315
2236,2241,2383,2241,2383,2315,2236,2315
546,2257,703,2257,703,2341,546,2341
714,2262,861,2262,861,2341,714,2341
2131,2404,2383,2404,2383,2488,2131,2488
770,2427,942,2410,951,2497,779,2514
971,2420,1107,2420,1107,2499,971,2499
549,2428,749,2421,752,2509,552,2516
1554,2562,1711,2562,1711,2646,1554,2646
1722,2567,1974,2567,1974,2651,1722,2651
1396,2572,1548,2572,1548,2667,1396,2667
966,2591,1127,2580,1132,2658,972,2669
1139,2583,1233,2583,1233,2656,1139,2656
1249,2583,1386,2583,1386,2656,1249,2656
1732,2850,2389,2857,2388,2935,1731,2929
863,2870,1059,2863,1062,2945,866,2951
567,2877,666,2877,666,2966,567,2966
677,2887,855,2887,855,2961,677,2961
1097,3050,1265,3050,1265,3134,1097,3134
1821,3050,2010,3050,2010,3134,1821,3134
1281,3055,1422,3055,1422,3129,1281,3129
1438,3055,1590,3055,1590,3129,1438,3129
1606,3055,1800,3055,1800,3129,1606,3129
950,3060,1086,3060,1086,3134,950,3134
1659,3144,1879,3144,1879,3218,1659,3218
1384,3155,1637,3148,1639,3223,1386,3230
2133,3144,2279,3161,2270,3238,2124,3221
1895,3155,2115,3155,2115,3218,1895,3218
840,3160,1107,3160,1107,3239,840,3239
1128,3160,1254,3160,1254,3234,1128,3234
1275,3160,1370,3160,1370,3228,1275,3228
687,3171,829,3171,829,3244,687,3244
1596,3333,1701,3333,1701,3412,1596,3412
1278,3343,1574,3334,1576,3422,1281,3431
1727,3339,1905,3339,1905,3417,1727,3417
1926,3339,2105,3339,2105,3417,1926,3417
2126,3344,2252,3344,2252,3423,2126,3423
1076,3349,1260,3349,1260,3433,1076,3433
713,3361,905,3346,913,3437,720,3452
924,3365,1065,3365,1065,3438,924,3438
1258,3447,1758,3428,1761,3503,1260,3522
1811,3431,2117,3440,2115,3513,1809,3504
1758,3444,1785,3444,1785,3496,1758,3496
1123,3454,1260,3454,1260,3522,1123,3522
857,3465,1096,3451,1100,3522,861,3535
1388,3528,1668,3515,1671,3585,1391,3598
1659,3522,1743,3522,1743,3575,1659,3575
1233,3543,1380,3543,1380,3596,1233,3596
