876,220,1774,220,1774,425,876,425
1254,414,1375,414,1375,462,1254,462
1380,414,1538,414,1538,467,1380,467
1538,414,1753,414,1753,467,1538,467
1753,420,1916,420,1916,472,1753,472
987,582,1076,582,1076,651,987,651
1244,580,1430,590,1427,660,1241,650
619,588,787,588,787,645,619,645
808,588,976,588,976,651,808,651
1086,588,1233,588,1233,651,1086,651
1449,588,1543,588,1543,651,1449,651
1569,588,1716,588,1716,656,1569,656
1727,588,1911,588,1911,661,1727,661
1932,593,1979,593,1979,651,1932,651
2013,582,2181,605,2171,681,2003,659
1443,656,1543,656,1543,729,1443,729
645,661,824,661,824,729,645,729
834,661,966,661,966,729,834,729
976,661,1023,661,1023,719,976,719
1055,661,1239,661,1239,729,1055,729
1244,661,1291,661,1291,724,1244,724
1328,661,1422,661,1422,729,1328,729
1554,661,1669,661,1669,729,1554,729
1685,661,1837,661,1837,729,1685,729
1849,658,1984,669,1978,744,1843,734
1989,672,2142,672,2142,740,1989,740
1076,735,1517,735,1517,808,1076,808
1506,740,1711,740,1711,808,1506,808
887,934,1097,934,1097,1039,887,1039
1370,939,1575,939,1575,1044,1370,1044
1118,950,1344,950,1344,1044,1118,1044
1601,945,1887,954,1883,1053,1598,1044
546,1191,724,1191,724,1281,546,1281
735,1191,892,1191,892,1265,735,1265
924,1193,1297,1200,1296,1276,922,1270
1302,1202,1396,1202,1396,1275,1302,1275
1617,1202,1821,1202,1821,1296,1617,1296
1401,1207,1491,1207,1491,1275,1401,1275
1979,1212,2226,1212,2226,1286,1979,1286
735,1307,1350,1321,1348,1400,733,1386
546,1317,682,1317,682,1386,546,1386
1617,1323,1848,1323,1848,1396,1617,1396
1895,1328,2147,1328,2147,1401,1895,1401
2136,1333,2220,1333,2220,1401,2136,1401
551,1496,677,1496,677,1575,551,1575
695,1490,879,1513,870,1590,685,1567
1139,1504,1294,1511,1290,1581,1136,1574
1288,1520,1409,1501,1420,1578,1300,1597
1989,1506,2210,1506,2210,1585,1989,1585
1653,1512,1743,1512,1743,1580,1653,1580
551,1623,1061,1632,1060,1707,550,1698
1349,1632,1480,1632,1480,1706,1349,1706
1076,1638,1207,1638,1207,1711,1076,1711
1218,1638,1349,1638,1349,1706,1218,1706
1491,1643,1632,1643,1632,1711,1491,1711
1648,1643,1921,1643,1921,1727,1648,1727
1921,1643,2084,1643,2084,1716,1921,1716
551,1716,803,1716,803,1790,551,1790
798,1722,887,1722,887,1790,798,1790
918,1722,1086,1722,1086,1790,918,1790
1194,1727,1411,1718,1414,1796,1197,1804
887,1732,918,1732,918,1785,887,1785
1669,1732,1711,1732,1711,1790,1669,1790
1974,1732,2068,1732,2068,1800,1974,1800
2073,1732,2199,1732,2199,1800,2073,1800
556,1806,703,1806,703,1874,556,1874
1984,1816,2063,1816,2063,1879,1984,1879
2068,1816,2199,1816,2199,1884,2068,1884
551,1932,1065,1932,1065,2005,551,2005
1076,1937,1212,1937,1212,2005,1076,2005
1218,1937,1349,1937,1349,2000,1218,2000
1354,1937,1480,1937,1480,2005,1354,2005
1485,1937,1622,1937,1622,2016,1485,2016
1632,1937,1905,1937,1905,2021,1632,2021
1905,1942,2068,1942,2068,2010,1905,2010
551,2016,840,2016,840,2089,551,2089
845,2016,1086,2016,1086,2089,845,2089
1191,2021,1291,2021,1291,2084,1191,2084
1291,2021,1412,2021,1412,2089,1291,2089
1974,2026,2073,2026,2073,2094,1974,2094
2073,2026,2194,2026,2194,2094,2073,2094
1002,2184,1281,2184,1281,2273,1002,2273
556,2189,782,2189,782,2278,556,2278
801,2197,980,2190,984,2272,804,2280
1963,2205,2068,2205,2068,2278,1963,2278
2063,2205,2189,2205,2189,2273,2063,2273
997,2320,1107,2320,1107,2404,997,2404
1126,2324,1322,2317,1325,2398,1129,2406
561,2325,782,2325,782,2409,561,2409
803,2325,981,2325,981,2409,803,2409
2058,2331,2189,2331,2189,2404,2058,2404
1979,2336,2063,2336,2063,2399,1979,2399
1060,2446,1212,2446,1212,2535,1060,2535
758,2455,1038,2447,1041,2535,761,2544
561,2462,740,2462,740,2546,561,2546
1963,2462,2068,2462,2068,2530,1963,2530
2058,2462,2184,2462,2184,2535,2058,2535
561,2588,708,2588,708,2667,561,2667
1963,2588,2063,2588,2063,2656,1963,2656
2058,2593,2184,2593,2184,2661,2058,2661
714,2598,845,2598,845,2667,714,2667
755,2736,911,2721,919,2802,763,2818
564,2738,744,2731,747,2813,567,2820
934,2735,1060,2735,1060,2808,934,2808
1312,2866,1449,2866,1449,2955,1312,2955
1454,2866,1590,2866,1590,2940,1454,2940
1601,2866,1821,2866,1821,2945,1601,2945
1086,2877,1170,2877,1170,2945,1086,2945
1181,2877,1302,2877,1302,2945,1181,2945
934,2882,1076,2882,1076,2950,934,2950
1601,3113,1916,3113,1916,3181,1601,3181
1911,3118,2100,3118,2100,3186,1911,3186
837,3132,1012,3125,1015,3196,840,3203
2100,3129,2173,3129,2173,3186,2100,3186
577,3134,661,3134,661,3202,577,3202
672,3139,829,3139,829,3207,672,3207
1041,3285,1190,3277,1194,3354,1045,3362
1344,3281,1475,3281,1475,3344,1344,3344
1680,3281,1842,3281,1842,3354,1680,3354
1202,3286,1333,3286,1333,3354,1202,3354
1491,3286,1659,3286,1659,3349,1491,3349
913,3291,1034,3291,1034,3360,913,3360
1531,3364,1726,3357,1728,3422,1533,3429
1743,3362,1928,3369,1926,3424,1741,3417
1295,3375,1517,3369,1518,3430,1297,3437
1942,3370,2068,3370,2068,3444,1942,3444
1197,3375,1281,3375,1281,3433,1197,3433
813,3381,1050,3381,1050,3444,813,3444
1065,3381,1181,3381,1181,3438,1065,3438
677,3386,798,3386,798,3449,677,3449
1764,3517,1921,3517,1921,3591,1764,3591
1480,3522,1575,3522,1575,3601,1480,3601
1596,3528,1748,3528,1748,3601,1596,3601
1937,3528,2052,3528,2052,3601,1937,3601
1200,3536,1459,3529,1461,3606,1202,3613
703,3549,871,3549,871,3622,703,3622
1023,3549,1176,3549,1176,3612,1023,3612
887,3554,1008,3554,1008,3617,887,3617
1664,3601,1916,3601,1916,3669,1664,3669
1459,3612,1622,3612,1622,3680,1459,3680
1210,3621,1468,3609,1471,3680,1213,3692
1622,3622,1638,3622,1638,3659,1622,3659
1060,3627,1181,3627,1181,3696,1060,3696
1186,3633,1212,3633,1212,3680,1186,3680
824,3633,1039,3633,1039,3701,824,3701
1291,3690,1522,3690,1522,3748,1291,3748
1533,3690,1606,3690,1606,3743,1533,3743
1149,3706,1286,3706,1286,3753,1149,3753
