861,315,1764,315,1764,540,861,540
1732,518,1896,525,1894,587,1730,581
1522,530,1727,530,1727,582,1522,582
1365,535,1517,535,1517,588,1365,588
1239,540,1359,540,1359,593,1239,593
1911,703,1958,703,1958,766,1911,766
1985,696,2157,709,2151,785,1979,772
619,708,787,708,787,771,619,771
1701,708,1884,708,1884,782,1701,782
803,714,971,714,971,782,803,782
1548,714,1690,714,1690,782,1548,782
981,719,1065,719,1065,787,981,787
1081,719,1223,719,1223,787,1081,787
1233,719,1412,719,1412,792,1233,792
1433,719,1522,719,1522,787,1433,787
1821,782,1953,782,1953,861,1821,861
645,787,824,787,824,855,645,855
1422,787,1522,787,1522,866,1422,866
1963,787,2115,787,2115,855,1963,855
834,792,960,792,960,861,834,861
1527,792,1643,792,1643,861,1527,861
1659,792,1811,792,1811,861,1659,861
971,798,1018,798,1018,855,971,855
1050,795,1231,806,1227,876,1046,865
1312,798,1401,798,1401,866,1312,866
1233,803,1281,803,1281,861,1233,861
1071,871,1685,871,1685,945,1071,945
887,1071,1092,1071,1092,1176,887,1176
1349,1076,1548,1076,1548,1181,1349,1181
1567,1083,1847,1076,1849,1175,1570,1182
1113,1086,1328,1086,1328,1181,1113,1181
556,1312,729,1312,729,1396,556,1396
740,1317,897,1317,897,1386,740,1386
924,1317,1277,1328,1275,1404,921,1392
1585,1328,1790,1328,1790,1417,1585,1417
1942,1328,2199,1328,2199,1401,1942,1401
1291,1333,1464,1333,1464,1401,1291,1401
556,1433,687,1433,687,1501,556,1501
735,1429,1098,1436,1097,1513,733,1506
1092,1443,1328,1443,1328,1517,1092,1517
1590,1443,1811,1443,1811,1517,1590,1517
1858,1448,2189,1448,2189,1517,1858,1517
556,1606,682,1606,682,1680,556,1680
695,1600,879,1623,869,1700,686,1677
1123,1622,1270,1622,1270,1690,1123,1690
1953,1622,2178,1622,2178,1701,1953,1701
1281,1627,1386,1627,1386,1706,1281,1706
1617,1627,1706,1627,1706,1690,1617,1690
556,1732,777,1732,777,1806,556,1806
787,1735,1035,1741,1033,1812,786,1805
1050,1743,1228,1743,1228,1811,1050,1811
1233,1753,1375,1753,1375,1827,1233,1827
1522,1753,1648,1753,1648,1821,1522,1821
1653,1753,1853,1753,1853,1821,1653,1821
1380,1758,1506,1758,1506,1811,1380,1811
1863,1758,1989,1758,1989,1827,1863,1827
556,1816,882,1816,882,1890,556,1890
871,1821,1065,1821,1065,1895,871,1895
1176,1832,1260,1832,1260,1900,1176,1900
1265,1832,1386,1832,1386,1900,1265,1900
2042,1842,2168,1842,2168,1916,2042,1916
1947,1848,2037,1848,2037,1916,1947,1916
556,1942,666,1942,666,2010,556,2010
672,1947,845,1947,845,2016,672,2016
850,1947,918,1947,918,2010,850,2010
924,1947,1050,1947,1050,2021,924,2021
1065,1953,1239,1953,1239,2021,1065,2021
1239,1958,1359,1958,1359,2031,1239,2031
1370,1963,1443,1963,1443,2016,1370,2016
556,2019,1066,2026,1065,2101,555,2094
1260,2037,1386,2037,1386,2105,1260,2105
2037,2052,2163,2052,2163,2126,2037,2126
556,2194,771,2194,771,2278,556,2278
792,2199,966,2199,966,2283,792,2283
981,2205,1254,2205,1254,2283,981,2283
1937,2236,2157,2236,2157,2310,1937,2310
750,2325,1018,2325,1018,2409,750,2409
556,2331,729,2331,729,2409,556,2409
1031,2336,1180,2329,1184,2409,1035,2417
1932,2367,2037,2367,2037,2441,1932,2441
2026,2367,2152,2367,2152,2441,2026,2441
556,2451,698,2451,698,2525,556,2525
703,2457,829,2457,829,2530,703,2530
1926,2493,2016,2493,2016,2562,1926,2562
2021,2493,2152,2493,2152,2567,2021,2567
556,2593,729,2593,729,2672,556,2672
750,2593,897,2593,897,2672,750,2672
918,2604,1034,2604,1034,2677,918,2677
1963,2640,2010,2640,2010,2703,1963,2703
2021,2640,2147,2640,2147,2714,2021,2714
913,2745,1050,2745,1050,2814,913,2814
1275,2745,1412,2745,1412,2829,1275,2829
1060,2751,1139,2751,1139,2819,1060,2819
1149,2751,1270,2751,1270,2819,1149,2819
1417,2751,1554,2751,1554,2829,1417,2829
1565,2756,1788,2768,1784,2847,1560,2834
556,2987,645,2987,645,3066,556,3066
813,2987,981,2987,981,3060,813,3060
651,2997,808,2997,808,3060,651,3060
1560,3008,1882,3025,1878,3099,1556,3081
1870,3025,2152,3048,2146,3121,1864,3098
1013,3150,1155,3150,1155,3223,1013,3223
882,3155,1002,3155,1002,3223,882,3223
1165,3160,1291,3160,1291,3228,1165,3228
1307,3165,1438,3165,1438,3234,1307,3234
1450,3173,1627,3188,1621,3263,1443,3248
1638,3192,1800,3192,1800,3265,1638,3265
656,3244,777,3244,777,3312,656,3312
782,3243,1014,3251,1012,3311,780,3303
1034,3249,1144,3249,1144,3307,1034,3307
1160,3249,1244,3249,1244,3307,1160,3307
1255,3248,1478,3260,1474,3322,1251,3310
1491,3265,1685,3265,1685,3328,1491,3328
1701,3281,1892,3292,1889,3351,1698,3340
1910,3283,2042,3309,2028,3382,1896,3355
672,3412,840,3412,840,3486,672,3486
987,3412,1139,3412,1139,3480,987,3480
1160,3407,1419,3416,1417,3494,1158,3485
850,3417,971,3417,971,3480,850,3480
1438,3428,1533,3428,1533,3496,1438,3496
1548,3438,1706,3438,1706,3512,1548,3512
1722,3449,1884,3449,1884,3528,1722,3528
1895,3470,2016,3470,2016,3543,1895,3543
1023,3496,1107,3496,1107,3559,1023,3559
1107,3501,1139,3501,1139,3554,1107,3554
1145,3489,1578,3511,1574,3582,1141,3561
792,3501,1002,3501,1002,3570,792,3570
1623,3519,1895,3546,1888,3617,1616,3590
1113,3580,1244,3580,1244,3627,1113,3627
1254,3579,1482,3585,1480,3641,1253,3635
1485,3591,1559,3591,1559,3643,1485,3643
