924,215,1779,215,1779,441,924,441
1740,409,1900,402,1902,452,1743,459
1541,417,1737,408,1740,463,1544,473
1396,425,1543,425,1543,477,1396,477
1286,435,1391,435,1391,483,1286,483
1990,568,2149,576,2146,648,1986,640
682,577,819,577,819,645,682,645
1716,577,1890,577,1890,651,1716,651
1911,577,1958,577,1958,630,1911,630
866,586,1026,594,1023,663,863,655
813,598,850,598,850,640,813,640
1459,593,1548,593,1548,661,1459,661
1569,593,1706,593,1706,656,1569,656
1034,598,1118,598,1118,666,1034,666
1128,603,1260,603,1260,672,1128,672
1275,603,1443,603,1443,672,1275,672
1827,651,1958,651,1958,724,1827,724
1963,651,2115,651,2115,714,1963,714
714,652,879,660,876,721,711,713
892,661,1013,661,1013,729,892,729
1548,661,1664,661,1664,729,1548,729
1674,661,1821,661,1821,729,1674,729
1449,666,1543,666,1543,735,1449,735
1023,672,1071,672,1071,729,1023,729
1098,673,1269,685,1264,755,1093,744
1344,677,1428,677,1428,735,1344,735
1270,682,1317,682,1317,740,1270,740
1506,740,1701,740,1701,808,1506,808
1233,745,1517,745,1517,819,1233,819
1113,750,1233,750,1233,808,1113,808
1587,927,1857,916,1861,1020,1591,1031
939,929,1134,929,1134,1029,939,1029
1380,929,1569,929,1569,1034,1380,1034
1160,955,1359,955,1359,1034,1160,1034
614,1144,782,1144,782,1228,614,1228
793,1150,944,1167,937,1228,786,1211
1947,1155,2194,1155,2194,1228,1947,1228
971,1161,1314,1172,1312,1243,969,1232
1606,1165,1800,1165,1800,1249,1606,1249
1323,1176,1485,1176,1485,1244,1323,1244
609,1260,740,1260,740,1328,609,1328
787,1263,1361,1284,1359,1358,785,1337
1606,1275,1821,1275,1821,1349,1606,1349
1869,1275,2189,1275,2189,1344,1869,1344
609,1433,735,1433,735,1506,609,1506
747,1427,922,1450,912,1527,737,1504
1958,1443,2178,1443,2178,1522,1958,1522
1155,1454,1296,1454,1296,1517,1155,1517
1632,1454,1722,1454,1722,1522,1632,1522
1307,1459,1417,1459,1417,1538,1307,1538
604,1550,873,1558,871,1629,602,1621
882,1564,1008,1564,1008,1632,882,1632
1013,1575,1144,1575,1144,1638,1013,1638
1144,1575,1244,1575,1244,1643,1144,1643
1250,1577,1368,1585,1364,1650,1245,1642
1370,1580,1417,1580,1417,1638,1370,1638
1424,1574,1556,1585,1550,1657,1418,1646
1569,1580,1685,1580,1685,1664,1569,1664
603,1631,1104,1648,1102,1720,601,1703
1202,1659,1291,1659,1291,1722,1202,1722
1296,1659,1412,1659,1412,1727,1296,1727
1947,1664,2037,1664,2037,1732,1947,1732
2047,1664,2168,1664,2168,1732,2047,1732
598,1758,924,1758,924,1827,598,1827
934,1769,1060,1769,1060,1837,934,1837
1071,1771,1215,1778,1212,1839,1068,1831
1228,1779,1307,1779,1307,1837,1228,1837
1312,1779,1359,1779,1359,1837,1312,1837
1372,1767,1570,1788,1563,1862,1364,1841
1569,1785,1685,1785,1685,1858,1569,1858
1701,1785,1848,1785,1848,1863,1701,1863
598,1830,1104,1845,1102,1921,596,1905
1239,1858,1270,1858,1270,1911,1239,1911
1286,1853,1407,1853,1407,1921,1286,1921
1653,1869,1685,1869,1685,1921,1653,1921
1947,1869,2031,1869,2031,1937,1947,1937
2031,1869,2163,1869,2163,1937,2031,1937
598,1916,740,1916,740,1984,598,1984
2016,1953,2163,1953,2163,2021,2016,2021
1989,1963,2016,1963,2016,2005,1989,2005
593,2084,808,2084,808,2168,593,2168
1013,2089,1281,2089,1281,2173,1013,2173
829,2094,997,2094,997,2168,829,2168
1932,2126,2157,2126,2157,2199,1932,2199
593,2215,808,2215,808,2294,593,2294
1008,2215,1113,2215,1113,2294,1008,2294
824,2220,992,2220,992,2294,824,2294
1134,2226,1317,2226,1317,2299,1134,2299
1947,2257,2147,2257,2147,2325,1947,2325
782,2336,1044,2336,1044,2420,782,2420
593,2341,761,2341,761,2420,593,2420
1065,2341,1207,2341,1207,2420,1065,2420
1932,2376,2154,2385,2151,2462,1929,2454
588,2467,724,2467,724,2541,588,2541
729,2472,855,2472,855,2546,729,2546
1926,2504,2016,2504,2016,2577,1926,2577
2021,2514,2147,2514,2147,2583,2021,2583
770,2609,916,2595,925,2677,778,2692
582,2609,756,2609,756,2688,582,2688
939,2609,1060,2609,1060,2682,939,2682
1291,2751,1428,2751,1428,2835,1291,2835
955,2756,1071,2756,1071,2819,955,2819
1081,2756,1160,2756,1160,2819,1081,2819
1170,2756,1286,2756,1286,2819,1170,2819
1433,2761,1564,2761,1564,2835,1433,2835
1571,2763,1796,2783,1789,2859,1564,2838
834,2992,1002,2992,1002,3066,834,3066
577,3003,661,3003,661,3076,577,3076
672,3008,829,3008,829,3071,672,3071
1570,3009,1884,3034,1878,3110,1564,3086
1879,3045,1911,3045,1911,3102,1879,3102
1906,3036,2152,3057,2145,3130,1900,3109
1029,3150,1170,3150,1170,3228,1029,3228
903,3160,1018,3160,1018,3228,903,3228
1181,3160,1302,3160,1302,3234,1181,3234
1318,3162,1452,3171,1448,3241,1314,3233
1461,3171,1637,3199,1625,3271,1450,3243
1643,3202,1806,3202,1806,3281,1643,3281
1046,3255,1154,3246,1159,3307,1051,3315
1170,3249,1254,3249,1254,3312,1170,3312
801,3257,1028,3251,1030,3312,803,3318
672,3260,792,3260,792,3333,672,3333
1265,3259,1487,3267,1485,3327,1263,3319
1501,3276,1695,3276,1695,3349,1501,3349
1706,3298,1892,3307,1889,3367,1703,3357
1908,3305,2042,3324,2032,3396,1897,3377
997,3417,1155,3417,1155,3486,997,3486
1176,3417,1428,3417,1428,3496,1176,3496
866,3423,987,3423,987,3491,866,3491
677,3435,854,3419,861,3495,684,3511
1443,3438,1533,3438,1533,3496,1443,3496
1555,3445,1716,3459,1710,3531,1548,3516
1727,3465,1884,3465,1884,3538,1727,3538
1900,3480,2016,3480,2016,3554,1900,3554
1034,3501,1149,3501,1149,3559,1034,3559
1155,3501,1433,3501,1433,3570,1155,3570
803,3507,1008,3507,1008,3570,803,3570
1424,3508,1612,3527,1605,3592,1417,3573
1628,3535,1894,3557,1888,3627,1622,3605
1124,3578,1257,3586,1254,3634,1121,3627
1261,3575,1489,3588,1485,3650,1257,3637
1491,3601,1564,3601,1564,3654,1491,3654
