908,210,1737,210,1737,430,908,430
1697,410,1852,396,1856,448,1701,462
1512,414,1701,414,1701,467,1512,467
1254,420,1365,420,1365,467,1254,467
1370,425,1506,425,1506,472,1370,472
1932,552,2087,560,2083,632,1929,624
1863,567,1911,567,1911,624,1863,624
687,572,840,572,840,630,687,630
1674,572,1842,572,1842,635,1674,635
855,582,1008,582,1008,645,855,645
1018,582,1102,582,1102,645,1018,645
1113,588,1233,588,1233,645,1113,645
1250,585,1415,596,1411,655,1246,645
1433,588,1512,588,1512,651,1433,651
1538,588,1664,588,1664,645,1538,645
1911,635,2047,635,2047,693,1911,693
1785,640,1905,640,1905,708,1785,708
714,645,871,645,871,708,714,708
887,651,1002,651,1002,719,887,719
1638,651,1779,651,1779,719,1638,719
1018,661,1055,661,1055,714,1018,714
1081,654,1241,663,1238,724,1078,715
1422,656,1512,656,1512,724,1422,724
1522,656,1627,656,1627,719,1522,719
1249,661,1296,661,1296,719,1249,719
1323,661,1407,661,1407,724,1323,724
1212,729,1664,723,1665,795,1213,802
1097,729,1212,729,1212,787,1097,787
1559,908,1816,908,1816,1002,1559,1002
939,918,1123,918,1123,1002,939,1002
1359,913,1543,913,1543,1008,1359,1008
1144,929,1338,929,1338,1008,1144,1008
630,1123,792,1123,792,1202,630,1202
1897,1129,2135,1118,2139,1187,1901,1198
798,1128,939,1128,939,1191,798,1191
1580,1134,1764,1134,1764,1218,1580,1218
971,1139,1296,1139,1296,1207,971,1207
1302,1139,1386,1139,1386,1207,1302,1207
1391,1144,1470,1144,1470,1207,1391,1207
630,1233,750,1233,750,1302,630,1302
1826,1233,2131,1233,2131,1302,1826,1302
798,1239,1102,1239,1102,1307,798,1307
1580,1239,1785,1239,1785,1307,1580,1307
1092,1244,1344,1244,1344,1312,1092,1312
630,1391,750,1391,750,1464,630,1464
1974,1391,2121,1391,2121,1464,1974,1464
762,1390,932,1413,922,1485,753,1462
1916,1401,1974,1401,1974,1459,1916,1459
1155,1407,1291,1407,1291,1475,1155,1475
1296,1412,1396,1412,1396,1485,1296,1485
1611,1412,1690,1412,1690,1475,1611,1475
630,1509,993,1519,992,1588,628,1578
1008,1527,1170,1527,1170,1580,1008,1580
1177,1523,1306,1534,1301,1598,1171,1587
1412,1527,1585,1527,1585,1590,1412,1590
1596,1527,1706,1527,1706,1590,1596,1590
1307,1533,1401,1533,1401,1585,1307,1585
630,1586,931,1597,928,1669,627,1658
929,1601,1102,1601,1102,1659,929,1659
1995,1601,2115,1601,2115,1669,1995,1669
1202,1606,1275,1606,1275,1664,1202,1664
1286,1606,1396,1606,1396,1669,1286,1669
1911,1606,1989,1606,1989,1664,1911,1664
635,1669,740,1669,740,1737,635,1737
1995,1680,2105,1680,2105,1737,1995,1737
1916,1685,1984,1685,1984,1743,1916,1743
630,1785,735,1785,735,1848,630,1848
740,1790,897,1790,897,1848,740,1848
908,1790,966,1790,966,1848,908,1848
976,1790,1086,1790,1086,1848,976,1848
1107,1795,1260,1795,1260,1853,1107,1853
1270,1800,1370,1800,1370,1858,1270,1858
1386,1800,1454,1800,1454,1853,1386,1853
630,1858,1107,1858,1107,1926,630,1926
1286,1869,1401,1869,1401,1932,1286,1932
1989,1874,2105,1874,2105,1932,1989,1932
1086,2016,1281,2016,1281,2094,1086,2094
635,2021,840,2021,840,2094,635,2094
855,2021,1018,2021,1018,2094,855,2094
1029,2031,1092,2031,1092,2089,1029,2089
1932,2037,1989,2037,1989,2100,1932,2100
1984,2037,2105,2037,2105,2105,1984,2105
1023,2131,1128,2131,1128,2210,1023,2210
635,2136,840,2136,840,2215,635,2215
855,2136,1013,2136,1013,2210,855,2210
1144,2136,1317,2136,1317,2210,1144,2210
1911,2157,1989,2157,1989,2220,1911,2220
1984,2157,2105,2157,2105,2226,1984,2226
811,2256,1065,2247,1067,2325,814,2334
1081,2257,1218,2257,1218,2325,1081,2325
635,2262,798,2262,798,2336,635,2336
1863,2278,1979,2278,1979,2346,1863,2346
1984,2278,2100,2278,2100,2346,1984,2346
635,2378,766,2378,766,2451,635,2451
771,2383,887,2383,887,2441,771,2441
1863,2399,1979,2399,1979,2467,1863,2467
1979,2404,2100,2404,2100,2472,1979,2472
808,2511,952,2495,960,2571,816,2587
635,2509,798,2509,798,2588,635,2588
971,2509,1081,2509,1081,2577,971,2577
1890,2528,2097,2537,2094,2604,1887,2595
1302,2635,1433,2635,1433,2714,1302,2714
966,2640,1097,2640,1097,2703,966,2703
1102,2640,1176,2640,1176,2698,1102,2698
1186,2640,1296,2640,1296,2698,1186,2698
1433,2640,1559,2640,1559,2709,1433,2709
1565,2640,1773,2653,1769,2726,1560,2713
816,2843,986,2835,988,2897,819,2904
998,2834,1137,2846,1132,2906,993,2894
714,2845,808,2845,808,2913,714,2913
1466,2835,2025,2876,2020,2942,1461,2901
635,2856,703,2856,703,2913,635,2913
2016,2882,2089,2882,2089,2945,2016,2945
1029,2934,1102,2934,1102,3003,1029,3003
1107,2934,1249,2934,1249,3003,1107,3003
1356,2933,1516,2946,1510,3015,1350,3002
798,2945,908,2945,908,3008,798,3008
908,2945,997,2945,997,3013,908,3013
1002,2950,1029,2950,1029,2997,1002,2997
627,2961,789,2939,799,3011,637,3033
1260,2955,1291,2955,1291,2987,1260,2987
882,3034,1039,3034,1039,3102,882,3102
1565,3044,1861,3063,1856,3136,1560,3117
640,3055,724,3055,724,3123,640,3123
729,3055,871,3055,871,3113,729,3113
1850,3061,2111,3098,2101,3170,1840,3133
1065,3181,1191,3181,1191,3244,1065,3244
945,3186,1055,3186,1055,3255,945,3255
1202,3186,1317,3186,1317,3249,1202,3249
1333,3197,1454,3197,1454,3255,1333,3255
1465,3200,1625,3214,1620,3279,1459,3265
1632,3218,1790,3218,1790,3291,1632,3291
855,3270,1071,3270,1071,3328,855,3328
1081,3270,1186,3270,1186,3323,1081,3323
1197,3270,1275,3270,1275,3323,1197,3323
1286,3274,1492,3281,1490,3336,1284,3329
735,3286,845,3286,845,3344,735,3344
1506,3286,1680,3286,1680,3344,1506,3344
1697,3294,1873,3314,1867,3369,1691,3349
1882,3312,2003,3336,1991,3398,1870,3373
1039,3417,1186,3417,1186,3486,1039,3486
1202,3418,1440,3425,1438,3497,1200,3490
918,3428,1029,3428,1029,3491,918,3491
750,3433,908,3433,908,3512,750,3512
1454,3433,1538,3433,1538,3491,1454,3491
1559,3444,1701,3444,1701,3507,1559,3507
1716,3454,1863,3454,1863,3528,1716,3528
1874,3475,1984,3475,1984,3549,1874,3549
1076,3496,1186,3496,1186,3554,1076,3554
1186,3501,1443,3501,1443,3559,1186,3559
857,3513,1065,3497,1069,3557,861,3572
1438,3505,1608,3512,1606,3576,1436,3569
1624,3516,1859,3544,1852,3605,1616,3578
1155,3575,1281,3575,1281,3617,1155,3617
1286,3575,1496,3575,1496,3627,1286,3627
1501,3585,1569,3585,1569,3638,1501,3638
