798,393,1748,393,1748,630,798,630
1483,603,1716,591,1719,662,1486,673
1706,593,1884,593,1884,651,1706,651
1323,603,1480,603,1480,661,1323,661
1191,614,1317,614,1317,672,1191,672
1986,779,2163,795,2156,875,1979,859
1685,792,1879,792,1879,871,1685,871
1900,792,1963,792,1963,861,1900,861
535,798,682,798,682,871,535,871
1391,803,1491,803,1491,876,1391,876
1517,803,1669,803,1669,876,1517,876
735,806,911,814,907,889,732,881
1186,808,1375,808,1375,887,1186,887
924,813,1013,813,1013,887,924,887
677,824,708,824,708,866,677,866
1029,819,1170,819,1170,887,1029,887
1958,871,2126,871,2126,950,1958,950
1806,876,1947,876,1947,955,1806,955
1386,882,1485,882,1485,960,1386,960
1632,882,1795,882,1795,955,1632,955
567,883,758,891,755,962,564,954
1501,887,1622,887,1622,960,1501,960
766,892,903,892,903,966,766,966
1270,892,1365,892,1365,966,1270,966
913,897,966,897,966,960,913,960
992,897,1181,897,1181,976,992,976
1186,897,1233,897,1233,960,1186,960
1017,976,1663,963,1665,1046,1018,1059
824,1191,1044,1191,1044,1296,824,1296
1312,1191,1522,1191,1522,1302,1312,1302
1548,1191,1842,1191,1842,1296,1548,1296
1060,1207,1291,1207,1291,1302,1060,1302
472,1438,656,1438,656,1527,472,1527
672,1449,834,1449,834,1517,672,1517
866,1450,1240,1457,1238,1534,865,1527
1564,1454,1774,1454,1774,1548,1564,1548
1940,1457,2209,1449,2212,1527,1943,1535
1254,1459,1438,1459,1438,1533,1254,1533
477,1569,614,1569,614,1643,477,1643
667,1564,1014,1571,1013,1650,665,1643
1008,1575,1291,1575,1291,1648,1008,1648
1564,1580,1800,1580,1800,1653,1564,1653
1853,1580,2205,1580,2205,1653,1853,1653
477,1753,614,1753,614,1832,477,1832
627,1743,820,1765,810,1847,618,1825
1081,1758,1233,1758,1233,1832,1081,1832
1244,1764,1354,1764,1354,1848,1244,1848
1953,1759,2191,1765,2189,1848,1951,1842
1601,1769,1695,1769,1695,1842,1601,1842
477,1884,698,1884,698,1963,477,1963
714,1890,908,1890,908,1963,714,1963
1275,1895,1365,1895,1365,1968,1275,1968
1375,1895,1506,1895,1506,1968,1375,1968
913,1900,1065,1900,1065,1979,913,1979
1071,1900,1207,1900,1207,1963,1071,1963
1233,1905,1260,1905,1260,1958,1233,1958
477,1974,824,1974,824,2052,477,2052
855,1979,1023,1979,1023,2052,855,2052
819,1989,855,1989,855,2042,819,2042
1128,1984,1223,1984,1223,2058,1128,2058
1223,1984,1354,1984,1354,2058,1223,2058
1942,2000,2042,2000,2042,2073,1942,2073
2042,2005,2184,2005,2184,2079,2042,2079
483,2157,714,2157,714,2247,483,2247
934,2157,1223,2157,1223,2247,934,2247
735,2163,918,2163,918,2247,735,2247
1939,2184,2061,2199,2051,2277,1930,2261
2042,2194,2178,2194,2178,2268,2042,2268
687,2289,971,2289,971,2378,687,2378
488,2294,666,2294,666,2378,488,2378
992,2294,1144,2294,1144,2378,992,2378
1937,2325,2047,2325,2047,2404,1937,2404
2037,2331,2173,2331,2173,2404,2037,2404
488,2425,630,2425,630,2504,488,2504
640,2436,771,2436,771,2509,640,2509
1937,2457,2026,2457,2026,2530,1937,2530
2037,2459,2172,2468,2167,2543,2033,2534
488,2577,666,2577,666,2661,488,2661
687,2577,840,2577,840,2661,687,2661
866,2588,992,2588,992,2667,866,2667
858,2745,1007,2738,1010,2813,861,2821
1249,2740,1396,2740,1396,2824,1249,2824
1401,2740,1543,2740,1543,2814,1401,2814
1018,2745,1102,2745,1102,2814,1018,2814
1118,2745,1244,2745,1244,2814,1118,2814
1551,2733,1790,2753,1784,2832,1544,2812
493,2987,588,2987,588,3060,493,3060
766,2992,939,2992,939,3066,766,3066
598,2995,758,3002,755,3067,595,3060
1554,3004,1887,3019,1884,3095,1551,3081
1876,3015,2168,3043,2160,3120,1869,3091
976,3155,1123,3155,1123,3228,976,3228
840,3160,966,3160,966,3228,840,3228
1139,3165,1270,3165,1270,3239,1139,3239
1281,3165,1422,3165,1422,3239,1281,3239
1438,3179,1620,3187,1616,3267,1434,3258
1632,3192,1806,3192,1806,3270,1632,3270
603,3244,729,3244,729,3318,603,3318
740,3240,983,3246,981,3313,738,3307
1134,3249,1218,3249,1218,3323,1134,3323
997,3255,1113,3255,1113,3312,997,3312
1234,3253,1468,3266,1464,3337,1230,3324
1480,3265,1690,3265,1690,3339,1480,3339
1701,3286,1895,3286,1895,3344,1701,3344
1918,3280,2056,3299,2045,3376,1907,3356
624,3417,803,3417,803,3496,624,3496
813,3423,939,3423,939,3491,813,3491
950,3423,1113,3423,1113,3496,950,3496
1135,3413,1406,3430,1400,3517,1130,3501
1422,3438,1522,3438,1522,3512,1422,3512
1543,3452,1709,3460,1705,3537,1540,3529
1722,3459,1890,3459,1890,3538,1722,3538
1905,3470,2026,3470,2026,3543,1905,3543
750,3512,971,3512,971,3575,750,3575
992,3512,1118,3512,1118,3580,992,3580
1118,3522,1149,3522,1149,3575,1118,3575
1145,3513,1577,3533,1573,3609,1141,3588
1569,3549,1596,3549,1596,3601,1569,3601
1622,3542,1902,3550,1900,3621,1620,3612
1081,3606,1223,3606,1223,3654,1081,3654
1229,3598,1467,3612,1464,3674,1226,3660
1475,3622,1554,3622,1554,3675,1475,3675
