1008,288,1958,288,1958,530,1008,530
1396,514,1522,514,1522,572,1396,572
1527,514,1690,514,1690,572,1527,572
1695,514,1921,514,1921,582,1695,582
1916,519,2094,519,2094,577,1916,577
735,677,882,677,882,750,735,750
935,695,1110,704,1107,779,931,770
1123,708,1212,708,1212,782,1123,782
1391,708,1569,708,1569,787,1391,787
1596,708,1690,708,1690,782,1596,782
1722,708,1869,708,1869,782,1722,782
1223,714,1370,714,1370,782,1223,782
1884,714,2079,714,2079,792,1884,792
2100,719,2152,719,2152,782,2100,782
2186,708,2363,731,2353,808,2176,785
768,756,957,777,949,849,760,828
962,779,1101,788,1096,858,957,849
1585,787,1690,787,1690,866,1585,866
1107,792,1160,792,1160,850,1107,850
1191,792,1375,792,1375,871,1191,871
1470,792,1564,792,1564,866,1470,866
1701,792,1821,792,1821,866,1701,866
1386,798,1433,798,1433,861,1386,861
1837,798,1995,798,1995,866,1837,866
2010,798,2147,798,2147,876,2010,876
2157,803,2320,803,2320,876,2157,876
1212,871,1827,871,1827,950,1212,950
1827,892,1858,892,1858,939,1827,939
1019,1077,1236,1084,1232,1193,1015,1186
1506,1092,1716,1092,1716,1202,1506,1202
1744,1092,2039,1102,2035,1211,1740,1201
1249,1102,1480,1102,1480,1197,1249,1197
657,1319,849,1331,843,1420,651,1408
855,1338,1018,1338,1018,1412,855,1412
1050,1344,1425,1357,1422,1436,1047,1422
1439,1356,1619,1363,1616,1439,1436,1432
1753,1365,1963,1365,1963,1454,1753,1454
2131,1375,2394,1375,2394,1449,2131,1449
656,1454,798,1454,798,1527,656,1527
851,1457,1477,1479,1474,1557,848,1535
1753,1485,1984,1485,1984,1559,1753,1559
2037,1496,2304,1496,2304,1564,2037,1564
2299,1496,2388,1496,2388,1569,2299,1569
656,1638,792,1638,792,1716,656,1716
811,1630,1001,1660,989,1738,799,1709
1254,1659,1412,1659,1412,1732,1254,1732
1413,1676,1530,1658,1542,1735,1425,1753
1779,1674,1874,1674,1874,1743,1779,1743
2136,1674,2367,1674,2367,1753,2136,1753
656,1769,866,1769,866,1848,656,1848
871,1779,934,1779,934,1848,871,1848
950,1781,1167,1789,1165,1860,948,1852
1171,1787,1398,1798,1395,1869,1168,1858
1401,1790,1548,1790,1548,1869,1401,1869
1554,1800,1680,1800,1680,1869,1554,1869
651,1860,1119,1868,1118,1945,649,1937
1113,1874,1197,1874,1197,1947,1113,1947
1302,1884,1396,1884,1396,1953,1302,1953
1380,1884,1527,1884,1527,1953,1380,1953
2115,1905,2210,1905,2210,1974,2115,1974
2220,1905,2357,1905,2357,1979,2220,1979
651,2052,882,2052,882,2136,651,2136
903,2058,1086,2058,1086,2142,903,2142
1170,2058,1391,2058,1391,2147,1170,2147
1107,2068,1155,2068,1155,2136,1107,2136
2110,2100,2220,2100,2220,2178,2110,2178
2215,2100,2346,2100,2346,2173,2215,2173
651,2189,834,2189,834,2273,651,2273
855,2189,1144,2189,1144,2273,855,2273
1160,2194,1312,2194,1312,2278,1160,2278
2105,2236,2215,2236,2215,2310,2105,2310
2205,2241,2341,2241,2341,2310,2205,2310
645,2325,792,2325,792,2399,645,2399
803,2331,939,2331,939,2399,803,2399
2100,2367,2194,2367,2194,2436,2100,2436
2199,2367,2336,2367,2336,2441,2199,2441
847,2473,1007,2465,1011,2550,851,2558
638,2476,828,2469,832,2556,641,2563
1029,2478,1155,2478,1155,2556,1029,2556
1050,2630,1170,2630,1170,2703,1050,2703
1181,2630,1265,2630,1265,2703,1181,2703
1275,2635,1401,2635,1401,2709,1275,2709
1407,2635,1554,2635,1554,2724,1407,2724
1559,2640,1701,2640,1701,2719,1559,2719
1712,2646,1951,2658,1947,2737,1708,2724
914,2893,1095,2883,1099,2963,919,2973
635,2898,729,2898,729,2982,635,2982
740,2908,908,2908,908,2976,740,2976
1706,2917,2243,2934,2241,3010,1704,2993
2236,2940,2320,2940,2320,3008,2236,3008
1123,3060,1275,3060,1275,3139,1123,3139
987,3066,1113,3066,1113,3134,987,3134
1286,3071,1417,3071,1417,3144,1286,3144
1433,3076,1575,3076,1575,3150,1433,3150
1591,3083,1776,3104,1767,3180,1583,3160
1785,3108,1958,3108,1958,3181,1785,3181
880,3164,1128,3157,1130,3228,882,3235
1144,3165,1260,3165,1260,3223,1144,3223
1281,3165,1370,3165,1370,3234,1281,3234
740,3171,871,3171,871,3239,740,3239
1380,3170,1618,3176,1616,3246,1379,3240
1633,3177,1840,3185,1837,3257,1630,3249
2071,3192,2207,3210,2196,3287,2061,3269
1853,3196,2049,3205,2046,3266,1850,3257
1092,3333,1254,3333,1254,3412,1092,3412
749,3351,936,3334,943,3416,757,3433
950,3344,1076,3344,1076,3412,950,3412
1276,3336,1551,3349,1548,3430,1273,3417
1569,3354,1669,3354,1669,3433,1569,3433
1690,3375,1858,3375,1858,3449,1690,3449
1874,3375,2042,3375,2042,3454,1874,3454
2058,3386,2178,3386,2178,3465,2058,3465
1134,3428,1260,3428,1260,3496,1134,3496
883,3439,1106,3425,1110,3495,888,3509
1255,3426,1561,3440,1558,3514,1252,3501
1548,3449,1748,3449,1748,3522,1548,3522
1764,3458,2049,3469,2047,3543,1761,3532
1223,3515,1366,3523,1364,3571,1220,3564
1371,3513,1614,3528,1610,3590,1367,3575
1622,3538,1695,3538,1695,3591,1622,3591
