710,280,1190,280,1190,396,710,396
900,393,956,393,956,416,900,416
960,396,1036,396,1036,420,960,420
1033,394,1140,400,1139,429,1032,423
1143,406,1216,406,1216,426,1143,426
580,476,666,476,666,510,580,510
673,476,760,476,760,513,673,513
763,480,810,480,810,513,763,513
816,483,886,483,886,516,816,516
893,481,982,489,979,523,890,516
1263,483,1343,483,1343,520,1263,520
990,486,1036,486,1036,520,990,520
1223,486,1253,486,1253,520,1223,520
1050,490,1120,490,1120,523,1050,523
1126,490,1216,490,1216,526,1126,526
596,516,686,516,686,550,596,550
690,520,756,520,756,553,690,553
763,523,786,523,786,553,763,553
800,523,890,523,890,560,800,560
893,526,920,526,920,560,893,560
930,526,980,526,980,560,930,560
986,526,1036,526,1036,560,986,560
1183,526,1250,526,1250,563,1183,563
1250,526,1330,526,1330,556,1250,556
1040,530,1100,530,1100,563,1040,563
1103,530,1180,530,1180,563,1103,563
810,563,873,563,873,596,810,596
873,563,1020,563,1020,600,873,600
1016,566,1116,566,1116,603,1016,603
723,666,826,666,826,720,723,720
956,670,1056,670,1056,723,956,723
1066,673,1203,673,1203,723,1066,723
836,676,946,676,946,723,836,723
556,783,643,783,643,826,556,826
1247,790,1366,779,1369,817,1250,828
650,790,726,790,726,823,650,823
740,788,920,792,919,830,739,826
923,793,1013,793,1013,826,923,826
1073,793,1173,793,1173,836,1073,836
1204,850,1365,836,1368,872,1207,886
560,843,623,843,623,880,560,880
650,850,940,850,940,883,650,883
1076,850,1186,850,1186,883,1076,883
1254,933,1356,927,1358,965,1257,971
563,933,623,933,623,973,563,973
630,933,720,946,715,982,625,969
843,938,918,943,916,977,841,972
1090,940,1133,940,1133,973,1090,973
920,943,976,943,976,980,920,980
563,1000,673,1000,673,1036,563,1036
676,1003,796,1003,796,1036,676,1036
806,1006,896,1006,896,1040,806,1040
1043,1006,1106,1006,1106,1040,1043,1040
1113,1006,1153,1006,1153,1036,1113,1036
900,1010,970,1010,970,1043,900,1043
973,1010,1040,1010,1040,1040,973,1040
1300,1040,1360,1040,1360,1076,1300,1076
563,1043,723,1043,723,1080,563,1080
1253,1043,1296,1043,1296,1080,1253,1080
723,1050,740,1050,740,1080,723,1080
740,1046,816,1046,816,1080,740,1080
916,1046,976,1046,976,1083,916,1083
866,1050,910,1050,910,1083,866,1083
1300,1083,1360,1083,1360,1120,1300,1120
563,1090,636,1090,636,1120,563,1120
1263,1093,1296,1093,1296,1120,1263,1120
566,1150,700,1150,700,1183,566,1183
736,1150,816,1150,816,1183,736,1183
823,1150,926,1150,926,1183,823,1183
930,1150,1073,1150,1073,1183,930,1183
1076,1150,1200,1150,1200,1190,1076,1190
700,1153,730,1153,730,1183,700,1183
566,1190,820,1190,820,1226,566,1226
913,1190,976,1190,976,1223,913,1223
1250,1190,1293,1190,1293,1223,1250,1223
1300,1190,1360,1190,1360,1223,1300,1223
870,1193,910,1193,910,1223,870,1223
1103,1196,1123,1196,1123,1223,1103,1223
1300,1230,1360,1230,1360,1263,1300,1263
570,1233,623,1233,623,1266,570,1266
623,1240,640,1240,640,1266,623,1266
1276,1240,1293,1240,1293,1263,1276,1263
778,1315,912,1311,914,1353,780,1357
570,1320,680,1320,680,1366,570,1366
686,1320,770,1320,770,1356,686,1356
1250,1323,1300,1323,1300,1356,1250,1356
1300,1323,1360,1323,1360,1356,1300,1356
780,1380,833,1380,833,1423,780,1423
840,1383,936,1383,936,1420,840,1420
686,1386,770,1386,770,1423,686,1423
570,1390,680,1390,680,1433,570,1433
1256,1390,1293,1390,1293,1420,1256,1420
1296,1390,1360,1390,1360,1423,1296,1423
666,1446,800,1446,800,1490,666,1490
806,1446,880,1446,880,1483,806,1483
570,1453,660,1453,660,1500,570,1500
1246,1453,1296,1453,1296,1490,1246,1490
1300,1456,1360,1456,1360,1490,1300,1490
716,1516,793,1516,793,1553,716,1553
636,1520,716,1520,716,1560,636,1560
1250,1520,1293,1520,1293,1553,1250,1553
1300,1520,1360,1520,1360,1556,1300,1556
573,1523,633,1523,633,1560,573,1560
663,1560,716,1560,716,1593,663,1593
566,1566,665,1557,669,1595,570,1604
665,1630,744,1620,750,1666,671,1676
753,1626,810,1626,810,1663,753,1663
573,1636,663,1636,663,1680,573,1680
930,1686,996,1686,996,1726,930,1726
823,1693,863,1693,863,1726,823,1726
866,1693,926,1693,926,1723,866,1723
1000,1693,1063,1693,1063,1730,1000,1730
1070,1691,1183,1703,1179,1741,1066,1729
750,1700,820,1700,820,1733,750,1733
700,1827,786,1820,788,1854,703,1861
1073,1817,1232,1830,1229,1868,1070,1855
1227,1830,1365,1842,1362,1879,1224,1868
573,1836,616,1836,616,1873,573,1873
620,1836,700,1836,700,1870,620,1870
797,1901,872,1892,876,1929,801,1938
876,1896,943,1896,943,1930,876,1930
946,1896,1016,1896,1016,1930,946,1930
734,1907,796,1901,799,1936,737,1942
1020,1901,1110,1911,1106,1948,1016,1939
1110,1913,1196,1913,1196,1950,1110,1950
807,1949,872,1941,876,1974,811,1982
873,1943,920,1943,920,1973,873,1973
923,1946,973,1946,973,1976,923,1976
970,1946,1036,1946,1036,1980,970,1980
687,1960,806,1949,809,1983,690,1994
1040,1947,1142,1955,1139,1988,1037,1980
1147,1958,1245,1967,1242,1998,1144,1990
623,1966,683,1966,683,1996,623,1996
1246,1970,1313,1970,1313,2006,1246,2006
876,2030,1006,2030,1006,2066,876,2066
790,2033,870,2033,870,2070,790,2070
1013,2036,1063,2036,1063,2070,1013,2070
723,2043,786,2043,786,2076,723,2076
1070,2043,1153,2043,1153,2080,1070,2080
1156,2046,1240,2046,1240,2083,1156,2083
633,2050,720,2050,720,2086,633,2086
1246,2053,1310,2053,1310,2096,1246,2096
809,2071,1002,2067,1003,2106,810,2110
1003,2075,1101,2079,1099,2117,1002,2112
690,2090,799,2081,801,2115,693,2124
1110,2084,1238,2094,1236,2130,1107,2120
856,2116,923,2116,923,2140,856,2140
923,2110,1042,2119,1039,2149,921,2140
1043,2126,1083,2126,1083,2150,1043,2150
