966,246,1848,246,1848,451,966,451
1328,435,1449,435,1449,488,1328,488
1454,441,1606,441,1606,488,1454,488
1606,441,1816,441,1816,498,1606,498
1816,446,1979,446,1979,498,1816,498
703,603,845,603,845,672,703,672
887,603,1055,603,1055,672,887,672
1065,603,1149,603,1149,672,1065,672
1165,609,1307,609,1307,677,1165,677
1317,609,1501,609,1501,682,1317,682
1517,609,1611,609,1611,677,1517,677
840,619,871,619,871,656,840,656
1638,614,1779,614,1779,682,1638,682
1790,614,1974,614,1974,687,1790,687
1995,619,2047,619,2047,677,1995,677
2075,615,2237,631,2230,702,2068,686
729,682,908,682,908,750,729,750
913,682,1044,682,1044,750,913,750
1512,682,1611,682,1611,756,1512,756
1050,687,1102,687,1102,745,1050,745
1134,687,1312,687,1312,761,1134,761
1401,687,1491,687,1491,756,1401,756
1622,687,1737,687,1737,756,1622,756
1317,693,1370,693,1370,750,1317,750
1748,693,1900,693,1900,761,1748,761
1911,693,2042,693,2042,766,1911,766
2053,694,2203,709,2197,769,2047,754
1149,761,1281,761,1281,829,1149,829
1276,757,1775,767,1774,843,1274,833
966,960,1170,960,1170,1060,966,1060
1438,966,1643,966,1643,1071,1438,1071
1665,966,1945,976,1941,1080,1661,1070
1191,976,1417,976,1417,1065,1191,1065
630,1202,803,1202,803,1286,630,1286
813,1207,971,1207,971,1275,813,1275
997,1212,1365,1212,1365,1286,997,1286
1380,1218,1554,1218,1554,1291,1380,1291
1674,1223,1874,1223,1874,1317,1674,1317
2021,1232,2264,1239,2262,1313,2019,1306
630,1323,756,1323,756,1391,630,1391
808,1319,1177,1327,1175,1404,807,1396
1165,1333,1412,1333,1412,1407,1165,1407
1674,1338,1895,1338,1895,1412,1674,1412
1937,1347,2258,1354,2257,1426,1936,1418
630,1501,756,1501,756,1580,630,1580
769,1495,957,1519,947,1596,759,1572
1202,1512,1354,1512,1354,1585,1202,1585
1359,1517,1470,1517,1470,1601,1359,1601
1701,1522,1790,1522,1790,1590,1701,1590
2026,1522,2236,1522,2236,1601,2026,1601
624,1632,913,1632,913,1701,624,1701
1044,1632,1170,1632,1170,1716,1044,1716
934,1638,1034,1638,1034,1701,934,1701
1176,1643,1275,1643,1275,1722,1176,1722
1281,1643,1443,1643,1443,1722,1281,1722
630,1716,1149,1716,1149,1790,630,1790
1254,1727,1338,1727,1338,1795,1254,1795
1338,1727,1464,1727,1464,1795,1338,1795
2016,1737,2110,1737,2110,1800,2016,1800
2100,1743,2231,1743,2231,1806,2100,1806
640,1837,792,1837,792,1911,640,1911
801,1841,991,1834,994,1905,803,1912
1008,1842,1170,1842,1170,1911,1008,1911
1170,1848,1291,1848,1291,1905,1170,1905
1302,1848,1454,1848,1454,1905,1302,1905
1459,1853,1559,1853,1559,1916,1459,1916
1560,1851,1678,1858,1674,1917,1556,1910
1685,1858,1785,1858,1785,1932,1685,1932
1790,1858,1947,1858,1947,1937,1790,1937
640,1912,1150,1921,1149,1994,639,1985
1338,1926,1464,1926,1464,1995,1338,1995
2000,1942,2100,1942,2100,2005,2000,2005
2094,1942,2220,1942,2220,2010,2094,2010
651,2084,861,2084,861,2163,651,2163
1071,2084,1333,2084,1333,2168,1071,2168
882,2089,1050,2089,1050,2168,882,2168
1958,2115,2089,2115,2089,2178,1958,2178
2084,2115,2210,2115,2210,2184,2084,2184
840,2205,1107,2205,1107,2289,840,2289
651,2210,824,2210,824,2289,651,2289
1123,2210,1265,2210,1265,2289,1123,2289
1953,2236,2084,2236,2084,2304,1953,2304
2079,2241,2205,2241,2205,2310,2079,2310
656,2325,777,2325,777,2399,656,2399
782,2331,934,2331,934,2409,782,2409
940,2328,1096,2339,1091,2412,935,2401
1953,2357,2068,2357,2068,2420,1953,2420
2073,2357,2199,2357,2199,2425,2073,2425
651,2404,866,2404,866,2478,651,2478
656,2535,824,2535,824,2619,656,2619
845,2535,987,2535,987,2614,845,2614
1002,2546,1123,2546,1123,2625,1002,2625
1354,2682,1491,2682,1491,2766,1354,2766
1002,2688,1134,2688,1134,2756,1002,2756
1144,2688,1223,2688,1223,2756,1144,2756
1233,2688,1349,2688,1349,2756,1233,2756
1491,2688,1622,2688,1622,2761,1491,2761
1633,2692,1845,2701,1842,2773,1630,2763
735,2892,829,2892,829,2950,735,2950
845,2892,1018,2892,1018,2950,845,2950
1030,2888,1182,2904,1175,2975,1023,2959
656,2898,729,2898,729,2955,656,2955
1523,2901,2138,2927,2136,2986,1520,2960
2142,2934,2168,2934,2168,2982,2142,2982
654,2990,818,2983,821,3055,657,3062
824,2992,934,2992,934,3055,824,3055
939,2992,1029,2992,1029,3066,939,3066
1034,2992,1134,2992,1134,3055,1034,3055
1149,2992,1296,2992,1296,3055,1149,3055
1403,2991,1573,3002,1568,3067,1399,3056
1302,3008,1338,3008,1338,3045,1302,3045
2068,3029,2173,3029,2173,3087,2068,3087
661,3087,750,3087,750,3160,661,3160
911,3090,1065,3084,1067,3144,913,3151
756,3097,897,3097,897,3150,756,3150
1623,3097,1929,3114,1925,3185,1619,3168
1916,3123,2100,3123,2100,3186,1916,3186
2100,3134,2168,3134,2168,3186,2100,3186
976,3234,1086,3234,1086,3297,976,3297
1094,3238,1232,3231,1235,3291,1098,3298
1244,3239,1365,3239,1365,3307,1244,3307
1380,3244,1501,3244,1501,3307,1380,3307
1518,3246,1681,3267,1673,3332,1510,3311
1695,3265,1853,3265,1853,3339,1695,3339
882,3318,1102,3318,1102,3375,882,3375
1118,3318,1223,3318,1223,3381,1118,3381
1239,3318,1323,3318,1323,3386,1239,3386
761,3323,871,3323,871,3381,761,3381
1328,3321,1541,3333,1537,3395,1325,3383
1559,3339,1743,3339,1743,3407,1559,3407
1753,3351,1933,3359,1931,3414,1751,3406
1949,3353,2075,3371,2065,3439,1939,3421
777,3475,939,3475,939,3549,777,3549
1076,3475,1223,3475,1223,3543,1076,3543
1244,3467,1489,3481,1484,3556,1240,3542
950,3480,1065,3480,1065,3543,950,3543
1501,3491,1585,3491,1585,3549,1501,3549
1607,3500,1761,3507,1758,3574,1603,3566
1769,3507,1926,3507,1926,3575,1769,3575
1937,3517,2047,3517,2047,3585,1937,3585
1107,3549,1223,3549,1223,3606,1107,3606
1223,3546,1488,3562,1485,3622,1220,3606
887,3559,1086,3559,1086,3612,887,3612
1480,3570,1659,3570,1659,3627,1480,3627
1674,3579,1928,3587,1926,3648,1672,3640
1191,3627,1317,3627,1317,3669,1191,3669
1323,3633,1517,3633,1517,3685,1323,3685
1517,3643,1538,3643,1538,3685,1517,3685
1548,3648,1617,3648,1617,3690,1548,3690
