961,192,1975,206,1972,380,959,366
1344,372,1464,372,1464,409,1344,409
1481,368,1640,382,1636,423,1477,409
1648,380,1870,389,1868,432,1646,422
1874,393,2047,393,2047,441,1874,441
635,488,777,488,777,546,635,546
834,498,1018,498,1018,561,834,561
1029,498,1123,498,1123,567,1029,567
782,509,808,509,808,546,782,546
1144,509,1291,509,1291,567,1144,567
1313,512,1509,522,1506,587,1310,576
1538,525,1632,525,1632,582,1538,582
1671,525,1826,539,1820,600,1665,586
1838,533,2040,550,2035,616,1833,599
2068,556,2115,556,2115,609,2068,609
2153,552,2336,568,2329,644,2147,628
651,561,845,561,845,630,651,630
855,567,1002,567,1002,635,855,635
1013,572,1060,572,1060,630,1013,630
1103,574,1300,586,1296,656,1099,644
1307,582,1359,582,1359,645,1307,645
1401,588,1501,588,1501,656,1401,656
1522,588,1632,588,1632,661,1522,661
1648,598,1774,598,1774,666,1648,666
1790,609,1958,609,1958,677,1790,677
1968,614,2115,614,2115,687,1968,687
2132,620,2304,636,2298,706,2126,691
1118,651,1260,651,1260,719,1118,719
1255,649,1787,677,1783,750,1251,722
1779,687,1811,687,1811,740,1779,740
887,845,1118,845,1118,950,887,950
1150,863,1404,872,1400,967,1147,959
1428,871,1659,871,1659,976,1428,976
1691,878,2012,885,2010,993,1688,986
477,1086,677,1086,677,1181,477,1181
693,1102,871,1102,871,1176,693,1176
908,1109,1325,1125,1322,1205,905,1189
1339,1129,1551,1139,1548,1216,1335,1207
1701,1149,1937,1149,1937,1249,1701,1249
2121,1167,2412,1178,2409,1258,2118,1246
467,1223,614,1223,614,1302,467,1302
678,1222,1063,1241,1059,1325,674,1306
1055,1243,1383,1258,1379,1340,1052,1325
1696,1273,1966,1285,1962,1365,1693,1353
2021,1288,2318,1299,2314,1384,2018,1373
2310,1307,2404,1307,2404,1386,2310,1386
446,1417,593,1417,593,1512,446,1512
614,1417,824,1452,810,1539,599,1504
1125,1450,1303,1466,1295,1547,1117,1531
1312,1470,1443,1470,1443,1559,1312,1559
1727,1485,1832,1485,1832,1564,1727,1564
2131,1501,2394,1501,2394,1590,2131,1590
436,1567,669,1578,665,1660,432,1649
683,1577,875,1587,871,1673,679,1663
892,1593,1037,1601,1032,1683,888,1675
1039,1606,1186,1606,1186,1685,1039,1685
1197,1619,1337,1628,1332,1709,1192,1700
1344,1622,1575,1622,1575,1706,1344,1706
1585,1643,1769,1643,1769,1727,1585,1727
1774,1638,1905,1638,1905,1732,1774,1732
420,1662,627,1670,623,1760,417,1752
614,1669,1090,1691,1086,1784,610,1762
1128,1716,1270,1716,1270,1795,1128,1795
1270,1711,1428,1711,1428,1800,1270,1800
1653,1743,1874,1743,1874,1821,1653,1821
415,1753,665,1766,660,1858,410,1845
2116,1760,2381,1771,2377,1856,2112,1845
405,1974,670,1985,665,2089,400,2077
687,2000,897,2000,897,2100,687,2100
924,2000,1258,2013,1254,2117,920,2104
2096,2074,2228,2088,2220,2171,2088,2158
2215,2089,2362,2089,2362,2168,2215,2168
399,2142,609,2142,609,2247,399,2247
626,2144,964,2158,959,2265,622,2251
981,2168,1165,2168,1165,2268,981,2268
2089,2241,2210,2241,2210,2331,2089,2331
2205,2247,2357,2247,2357,2331,2205,2331
393,2294,556,2294,556,2388,393,2388
572,2320,719,2320,719,2399,572,2399
2079,2394,2189,2394,2189,2478,2079,2478
2194,2404,2346,2404,2346,2483,2194,2483
388,2467,598,2467,598,2567,388,2567
619,2478,798,2478,798,2572,619,2572
819,2499,971,2499,971,2588,819,2588
2115,2572,2336,2572,2336,2656,2115,2656
813,2672,981,2672,981,2761,813,2761
997,2682,1097,2682,1097,2761,997,2761
1113,2688,1254,2688,1254,2772,1113,2772
1260,2688,1428,2688,1428,2793,1260,2793
1443,2703,1606,2703,1606,2793,1443,2793
1623,2708,1895,2733,1887,2817,1616,2791
393,2908,477,2908,477,2976,393,2976
488,2908,609,2908,609,2987,488,2987
620,2916,843,2930,839,3008,615,2994
854,2921,1040,2952,1026,3035,840,3004
1471,2967,2302,3014,2298,3092,1466,3045
400,3015,593,3030,586,3111,393,3096
593,3039,729,3039,729,3113,593,3113
740,3050,845,3050,845,3134,740,3134
855,3060,981,3060,981,3134,855,3134
997,3066,1176,3066,1176,3139,997,3139
1325,3071,1534,3091,1526,3174,1317,3154
1186,3087,1233,3087,1233,3134,1186,3134
404,3134,504,3134,504,3213,404,3213
2194,3139,2289,3139,2289,3207,2194,3207
516,3146,698,3161,692,3232,510,3217
703,3160,897,3160,897,3239,703,3239
1591,3215,1971,3237,1967,3312,1587,3290
1959,3237,2281,3254,2277,3327,1955,3310
787,3333,924,3333,924,3402,787,3402
934,3339,1102,3339,1102,3417,934,3417
1118,3354,1265,3354,1265,3428,1118,3428
1286,3362,1441,3371,1438,3441,1282,3432
1455,3371,1660,3393,1652,3469,1447,3447
532,3387,667,3404,659,3468,524,3451
1674,3391,1863,3391,1863,3470,1674,3470
678,3403,943,3425,938,3488,673,3466
966,3433,1092,3433,1092,3491,966,3491
1113,3438,1202,3438,1202,3501,1113,3501
1224,3442,1483,3460,1479,3523,1219,3505
1502,3460,1725,3472,1721,3535,1498,3522
1743,3484,1960,3493,1957,3547,1740,3538
1983,3482,2128,3506,2117,3576,1971,3552
568,3550,755,3565,749,3636,562,3621
766,3575,892,3575,892,3633,766,3633
913,3585,1081,3585,1081,3648,913,3648
1118,3593,1409,3607,1406,3677,1115,3663
1428,3612,1533,3612,1533,3680,1428,3680
1559,3627,1732,3627,1732,3690,1559,3690
1759,3629,1940,3642,1935,3713,1754,3699
703,3636,932,3650,928,3706,700,3691
1953,3648,2079,3648,2079,3706,1953,3706
960,3659,1086,3659,1086,3711,960,3711
1097,3662,1409,3682,1405,3738,1094,3719
1407,3682,1618,3691,1616,3746,1404,3737
1638,3697,1934,3713,1931,3767,1635,3751
1066,3730,1209,3738,1207,3776,1064,3768
1218,3731,1477,3746,1474,3795,1215,3780
1491,3759,1564,3759,1564,3795,1491,3795
