760,403,1150,403,1150,496,760,496
1216,533,1286,533,1286,560,1216,560
1186,540,1206,540,1206,560,1186,560
653,543,723,543,723,566,653,566
1098,550,1169,543,1171,569,1100,576
733,548,802,556,799,579,731,570
806,556,840,556,840,580,806,580
847,557,902,567,898,590,843,580
1036,560,1090,560,1090,580,1036,580
1205,570,1272,564,1274,589,1206,594
911,565,968,574,965,596,907,587
1146,570,1203,570,1203,600,1146,600
667,573,739,584,735,608,663,597
1081,583,1146,578,1148,602,1083,607
743,581,821,587,819,612,741,607
834,587,931,596,929,621,831,612
981,595,1076,585,1078,610,984,621
940,596,983,596,983,620,940,620
1011,622,1095,613,1098,640,1014,650
843,619,1010,627,1009,656,842,648
1047,700,1168,687,1173,725,1051,739
764,693,851,698,849,734,762,729
861,700,955,711,951,746,857,735
958,705,1045,700,1048,739,960,744
1210,777,1322,766,1325,799,1213,810
620,776,696,776,696,813,620,813
700,781,765,787,762,818,697,812
780,788,1014,800,1012,834,778,821
1063,790,1143,790,1143,823,1063,823
1286,816,1323,816,1323,846,1286,846
1177,825,1289,817,1291,851,1180,859
620,826,676,826,676,856,620,856
697,828,841,837,839,869,695,859
1061,838,1159,830,1161,863,1063,871
836,838,954,844,952,876,835,870
1253,893,1323,893,1323,926,1253,926
616,896,676,896,676,930,616,930
1223,896,1253,896,1253,926,1223,926
678,897,760,910,755,942,673,928
1080,910,1120,910,1120,940,1080,940
867,915,931,920,929,948,865,942
934,926,979,921,982,946,937,951
616,950,720,950,720,983,616,983
723,955,831,960,829,994,722,989
1116,960,1200,960,1200,993,1116,993
840,965,928,971,926,998,838,993
1046,963,1116,963,1116,996,1046,996
930,970,983,970,983,996,930,996
987,971,1044,977,1042,1002,984,997
1264,987,1326,981,1329,1012,1267,1018
617,983,845,1000,842,1033,614,1016
1226,990,1263,990,1263,1020,1226,1020
886,1003,923,1003,923,1033,886,1033
926,1003,983,1003,983,1033,926,1033
616,1040,690,1040,690,1073,616,1073
733,1046,780,1046,780,1076,733,1076
693,1053,730,1053,730,1073,693,1073
783,1053,823,1053,823,1080,783,1080
1063,1050,1176,1050,1176,1086,1063,1086
830,1060,870,1060,870,1083,830,1083
870,1063,966,1063,966,1086,870,1086
1010,1061,1062,1066,1059,1091,1008,1086
970,1066,1006,1066,1006,1086,970,1086
1270,1073,1330,1073,1330,1106,1270,1106
616,1075,811,1084,809,1118,615,1108
1233,1080,1270,1080,1270,1110,1233,1110
806,1086,843,1086,843,1116,806,1116
906,1093,923,1093,923,1120,906,1120
926,1093,983,1093,983,1123,926,1123
613,1129,731,1133,729,1167,612,1162
737,1134,795,1140,792,1171,734,1166
1116,1140,1180,1140,1180,1173,1116,1173
800,1146,856,1146,856,1173,800,1173
860,1150,916,1150,916,1173,860,1173
920,1141,1012,1150,1009,1181,917,1173
1013,1146,1056,1146,1056,1173,1013,1173
1056,1146,1113,1146,1113,1173,1056,1173
613,1166,653,1166,653,1196,613,1196
1276,1166,1336,1166,1336,1200,1276,1200
650,1166,847,1175,846,1208,648,1198
1236,1170,1273,1170,1273,1200,1236,1200
890,1180,926,1180,926,1210,890,1210
926,1180,986,1180,986,1210,926,1210
1280,1243,1340,1243,1340,1276,1280,1276
613,1244,711,1249,709,1284,611,1279
1220,1246,1276,1246,1276,1280,1220,1280
720,1250,800,1250,800,1286,720,1286
806,1256,826,1256,826,1286,806,1286
833,1253,930,1253,930,1286,833,1286
610,1303,693,1303,693,1340,610,1340
1220,1303,1280,1303,1280,1336,1220,1336
1280,1303,1340,1303,1340,1336,1280,1336
700,1306,823,1306,823,1343,700,1343
830,1313,900,1313,900,1343,830,1343
610,1360,676,1360,676,1396,610,1396
1223,1363,1280,1363,1280,1396,1223,1396
1286,1363,1343,1363,1343,1393,1286,1393
676,1370,736,1370,736,1400,676,1400
606,1430,690,1430,690,1466,606,1466
696,1433,766,1433,766,1466,696,1466
773,1436,833,1436,833,1470,773,1470
1010,1500,1076,1500,1076,1536,1010,1536
946,1503,1010,1503,1010,1543,946,1543
1080,1503,1183,1503,1183,1536,1080,1536
773,1506,840,1506,840,1536,773,1536
843,1506,883,1506,883,1536,843,1536
883,1506,943,1506,943,1536,883,1536
1280,1603,1356,1603,1356,1636,1280,1636
1216,1606,1283,1606,1283,1636,1216,1636
600,1610,640,1610,640,1643,600,1643
643,1610,690,1610,690,1643,643,1643
696,1610,786,1610,786,1643,696,1643
787,1608,861,1613,859,1647,784,1642
1033,1613,1096,1613,1096,1640,1033,1640
973,1660,1060,1660,1060,1693,973,1693
1323,1660,1363,1660,1363,1693,1323,1693
600,1663,683,1663,683,1696,600,1696
683,1663,743,1663,743,1696,683,1696
743,1663,790,1663,790,1700,743,1700
803,1663,843,1663,843,1696,803,1696
846,1663,920,1663,920,1696,846,1696
1310,1666,1326,1666,1326,1690,1310,1690
926,1670,943,1670,943,1690,926,1690
953,1670,970,1670,970,1693,953,1693
793,1673,803,1673,803,1696,793,1696
1086,1713,1236,1713,1236,1746,1086,1746
1233,1713,1366,1713,1366,1746,1233,1746
600,1716,646,1716,646,1756,600,1756
726,1716,810,1716,810,1750,726,1750
646,1720,723,1720,723,1753,646,1753
823,1796,893,1796,893,1836,823,1836
896,1800,960,1800,960,1833,896,1833
966,1800,1033,1800,1033,1833,966,1833
760,1803,820,1803,820,1836,760,1836
1036,1803,1123,1803,1123,1840,1036,1840
1126,1803,1210,1803,1210,1840,1126,1840
1056,1846,1156,1846,1156,1880,1056,1880
896,1850,940,1850,940,1883,896,1883
943,1850,1053,1850,1053,1880,943,1880
1160,1850,1256,1850,1256,1880,1160,1880
1260,1847,1328,1853,1325,1888,1257,1882
643,1853,706,1853,706,1890,643,1890
710,1853,826,1853,826,1886,710,1886
833,1853,890,1853,890,1883,833,1883
896,1936,1026,1936,1026,1976,896,1976
1033,1940,1083,1940,1083,1973,1033,1973
1090,1940,1173,1940,1173,1980,1090,1980
1176,1940,1260,1940,1260,1980,1176,1980
1263,1940,1323,1940,1323,1976,1263,1976
653,1943,740,1943,740,1986,653,1986
810,1943,890,1943,890,1980,810,1980
743,1946,803,1946,803,1983,743,1983
888,1986,1023,1982,1024,2018,890,2022
1026,1983,1123,1983,1123,2016,1026,2016
1130,1983,1256,1983,1256,2020,1130,2020
826,1990,893,1990,893,2023,826,2023
710,1993,816,1993,816,2026,710,2026
943,2026,1063,2026,1063,2056,943,2056
1063,2026,1103,2026,1103,2053,1063,2053
