821,337,1716,318,1720,536,826,555
1683,499,1852,492,1854,548,1685,554
1473,509,1684,497,1688,556,1476,569
1318,523,1474,508,1479,564,1323,578
1197,530,1317,530,1317,582,1197,582
1949,660,2115,672,2109,748,1943,735
1869,672,1916,672,1916,729,1869,729
1664,677,1848,677,1848,750,1664,750
1512,693,1653,693,1653,761,1512,761
578,695,754,707,749,777,573,765
1396,698,1485,698,1485,766,1396,766
1197,703,1386,703,1386,777,1197,777
766,714,934,714,934,782,766,782
945,714,1034,714,1034,782,945,782
1044,714,1186,714,1186,782,1044,782
1926,745,2084,745,2084,819,1926,819
1785,750,1921,750,1921,824,1785,824
1622,761,1779,761,1779,829,1622,829
1391,766,1485,766,1485,845,1391,845
1496,766,1611,766,1611,834,1496,834
1275,777,1365,777,1365,850,1275,850
609,782,787,782,787,850,609,850
794,793,928,785,932,855,799,863
1013,787,1191,787,1191,861,1013,861
1197,787,1244,787,1244,850,1197,850
939,798,987,798,987,850,939,850
1157,860,1652,836,1656,910,1161,935
1034,866,1165,866,1165,934,1034,934
1545,1038,1830,1026,1835,1135,1549,1147
1321,1051,1525,1036,1533,1143,1329,1158
855,1060,1065,1060,1065,1165,855,1165
1081,1065,1302,1065,1302,1160,1081,1160
1932,1278,2188,1263,2193,1340,1937,1356
1575,1291,1779,1291,1779,1380,1575,1380
517,1291,704,1312,695,1399,507,1378
1359,1302,1449,1302,1449,1370,1359,1370
708,1307,871,1307,871,1380,708,1380
1265,1307,1375,1307,1375,1375,1265,1375
897,1312,1260,1312,1260,1380,897,1380
1849,1404,2188,1383,2193,1459,1854,1480
1580,1407,1806,1407,1806,1480,1580,1480
514,1422,656,1422,656,1491,514,1491
708,1422,1077,1428,1076,1503,707,1498
1065,1422,1312,1422,1312,1496,1065,1496
1955,1571,2182,1560,2186,1642,1959,1653
1617,1590,1706,1590,1706,1659,1617,1659
519,1601,651,1601,651,1680,519,1680
669,1591,858,1613,848,1694,659,1672
1257,1614,1375,1595,1388,1671,1269,1691
1113,1606,1260,1606,1260,1674,1113,1674
519,1727,609,1727,609,1795,519,1795
624,1732,735,1732,735,1800,624,1800
745,1732,855,1732,855,1800,745,1800
955,1732,1065,1732,1065,1811,955,1811
861,1737,945,1737,945,1816,861,1816
2052,1790,2189,1790,2189,1863,2052,1863
1958,1795,2063,1795,2063,1869,1958,1869
1590,1806,1732,1806,1732,1874,1590,1874
519,1811,1097,1811,1097,1884,519,1884
1160,1811,1380,1811,1380,1884,1160,1884
525,1895,729,1895,729,1963,525,1963
2058,2063,2194,2063,2194,2136,2058,2136
974,2074,1254,2065,1257,2152,977,2161
1958,2068,2068,2068,2068,2142,1958,2142
777,2079,955,2079,955,2163,777,2163
525,2084,750,2084,750,2168,525,2168
1030,2210,1185,2202,1189,2288,1035,2296
726,2216,1011,2203,1016,2293,730,2307
1921,2210,2073,2210,2073,2283,1921,2283
2063,2210,2199,2210,2199,2283,2063,2283
519,2215,708,2215,708,2310,519,2310
1926,2341,2063,2341,2063,2415,1926,2415
2068,2341,2199,2341,2199,2415,2068,2415
525,2357,677,2357,677,2436,525,2436
682,2357,813,2357,813,2430,682,2430
726,2510,887,2487,899,2570,738,2593
1932,2493,2199,2493,2199,2572,1932,2572
913,2499,1039,2499,1039,2577,913,2577
530,2509,714,2509,714,2598,530,2598
1440,2641,1584,2633,1589,2713,1444,2721
1296,2640,1438,2640,1438,2730,1296,2730
1065,2646,1155,2646,1155,2719,1065,2719
1601,2646,1832,2646,1832,2724,1601,2724
909,2659,1054,2648,1059,2719,914,2730
1165,2651,1291,2651,1291,2719,1165,2719
809,2919,990,2909,995,2989,814,3000
1607,2910,1944,2924,1941,3002,1603,2988
1968,2924,2231,2924,2231,3003,1968,3003
1937,2934,1974,2934,1974,2992,1937,2992
530,2945,624,2945,624,3024,530,3024
635,2945,803,2945,803,3013,635,3013
1025,3085,1180,3078,1183,3160,1029,3167
1191,3087,1323,3087,1323,3160,1191,3160
892,3092,1013,3092,1013,3171,892,3171
1338,3092,1480,3092,1480,3165,1338,3165
1491,3095,1679,3109,1674,3184,1486,3170
1690,3113,1869,3113,1869,3192,1690,3192
1186,3186,1275,3186,1275,3260,1186,3260
778,3201,1033,3185,1038,3264,783,3280
1050,3192,1170,3192,1170,3260,1050,3260
1286,3197,1527,3197,1527,3260,1286,3260
1538,3197,1748,3197,1748,3270,1538,3270
1764,3213,1968,3213,1968,3281,1764,3281
1986,3208,2127,3224,2118,3301,1977,3285
640,3223,771,3223,771,3297,640,3297
999,3377,1170,3368,1174,3448,1003,3457
1192,3366,1466,3373,1464,3455,1190,3448
1485,3375,1585,3375,1585,3454,1485,3454
857,3392,986,3383,991,3454,862,3463
655,3410,840,3380,855,3467,669,3498
1606,3396,1774,3396,1774,3470,1606,3470
1790,3402,1968,3402,1968,3480,1790,3480
1984,3412,2110,3412,2110,3486,1984,3486
1176,3465,1475,3465,1475,3538,1176,3538
1044,3470,1181,3470,1181,3538,1044,3538
1470,3475,1669,3475,1669,3549,1470,3549
791,3489,1021,3467,1029,3542,798,3564
1686,3481,1963,3504,1956,3580,1680,3557
1292,3546,1540,3555,1537,3620,1289,3611
1144,3554,1286,3554,1286,3606,1144,3606
1543,3564,1622,3564,1622,3622,1543,3622
