829,351,1764,351,1764,588,829,588
1506,572,1722,572,1722,630,1506,630
1727,572,1895,572,1895,624,1727,624
1212,577,1338,577,1338,630,1212,630
1344,577,1501,577,1501,624,1344,624
567,747,753,760,749,830,563,818
761,756,937,764,934,836,758,828
1412,761,1506,761,1506,834,1412,834
1695,761,1890,761,1890,840,1695,840
1911,761,1958,761,1958,824,1911,824
1992,750,2166,773,2156,850,1982,827
950,766,1034,766,1034,834,950,834
1207,766,1391,766,1391,845,1207,845
1538,766,1685,766,1685,834,1538,834
1050,771,1191,771,1191,840,1050,840
598,834,782,834,782,908,598,908
1407,840,1506,840,1506,913,1407,913
792,845,924,845,924,913,792,913
1517,845,1638,845,1638,913,1517,913
1648,845,1806,845,1806,918,1648,918
1821,845,1958,845,1958,918,1821,918
1963,845,2126,845,2126,918,1963,918
934,850,981,850,981,908,934,908
1018,850,1197,850,1197,924,1018,924
1207,850,1254,850,1254,913,1207,913
1291,850,1386,850,1386,918,1291,918
1039,929,1475,929,1475,1002,1039,1002
1464,929,1674,929,1674,1002,1464,1002
850,1139,1060,1139,1060,1239,850,1239
1333,1139,1538,1139,1538,1244,1333,1244
1559,1139,1848,1139,1848,1244,1559,1244
1081,1155,1307,1155,1307,1244,1081,1244
498,1380,682,1380,682,1464,498,1464
693,1391,861,1391,861,1459,693,1459
887,1396,1254,1396,1254,1469,887,1469
1260,1401,1354,1401,1354,1475,1260,1475
1359,1401,1454,1401,1454,1475,1359,1475
1575,1401,1785,1401,1785,1491,1575,1491
1947,1401,2210,1401,2210,1475,1947,1475
498,1506,635,1506,635,1580,498,1580
693,1512,1065,1512,1065,1585,693,1585
1060,1517,1312,1517,1312,1590,1060,1590
1580,1522,1811,1522,1811,1596,1580,1596
1858,1527,2205,1527,2205,1596,1858,1596
498,1685,635,1685,635,1764,498,1764
652,1685,841,1706,832,1784,643,1763
1097,1701,1249,1701,1249,1774,1097,1774
1254,1706,1370,1706,1370,1785,1254,1785
1606,1706,1701,1706,1701,1779,1606,1779
1958,1706,2189,1706,2189,1784,1958,1784
498,1816,698,1816,698,1895,498,1895
710,1819,877,1835,869,1910,702,1893
498,1911,1039,1911,1039,1984,498,1984
1139,1921,1239,1921,1239,1989,1139,1989
1233,1921,1365,1921,1365,1989,1233,1989
1617,1923,1746,1932,1742,2002,1612,1994
1554,1932,1606,1932,1606,1989,1554,1989
1947,1942,2031,1942,2031,2000,1947,2000
2042,1942,2178,1942,2178,2010,2042,2010
496,2091,728,2084,731,2173,499,2180
750,2089,934,2089,934,2173,750,2173
951,2084,1235,2090,1233,2179,949,2173
1942,2126,2173,2126,2173,2199,1942,2199
708,2220,992,2220,992,2304,708,2304
504,2226,687,2226,687,2310,504,2310
1008,2226,1160,2226,1160,2304,1008,2304
1937,2262,2173,2262,2173,2341,1937,2341
496,2366,649,2358,653,2435,499,2443
656,2362,787,2362,787,2436,656,2436
1942,2394,2031,2394,2031,2467,1942,2467
2031,2399,2168,2399,2168,2472,2031,2472
698,2516,859,2500,866,2577,706,2593
882,2509,1008,2509,1008,2583,882,2583
504,2514,687,2514,687,2598,504,2598
1974,2546,2163,2546,2163,2625,1974,2625
876,2661,1023,2661,1023,2730,876,2730
1034,2661,1118,2661,1118,2730,1034,2730
1129,2659,1258,2667,1253,2737,1124,2729
1260,2661,1401,2661,1401,2745,1260,2745
1407,2667,1548,2667,1548,2740,1407,2740
1556,2668,1791,2688,1784,2764,1549,2744
774,2912,954,2905,957,2981,777,2988
504,2924,598,2924,598,3003,504,3003
603,2929,766,2929,766,2992,603,2992
1554,2932,1889,2954,1884,3029,1549,3007
1880,2956,2172,2974,2167,3047,1875,3029
981,3076,1134,3076,1134,3150,981,3150
850,3081,976,3081,976,3150,850,3150
1145,3084,1279,3092,1274,3162,1140,3154
1286,3092,1428,3092,1428,3165,1286,3165
1439,3097,1625,3120,1615,3197,1430,3173
1632,3123,1806,3123,1806,3202,1632,3202
743,3176,991,3166,994,3238,746,3248
1008,3176,1123,3176,1123,3234,1008,3234
1139,3176,1228,3176,1228,3244,1139,3244
1239,3173,1474,3192,1468,3268,1233,3249
609,3186,740,3186,740,3260,609,3260
1480,3202,1690,3202,1690,3276,1480,3276
1701,3221,1897,3231,1894,3290,1698,3280
1919,3221,2057,3247,2043,3325,1905,3299
960,3344,1118,3344,1118,3423,960,3423
1141,3341,1411,3355,1406,3441,1136,3427
623,3362,806,3345,814,3432,631,3448
824,3354,945,3354,945,3423,824,3423
1422,3370,1522,3370,1522,3444,1422,3444
1544,3383,1710,3395,1705,3471,1538,3459
1722,3402,1890,3402,1890,3475,1722,3475
1905,3417,2026,3417,2026,3491,1905,3491
752,3446,985,3431,989,3494,756,3510
998,3431,1414,3446,1411,3520,995,3506
1407,3454,1605,3468,1600,3540,1402,3527
1618,3474,1905,3497,1899,3569,1612,3546
1092,3520,1230,3528,1228,3576,1089,3569
1235,3516,1475,3539,1469,3603,1229,3581
1475,3549,1554,3549,1554,3601,1475,3601
