855,231,1711,231,1711,456,855,456
1685,409,1842,409,1842,462,1685,462
1480,414,1685,414,1685,472,1480,472
1333,425,1480,425,1480,477,1333,477
1218,430,1328,430,1328,483,1218,483
1933,571,2094,583,2088,658,1927,646
1664,582,1837,582,1837,656,1664,656
1858,582,1905,582,1905,640,1858,640
619,598,750,598,750,666,619,666
1401,598,1485,598,1485,656,1401,656
1517,598,1648,598,1648,656,1517,656
1212,603,1386,603,1386,677,1212,677
798,609,960,609,960,677,798,677
971,614,1055,614,1055,677,971,677
1065,614,1197,614,1197,672,1065,672
1911,651,2058,651,2058,719,1911,719
1779,656,1905,656,1905,729,1779,729
1622,661,1769,661,1769,729,1622,729
1396,666,1491,666,1491,740,1396,740
1496,666,1611,666,1611,735,1496,735
1286,677,1375,677,1375,745,1286,745
651,682,813,682,813,740,651,740
829,682,955,682,955,750,829,750
1034,682,1207,682,1207,756,1034,756
1212,682,1254,682,1254,740,1212,740
960,687,1002,687,1002,745,960,745
1451,746,1616,738,1619,809,1454,817
1169,752,1463,742,1466,817,1171,828
1617,750,1643,750,1643,798,1617,798
1055,761,1181,761,1181,824,1055,824
1543,934,1816,934,1816,1034,1543,1034
1328,939,1527,939,1527,1039,1328,1039
882,950,1081,950,1081,1044,882,1044
1102,960,1312,960,1312,1044,1102,1044
1908,1167,2152,1157,2155,1231,1911,1242
1564,1170,1758,1170,1758,1260,1564,1260
561,1181,735,1181,735,1260,561,1260
1268,1185,1448,1178,1451,1249,1270,1256
745,1186,892,1186,892,1249,745,1249
924,1186,1265,1186,1265,1254,924,1254
1830,1282,2152,1271,2154,1346,1832,1357
1569,1286,1790,1286,1790,1354,1569,1354
561,1296,693,1296,693,1365,561,1365
745,1296,1060,1296,1060,1370,745,1370
1086,1296,1317,1296,1317,1365,1086,1365
1055,1307,1086,1307,1086,1359,1055,1359
1929,1453,2146,1446,2148,1522,1932,1529
567,1464,693,1464,693,1543,567,1543
1601,1464,1690,1464,1690,1533,1601,1533
705,1460,883,1482,874,1558,695,1536
1118,1470,1260,1470,1260,1533,1118,1533
1270,1475,1375,1475,1375,1548,1270,1548
567,1590,887,1590,887,1659,567,1659
1287,1582,1474,1597,1468,1672,1281,1658
1476,1582,1683,1596,1678,1672,1471,1658
1690,1590,1842,1590,1842,1664,1690,1664
897,1596,1029,1596,1029,1664,897,1664
1197,1596,1275,1596,1275,1653,1197,1653
1040,1597,1183,1604,1180,1660,1037,1653
2016,1664,2142,1664,2142,1732,2016,1732
1968,1674,2000,1674,2000,1727,1968,1727
567,1674,1076,1674,1076,1743,567,1743
1212,1680,1244,1680,1244,1732,1212,1732
1254,1674,1380,1674,1380,1743,1254,1743
1995,1748,2142,1748,2142,1806,1995,1806
572,1758,714,1758,714,1821,572,1821
997,1863,1118,1863,1118,1937,997,1937
1303,1864,1425,1879,1416,1957,1293,1942
1422,1869,1596,1869,1596,1947,1422,1947
567,1874,766,1874,766,1942,567,1942
777,1874,987,1874,987,1942,777,1942
1128,1874,1291,1874,1291,1942,1128,1942
1260,1947,1380,1947,1380,2021,1260,2021
2016,1947,2142,1947,2142,2016,2016,2016
572,1953,777,1953,777,2026,572,2026
771,1953,1076,1953,1076,2021,771,2021
1176,1953,1254,1953,1254,2016,1176,2016
1926,1953,2016,1953,2016,2016,1926,2016
570,2123,786,2116,789,2204,572,2211
1060,2121,1260,2121,1260,2199,1060,2199
808,2126,981,2126,981,2205,808,2205
992,2131,1060,2131,1060,2194,992,2194
1926,2131,2142,2131,2142,2205,1926,2205
992,2247,1097,2247,1097,2325,992,2325
1113,2247,1302,2247,1302,2325,1113,2325
808,2252,981,2252,981,2331,808,2331
572,2257,792,2257,792,2336,572,2336
2000,2262,2147,2262,2147,2331,2000,2331
764,2371,1033,2364,1035,2451,766,2458
1050,2373,1191,2373,1191,2451,1050,2451
577,2383,750,2383,750,2462,577,2462
1926,2388,2147,2388,2147,2462,1926,2462
577,2504,719,2504,719,2583,577,2583
724,2509,845,2509,845,2577,724,2577
1932,2514,2016,2514,2016,2577,1932,2577
2021,2514,2147,2514,2147,2583,2021,2583
771,2630,918,2630,918,2719,771,2719
934,2640,1055,2640,1055,2719,934,2719
575,2649,750,2642,753,2724,578,2731
1291,2782,1428,2782,1428,2871,1291,2871
1433,2782,1569,2782,1569,2861,1433,2861
934,2787,1071,2787,1071,2856,934,2856
1076,2787,1160,2787,1160,2856,1076,2856
1167,2784,1290,2793,1285,2863,1162,2855
1575,2783,1799,2798,1795,2873,1571,2859
842,3028,1007,3021,1010,3097,845,3104
582,3039,672,3039,672,3113,582,3113
682,3045,840,3045,840,3108,682,3108
1580,3040,2159,3057,2157,3132,1578,3115
1039,3186,1181,3186,1181,3260,1039,3260
913,3192,1029,3192,1029,3260,913,3260
1191,3197,1317,3197,1317,3265,1191,3265
1328,3202,1459,3202,1459,3270,1328,3270
1470,3211,1646,3218,1642,3293,1467,3286
1659,3218,1827,3218,1827,3297,1659,3297
819,3281,1044,3281,1044,3344,819,3344
1060,3281,1170,3281,1170,3344,1060,3344
1186,3286,1275,3286,1275,3354,1186,3354
687,3291,808,3291,808,3360,687,3360
1281,3290,1504,3302,1500,3364,1277,3351
1512,3302,1711,3302,1711,3370,1512,3370
1934,3307,2064,3324,2054,3396,1924,3379
1727,3318,1911,3318,1911,3370,1727,3370
703,3461,874,3445,881,3521,710,3537
887,3454,1008,3454,1008,3517,887,3517
1018,3454,1170,3454,1170,3522,1018,3522
1192,3454,1446,3463,1443,3540,1189,3530
1464,3470,1559,3470,1559,3538,1464,3538
1580,3480,1737,3480,1737,3554,1580,3554
1753,3480,1911,3480,1911,3554,1753,3554
1926,3491,2042,3491,2042,3559,1926,3559
829,3533,1044,3533,1044,3596,829,3596
1055,3538,1170,3538,1170,3596,1055,3596
1176,3537,1456,3550,1453,3621,1172,3608
1444,3552,1635,3561,1632,3625,1441,3616
1654,3562,1907,3571,1905,3639,1651,3630
1144,3627,1275,3627,1275,3675,1144,3675
1281,3626,1513,3633,1511,3689,1279,3681
1517,3643,1590,3643,1590,3690,1517,3690
