787,241,1795,241,1795,498,787,498
1519,502,1758,488,1761,556,1522,569
1753,493,1942,493,1942,551,1753,551
1207,504,1344,504,1344,567,1207,567
1344,504,1517,504,1517,556,1344,556
499,680,654,688,650,763,495,755
714,687,897,687,897,766,714,766
913,693,1008,693,1008,771,913,771
656,703,693,703,693,750,656,750
1023,698,1181,698,1181,777,1023,777
2043,694,2226,709,2219,796,2036,781
1197,698,1399,710,1395,792,1193,781
1422,703,1522,703,1522,777,1422,777
1554,703,1711,703,1711,777,1554,777
1727,703,1926,703,1926,782,1727,782
1958,703,2010,703,2010,771,1958,771
535,770,732,777,729,857,532,849
745,777,887,777,887,855,745,855
897,782,955,782,955,850,897,850
1412,782,1517,782,1517,866,1412,866
987,787,1186,787,1186,871,987,871
2016,787,2189,787,2189,866,2016,866
1197,792,1249,792,1249,866,1197,866
1286,792,1391,792,1391,871,1286,871
1533,792,1659,792,1659,866,1533,866
1674,792,1842,792,1842,866,1674,866
1858,792,2000,792,2000,871,1858,871
1013,876,1155,876,1155,955,1013,955
1155,876,1701,876,1701,960,1155,960
808,1102,1034,1102,1034,1212,808,1212
1333,1113,1554,1113,1554,1223,1333,1223
1578,1115,1888,1108,1891,1222,1580,1230
1061,1118,1309,1126,1306,1225,1058,1217
436,1368,633,1378,628,1471,431,1460
640,1375,813,1375,813,1454,640,1454
850,1380,1251,1391,1248,1472,848,1461
1260,1396,1459,1396,1459,1470,1260,1470
1596,1396,1816,1396,1816,1491,1596,1491
1995,1401,2273,1401,2273,1480,1995,1480
435,1506,582,1506,582,1580,435,1580
640,1501,1308,1517,1306,1600,638,1585
1601,1522,1842,1522,1842,1601,1601,1601
1900,1527,2262,1527,2262,1606,1900,1606
441,1701,577,1701,577,1785,441,1785
596,1691,798,1713,789,1800,586,1777
1076,1711,1239,1711,1239,1790,1076,1790
1249,1722,1370,1722,1370,1806,1249,1806
1632,1722,1732,1722,1732,1795,1632,1795
2005,1722,2247,1722,2247,1806,2005,1806
441,1842,619,1842,619,1921,441,1921
635,1842,813,1842,813,1921,635,1921
831,1844,986,1856,980,1932,825,1920
987,1842,1128,1842,1128,1942,987,1942
1139,1853,1349,1853,1349,1932,1139,1932
435,1937,624,1937,624,2016,435,2016
666,1942,1018,1942,1018,2021,666,2021
624,1953,656,1953,656,2010,624,2010
1139,1947,1370,1947,1370,2026,1139,2026
1659,1968,1695,1968,1695,2026,1659,2026
1989,1968,2089,1968,2089,2042,1989,2042
2100,1968,2236,1968,2236,2042,2100,2042
441,2131,682,2131,682,2226,441,2226
918,2131,1223,2131,1223,2231,918,2231
703,2142,897,2142,897,2226,703,2226
1984,2168,2100,2168,2100,2247,1984,2247
2089,2173,2231,2173,2231,2247,2089,2247
441,2273,635,2273,635,2367,441,2367
651,2273,960,2273,960,2373,651,2373
981,2273,1149,2273,1149,2373,981,2373
1984,2310,2226,2310,2226,2394,1984,2394
446,2420,598,2420,598,2504,446,2504
603,2430,745,2430,745,2504,603,2504
1979,2451,2079,2451,2079,2525,1979,2525
2084,2457,2226,2457,2226,2530,2084,2530
651,2572,824,2572,824,2667,651,2667
441,2577,635,2577,635,2667,441,2667
845,2588,981,2588,981,2672,845,2672
1979,2609,2094,2609,2094,2693,1979,2693
2079,2614,2220,2614,2220,2688,2079,2688
1254,2751,1407,2751,1407,2845,1254,2845
840,2756,992,2756,992,2835,840,2835
1008,2756,1097,2756,1097,2829,1008,2829
1412,2756,1564,2756,1564,2835,1412,2835
1113,2761,1244,2761,1244,2835,1113,2835
1575,2756,1825,2768,1821,2848,1571,2836
451,3013,546,3013,546,3092,451,3092
735,3024,918,3024,918,3102,735,3102
557,3026,727,3034,724,3104,553,3096
1575,3045,1926,3045,1926,3123,1575,3123
1916,3050,2220,3050,2220,3123,1916,3123
813,3207,945,3207,945,3281,813,3281
955,3207,1113,3207,1113,3286,955,3286
1128,3218,1270,3218,1270,3291,1128,3291
1286,3223,1433,3223,1433,3297,1286,3297
1449,3227,1645,3234,1642,3314,1446,3307
1659,3228,1842,3228,1842,3318,1659,3318
561,3291,693,3291,693,3370,561,3370
708,3296,968,3305,965,3382,706,3373
981,3312,1107,3312,1107,3381,981,3381
1123,3312,1218,3312,1218,3386,1123,3386
1228,3317,1482,3323,1480,3395,1227,3389
1496,3323,1716,3323,1716,3396,1496,3396
1960,3323,2101,3341,2091,3422,1950,3404
1727,3333,1942,3333,1942,3402,1727,3402
588,3475,771,3475,771,3559,588,3559
787,3491,913,3491,913,3564,787,3564
929,3491,1102,3491,1102,3570,929,3570
1128,3496,1412,3496,1412,3580,1128,3580
1433,3501,1538,3501,1538,3580,1433,3580
1559,3517,1737,3517,1737,3596,1559,3596
1753,3517,1926,3517,1926,3596,1753,3596
1947,3522,2073,3522,2073,3601,1947,3601
719,3574,947,3584,944,3655,716,3645
976,3582,1623,3599,1621,3675,974,3657
1643,3603,1938,3610,1936,3681,1641,3674
1071,3672,1220,3680,1217,3729,1069,3721
1228,3670,1497,3678,1496,3739,1227,3731
1491,3685,1569,3685,1569,3738,1491,3738
