856,4,1786,12,1784,222,854,214
1233,210,1359,210,1359,262,1233,262
1365,220,1527,220,1527,273,1365,273
1527,225,1743,225,1743,278,1527,278
1748,231,1916,231,1916,283,1748,283
572,362,745,362,745,425,572,425
766,367,939,367,939,435,766,435
950,367,1044,367,1044,435,950,435
1061,369,1205,381,1200,441,1056,429
1225,369,1412,388,1405,459,1218,441
1433,388,1527,388,1527,451,1433,451
1559,393,1701,393,1701,451,1559,451
1722,399,1900,399,1900,467,1722,467
1932,404,1984,404,1984,456,1932,456
2016,397,2188,411,2182,486,2011,472
598,441,782,441,782,509,598,509
792,441,929,441,929,509,792,509
934,446,987,446,987,504,934,504
1024,443,1210,454,1206,524,1020,513
1218,451,1270,451,1270,509,1218,509
1302,451,1401,451,1401,519,1302,519
1428,451,1527,451,1527,519,1428,519
1538,462,1659,462,1659,525,1538,525
1675,458,1839,465,1837,536,1672,529
1842,472,1979,472,1979,540,1842,540
1995,477,2147,477,2147,535,1995,535
1039,519,1176,519,1176,588,1039,588
1171,517,1702,528,1700,603,1169,591
834,719,1055,719,1055,819,834,819
1338,719,1559,719,1559,824,1338,824
1076,729,1312,729,1312,818,1076,818
1585,729,1884,729,1884,829,1585,829
472,971,656,971,656,1060,472,1060
666,976,834,976,834,1050,666,1050
861,976,1254,976,1254,1055,861,1055
1260,981,1464,981,1464,1055,1260,1055
1601,981,1816,981,1816,1076,1601,1076
1990,987,2259,993,2257,1072,1988,1065
467,1102,603,1102,603,1176,467,1176
661,1102,1044,1102,1044,1176,661,1176
1045,1098,1308,1106,1306,1183,1042,1175
1601,1107,1848,1107,1848,1181,1601,1181
1900,1113,2257,1113,2257,1191,1900,1191
462,1291,598,1291,598,1370,462,1370
610,1281,804,1304,794,1385,601,1362
1076,1294,1242,1302,1238,1377,1073,1369
1249,1302,1370,1302,1370,1391,1249,1391
2073,1302,2247,1302,2247,1386,2073,1386
1632,1307,1732,1307,1732,1380,1632,1380
2005,1307,2058,1307,2058,1375,2005,1375
456,1428,766,1428,766,1501,456,1501
782,1433,960,1433,960,1506,782,1506
977,1431,1121,1438,1117,1513,973,1506
1401,1438,1617,1438,1617,1517,1401,1517
1134,1443,1281,1443,1281,1512,1134,1512
1296,1443,1386,1443,1386,1512,1296,1512
1622,1449,1758,1449,1758,1533,1622,1533
1779,1449,1858,1449,1858,1522,1779,1522
451,1517,708,1517,708,1596,451,1596
708,1522,1008,1522,1008,1601,708,1601
1123,1533,1223,1533,1223,1606,1123,1606
1228,1533,1365,1533,1365,1606,1228,1606
1958,1543,2089,1543,2089,1617,1958,1617
2100,1543,2241,1543,2241,1617,2100,1617
446,1653,556,1653,556,1732,446,1732
572,1659,929,1659,929,1737,572,1737
945,1664,1118,1664,1118,1737,945,1737
1134,1669,1307,1669,1307,1743,1134,1743
1323,1669,1433,1669,1433,1748,1323,1748
1443,1674,1533,1674,1533,1748,1443,1748
1551,1664,1786,1691,1777,1773,1541,1746
1980,1672,2199,1686,2193,1771,1975,1757
1785,1685,1958,1685,1958,1753,1785,1753
441,1748,798,1748,798,1827,441,1827
787,1753,1008,1753,1008,1832,787,1832
1123,1758,1365,1758,1365,1842,1123,1842
1995,1774,2084,1774,2084,1848,1995,1848
2094,1774,2241,1774,2241,1853,2094,1853
441,1890,703,1890,703,1968,441,1968
724,1893,932,1903,928,1986,720,1976
939,1900,1050,1900,1050,1974,939,1974
1060,1900,1244,1900,1244,1984,1060,1984
1249,1905,1386,1905,1386,1995,1249,1995
1401,1905,1501,1905,1501,1984,1401,1984
1522,1911,1680,1911,1680,1984,1522,1984
1685,1916,1732,1916,1732,1979,1685,1979
1753,1916,1863,1916,1863,1989,1753,1989
441,1984,1008,1984,1008,2063,441,2063
1118,1995,1218,1995,1218,2068,1118,2068
1223,1995,1323,1995,1323,2073,1223,2073
1984,2016,2084,2016,2084,2089,1984,2089
2094,2016,2236,2016,2236,2089,2094,2089
442,2174,679,2184,676,2272,438,2262
698,2184,887,2184,887,2268,698,2268
903,2178,1212,2178,1212,2278,903,2278
1937,2215,2100,2215,2100,2299,1937,2299
2089,2220,2231,2220,2231,2294,2089,2294
441,2315,632,2323,628,2411,438,2403
646,2310,952,2319,949,2418,643,2409
971,2331,1134,2331,1134,2415,971,2415
1937,2355,2233,2365,2230,2447,1934,2437
441,2462,567,2462,567,2541,441,2541
577,2472,750,2472,750,2556,577,2556
763,2467,937,2489,927,2572,752,2550
1932,2509,2231,2509,2231,2588,1932,2588
430,2553,751,2559,750,2646,429,2640
430,2709,619,2709,619,2803,430,2803
635,2714,803,2714,803,2808,635,2808
819,2730,960,2730,960,2819,819,2819
819,2903,976,2903,976,2982,819,2982
987,2908,1076,2908,1076,2982,987,2982
1228,2903,1386,2903,1386,3008,1228,3008
1092,2911,1232,2919,1227,2994,1088,2986
1396,2913,1554,2913,1554,2997,1396,2997
1565,2916,1821,2935,1815,3016,1559,2997
435,3155,530,3155,530,3228,435,3228
540,3163,713,3177,707,3247,535,3233
714,3171,903,3171,903,3249,714,3249
1564,3207,1921,3207,1921,3286,1564,3286
1916,3215,2222,3224,2220,3299,1914,3290
798,3351,928,3359,923,3435,794,3427
934,3354,1097,3354,1097,3438,934,3438
1113,3370,1254,3370,1254,3449,1113,3449
1271,3373,1425,3381,1421,3456,1267,3448
1439,3384,1636,3397,1631,3478,1433,3464
1653,3391,1837,3391,1837,3480,1653,3480
540,3444,677,3444,677,3517,540,3517
688,3445,948,3458,944,3535,684,3522
960,3470,1086,3470,1086,3528,960,3528
1107,3470,1202,3470,1202,3538,1107,3538
1218,3474,1471,3481,1469,3553,1216,3547
1486,3480,1713,3487,1711,3560,1484,3553
1722,3501,1932,3501,1932,3559,1722,3559
1956,3495,2100,3512,2092,3585,1947,3568
567,3627,750,3627,750,3701,567,3701
766,3638,897,3638,897,3706,766,3706
913,3643,1086,3643,1086,3711,913,3711
1113,3643,1403,3652,1401,3725,1111,3716
1422,3659,1522,3659,1522,3717,1422,3717
1554,3664,1727,3664,1727,3738,1554,3738
1748,3664,1921,3664,1921,3738,1748,3738
1942,3675,2068,3675,2068,3743,1942,3743
703,3717,930,3723,929,3781,702,3774
960,3722,1086,3722,1086,3780,960,3780
1092,3722,1409,3735,1406,3796,1090,3783
1401,3738,1606,3738,1606,3801,1401,3801
1633,3743,1928,3753,1926,3810,1631,3800
1065,3801,1207,3801,1207,3848,1065,3848
1218,3806,1475,3806,1475,3858,1218,3858
1485,3811,1564,3811,1564,3858,1485,3858
