653,210,1160,210,1160,340,653,340
1140,330,1233,330,1233,360,1140,360
1021,340,1139,331,1141,363,1023,371
866,343,933,343,933,373,866,373
933,343,1020,343,1020,373,933,373
513,423,613,423,613,463,513,463
1283,428,1378,433,1376,471,1282,466
620,433,720,433,720,476,620,476
1240,433,1270,433,1270,466,1240,466
1126,436,1226,436,1226,473,1126,473
720,440,773,440,773,480,720,480
776,443,856,443,856,480,776,480
973,443,1026,443,1026,483,973,483
1040,443,1120,443,1120,476,1040,476
863,446,963,446,963,483,863,483
534,469,637,483,632,519,529,505
1193,476,1266,476,1266,516,1193,516
1270,476,1360,476,1360,510,1270,510
640,477,715,483,712,524,637,519
1103,483,1186,483,1186,520,1103,520
716,486,743,486,743,520,716,520
760,484,862,491,859,529,758,522
970,486,1026,486,1026,526,970,526
1030,486,1096,486,1096,523,1030,523
863,490,890,490,890,526,863,526
906,490,960,490,960,530,906,530
1006,530,1116,530,1116,570,1006,570
773,533,843,533,843,570,773,570
843,533,1010,533,1010,576,843,576
1061,651,1215,645,1218,701,1063,707
680,653,793,653,793,706,680,706
936,650,1050,650,1050,710,936,710
803,663,926,663,926,710,803,710
1267,781,1409,771,1411,809,1270,819
490,783,593,783,593,833,490,833
1073,786,1183,786,1183,833,1073,833
596,790,683,790,683,826,596,826
700,790,780,790,780,826,700,826
900,790,953,790,953,833,900,833
956,790,1003,790,1003,826,956,826
776,793,896,793,896,830,776,830
1222,845,1409,837,1411,876,1223,884
1073,850,1196,850,1196,886,1073,886
493,853,566,853,566,890,493,890
600,850,797,856,796,895,599,889
800,856,926,856,926,893,800,893
1278,939,1402,935,1404,976,1280,980
1093,950,1143,950,1143,986,1093,986
500,956,573,956,573,996,500,996
577,950,680,964,675,1002,572,989
816,956,896,956,896,990,816,990
903,956,963,956,963,996,903,996
1133,1016,1260,1016,1260,1060,1133,1060
786,1023,860,1023,860,1060,786,1060
950,1023,993,1023,993,1060,950,1060
1000,1023,1046,1023,1046,1056,1000,1056
1060,1023,1126,1023,1126,1056,1060,1056
500,1026,690,1026,690,1070,500,1070
693,1026,780,1026,780,1063,693,1063
866,1026,943,1026,943,1063,866,1063
1273,1063,1323,1063,1323,1100,1273,1100
1330,1063,1403,1063,1403,1100,1330,1100
502,1077,789,1071,790,1111,503,1116
843,1073,893,1073,893,1110,843,1110
896,1073,966,1073,966,1106,896,1106
1330,1166,1400,1166,1400,1203,1330,1203
745,1175,895,1167,898,1209,747,1217
1276,1170,1326,1170,1326,1203,1276,1203
506,1176,633,1176,633,1223,506,1223
640,1176,740,1176,740,1220,640,1220
780,1240,863,1240,863,1286,780,1286
1276,1240,1326,1240,1326,1276,1276,1276
1330,1240,1400,1240,1400,1276,1330,1276
618,1245,772,1240,774,1289,620,1294
510,1253,613,1253,613,1296,510,1296
1276,1310,1326,1310,1326,1346,1276,1346
1330,1310,1403,1310,1403,1346,1330,1346
513,1323,590,1323,590,1360,513,1360
596,1323,666,1323,666,1356,596,1356
1280,1390,1336,1390,1336,1426,1280,1426
1330,1390,1403,1390,1403,1426,1330,1426
621,1400,705,1395,708,1433,623,1438
716,1396,783,1396,783,1433,716,1433
516,1403,616,1403,616,1446,516,1446
920,1463,996,1463,996,1510,920,1510
1000,1463,1073,1463,1073,1503,1000,1503
1080,1464,1201,1468,1199,1507,1078,1503
800,1470,846,1470,846,1506,800,1506
850,1470,916,1470,916,1503,850,1503
716,1476,793,1476,793,1513,716,1513
1083,1606,1276,1606,1276,1650,1083,1650
664,1613,762,1607,764,1648,667,1654
1276,1610,1411,1615,1409,1654,1275,1649
523,1623,573,1623,573,1666,523,1666
576,1626,663,1626,663,1656,576,1656
780,1696,860,1696,860,1736,780,1736
866,1696,936,1696,936,1730,866,1730
943,1696,1016,1696,1016,1730,943,1730
1024,1695,1122,1704,1119,1742,1020,1733
710,1703,776,1703,776,1740,710,1740
1126,1706,1220,1706,1220,1743,1126,1743
863,1746,913,1746,913,1780,863,1780
916,1746,1040,1746,1040,1780,916,1780
793,1750,856,1750,856,1783,793,1783
1050,1750,1156,1750,1156,1783,1050,1783
651,1761,785,1752,788,1787,654,1796
1166,1754,1274,1760,1273,1792,1165,1787
1280,1757,1352,1763,1349,1801,1277,1795
580,1763,650,1763,650,1800,580,1800
868,1838,1012,1834,1014,1879,870,1883
766,1851,859,1840,864,1882,771,1893
1020,1843,1076,1843,1076,1883,1020,1883
1083,1846,1176,1846,1176,1890,1083,1890
1180,1853,1276,1853,1276,1893,1180,1893
593,1856,693,1856,693,1903,593,1903
696,1856,763,1856,763,1890,696,1890
1273,1856,1343,1856,1343,1893,1273,1893
792,1891,1006,1883,1007,1923,793,1930
1013,1890,1116,1890,1116,1926,1013,1926
1127,1895,1268,1904,1266,1939,1124,1930
661,1907,779,1898,781,1933,663,1941
841,1936,919,1932,921,1959,843,1964
920,1933,1050,1933,1050,1966,920,1966
1053,1940,1093,1940,1093,1966,1053,1966
