913,341,1858,341,1858,556,913,556
1302,544,1430,552,1427,607,1299,599
1433,551,1596,551,1596,603,1433,603
1601,556,1821,556,1821,609,1601,609
1821,561,2000,561,2000,614,1821,614
624,714,808,714,808,771,624,771
824,714,1002,714,1002,782,824,782
1013,719,1107,719,1107,782,1013,782
1123,719,1270,719,1270,787,1123,787
1287,716,1483,727,1479,797,1283,786
1506,724,1601,724,1601,787,1506,787
1632,729,1779,729,1779,787,1632,787
1800,729,1989,729,1989,803,1800,803
2016,729,2063,729,2063,792,2016,792
2100,731,2274,747,2267,817,2094,801
651,787,840,787,840,855,651,855
850,792,987,792,987,861,850,861
997,792,1050,792,1050,855,997,855
1496,792,1601,792,1601,866,1496,866
1086,798,1275,798,1275,866,1086,866
1286,798,1338,798,1338,861,1286,861
1375,798,1475,798,1475,866,1375,866
1611,798,1737,798,1737,866,1611,866
1753,803,1916,803,1916,871,1753,871
1926,808,2068,808,2068,882,1926,882
2080,804,2246,819,2240,890,2073,875
1102,864,1749,876,1747,953,1101,941
1743,887,1774,887,1774,939,1743,939
897,1076,1123,1076,1123,1186,897,1186
1413,1076,1640,1084,1637,1198,1409,1191
1150,1090,1393,1097,1390,1193,1147,1186
1659,1092,1968,1092,1968,1197,1659,1197
530,1344,719,1344,719,1433,530,1433
729,1349,903,1349,903,1422,729,1422
934,1354,1333,1354,1333,1433,934,1433
1349,1359,1538,1359,1538,1438,1349,1438
1680,1365,1900,1365,1900,1459,1680,1459
2074,1366,2343,1372,2341,1449,2072,1443
530,1475,666,1475,666,1548,530,1548
729,1470,1392,1485,1390,1564,728,1548
1680,1491,1926,1491,1926,1564,1680,1564
1979,1496,2341,1496,2341,1569,1979,1569
525,1664,666,1664,666,1748,525,1748
678,1659,878,1681,869,1763,669,1741
1155,1672,1320,1680,1317,1755,1152,1747
1333,1680,1449,1680,1449,1769,1333,1769
2089,1680,2325,1680,2325,1764,2089,1764
1716,1685,1811,1685,1811,1758,1716,1758
525,1795,740,1795,740,1884,525,1884
745,1811,813,1811,813,1884,745,1884
829,1811,1055,1811,1055,1884,829,1884
1065,1816,1302,1816,1302,1890,1065,1890
1317,1821,1590,1821,1590,1895,1317,1895
519,1900,787,1900,787,1979,519,1979
787,1905,1086,1905,1086,1984,787,1984
1202,1911,1302,1911,1302,1989,1202,1989
1307,1916,1449,1916,1449,1989,1307,1989
2079,1926,2178,1926,2178,2005,2079,2005
2178,1926,2325,1926,2325,2005,2178,2005
514,2089,756,2089,756,2189,514,2189
998,2095,1303,2101,1301,2200,996,2194
777,2100,971,2100,971,2194,777,2194
2073,2136,2194,2136,2194,2215,2073,2215
2184,2136,2325,2136,2325,2215,2184,2215
724,2236,1034,2236,1034,2341,724,2341
509,2241,708,2241,708,2336,509,2336
1050,2247,1218,2247,1218,2341,1050,2341
2073,2283,2189,2283,2189,2362,2073,2362
2178,2283,2320,2283,2320,2362,2178,2362
514,2394,645,2394,645,2472,514,2472
656,2399,829,2399,829,2488,656,2488
841,2397,1022,2410,1017,2491,835,2478
2073,2425,2173,2425,2173,2499,2073,2499
2184,2423,2324,2431,2319,2506,2180,2498
504,2484,835,2490,834,2573,502,2567
509,2646,698,2646,698,2730,509,2730
719,2657,884,2642,892,2729,727,2744
913,2656,1044,2656,1044,2740,913,2740
908,2824,1065,2824,1065,2898,908,2898
1076,2824,1170,2824,1170,2898,1076,2898
1328,2824,1480,2824,1480,2919,1328,2919
1181,2829,1317,2829,1317,2903,1181,2903
1491,2829,1643,2829,1643,2908,1491,2908
1659,2827,1914,2839,1910,2922,1655,2910
525,3071,619,3071,619,3144,525,3144
630,3087,798,3087,798,3155,630,3155
808,3087,997,3087,997,3165,808,3165
1654,3106,2012,3117,2010,3193,1652,3182
2005,3123,2309,3123,2309,3191,2005,3191
892,3255,1023,3255,1023,3323,892,3323
1039,3255,1191,3255,1191,3328,1039,3328
1212,3260,1349,3260,1349,3333,1212,3333
1365,3270,1512,3270,1512,3339,1365,3339
1533,3273,1726,3287,1720,3363,1528,3348
1737,3286,1921,3286,1921,3365,1737,3365
651,3328,777,3328,777,3391,651,3391
792,3339,1044,3339,1044,3402,792,3402
1060,3349,1186,3349,1186,3407,1060,3407
1202,3349,1296,3349,1296,3412,1202,3412
1312,3354,1555,3360,1553,3421,1311,3415
1575,3360,1790,3360,1790,3423,1575,3423
1806,3375,2016,3375,2016,3433,1806,3433
2039,3369,2179,3387,2171,3454,2030,3437
682,3491,861,3491,861,3564,682,3564
876,3501,1002,3501,1002,3559,876,3559
1018,3501,1191,3501,1191,3570,1018,3570
1213,3496,1493,3505,1490,3583,1211,3575
1512,3517,1611,3517,1611,3580,1512,3580
1643,3528,1811,3528,1811,3596,1643,3596
1832,3528,2005,3528,2005,3601,1832,3601
2022,3535,2151,3546,2144,3617,2015,3605
819,3580,1034,3580,1034,3638,819,3638
1065,3585,1191,3585,1191,3638,1065,3638
1192,3581,1697,3600,1695,3661,1189,3643
1717,3604,1986,3613,1984,3670,1715,3662
1165,3664,1302,3664,1302,3706,1165,3706
1312,3664,1575,3664,1575,3717,1312,3717
1569,3675,1648,3675,1648,3717,1569,3717
