787,357,1748,357,1748,540,787,540
1323,514,1491,514,1491,567,1323,567
1496,514,1721,514,1721,567,1496,567
1727,519,1905,519,1905,567,1727,567
1186,525,1317,525,1317,567,1186,567
887,687,987,687,987,756,887,756
1002,687,1155,687,1155,756,1002,756
1176,687,1375,687,1375,761,1176,761
1401,687,1506,687,1506,756,1401,756
1538,687,1690,687,1690,756,1538,756
1706,687,1911,687,1911,761,1706,761
1932,687,1984,687,1984,745,1932,745
2017,681,2199,693,2193,769,2012,757
693,693,871,693,871,761,693,761
483,698,672,698,672,766,483,766
1396,756,1501,756,1501,829,1396,829
1265,761,1370,761,1370,834,1265,834
1517,761,1643,761,1643,829,1517,829
1659,761,1832,761,1832,834,1659,834
1842,761,1989,761,1989,834,1842,834
2001,757,2172,772,2166,842,1995,828
719,766,861,766,861,840,719,840
871,766,929,766,929,829,871,829
966,766,1165,766,1165,840,966,840
1170,766,1233,766,1233,834,1170,834
509,771,703,771,703,840,509,840
981,839,1454,839,1454,918,981,918
1464,840,1653,840,1653,913,1464,913
1653,850,1685,850,1685,903,1653,903
763,1058,1006,1051,1009,1165,767,1172
1317,1055,1548,1055,1548,1165,1317,1165
1575,1055,1895,1055,1895,1165,1575,1165
1034,1071,1286,1071,1286,1170,1034,1170
372,1328,577,1328,577,1428,372,1428
1596,1328,1832,1328,1832,1433,1596,1433
2010,1333,2294,1333,2294,1412,2010,1412
588,1338,771,1338,771,1412,588,1412
808,1338,1233,1338,1233,1412,808,1412
1239,1338,1459,1338,1459,1412,1239,1412
588,1464,1013,1464,1013,1548,588,1548
1606,1464,1863,1464,1863,1543,1606,1543
1921,1464,2294,1464,2294,1543,1921,1543
1008,1470,1291,1470,1291,1543,1008,1543
372,1475,525,1475,525,1554,372,1554
1050,1664,1228,1664,1228,1758,1050,1758
2029,1675,2288,1666,2291,1748,2032,1757
367,1674,519,1674,519,1769,367,1769
538,1669,752,1691,743,1779,529,1757
1239,1680,1370,1680,1370,1774,1239,1774
1648,1680,1748,1680,1748,1753,1648,1753
577,1832,771,1832,771,1916,577,1916
1317,1827,1464,1827,1464,1921,1317,1921
372,1837,535,1837,535,1911,372,1911
787,1837,876,1837,876,1911,787,1911
892,1837,1055,1837,1055,1911,892,1911
1060,1837,1307,1837,1307,1911,1060,1911
2079,1926,2131,1926,2131,2000,2079,2000
2147,1926,2294,1926,2294,2005,2147,2005
367,1926,992,1926,992,2015,367,2015
1223,1932,1370,1932,1370,2010,1223,2010
1155,1937,1212,1937,1212,2005,1155,2005
889,2134,1221,2121,1225,2225,893,2238
2084,2136,2294,2136,2294,2220,2084,2220
378,2136,635,2136,635,2236,378,2236
661,2136,871,2136,871,2236,661,2236
960,2278,1139,2278,1139,2383,960,2383
609,2283,939,2283,939,2388,609,2388
1993,2294,2298,2286,2301,2370,1995,2378
383,2294,588,2294,588,2394,383,2394
2000,2441,2147,2441,2147,2520,2000,2520
2126,2441,2299,2441,2299,2520,2126,2520
388,2451,551,2451,551,2535,388,2535
567,2457,708,2457,708,2535,567,2535
2037,2609,2294,2609,2294,2693,2037,2693
393,2614,598,2614,598,2709,393,2709
622,2625,801,2617,805,2702,626,2711
819,2614,971,2614,971,2703,819,2703
1435,2771,1595,2764,1598,2845,1439,2852
1270,2772,1428,2772,1428,2866,1270,2866
1617,2770,1881,2777,1879,2856,1615,2850
823,2796,990,2781,997,2860,830,2874
1008,2787,1102,2787,1102,2861,1008,2861
1118,2787,1260,2787,1260,2861,1118,2861
1627,3050,1989,3050,1989,3123,1627,3123
735,3055,929,3055,929,3134,735,3134
1983,3058,2251,3050,2253,3123,1985,3131
430,3060,530,3060,530,3139,430,3139
2247,3060,2289,3060,2289,3118,2247,3118
540,3071,719,3071,719,3139,540,3139
976,3218,1139,3218,1139,3291,976,3291
1317,3218,1464,3218,1464,3286,1317,3286
824,3223,960,3223,960,3291,824,3291
1155,3223,1296,3223,1296,3291,1155,3291
1491,3228,1527,3228,1527,3276,1491,3276
1523,3218,1704,3229,1700,3304,1518,3293
1722,3228,1905,3228,1905,3302,1722,3302
1263,3307,1511,3301,1513,3363,1265,3369
572,3307,703,3307,703,3370,572,3370
999,3312,1128,3305,1131,3365,1003,3372
1149,3307,1244,3307,1244,3365,1149,3365
1554,3307,1774,3307,1774,3365,1554,3365
724,3312,981,3312,981,3370,724,3370
2027,3309,2160,3318,2156,3377,2023,3369
1795,3318,2000,3318,2000,3365,1795,3365
1160,3454,1449,3454,1449,3522,1160,3522
614,3459,798,3459,798,3517,614,3517
966,3459,1134,3459,1134,3517,966,3517
1506,3459,1601,3459,1601,3512,1506,3512
1821,3459,1995,3459,1995,3517,1821,3517
819,3465,945,3465,945,3517,819,3517
1627,3465,1795,3465,1795,3522,1627,3522
2016,3465,2142,3465,2142,3528,2016,3528
1013,3528,1102,3528,1102,3580,1013,3580
1102,3528,1144,3528,1144,3580,1102,3580
1144,3528,1454,3528,1454,3580,1144,3580
1491,3528,1653,3528,1653,3580,1491,3580
756,3533,981,3533,981,3580,756,3580
1711,3533,2000,3533,2000,3580,1711,3580
1270,3591,1464,3591,1464,3638,1270,3638
1501,3596,1569,3596,1569,3633,1501,3633
1564,3591,1643,3591,1643,3633,1564,3633
1118,3601,1260,3601,1260,3633,1118,3633
