792,315,1785,315,1785,546,792,546
1512,514,1753,514,1753,582,1512,582
1194,524,1332,516,1335,577,1197,584
1338,519,1512,519,1512,577,1338,577
1748,519,1932,519,1932,577,1748,577
1412,719,1512,719,1512,798,1412,798
1548,719,1706,719,1706,798,1548,798
1722,719,1926,719,1926,803,1722,803
1953,719,2010,719,2010,787,1953,787
2039,707,2228,731,2218,814,2029,790
1191,724,1391,724,1391,808,1191,808
908,729,1002,729,1002,803,908,803
1018,729,1176,729,1176,803,1018,803
714,735,892,735,892,808,714,808
514,740,698,740,698,813,514,813
1407,803,1512,803,1512,887,1407,887
1527,808,1659,808,1659,887,1527,887
1674,808,1842,808,1842,887,1674,887
1853,808,2000,808,2000,887,1853,887
2016,808,2189,808,2189,882,2016,882
1281,813,1380,813,1380,887,1281,887
742,824,885,816,890,892,746,900
897,819,945,819,945,887,897,887
987,819,1181,819,1181,897,987,897
1191,819,1239,819,1239,887,1191,887
546,824,735,824,735,897,546,897
1144,897,1701,897,1701,976,1144,976
1002,903,1149,903,1149,981,1002,981
1580,1123,1890,1123,1890,1239,1580,1239
803,1128,1034,1128,1034,1239,803,1239
1328,1128,1554,1128,1554,1239,1328,1239
1055,1139,1302,1139,1302,1239,1055,1239
441,1401,635,1401,635,1496,441,1496
645,1407,819,1407,819,1480,645,1480
850,1407,1249,1407,1249,1485,850,1485
1601,1407,1821,1407,1821,1506,1601,1506
2005,1407,2283,1407,2283,1485,2005,1485
1254,1412,1454,1412,1454,1485,1254,1485
645,1538,1307,1538,1307,1616,645,1616
1601,1538,1853,1538,1853,1617,1601,1617
1910,1538,2283,1538,2283,1616,1910,1616
451,1543,593,1543,593,1617,451,1617
2016,1732,2268,1732,2268,1816,2016,1816
456,1737,593,1737,593,1816,456,1816
606,1727,804,1749,795,1831,596,1809
1076,1743,1239,1743,1239,1816,1076,1816
1254,1743,1375,1743,1375,1832,1254,1832
1638,1743,1737,1743,1737,1816,1638,1816
456,1874,735,1874,735,1953,456,1953
750,1879,913,1879,913,1958,750,1958
1065,1884,1197,1884,1197,1958,1065,1958
1212,1884,1449,1884,1449,1958,1212,1958
1449,1884,1585,1884,1585,1968,1449,1968
1609,1874,1788,1897,1777,1984,1598,1961
918,1890,1055,1890,1055,1968,918,1968
456,1968,1023,1968,1023,2047,456,2047
1128,1979,1286,1979,1286,2052,1128,2052
2005,1989,2115,1989,2115,2063,2005,2063
2126,1989,2268,1989,2268,2063,2126,2063
456,2152,698,2152,698,2252,456,2252
929,2163,1233,2163,1233,2257,929,2257
719,2168,908,2168,908,2252,719,2252
2005,2194,2126,2194,2126,2278,2005,2278
2121,2199,2262,2199,2262,2273,2121,2273
672,2294,971,2294,971,2399,672,2399
462,2299,656,2299,656,2394,462,2394
992,2315,1155,2315,1155,2399,992,2399
2005,2346,2126,2346,2126,2430,2005,2430
2121,2346,2262,2346,2262,2425,2121,2425
472,2446,598,2446,598,2525,472,2525
609,2457,777,2457,777,2541,609,2541
790,2446,963,2469,952,2551,779,2528
2005,2493,2110,2493,2110,2572,2005,2572
2126,2499,2262,2499,2262,2577,2126,2577
467,2541,698,2541,698,2619,467,2619
472,2688,656,2688,656,2777,472,2777
677,2698,834,2698,834,2782,677,2782
855,2709,987,2709,987,2793,855,2793
855,2882,1002,2882,1002,2955,855,2955
1013,2887,1102,2887,1102,2961,1013,2961
1254,2887,1412,2887,1412,2982,1254,2982
1113,2892,1249,2892,1249,2966,1113,2966
1417,2898,1575,2898,1575,2976,1417,2976
1586,2895,1846,2907,1842,2985,1582,2973
483,3118,572,3118,572,3197,483,3197
583,3131,751,3147,744,3217,576,3201
756,3139,939,3139,939,3218,756,3218
1591,3155,1949,3169,1946,3242,1588,3228
1979,3171,2247,3171,2247,3244,1979,3244
1947,3181,1979,3181,1979,3234,1947,3234
981,3297,1134,3297,1134,3365,981,3365
845,3307,971,3307,971,3370,845,3370
1155,3307,1291,3307,1291,3375,1155,3375
1312,3318,1454,3318,1454,3375,1312,3375
1470,3321,1662,3334,1657,3399,1466,3386
1680,3328,1863,3328,1863,3407,1680,3407
605,3381,735,3398,727,3458,598,3441
745,3386,997,3386,997,3444,745,3444
1013,3391,1134,3391,1134,3444,1013,3444
1155,3391,1239,3391,1239,3449,1155,3449
1260,3394,1503,3407,1500,3463,1257,3451
1522,3407,1732,3407,1732,3465,1522,3465
1980,3414,2119,3423,2114,3493,1975,3484
1753,3423,1958,3423,1958,3475,1753,3475
640,3538,819,3538,819,3612,640,3612
976,3538,1144,3538,1144,3606,976,3606
834,3543,955,3543,955,3601,834,3601
1167,3532,1448,3552,1443,3625,1162,3605
1464,3564,1564,3564,1564,3627,1464,3627
1590,3570,1758,3570,1758,3638,1590,3638
1779,3575,1953,3575,1953,3643,1779,3643
1968,3580,2094,3580,2094,3648,1968,3648
777,3617,997,3617,997,3675,777,3675
1023,3617,1149,3617,1149,3669,1023,3669
1150,3609,1452,3633,1447,3694,1145,3670
1443,3638,1648,3638,1648,3696,1443,3696
1670,3643,1939,3657,1936,3717,1666,3703
1118,3690,1265,3690,1265,3738,1118,3738
1271,3692,1520,3711,1516,3765,1267,3747
1522,3717,1601,3717,1601,3759,1522,3759
