880,336,923,336,923,366,880,366
930,336,1073,336,1073,373,930,373
1076,343,1160,343,1160,373,1076,373
690,373,848,380,846,424,688,417
853,383,970,383,970,423,853,423
980,386,1140,386,1140,430,980,430
1140,390,1213,390,1213,433,1140,433
1227,388,1352,397,1349,435,1224,426
606,430,680,430,680,473,606,473
686,430,786,430,786,476,686,476
793,433,893,433,893,480,793,480
900,440,960,440,960,486,900,486
970,440,1130,440,1130,486,970,486
1136,446,1236,446,1236,490,1136,490
1240,446,1313,446,1313,490,1240,490
1316,450,1420,450,1420,500,1316,500
600,537,679,544,676,589,597,582
683,545,800,550,799,584,682,580
806,553,926,553,926,590,806,590
936,556,1066,556,1066,590,936,590
1076,560,1126,560,1126,590,1076,590
1133,560,1200,560,1200,596,1133,596
1210,559,1344,564,1343,600,1208,595
1348,561,1417,569,1412,606,1343,597
743,596,843,596,843,643,743,643
850,600,953,600,953,640,850,640
963,610,1040,610,1040,646,963,646
1050,610,1126,610,1126,653,1050,653
1130,613,1216,613,1216,653,1130,653
1220,616,1290,616,1290,656,1220,656
543,703,683,703,683,746,543,746
683,702,894,708,893,752,682,746
1233,716,1326,716,1326,756,1233,756
1330,715,1418,721,1416,758,1327,751
1420,723,1473,723,1473,766,1420,766
783,855,901,860,899,904,782,899
986,856,1070,856,1070,906,986,906
903,860,983,860,983,900,903,900
1070,863,1136,863,1136,896,1070,896
1146,863,1193,863,1193,906,1146,906
1196,863,1276,863,1276,906,1196,906
1206,943,1276,943,1276,990,1206,990
553,946,630,946,630,986,553,986
633,946,690,946,690,986,633,986
1280,950,1366,950,1366,993,1280,993
1373,950,1470,950,1470,993,1373,993
1320,1033,1390,1033,1390,1070,1320,1070
1393,1033,1470,1033,1470,1076,1393,1076
556,1036,633,1036,633,1076,556,1076
636,1036,690,1036,690,1076,636,1076
1215,1106,1369,1101,1371,1150,1217,1156
1376,1103,1470,1103,1470,1146,1376,1146
1123,1106,1206,1106,1206,1153,1123,1153
626,1110,690,1110,690,1150,626,1150
560,1113,636,1113,636,1153,560,1153
1353,1176,1470,1176,1470,1223,1353,1223
1250,1180,1346,1180,1346,1223,1250,1223
1086,1183,1216,1183,1216,1230,1086,1230
1216,1186,1236,1186,1236,1220,1216,1220
560,1186,690,1186,690,1230,560,1230
1383,1280,1473,1280,1473,1320,1383,1320
1196,1283,1346,1283,1346,1320,1196,1320
1346,1286,1363,1286,1363,1316,1346,1316
1366,1286,1383,1286,1383,1316,1366,1316
1015,1290,1136,1284,1137,1324,1017,1329
563,1296,640,1296,640,1340,563,1340
643,1296,696,1296,696,1336,643,1336
1140,1326,1210,1326,1210,1373,1140,1373
1293,1330,1380,1330,1380,1370,1293,1370
1383,1330,1466,1330,1466,1366,1383,1366
1026,1333,1136,1333,1136,1373,1026,1373
1213,1333,1283,1333,1283,1370,1213,1370
1303,1391,1402,1398,1399,1436,1301,1429
1403,1396,1473,1396,1473,1440,1403,1440
1020,1400,1076,1400,1076,1443,1020,1443
1083,1406,1166,1406,1166,1443,1083,1443
836,1413,886,1413,886,1456,836,1456
563,1420,693,1420,693,1463,563,1463
1403,1496,1470,1496,1470,1530,1403,1530
1203,1500,1380,1500,1380,1543,1203,1543
1073,1506,1183,1506,1183,1543,1073,1543
1186,1510,1206,1510,1206,1540,1186,1540
1060,1513,1076,1513,1076,1543,1060,1543
793,1516,906,1516,906,1556,793,1556
558,1527,749,1517,751,1557,560,1566
1380,1553,1473,1553,1473,1596,1380,1596
1201,1566,1276,1562,1278,1599,1203,1604
1293,1563,1376,1563,1376,1596,1293,1596
1082,1570,1203,1565,1204,1608,1083,1612
796,1573,910,1573,910,1623,796,1623
1030,1573,1080,1573,1080,1613,1030,1613
976,1576,1023,1576,1023,1610,976,1610
561,1591,706,1585,708,1628,563,1634
1183,1683,1296,1683,1296,1733,1183,1733
1055,1690,1172,1685,1174,1732,1056,1737
930,1693,1043,1693,1043,1743,930,1743
761,1702,919,1695,921,1748,763,1754
975,1812,1193,1802,1194,1838,977,1848
876,1813,970,1813,970,1850,876,1850
1323,1833,1416,1833,1416,1866,1323,1866
1250,1836,1316,1836,1316,1870,1250,1870
1216,1840,1246,1840,1246,1873,1216,1873
1110,1843,1203,1843,1203,1876,1110,1876
1080,1850,1103,1850,1103,1880,1080,1880
1013,1850,1063,1850,1063,1883,1013,1883
950,1853,1000,1853,1000,1886,950,1886
710,1856,783,1856,783,1890,710,1890
790,1856,873,1856,873,1886,790,1886
880,1856,943,1856,943,1886,880,1886
623,1860,706,1860,706,1890,623,1890
1340,1873,1430,1873,1430,1910,1340,1910
1243,1876,1333,1876,1333,1913,1243,1913
1110,1880,1186,1880,1186,1913,1110,1913
1190,1880,1236,1880,1236,1913,1190,1913
1010,1883,1103,1883,1103,1916,1010,1916
750,1890,846,1890,846,1923,750,1923
857,1885,935,1893,932,1926,853,1917
946,1890,996,1890,996,1920,946,1920
606,1893,693,1893,693,1926,606,1926
833,1986,950,1986,950,2020,833,2020
950,1986,1033,1986,1033,2016,950,2016
1033,1986,1100,1986,1100,2016,1033,2016
743,1990,836,1990,836,2020,743,2020
815,2024,1189,2018,1191,2121,816,2127
1180,2020,1296,2020,1296,2126,1180,2126
