1286,26,1333,26,1333,73,1286,73
1346,132,1825,97,1836,246,1357,281
614,643,1020,664,1015,757,609,736
493,764,561,771,559,795,491,789
567,773,642,784,639,806,564,795
683,793,740,793,740,816,683,816
1027,791,1127,795,1126,820,1025,816
500,800,570,800,570,823,500,823
750,798,821,805,819,826,748,819
943,800,1016,800,1016,823,943,823
577,801,658,811,655,836,574,825
880,803,936,803,936,826,880,826
667,817,768,827,766,852,664,842
1046,823,1113,823,1113,846,1046,846
920,826,1046,826,1046,850,920,850
776,830,820,830,820,850,776,850
823,830,866,830,866,853,823,853
870,830,920,830,920,853,870,853
670,845,844,859,842,885,668,870
848,860,932,854,934,878,850,884
583,913,670,913,670,950,583,950
684,920,779,931,775,966,680,955
783,930,873,930,873,966,783,966
876,930,996,930,996,966,876,966
421,975,504,994,496,1028,413,1009
503,994,565,1000,562,1025,501,1019
583,997,746,1015,742,1047,580,1029
1028,1016,1143,1008,1145,1039,1030,1047
746,1020,786,1020,786,1046,746,1046
790,1026,830,1026,830,1050,790,1050
880,1023,960,1023,960,1053,880,1053
410,1026,463,1026,463,1056,410,1056
497,1034,762,1065,759,1093,494,1062
1100,1053,1140,1053,1140,1083,1100,1083
991,1060,1102,1053,1104,1085,993,1092
873,1063,976,1063,976,1093,873,1093
396,1096,456,1096,456,1130,396,1130
463,1103,546,1117,541,1145,458,1131
664,1124,730,1133,726,1162,660,1152
1031,1126,1132,1121,1134,1155,1033,1161
730,1133,780,1133,780,1166,730,1166
883,1136,923,1136,923,1166,883,1166
387,1144,465,1151,463,1182,384,1176
470,1163,510,1163,510,1183,470,1183
514,1161,578,1167,576,1195,511,1189
584,1170,719,1187,715,1213,580,1197
380,1178,625,1204,622,1238,377,1213
723,1187,782,1194,779,1216,721,1209
780,1190,823,1190,823,1220,780,1220
823,1190,896,1190,896,1223,823,1223
1066,1213,1126,1213,1126,1246,1066,1246
670,1216,710,1216,710,1246,670,1246
1026,1216,1066,1216,1066,1246,1026,1246
713,1220,773,1220,773,1250,713,1250
367,1253,473,1267,468,1303,363,1290
477,1268,565,1275,562,1311,474,1304
570,1280,603,1280,603,1313,570,1313
601,1277,707,1291,702,1329,596,1315
1063,1293,1123,1293,1123,1326,1063,1326
1020,1296,1063,1296,1063,1326,1020,1326
354,1311,442,1320,439,1358,350,1349
447,1319,583,1331,579,1372,443,1359
588,1337,663,1347,659,1382,583,1372
1060,1350,1123,1350,1123,1383,1060,1383
1016,1353,1060,1353,1060,1386,1016,1386
343,1373,413,1373,413,1410,343,1410
413,1386,476,1386,476,1416,413,1416
1054,1410,1119,1405,1122,1439,1057,1444
1013,1413,1056,1413,1056,1446,1013,1446
330,1437,419,1446,415,1485,327,1476
426,1453,500,1453,500,1490,426,1490
510,1460,573,1460,573,1500,510,1500
1053,1476,1113,1476,1113,1510,1053,1510
1030,1486,1050,1486,1050,1513,1030,1513
497,1530,571,1535,569,1571,494,1566
573,1540,616,1540,616,1573,573,1573
620,1541,685,1547,682,1581,617,1576
686,1550,756,1550,756,1586,686,1586
756,1556,826,1556,826,1590,756,1590
830,1556,940,1556,940,1590,830,1590
290,1640,340,1640,340,1680,290,1680
340,1645,425,1650,422,1685,338,1679
423,1653,516,1653,516,1690,423,1690
973,1680,1106,1680,1106,1716,973,1716
820,1683,976,1683,976,1720,820,1720
446,1743,516,1743,516,1783,446,1783
516,1746,593,1746,593,1786,516,1786
601,1750,674,1761,668,1799,595,1788
677,1760,752,1769,748,1805,673,1796
753,1771,848,1778,845,1818,750,1811
313,1780,380,1780,380,1820,313,1820
850,1780,933,1780,933,1816,850,1816
384,1785,515,1800,511,1835,380,1821
517,1807,583,1801,586,1832,520,1838
590,1803,636,1803,636,1843,590,1843
643,1814,768,1820,766,1855,641,1849
773,1823,873,1823,873,1860,773,1860
982,1819,1050,1831,1043,1870,975,1858
880,1830,976,1830,976,1860,880,1860
306,1883,403,1883,403,1933,306,1933
403,1896,476,1896,476,1936,403,1936
476,1900,570,1900,570,1943,476,1943
578,1896,731,1914,725,1963,572,1946
733,1920,786,1920,786,1963,733,1963
796,1926,876,1926,876,1970,796,1970
880,1926,966,1926,966,1970,880,1970
966,1930,1033,1930,1033,1970,966,1970
364,1939,482,1951,479,1989,360,1976
493,1953,563,1953,563,1990,493,1990
560,1953,716,1965,712,2008,557,1996
716,1973,823,1973,823,2013,716,2013
826,1980,953,1980,953,2016,826,2016
620,2008,752,2019,749,2053,617,2042
753,2026,796,2026,796,2056,753,2056
