808,210,1837,210,1837,435,808,435
1798,415,1989,406,1992,462,1801,470
1375,414,1554,414,1554,472,1375,472
1559,414,1800,414,1800,472,1559,472
1233,420,1370,420,1370,472,1233,472
1779,598,1989,598,1989,677,1779,677
2021,598,2084,598,2084,666,2021,666
2111,592,2298,604,2293,685,2106,673
924,603,1023,603,1023,677,924,677
1040,600,1211,612,1205,683,1035,670
1223,603,1433,603,1433,677,1223,677
1459,603,1564,603,1564,672,1459,672
1601,603,1764,603,1764,677,1601,677
719,609,908,609,908,677,719,677
504,614,661,614,661,682,504,682
651,624,698,624,698,666,651,666
1454,677,1564,677,1564,750,1454,750
1926,677,2073,677,2073,756,1926,756
2084,677,2262,677,2262,756,2084,756
1002,682,1212,682,1212,761,1002,761
1223,682,1275,682,1275,750,1223,750
1317,682,1422,682,1422,756,1317,756
1580,682,1716,682,1716,756,1580,756
1727,682,1911,682,1911,756,1727,756
750,687,897,687,897,761,750,761
908,687,966,687,966,750,908,750
530,693,735,693,735,766,530,766
1023,765,1763,759,1764,839,1023,845
1370,986,1616,986,1616,1102,1370,1102
1643,986,1973,986,1973,1102,1643,1102
803,997,1050,997,1050,1107,803,1107
1081,1002,1338,1002,1338,1107,1081,1107
1664,1275,1905,1275,1905,1386,1664,1386
2094,1281,2388,1281,2388,1370,2094,1370
399,1286,609,1286,609,1386,399,1386
624,1291,813,1291,813,1370,624,1370
850,1291,1286,1291,1286,1370,850,1370
1307,1291,1517,1291,1517,1370,1307,1370
2000,1422,2388,1422,2388,1506,2000,1506
619,1422,1344,1422,1344,1512,619,1512
1669,1428,1937,1428,1937,1506,1669,1506
409,1438,561,1438,561,1517,409,1517
2115,1632,2373,1632,2373,1722,2115,1722
409,1643,567,1643,567,1737,409,1737
581,1637,800,1661,790,1752,570,1728
1102,1648,1281,1648,1281,1727,1102,1727
1286,1664,1419,1641,1434,1727,1300,1750
1711,1648,1816,1648,1816,1727,1711,1727
968,1786,1222,1801,1217,1897,962,1883
425,1800,777,1800,777,1884,425,1884
1247,1784,1476,1810,1466,1902,1236,1877
798,1806,955,1806,955,1884,798,1884
1281,1900,1428,1900,1428,1984,1281,1984
2105,1900,2362,1900,2362,1979,2105,1979
430,1905,1044,1905,1044,1984,430,1984
1181,1916,1218,1916,1218,1974,1181,1974
1218,1911,1260,1911,1260,1974,1218,1974
955,2094,1281,2094,1281,2199,955,2199
2092,2110,2346,2102,2349,2185,2095,2194
441,2105,703,2105,703,2199,441,2199
724,2105,934,2105,934,2199,724,2199
1023,2241,1202,2241,1202,2341,1023,2341
682,2247,1002,2247,1002,2346,682,2346
2090,2249,2215,2258,2209,2338,2084,2330
454,2255,660,2248,663,2346,457,2353
2199,2257,2341,2257,2341,2331,2199,2331
2084,2399,2189,2399,2189,2472,2084,2472
2189,2399,2336,2399,2336,2472,2189,2472
464,2407,628,2400,631,2482,468,2490
640,2409,782,2409,782,2483,640,2483
692,2568,873,2551,881,2639,700,2656
2121,2562,2194,2562,2194,2635,2121,2635
2189,2562,2331,2562,2331,2635,2189,2635
475,2570,676,2563,679,2650,478,2658
897,2567,1034,2567,1034,2646,897,2646
1496,2714,1648,2714,1648,2793,1496,2793
1328,2719,1485,2719,1485,2808,1328,2808
1664,2719,1916,2719,1916,2803,1664,2803
1076,2724,1170,2724,1170,2798,1076,2798
1181,2724,1323,2724,1323,2798,1181,2798
903,2730,1060,2730,1060,2808,903,2808
808,2987,997,2987,997,3071,808,3071
1664,2983,2022,2991,2020,3068,1662,3060
2021,2992,2315,2992,2315,3066,2021,3066
514,3003,609,3003,609,3071,514,3071
619,3008,798,3008,798,3076,619,3076
1039,3155,1202,3155,1202,3234,1039,3234
894,3166,1027,3158,1032,3233,898,3241
1218,3160,1359,3160,1359,3228,1218,3228
1375,3160,1522,3160,1522,3228,1375,3228
1544,3158,1741,3171,1736,3242,1539,3229
1758,3165,1937,3165,1937,3244,1758,3244
1212,3249,1312,3249,1312,3318,1212,3318
1323,3249,1575,3249,1575,3318,1323,3318
1590,3249,1811,3249,1811,3318,1590,3318
2054,3244,2194,3260,2186,3327,2046,3311
785,3260,1054,3251,1056,3322,788,3332
1071,3255,1191,3255,1191,3318,1071,3318
1827,3255,2031,3255,2031,3312,1827,3312
640,3260,777,3260,777,3333,640,3333
1848,3412,2021,3412,2021,3491,1848,3491
2042,3412,2163,3412,2163,3491,2042,3491
1223,3417,1506,3417,1506,3501,1223,3501
1527,3417,1632,3417,1632,3496,1527,3496
1659,3423,1832,3423,1832,3496,1659,3496
1019,3440,1196,3424,1202,3501,1025,3516
677,3433,861,3433,861,3512,677,3512
876,3438,1008,3438,1008,3512,876,3512
1509,3515,1689,3504,1693,3579,1513,3590
1737,3507,2010,3507,2010,3580,1737,3580
1200,3520,1515,3508,1518,3582,1203,3595
1685,3522,1716,3522,1716,3575,1685,3575
1071,3522,1207,3522,1207,3596,1071,3596
813,3528,1044,3528,1044,3596,813,3596
1328,3601,1596,3601,1596,3659,1328,3659
1590,3601,1669,3601,1669,3654,1590,3654
1170,3612,1323,3612,1323,3664,1170,3664
