973,393,1053,393,1053,423,973,423
847,404,969,395,971,429,850,437
790,406,833,406,833,440,790,440
1118,428,1239,423,1241,459,1120,464
1036,433,1106,433,1106,476,1036,476
881,448,1033,436,1036,474,884,487
784,453,879,448,881,490,787,495
619,460,759,455,760,493,620,497
773,460,790,460,790,490,773,490
1213,473,1313,473,1313,520,1213,520
1136,476,1206,476,1206,520,1136,520
1034,487,1129,481,1132,525,1037,531
878,497,1032,488,1035,534,880,543
720,503,810,503,810,550,720,550
816,503,876,503,876,546,816,546
620,513,713,513,713,556,620,556
550,516,620,516,620,560,550,560
1253,580,1320,580,1320,613,1253,613
1112,586,1246,581,1247,616,1113,621
1043,593,1106,593,1106,630,1043,630
986,600,1033,600,1033,630,986,630
851,607,979,597,982,635,853,644
736,610,846,610,846,643,736,643
547,615,618,621,615,658,544,652
622,618,729,614,731,646,623,651
1126,640,1196,640,1196,683,1126,683
1038,646,1119,642,1122,683,1040,688
963,650,1033,650,1033,686,963,686
776,653,873,653,873,693,776,693
880,653,953,653,953,690,880,690
680,656,770,656,770,696,680,696
1330,726,1383,726,1383,770,1330,770
1240,730,1326,730,1326,760,1240,760
1142,736,1236,732,1238,770,1143,775
642,760,816,754,817,792,643,797
492,766,619,760,621,796,493,803
626,766,643,766,643,793,626,793
910,870,983,870,983,913,910,913
1113,870,1190,870,1190,906,1113,906
990,873,1056,873,1056,903,990,903
1063,873,1110,873,1110,906,1063,906
696,880,823,880,823,916,696,916
830,880,903,880,903,913,830,913
1126,946,1196,946,1196,990,1126,990
1200,946,1283,946,1283,986,1200,986
1293,946,1386,946,1386,990,1293,990
496,963,566,963,566,1000,496,1000
573,963,600,963,600,996,573,996
1240,1026,1306,1026,1306,1063,1240,1063
1310,1030,1380,1030,1380,1066,1310,1066
496,1043,570,1043,570,1080,496,1080
576,1043,623,1043,623,1080,576,1080
1138,1100,1286,1094,1288,1144,1140,1149
1293,1096,1383,1096,1383,1140,1293,1140
1050,1103,1133,1103,1133,1146,1050,1146
566,1110,626,1110,626,1153,566,1153
500,1116,573,1116,573,1156,500,1156
1270,1166,1380,1166,1380,1210,1270,1210
1170,1170,1260,1170,1260,1210,1170,1210
1015,1176,1133,1172,1134,1217,1017,1222
1130,1176,1160,1176,1160,1210,1130,1210
570,1186,630,1186,630,1226,570,1226
503,1190,573,1190,573,1230,503,1230
1235,1266,1376,1260,1378,1298,1237,1304
1114,1272,1239,1265,1241,1304,1117,1311
1016,1276,1063,1276,1063,1313,1016,1313
946,1280,1013,1280,1013,1313,946,1313
506,1293,580,1293,580,1330,506,1330
586,1293,633,1293,633,1326,586,1326
1310,1306,1373,1306,1373,1343,1310,1343
1233,1310,1310,1310,1310,1346,1233,1346
1140,1316,1226,1316,1226,1350,1140,1350
953,1320,1043,1320,1043,1353,953,1353
1066,1320,1133,1320,1133,1353,1066,1353
846,1326,910,1326,910,1360,846,1360
923,1326,950,1326,950,1356,923,1356
698,1335,836,1330,837,1366,700,1371
1310,1370,1376,1370,1376,1406,1310,1406
1220,1373,1306,1373,1306,1406,1220,1406
941,1391,1001,1379,1008,1414,948,1426
1010,1386,1086,1386,1086,1420,1010,1420
773,1400,820,1400,820,1433,773,1433
510,1410,633,1410,633,1450,510,1450
1310,1460,1373,1460,1373,1496,1310,1496
1101,1474,1283,1464,1285,1502,1103,1511
978,1481,1099,1475,1101,1512,980,1517
716,1493,840,1493,840,1530,716,1530
552,1504,689,1497,691,1535,554,1542
510,1506,556,1506,556,1540,510,1540
1286,1516,1373,1516,1373,1556,1286,1556
1203,1526,1283,1526,1283,1560,1203,1560
1118,1533,1189,1528,1191,1562,1120,1567
1004,1537,1116,1530,1118,1568,1006,1574
956,1540,1003,1540,1003,1573,956,1573
906,1543,950,1543,950,1580,906,1580
733,1546,840,1546,840,1586,733,1586
511,1566,649,1558,651,1596,513,1603
1098,1637,1206,1632,1208,1678,1100,1683
980,1640,1090,1640,1090,1683,980,1683
863,1646,970,1646,970,1693,863,1693
706,1656,853,1656,853,1700,706,1700
906,1750,1109,1745,1110,1783,906,1787
813,1753,910,1753,910,1790,813,1790
800,1763,813,1763,813,1783,800,1783
1166,1783,1233,1783,1233,1816,1166,1816
1236,1783,1326,1783,1326,1813,1236,1813
1033,1786,1123,1786,1123,1820,1033,1820
1136,1786,1166,1786,1166,1820,1136,1820
880,1793,930,1793,930,1830,880,1830
943,1793,990,1793,990,1826,943,1826
1006,1796,1030,1796,1030,1823,1006,1823
660,1796,726,1796,726,1836,660,1836
733,1796,810,1796,810,1830,733,1830
816,1796,876,1796,876,1830,816,1830
576,1800,656,1800,656,1833,576,1833
1260,1826,1276,1826,1276,1853,1260,1853
1276,1823,1343,1823,1343,1856,1276,1856
1113,1826,1160,1826,1160,1863,1113,1863
1166,1826,1250,1826,1250,1860,1166,1860
940,1830,1030,1830,1030,1866,940,1866
1036,1830,1110,1830,1110,1863,1036,1863
883,1833,930,1833,930,1870,883,1870
560,1835,642,1841,639,1879,557,1872
696,1836,786,1836,786,1873,696,1873
796,1836,866,1836,866,1870,796,1870
886,1933,966,1933,966,1963,886,1963
970,1936,1026,1936,1026,1960,970,1960
773,1936,883,1936,883,1966,773,1966
693,1943,776,1943,776,1966,693,1966
722,1950,1219,1946,1220,2059,723,2063
