1028,363,1109,359,1111,390,1030,395
884,369,1022,358,1025,393,887,404
836,373,880,373,880,403,836,403
1180,400,1300,400,1300,436,1180,436
1096,403,1166,403,1166,446,1096,446
934,413,1096,402,1099,446,937,458
811,418,929,412,931,456,814,462
652,424,803,418,804,456,653,461
1200,450,1270,450,1270,493,1200,493
1276,450,1376,450,1376,496,1276,496
1094,456,1192,451,1195,496,1097,501
932,463,1089,458,1091,504,933,509
760,466,856,466,856,513,760,513
863,466,923,466,923,513,863,513
653,473,753,473,753,520,653,520
573,476,650,476,650,523,573,523
1313,560,1380,560,1380,596,1313,596
1173,563,1306,563,1306,596,1173,596
1097,570,1162,565,1166,603,1100,608
1040,570,1090,570,1090,606,1040,606
901,578,1033,571,1034,608,903,614
778,583,896,578,897,615,780,619
654,590,769,581,772,617,657,626
577,584,652,590,649,635,573,629
1186,620,1256,620,1256,663,1186,663
1096,623,1180,623,1180,666,1096,666
1016,626,1093,626,1093,670,1016,670
763,630,816,630,816,676,763,676
823,628,925,634,923,672,821,666
930,630,1006,630,1006,670,930,670
720,636,770,636,770,680,720,680
1383,713,1433,713,1433,756,1383,756
1293,716,1380,716,1380,750,1293,750
1200,720,1290,720,1290,763,1200,763
684,748,869,738,871,784,686,793
533,750,690,750,690,796,533,796
1164,870,1239,865,1242,903,1166,907
963,873,1040,873,1040,923,963,923
1113,873,1160,873,1160,910,1113,910
1043,876,1110,876,1110,910,1043,910
883,886,960,886,960,926,883,926
753,890,880,890,880,933,753,933
1340,936,1433,936,1433,980,1340,980
1173,943,1243,943,1243,990,1173,990
1250,943,1333,943,1333,986,1250,986
560,986,633,986,633,1030,560,1030
640,986,686,986,686,1026,640,1026
1290,1020,1356,1020,1356,1056,1290,1056
1360,1020,1433,1020,1433,1056,1360,1056
643,1066,710,1066,710,1103,643,1103
570,1070,640,1070,640,1106,570,1106
1346,1083,1440,1083,1440,1130,1346,1130
1193,1090,1336,1090,1336,1140,1193,1140
1101,1102,1179,1097,1181,1136,1103,1141
650,1133,716,1133,716,1170,650,1170
574,1140,645,1134,648,1172,577,1178
1326,1153,1436,1153,1436,1193,1326,1193
1226,1163,1316,1163,1316,1206,1226,1206
1068,1173,1189,1168,1191,1210,1070,1215
1193,1173,1213,1173,1213,1203,1193,1203
580,1209,702,1198,706,1239,584,1250
1274,1258,1439,1245,1442,1283,1277,1295
1174,1263,1279,1257,1281,1295,1176,1301
1006,1276,1073,1276,1073,1310,1006,1310
1386,1293,1440,1293,1440,1326,1386,1326
1293,1296,1383,1296,1383,1330,1293,1330
593,1303,660,1303,660,1340,593,1340
1186,1303,1253,1303,1253,1340,1186,1340
1256,1303,1290,1303,1290,1333,1256,1333
1086,1310,1176,1310,1176,1343,1086,1343
1023,1313,1083,1313,1083,1346,1023,1346
973,1320,1016,1320,1016,1353,973,1353
1360,1356,1443,1356,1443,1393,1360,1393
1320,1363,1360,1363,1360,1396,1320,1396
1177,1372,1302,1361,1305,1399,1180,1410
1303,1370,1320,1370,1320,1396,1303,1396
1011,1384,1079,1378,1082,1416,1014,1421
1090,1386,1106,1386,1106,1413,1090,1413
1106,1386,1123,1386,1123,1406,1106,1406
1373,1400,1443,1400,1443,1436,1373,1436
1293,1406,1363,1406,1363,1443,1293,1443
1113,1410,1213,1410,1213,1446,1113,1446
1216,1410,1286,1410,1286,1443,1216,1443
603,1413,670,1413,670,1450,603,1450
680,1413,716,1413,716,1443,680,1443
958,1424,1076,1419,1078,1455,960,1461
1080,1420,1106,1420,1106,1450,1080,1450
890,1430,953,1430,953,1466,890,1466
1360,1465,1445,1458,1448,1494,1363,1501
1303,1466,1363,1466,1363,1503,1303,1503
1181,1478,1302,1468,1305,1505,1184,1515
1020,1486,1086,1486,1086,1523,1020,1523
1093,1490,1113,1490,1113,1520,1093,1520
1343,1503,1446,1503,1446,1540,1343,1540
1316,1513,1340,1513,1340,1543,1316,1543
1214,1517,1309,1510,1311,1542,1217,1549
1140,1515,1215,1520,1212,1555,1137,1550
613,1520,680,1520,680,1553,613,1553
686,1523,706,1523,706,1550,686,1550
1083,1523,1136,1523,1136,1556,1083,1556
1016,1530,1080,1530,1080,1563,1016,1563
950,1536,1013,1536,1013,1570,950,1570
906,1543,946,1543,946,1573,906,1573
836,1546,900,1546,900,1580,836,1580
1307,1570,1449,1560,1452,1598,1310,1607
1187,1580,1308,1570,1312,1608,1190,1618
1096,1590,1136,1590,1136,1623,1096,1623
1026,1593,1086,1593,1086,1626,1026,1626
1341,1612,1449,1604,1451,1640,1343,1648
873,1613,893,1613,893,1636,873,1636
1283,1616,1336,1616,1336,1650,1283,1650
690,1620,736,1620,736,1653,690,1653
1180,1626,1276,1618,1279,1653,1183,1661
620,1623,686,1623,686,1660,620,1660
1113,1630,1173,1630,1173,1663,1113,1663
1390,1666,1453,1666,1453,1706,1390,1706
1296,1673,1386,1673,1386,1706,1296,1706
1027,1701,1087,1688,1095,1724,1035,1737
1093,1693,1170,1693,1170,1726,1093,1726
866,1713,913,1713,913,1746,866,1746
628,1733,739,1727,741,1765,630,1772
1393,1756,1456,1756,1456,1793,1393,1793
1204,1775,1366,1763,1369,1801,1207,1812
1068,1788,1206,1776,1209,1813,1071,1824
831,1808,936,1802,938,1838,833,1844
1373,1810,1460,1810,1460,1846,1373,1846
670,1822,796,1811,799,1848,673,1858
1293,1823,1370,1823,1370,1853,1293,1853
630,1826,676,1826,676,1860,630,1860
1097,1840,1279,1826,1282,1861,1100,1876
1050,1846,1096,1846,1096,1880,1050,1880
1006,1850,1043,1850,1043,1883,1006,1883
840,1856,940,1856,940,1896,840,1896
634,1882,759,1871,762,1907,637,1918
1196,1930,1303,1930,1303,1976,1196,1976
1080,1946,1189,1937,1192,1979,1083,1989
966,1956,1069,1947,1073,1993,970,2002
816,1970,959,1957,963,2005,821,2019
1150,2040,1216,2040,1216,2073,1150,2073
1014,2054,1152,2041,1156,2076,1017,2088
1336,2053,1420,2053,1420,2080,1336,2080
924,2062,1009,2055,1012,2091,927,2098
1264,2063,1329,2058,1332,2089,1267,2094
913,2070,930,2070,930,2096,913,2096
1243,2073,1263,2073,1263,2093,1243,2093
1140,2073,1223,2073,1223,2103,1140,2103
1116,2083,1136,2083,1136,2110,1116,2110
1366,2083,1430,2083,1430,2113,1366,2113
1050,2086,1100,2086,1100,2116,1050,2116
990,2093,1045,2087,1049,2122,994,2128
1263,2090,1343,2090,1343,2123,1263,2123
1350,2093,1370,2093,1370,2113,1350,2113
933,2096,990,2096,990,2126,933,2126
848,2103,926,2098,928,2129,850,2134
1216,2100,1260,2100,1260,2130,1216,2130
1143,2103,1210,2103,1210,2133,1143,2133
783,2110,846,2110,846,2140,783,2140
1050,2113,1136,2113,1136,2143,1050,2143
703,2116,780,2116,780,2143,703,2143
996,2123,1040,2123,1040,2153,996,2153
913,2130,983,2130,983,2156,913,2156
820,2136,906,2136,906,2166,820,2166
693,2150,753,2150,753,2176,693,2176
753,2153,773,2153,773,2176,753,2176
1003,2200,1070,2200,1070,2220,1003,2220
901,2210,999,2199,1001,2221,903,2232
849,2213,1308,2194,1313,2298,853,2318
825,2217,899,2210,901,2231,827,2238
