893,348,1815,323,1821,556,900,581
1771,517,1951,506,1955,565,1775,576
1552,541,1777,511,1787,581,1561,611
1396,551,1557,535,1563,595,1402,611
1281,561,1401,561,1401,614,1281,614
2048,684,2223,691,2220,773,2044,765
1968,698,2021,698,2021,766,1968,766
636,704,820,724,812,797,628,776
1753,708,1942,708,1942,787,1753,787
1590,724,1737,724,1737,798,1590,798
1470,735,1564,735,1564,803,1470,803
829,740,997,740,997,813,829,813
1270,745,1449,745,1449,819,1270,819
1013,750,1102,750,1102,819,1013,819
1113,756,1254,756,1254,824,1113,824
2026,777,2189,777,2189,850,2026,850
1874,782,2016,782,2016,861,1874,861
668,791,853,814,844,887,659,863
1701,798,1863,798,1863,871,1701,871
1459,808,1559,808,1559,887,1459,887
1569,808,1690,808,1690,876,1569,876
861,819,992,819,992,892,861,892
1354,824,1443,824,1443,897,1354,897
997,829,1050,829,1050,892,997,892
1270,829,1317,829,1317,897,1270,897
1081,834,1265,834,1265,908,1081,908
1522,887,1732,887,1732,966,1522,966
1226,907,1516,893,1519,972,1229,985
1102,913,1233,913,1233,981,1102,981
1613,1095,1909,1084,1913,1193,1617,1204
1391,1102,1596,1102,1596,1212,1391,1212
913,1113,1123,1113,1123,1212,913,1212
1144,1123,1370,1123,1370,1218,1144,1218
562,1336,753,1347,748,1435,557,1424
2013,1345,2283,1337,2285,1417,2016,1425
757,1352,927,1362,923,1437,752,1427
1638,1354,1848,1354,1848,1449,1638,1449
950,1370,1322,1370,1322,1443,950,1443
1333,1370,1422,1370,1422,1443,1333,1443
1422,1370,1512,1370,1512,1443,1422,1443
561,1470,698,1470,698,1548,561,1548
1924,1476,2282,1466,2285,1545,1927,1556
756,1480,1097,1480,1097,1559,756,1559
1636,1482,1873,1474,1876,1552,1638,1561
1092,1491,1370,1491,1370,1564,1092,1564
561,1653,698,1653,698,1737,561,1737
2024,1665,2266,1655,2270,1737,2027,1747
711,1652,905,1677,894,1759,700,1733
1160,1674,1312,1674,1312,1748,1160,1748
1323,1674,1433,1674,1433,1758,1323,1758
1674,1674,1769,1674,1769,1743,1674,1743
557,1787,847,1795,844,1871,554,1863
861,1800,997,1800,997,1874,861,1874
1008,1806,1737,1806,1737,1884,1008,1884
1753,1811,1911,1811,1911,1890,1753,1890
551,1879,819,1879,819,1958,551,1958
813,1884,1102,1884,1102,1958,813,1958
1302,1890,1433,1890,1433,1963,1302,1963
1212,1895,1317,1895,1317,1963,1212,1963
2026,1900,2262,1900,2262,1974,2026,1974
551,2058,787,2058,787,2152,551,2152
1013,2063,1296,2063,1296,2152,1013,2152
813,2068,997,2068,997,2152,813,2152
2021,2094,2131,2094,2131,2173,2021,2173
2121,2094,2262,2094,2262,2168,2121,2168
759,2197,1049,2190,1051,2288,761,2295
1065,2210,1225,2195,1233,2282,1073,2297
548,2208,744,2201,748,2293,551,2301
1979,2236,2131,2236,2131,2315,1979,2315
2121,2236,2262,2236,2262,2315,2121,2315
551,2352,705,2340,712,2421,557,2433
714,2352,845,2352,845,2425,714,2425
1979,2373,2115,2373,2115,2451,1979,2451
2121,2375,2261,2384,2256,2459,2117,2451
755,2500,916,2484,924,2566,763,2582
939,2493,1071,2493,1071,2572,939,2572
552,2509,743,2497,748,2584,557,2596
2010,2530,2257,2530,2257,2614,2010,2614
939,2651,1086,2651,1086,2719,939,2719
1092,2651,1181,2651,1181,2719,1092,2719
1192,2648,1322,2657,1317,2732,1187,2723
1323,2651,1470,2651,1470,2740,1323,2740
1475,2656,1617,2656,1617,2740,1475,2740
1628,2662,1872,2678,1867,2758,1623,2743
831,2912,1012,2905,1015,2986,835,2994
656,2946,822,2931,828,3001,662,3016
551,2940,651,2940,651,3024,551,3024
1628,2940,1972,2961,1968,3039,1623,3018
1964,2961,2266,2979,2261,3058,1959,3039
904,3093,1033,3085,1038,3160,909,3168
1044,3087,1197,3087,1197,3165,1044,3165
1207,3097,1338,3097,1338,3176,1207,3176
1355,3105,1499,3114,1495,3189,1350,3180
1513,3114,1704,3141,1692,3223,1501,3196
1711,3139,1890,3139,1890,3223,1711,3223
795,3197,1049,3187,1052,3258,798,3268
1065,3192,1181,3192,1181,3255,1065,3255
1202,3192,1291,3192,1291,3265,1202,3265
1302,3200,1541,3213,1537,3288,1298,3276
661,3213,787,3213,787,3286,661,3286
1555,3215,1773,3231,1768,3307,1549,3290
1780,3243,1993,3257,1989,3325,1776,3311
2008,3245,2156,3270,2142,3350,1995,3325
1018,3370,1181,3370,1181,3449,1018,3449
871,3375,1002,3375,1002,3449,871,3449
665,3401,854,3368,869,3456,680,3489
1203,3374,1480,3395,1473,3479,1197,3458
1491,3407,1590,3407,1590,3486,1491,3486
1618,3418,1795,3434,1788,3515,1611,3499
1806,3438,1979,3438,1979,3517,1806,3517
2000,3454,2126,3454,2126,3533,2000,3533
1055,3465,1181,3465,1181,3538,1055,3538
802,3479,1047,3456,1054,3530,809,3553
1182,3469,1468,3490,1463,3568,1176,3547
1475,3497,1647,3507,1642,3588,1470,3577
1643,3528,1669,3528,1669,3575,1643,3575
1697,3516,1979,3539,1973,3617,1690,3594
1149,3564,1291,3564,1291,3617,1149,3617
1298,3564,1554,3591,1546,3663,1290,3636
1548,3601,1627,3601,1627,3659,1548,3659
