903,383,1816,383,1816,614,903,614
1564,582,1779,582,1779,640,1564,640
1779,582,1953,582,1953,640,1779,640
1404,590,1558,582,1561,639,1407,647
1281,593,1401,593,1401,645,1281,645
641,751,786,762,781,838,635,827
2043,762,2216,777,2209,859,2036,844
1753,771,1937,771,1937,850,1753,850
1963,771,2016,771,2016,834,1963,834
835,772,1005,780,1002,852,832,844
1475,777,1569,777,1569,845,1475,845
1596,777,1743,777,1743,845,1596,845
782,787,813,787,813,829,782,829
1013,782,1102,782,1102,855,1013,855
1270,782,1449,782,1449,855,1270,855
1118,787,1254,787,1254,850,1118,850
672,841,854,853,850,924,668,912
1464,850,1564,850,1564,929,1464,929
1874,850,2010,850,2010,929,1874,929
2021,850,2178,850,2178,924,2021,924
866,855,992,855,992,929,866,929
1575,855,1695,855,1695,929,1575,929
1706,855,1863,855,1863,924,1706,924
1270,861,1317,861,1317,929,1270,929
1349,861,1438,861,1438,929,1349,929
1002,866,1055,866,1055,924,1002,924
1086,866,1265,866,1265,939,1086,939
1102,939,1533,939,1533,1013,1102,1013
1522,939,1732,939,1732,1013,1522,1013
1391,1144,1596,1144,1596,1254,1391,1254
918,1149,1128,1149,1128,1249,918,1249
1615,1151,1904,1145,1907,1249,1617,1256
1144,1160,1370,1160,1370,1254,1144,1254
567,1380,750,1380,750,1470,567,1470
761,1391,924,1391,924,1464,761,1464
955,1401,1071,1401,1071,1470,955,1470
1060,1406,1317,1406,1317,1475,1060,1475
1323,1407,1512,1407,1512,1475,1323,1475
1632,1407,1837,1407,1837,1496,1632,1496
2000,1407,2257,1407,2257,1480,2000,1480
567,1506,708,1506,708,1575,567,1575
761,1512,1097,1512,1097,1585,761,1585
1092,1517,1365,1517,1365,1590,1092,1590
1632,1522,1863,1522,1863,1590,1632,1590
1916,1522,2252,1522,2252,1596,1916,1596
567,1685,703,1685,703,1764,567,1764
716,1680,905,1702,896,1779,707,1756
1155,1698,1310,1706,1306,1776,1151,1768
1306,1715,1424,1695,1437,1772,1319,1791
1669,1706,1758,1706,1758,1779,1669,1779
2010,1706,2241,1706,2241,1779,2010,1779
567,1816,735,1816,735,1890,567,1890
745,1816,908,1816,908,1895,745,1895
924,1827,1008,1827,1008,1895,924,1895
1013,1827,1134,1827,1134,1900,1013,1900
1438,1832,1575,1832,1575,1905,1438,1905
1585,1832,1727,1832,1727,1911,1585,1911
1144,1837,1302,1837,1302,1905,1144,1905
1307,1842,1428,1842,1428,1916,1307,1916
1732,1842,1916,1842,1916,1926,1732,1926
562,1903,988,1914,986,1991,560,1980
981,1916,1102,1916,1102,1984,981,1984
1291,1921,1422,1921,1422,1989,1291,1989
1244,1926,1286,1926,1286,1979,1244,1979
1685,1932,1727,1932,1727,1989,1685,1989
2000,1937,2100,1937,2100,2005,2000,2005
2100,1937,2236,1937,2236,2005,2100,2005
567,2089,792,2089,792,2173,567,2173
819,2089,992,2089,992,2173,819,2173
1013,2089,1291,2089,1291,2173,1013,2173
2000,2121,2105,2121,2105,2194,2000,2194
2094,2121,2231,2121,2231,2194,2094,2194
771,2215,1050,2215,1050,2304,771,2304
567,2220,750,2220,750,2304,567,2304
1071,2220,1218,2220,1218,2304,1071,2304
1995,2252,2089,2252,2089,2331,1995,2331
2094,2257,2226,2257,2226,2331,2094,2331
567,2352,714,2352,714,2430,567,2430
719,2357,850,2357,850,2430,719,2430
1989,2383,2084,2383,2084,2457,1989,2457
2089,2388,2226,2388,2226,2462,2089,2462
762,2500,922,2491,926,2577,767,2585
561,2504,745,2504,745,2588,561,2588
945,2504,1065,2504,1065,2583,945,2583
960,2656,1081,2656,1081,2724,960,2724
1092,2656,1176,2656,1176,2730,1092,2730
1317,2656,1454,2656,1454,2751,1317,2751
1186,2661,1312,2661,1312,2735,1186,2735
1464,2667,1606,2667,1606,2745,1464,2745
1613,2663,1849,2684,1842,2764,1606,2743
834,2908,1013,2908,1013,2987,834,2987
561,2929,651,2929,651,3003,561,3003
661,2934,824,2934,824,2997,661,2997
1612,2933,1946,2952,1941,3031,1608,3012
1942,2966,1974,2966,1974,3018,1942,3018
1974,2956,2224,2971,2219,3046,1969,3031
1039,3076,1191,3076,1191,3155,1039,3155
908,3081,1029,3081,1029,3155,908,3155
1202,3092,1333,3092,1333,3160,1202,3160
1344,3097,1485,3097,1485,3171,1344,3171
1497,3101,1683,3124,1673,3202,1488,3179
1696,3121,1867,3131,1863,3209,1691,3199
801,3180,1049,3172,1051,3244,803,3251
1060,3181,1176,3181,1176,3239,1060,3239
1197,3181,1286,3181,1286,3249,1197,3249
661,3186,792,3186,792,3260,661,3260
1292,3184,1531,3197,1527,3270,1288,3257
1544,3195,1752,3209,1747,3283,1539,3269
1759,3217,1961,3231,1956,3294,1755,3280
1976,3222,2117,3241,2106,3318,1966,3299
1013,3354,1176,3354,1176,3428,1013,3428
682,3360,861,3360,861,3449,682,3449
876,3360,997,3360,997,3428,876,3428
1198,3351,1463,3366,1459,3451,1193,3436
1474,3382,1575,3371,1584,3448,1483,3459
1602,3387,1768,3400,1763,3477,1596,3464
1779,3402,1947,3402,1947,3480,1779,3480
1968,3417,2089,3417,2089,3496,1968,3496
1055,3444,1176,3444,1176,3512,1055,3512
808,3449,1029,3449,1029,3522,808,3522
1176,3441,1632,3474,1626,3549,1171,3516
1627,3491,1653,3491,1653,3538,1627,3538
1676,3480,1962,3501,1957,3574,1671,3553
1144,3538,1286,3538,1286,3585,1144,3585
1287,3533,1526,3551,1522,3610,1283,3592
1533,3559,1611,3559,1611,3612,1533,3612
