1016,260,1131,267,1129,291,1015,283
1137,268,1212,276,1209,299,1134,291
777,269,918,283,916,309,774,295
930,286,946,286,946,310,930,310
946,283,1018,289,1016,321,944,315
1044,290,1195,305,1192,340,1040,325
693,296,765,303,762,335,691,328
766,306,860,306,860,343,766,343
1193,310,1260,310,1260,343,1193,343
870,316,946,316,946,350,870,350
1274,309,1393,328,1388,361,1269,342
973,326,1026,326,1026,360,973,360
1037,329,1186,347,1182,386,1032,368
1194,346,1290,357,1285,400,1189,389
1289,356,1358,368,1351,407,1282,394
1360,370,1453,370,1453,416,1360,416
681,379,761,391,754,434,674,421
760,394,875,404,872,438,757,429
880,408,995,415,992,453,877,446
1000,421,1132,433,1128,468,997,456
1133,440,1183,440,1183,473,1133,473
1190,446,1253,446,1253,483,1190,483
813,450,910,450,910,493,813,493
1261,449,1391,470,1385,505,1255,485
917,457,1020,470,1015,509,912,496
1393,473,1456,473,1456,513,1393,513
1025,470,1104,487,1096,525,1017,507
1106,490,1180,490,1180,526,1106,526
1183,500,1263,500,1263,536,1183,536
1270,510,1333,510,1333,550,1270,550
610,534,773,549,769,594,606,579
767,548,953,567,949,612,762,593
1276,603,1366,603,1366,640,1276,640
1371,608,1455,621,1449,656,1365,642
1456,623,1503,623,1503,660,1456,660
816,704,949,717,945,761,812,749
946,720,1023,720,1023,760,946,760
1030,723,1110,723,1110,773,1030,773
1110,733,1176,733,1176,770,1110,770
1183,740,1230,740,1230,773,1183,773
1233,743,1310,743,1310,780,1233,780
607,774,682,780,679,821,604,815
687,781,756,787,752,824,683,819
1240,820,1310,820,1310,856,1240,856
1316,826,1400,826,1400,863,1316,863
1413,830,1506,830,1506,866,1413,866
603,860,673,860,673,896,603,896
680,861,752,867,749,904,677,899
1360,900,1430,900,1430,933,1360,933
1433,906,1506,906,1506,943,1433,943
600,930,673,930,673,973,600,973
676,933,750,933,750,976,676,976
1160,960,1243,960,1243,1000,1160,1000
1253,962,1411,968,1409,1016,1251,1010
1416,973,1513,973,1513,1013,1416,1013
593,1001,669,1006,666,1048,590,1042
666,1006,733,1006,733,1046,666,1046
1097,1025,1208,1030,1206,1074,1095,1069
1213,1033,1276,1033,1276,1080,1213,1080
1286,1036,1383,1036,1383,1083,1286,1083
1394,1037,1516,1050,1512,1095,1390,1083
590,1080,666,1080,666,1123,590,1123
670,1083,736,1083,736,1120,670,1120
1116,1103,1273,1103,1273,1153,1116,1153
1283,1113,1380,1113,1380,1160,1283,1160
1390,1115,1515,1121,1513,1166,1388,1159
586,1186,656,1186,656,1223,586,1223
663,1190,726,1190,726,1226,663,1226
1426,1226,1506,1226,1506,1263,1426,1263
583,1236,656,1236,656,1273,583,1273
663,1236,713,1236,713,1273,663,1273
1036,1256,1116,1256,1116,1293,1036,1293
1110,1256,1156,1256,1156,1293,1110,1293
1216,1263,1283,1263,1283,1300,1216,1300
1283,1263,1507,1273,1505,1316,1281,1306
986,1300,1053,1300,1053,1336,986,1336
1060,1303,1170,1303,1170,1343,1060,1343
1176,1306,1230,1306,1230,1340,1176,1340
1236,1310,1293,1310,1293,1346,1236,1346
1300,1311,1408,1315,1406,1354,1298,1349
1413,1316,1500,1316,1500,1360,1413,1360
580,1353,653,1353,653,1390,580,1390
660,1356,726,1356,726,1393,660,1393
1030,1373,1100,1373,1100,1410,1030,1410
1106,1373,1173,1373,1173,1416,1106,1416
1190,1380,1256,1380,1256,1413,1190,1413
1253,1380,1303,1380,1303,1420,1253,1420
1296,1380,1490,1386,1489,1425,1295,1419
980,1420,1046,1420,1046,1456,980,1456
1053,1423,1163,1423,1163,1460,1053,1460
1166,1423,1223,1423,1223,1456,1166,1456
1230,1426,1283,1426,1283,1463,1230,1463
1290,1430,1400,1430,1400,1473,1290,1473
1403,1433,1490,1433,1490,1473,1403,1473
573,1476,696,1476,696,1516,573,1516
843,1486,890,1486,890,1523,843,1523
1021,1490,1083,1484,1086,1519,1024,1525
1090,1487,1175,1497,1171,1532,1087,1523
1311,1489,1410,1503,1405,1539,1306,1525
1413,1500,1480,1500,1480,1540,1413,1540
566,1576,750,1576,750,1613,566,1613
780,1583,903,1583,903,1620,780,1620
1050,1584,1118,1590,1116,1624,1047,1619
1113,1587,1373,1591,1373,1627,1112,1623
1396,1593,1466,1593,1466,1626,1396,1626
566,1632,704,1636,703,1673,565,1669
790,1633,900,1633,900,1673,790,1673
970,1643,1020,1643,1020,1676,970,1676
1073,1643,1266,1643,1266,1676,1073,1676
1366,1643,1456,1643,1456,1680,1366,1680
1020,1646,1063,1646,1063,1673,1020,1673
1283,1650,1363,1650,1363,1676,1283,1676
1035,1740,1146,1735,1147,1769,1036,1774
753,1740,900,1740,900,1776,753,1776
916,1740,1020,1740,1020,1776,916,1776
1160,1740,1263,1740,1263,1773,1160,1773
950,1823,1093,1823,1093,1846,950,1846
1093,1823,1153,1823,1153,1846,1093,1846
860,1826,943,1826,943,1850,860,1850
1071,1837,1163,1850,1158,1886,1066,1873
773,1850,850,1850,850,1873,773,1873
923,1850,970,1850,970,1873,923,1873
976,1846,1033,1846,1033,1873,976,1873
1040,1846,1066,1846,1066,1876,1040,1876
700,1853,763,1853,763,1876,700,1876
856,1853,913,1853,913,1873,856,1873
613,1856,693,1856,693,1876,613,1876
1204,1851,1272,1857,1269,1892,1200,1885
1273,1857,1369,1866,1366,1900,1270,1891
734,1868,824,1874,823,1900,732,1894
830,1870,903,1870,903,1903,830,1903
600,1876,683,1876,683,1896,600,1896
916,1873,963,1873,963,1906,916,1906
974,1871,1066,1881,1062,1918,970,1908
693,1880,720,1880,720,1896,693,1896
1070,1880,1145,1887,1142,1922,1067,1915
1150,1890,1196,1890,1196,1930,1150,1930
1200,1891,1289,1899,1285,1938,1197,1929
1313,1901,1385,1907,1382,1945,1310,1939
800,1970,910,1970,910,2000,800,2000
910,1976,986,1976,986,2006,910,2006
993,1986,1053,1986,1053,2010,993,2010
780,2004,1245,2014,1242,2141,777,2132
