829,273,1648,273,1648,483,829,483
1619,481,1763,470,1767,513,1623,524
1426,483,1621,476,1623,527,1428,534
1176,483,1286,483,1286,530,1176,530
1286,483,1428,483,1428,530,1286,530
600,573,770,601,758,672,589,644
1845,609,1994,601,1998,671,1848,679
773,607,936,627,927,698,765,677
1779,619,1827,619,1827,677,1779,677
934,630,1018,630,1018,698,934,698
1596,630,1758,630,1758,693,1596,693
1029,640,1155,640,1155,703,1029,703
1170,645,1328,645,1328,708,1170,708
1349,645,1433,645,1433,708,1349,708
1459,645,1585,645,1585,703,1459,703
629,654,796,687,784,749,617,715
1826,688,1961,673,1968,733,1833,748
803,687,918,687,918,761,803,761
1701,693,1821,693,1821,756,1701,756
934,708,971,708,971,761,934,761
1344,708,1433,708,1433,777,1344,777
1559,708,1695,708,1695,766,1559,766
1002,714,1165,714,1165,782,1002,782
1244,714,1323,714,1323,771,1244,771
1438,714,1543,714,1543,771,1438,771
1170,719,1212,719,1212,771,1170,771
1018,782,1128,782,1128,840,1018,840
1401,782,1585,782,1585,850,1401,850
1134,787,1401,787,1401,845,1134,845
845,955,1039,955,1039,1050,845,1050
1482,958,1736,948,1740,1047,1486,1057
1281,960,1464,960,1464,1060,1281,1060
1060,976,1260,976,1260,1055,1060,1055
537,1127,707,1151,696,1233,525,1209
1819,1170,2050,1139,2060,1212,1828,1242
709,1156,857,1174,849,1236,702,1217
878,1171,1220,1191,1216,1263,874,1244
1501,1181,1685,1181,1685,1265,1501,1265
1218,1191,1307,1191,1307,1254,1218,1254
1307,1191,1391,1191,1391,1254,1307,1254
535,1249,656,1249,656,1323,535,1323
1974,1260,2052,1260,2052,1328,1974,1328
1747,1282,1978,1261,1985,1334,1754,1355
704,1266,1263,1297,1258,1374,700,1343
1506,1291,1711,1291,1711,1359,1506,1359
530,1422,656,1422,656,1496,530,1496
1891,1434,2040,1421,2047,1497,1898,1510
669,1424,843,1456,830,1530,655,1498
1842,1443,1900,1443,1900,1506,1842,1506
1071,1459,1207,1459,1207,1522,1071,1522
1533,1459,1617,1459,1617,1517,1533,1517
1218,1464,1323,1464,1323,1538,1218,1538
536,1542,717,1553,713,1624,531,1612
729,1564,882,1564,882,1632,729,1632
897,1569,1008,1569,1008,1638,897,1638
1013,1577,1126,1585,1122,1640,1009,1632
1249,1580,1422,1580,1422,1638,1249,1638
1580,1580,1674,1580,1674,1643,1580,1643
1134,1590,1239,1590,1239,1648,1134,1648
1433,1590,1575,1590,1575,1648,1433,1648
525,1627,693,1627,693,1695,525,1695
687,1643,719,1643,719,1695,687,1695
719,1636,1062,1650,1059,1721,716,1707
1921,1638,2042,1638,2042,1706,1921,1706
1837,1643,1916,1643,1916,1706,1837,1706
1543,1653,1653,1653,1653,1716,1543,1716
1086,1659,1202,1659,1202,1722,1086,1722
1202,1659,1323,1659,1323,1722,1202,1722
1491,1659,1538,1659,1538,1716,1491,1716
535,1699,721,1706,718,1777,533,1770
530,1879,740,1879,740,1958,530,1958
939,1884,1202,1884,1202,1963,939,1963
1921,1884,2037,1884,2037,1958,1921,1958
756,1890,924,1890,924,1963,756,1963
1832,1890,1926,1890,1926,1953,1832,1953
530,2010,698,2010,698,2094,530,2094
713,2010,976,2010,976,2089,713,2089
997,2010,1134,2010,1134,2089,997,2089
1832,2021,2037,2021,2037,2089,1832,2089
530,2136,666,2136,666,2215,530,2215
672,2147,792,2147,792,2215,672,2215
1837,2147,1926,2147,1926,2205,1837,2205
1921,2147,2042,2147,2042,2210,1921,2210
708,2285,853,2269,862,2346,716,2362
876,2278,992,2278,992,2352,876,2352
530,2283,698,2283,698,2362,530,2362
1874,2289,2037,2289,2037,2357,1874,2357
1228,2404,1359,2404,1359,2488,1228,2488
1365,2409,1491,2409,1491,2478,1365,2478
1013,2415,1097,2415,1097,2483,1013,2483
1107,2415,1218,2415,1218,2478,1107,2478
1503,2403,1717,2422,1710,2496,1496,2477
897,2420,1008,2420,1008,2483,897,2483
898,2631,1053,2639,1049,2711,894,2703
1397,2626,1897,2649,1894,2710,1394,2687
710,2652,886,2637,891,2702,715,2717
609,2656,708,2656,708,2730,609,2730
1900,2667,1932,2667,1932,2714,1900,2714
1926,2661,2042,2661,2042,2735,1926,2735
525,2672,603,2672,603,2740,525,2740
1281,2726,1451,2733,1448,2809,1278,2803
1018,2735,1170,2735,1170,2803,1018,2803
929,2740,1013,2740,1013,2808,929,2808
1239,2745,1265,2745,1265,2793,1239,2793
1176,2751,1218,2751,1218,2782,1176,2782
808,2751,897,2751,897,2824,808,2824
693,2761,808,2761,808,2829,693,2829
517,2782,687,2759,698,2838,528,2861
1974,2782,2042,2782,2042,2840,1974,2840
769,2862,937,2841,946,2918,778,2939
1503,2836,2058,2892,2049,2973,1495,2917
620,2890,771,2878,776,2946,625,2958
530,2887,619,2887,619,2971,530,2971
962,3007,1111,2999,1115,3076,966,3083
1118,3008,1244,3008,1244,3076,1118,3076
1254,3008,1386,3008,1386,3076,1254,3076
836,3019,959,3011,964,3082,841,3090
1398,3006,1573,3031,1563,3102,1388,3077
1580,3026,1740,3036,1736,3110,1576,3100
1113,3097,1197,3097,1197,3155,1113,3155
1207,3097,1422,3097,1422,3160,1207,3160
992,3102,1097,3102,1097,3160,992,3160
743,3122,972,3097,980,3164,751,3189
1443,3108,1627,3108,1627,3171,1443,3171
1639,3119,1826,3140,1820,3196,1633,3175
1843,3129,1973,3166,1952,3239,1822,3202
624,3144,740,3144,740,3218,624,3218
938,3278,1096,3261,1104,3337,946,3353
1118,3261,1371,3268,1369,3345,1116,3338
1386,3270,1480,3270,1480,3344,1386,3344
808,3294,932,3282,939,3357,815,3368
1501,3286,1653,3286,1653,3360,1501,3360
1665,3292,1822,3307,1814,3388,1658,3373
626,3332,796,3291,815,3371,645,3412
1832,3323,1942,3323,1942,3407,1832,3407
977,3361,1101,3352,1106,3422,982,3431
1097,3354,1380,3354,1380,3422,1097,3422
1370,3354,1557,3363,1553,3434,1367,3425
746,3391,956,3356,968,3430,758,3465
1571,3368,1818,3398,1810,3469,1562,3439
1207,3433,1433,3433,1433,3491,1207,3491
1071,3438,1202,3438,1202,3486,1071,3486
1443,3444,1512,3444,1512,3496,1443,3496
