680,393,1186,393,1186,493,680,493
876,486,936,486,936,510,876,510
940,486,1020,486,1020,510,940,510
1023,486,1133,486,1133,510,1023,510
1133,490,1220,490,1220,513,1133,513
536,566,626,566,626,600,536,600
633,563,724,568,722,604,631,599
730,566,776,566,776,600,730,600
867,565,965,572,962,606,864,599
783,570,860,570,860,603,783,603
973,570,1020,570,1020,603,973,603
1036,570,1113,570,1113,603,1036,603
1120,568,1218,574,1216,609,1118,603
1230,573,1256,573,1256,606,1230,606
1270,570,1359,580,1355,615,1266,605
546,606,643,606,643,640,546,640
650,606,716,606,716,640,650,640
723,606,753,606,753,640,723,640
766,606,863,606,863,640,766,640
870,610,893,610,893,640,870,640
910,606,956,606,956,640,910,640
970,606,1023,606,1023,643,970,643
1030,610,1090,610,1090,643,1030,643
1096,610,1180,610,1180,643,1096,643
1183,608,1255,613,1252,649,1181,643
1256,613,1340,613,1340,643,1256,643
776,646,846,646,846,680,776,680
843,646,1000,646,1000,683,843,683
1003,646,1110,646,1110,683,1003,683
676,750,790,750,790,800,676,800
933,753,1043,753,1043,806,933,806
1056,753,1206,753,1206,806,1056,806
803,760,923,760,923,803,803,803
487,870,585,880,581,922,483,913
590,876,676,876,676,910,590,910
690,876,770,876,770,913,690,913
766,880,890,880,890,916,766,916
893,883,943,883,943,916,893,916
950,883,996,883,996,920,950,920
1066,883,1173,883,1173,926,1066,926
1260,883,1396,883,1396,920,1260,920
483,936,556,936,556,973,483,973
586,933,787,938,786,978,585,973
786,940,917,944,916,980,785,976
1066,943,1190,943,1190,980,1066,980
1216,946,1356,946,1356,983,1216,983
1353,946,1400,946,1400,980,1353,980
480,1033,553,1033,553,1070,480,1070
558,1030,660,1043,655,1079,553,1066
1273,1036,1396,1036,1396,1076,1273,1076
803,1038,888,1043,886,1078,801,1073
893,1043,953,1043,953,1083,893,1083
1086,1043,1133,1043,1133,1080,1086,1080
476,1103,526,1103,526,1140,476,1140
536,1103,600,1103,600,1140,536,1140
610,1105,714,1110,712,1145,608,1140
717,1102,849,1114,845,1155,713,1143
886,1110,930,1110,930,1146,886,1146
860,1116,876,1116,876,1146,860,1146
940,1113,1010,1113,1010,1150,940,1150
473,1146,770,1153,769,1193,472,1186
830,1156,876,1156,876,1193,830,1193
883,1156,950,1156,950,1193,883,1193
1330,1156,1400,1156,1400,1193,1330,1193
1276,1160,1326,1160,1326,1196,1276,1196
470,1250,596,1250,596,1296,470,1296
720,1253,880,1253,880,1303,720,1303
606,1256,710,1256,710,1300,606,1300
1333,1260,1406,1260,1406,1303,1333,1303
1276,1263,1336,1263,1336,1300,1276,1300
580,1324,741,1328,739,1377,579,1373
466,1330,573,1330,573,1373,466,1373
753,1330,836,1330,836,1376,753,1376
1333,1333,1410,1333,1410,1376,1333,1376
1280,1336,1336,1336,1336,1376,1280,1376
463,1400,543,1400,543,1440,463,1440
550,1406,623,1406,623,1443,550,1443
1283,1410,1340,1410,1340,1446,1283,1446
1336,1410,1410,1410,1410,1450,1336,1450
460,1486,566,1486,566,1536,460,1536
571,1493,665,1488,668,1533,574,1538
676,1493,750,1493,750,1536,676,1536
893,1580,976,1580,976,1630,893,1630
980,1580,1063,1580,1063,1623,980,1623
670,1583,753,1583,753,1620,670,1620
763,1583,813,1583,813,1623,763,1623
816,1583,890,1583,890,1620,816,1620
1066,1583,1203,1583,1203,1630,1066,1630
446,1733,503,1733,503,1783,446,1783
606,1733,713,1733,713,1783,606,1783
1070,1738,1287,1743,1286,1790,1068,1784
506,1743,600,1743,600,1780,506,1780
1286,1742,1427,1746,1426,1790,1285,1786
727,1842,819,1838,821,1886,730,1890
646,1843,723,1843,723,1886,646,1886
827,1841,908,1847,906,1891,824,1886
913,1846,996,1846,996,1890,913,1890
1003,1848,1112,1857,1109,1898,1000,1890
1120,1853,1223,1853,1223,1903,1120,1903
503,1903,580,1903,580,1946,503,1946
583,1903,730,1903,730,1943,583,1943
737,1907,812,1901,815,1939,741,1945
820,1903,876,1903,876,1946,820,1946
880,1903,1020,1903,1020,1943,880,1943
1030,1906,1156,1906,1156,1950,1030,1950
1292,1904,1376,1920,1367,1967,1284,1951
1163,1913,1280,1913,1280,1950,1163,1950
510,2016,616,2016,616,2070,510,2070
820,2013,988,2019,986,2071,818,2066
704,2022,809,2017,811,2066,707,2071
623,2023,703,2023,703,2070,623,2070
996,2023,1056,2023,1056,2070,996,2070
1070,2026,1170,2026,1170,2076,1070,2076
1176,2026,1283,2026,1283,2073,1176,2073
1290,2030,1363,2030,1363,2076,1290,2076
733,2080,990,2080,990,2126,733,2126
986,2080,1106,2080,1106,2126,986,2126
583,2080,717,2085,716,2127,582,2123
1116,2086,1276,2086,1276,2130,1116,2130
877,2131,1011,2135,1009,2174,875,2169
1010,2140,1026,2140,1026,2170,1010,2170
790,2140,876,2140,876,2170,790,2170
1030,2140,1076,2140,1076,2173,1030,2173
