763,399,1267,403,1266,527,762,522
966,523,1033,523,1033,553,966,553
1036,526,1123,526,1123,556,1036,556
1126,530,1243,530,1243,563,1126,563
1246,540,1336,540,1336,566,1246,566
616,613,690,613,690,650,616,650
716,616,806,616,806,653,716,653
816,620,866,620,866,660,816,660
873,623,950,623,950,660,873,660
957,622,1058,628,1056,666,954,659
1070,630,1123,630,1123,670,1070,670
1136,633,1216,633,1216,670,1136,670
1223,631,1325,638,1322,679,1221,672
1340,640,1366,640,1366,673,1340,673
1384,637,1474,651,1469,689,1378,675
630,656,726,656,726,693,630,693
733,657,808,663,805,705,730,699
810,663,836,663,836,696,810,696
853,664,952,671,949,709,850,702
960,673,983,673,983,706,960,706
1003,670,1053,670,1053,710,1003,710
1063,670,1120,670,1120,713,1063,713
1123,673,1190,673,1190,710,1123,710
1197,675,1285,680,1282,722,1194,717
1290,680,1363,680,1363,726,1290,726
1366,686,1453,686,1453,723,1366,723
860,706,1098,716,1096,756,858,746
1096,716,1213,716,1213,760,1096,760
756,823,870,823,870,880,756,880
1016,830,1130,830,1130,893,1016,893
883,836,1006,836,1006,886,883,886
1143,837,1301,843,1299,899,1141,893
566,950,663,950,663,996,566,996
667,951,755,958,752,995,664,989
766,960,846,960,846,996,766,996
846,962,967,966,966,1004,845,1000
973,966,1026,966,1026,1010,973,1010
1026,973,1073,973,1073,1006,1026,1006
1146,976,1256,976,1256,1023,1146,1023
1346,984,1491,989,1489,1031,1345,1026
563,1016,633,1016,633,1053,563,1053
663,1014,861,1024,859,1064,661,1053
863,1024,994,1031,992,1070,861,1062
1143,1036,1271,1042,1269,1081,1142,1076
1300,1045,1441,1052,1439,1090,1298,1084
1440,1053,1483,1053,1483,1090,1440,1090
560,1113,630,1113,630,1153,560,1153
638,1108,737,1127,730,1167,630,1148
874,1125,958,1130,956,1168,871,1162
963,1133,1023,1133,1023,1173,963,1173
1160,1140,1210,1140,1210,1180,1160,1180
1350,1150,1473,1150,1473,1190,1350,1190
556,1183,606,1183,606,1223,556,1223
610,1186,666,1186,666,1226,610,1226
670,1190,736,1190,736,1226,670,1226
740,1196,786,1196,786,1230,740,1230
793,1200,856,1200,856,1233,793,1233
863,1203,950,1203,950,1236,863,1236
957,1201,1045,1208,1042,1245,954,1239
1046,1206,1106,1206,1106,1243,1046,1243
1110,1213,1153,1213,1153,1250,1110,1250
1163,1211,1259,1218,1256,1265,1159,1257
553,1233,710,1233,710,1276,553,1276
706,1239,837,1243,836,1281,705,1277
896,1250,943,1250,943,1286,896,1286
946,1250,1020,1250,1020,1293,946,1293
1336,1273,1390,1273,1390,1310,1336,1310
1393,1276,1470,1276,1470,1316,1393,1316
553,1327,675,1333,673,1381,551,1374
683,1336,780,1336,780,1383,683,1383
826,1343,943,1343,943,1393,826,1393
786,1346,816,1346,816,1383,786,1383
1330,1370,1394,1378,1389,1418,1325,1410
1383,1376,1456,1376,1456,1413,1383,1413
553,1400,650,1400,650,1446,553,1446
657,1402,811,1409,809,1457,655,1451
820,1416,900,1416,900,1456,820,1456
1323,1446,1380,1446,1380,1483,1323,1483
1380,1446,1450,1446,1450,1483,1380,1483
553,1470,626,1470,626,1506,553,1506
633,1476,700,1476,700,1513,633,1513
1320,1513,1366,1513,1366,1546,1320,1546
1373,1513,1443,1513,1443,1550,1373,1550
553,1543,650,1543,650,1586,553,1586
656,1550,736,1550,736,1586,656,1586
750,1556,816,1556,816,1596,750,1596
1333,1586,1366,1586,1366,1623,1333,1623
1366,1590,1433,1590,1433,1623,1366,1623
746,1633,820,1633,820,1666,746,1666
830,1636,873,1636,873,1666,830,1666
880,1640,943,1640,943,1670,880,1670
950,1640,1023,1640,1023,1680,950,1680
1026,1646,1103,1646,1103,1680,1026,1680
1107,1646,1232,1654,1229,1691,1105,1682
556,1746,603,1746,603,1776,556,1776
606,1748,691,1753,689,1784,604,1779
693,1750,786,1750,786,1786,693,1786
1103,1768,1291,1777,1289,1813,1101,1803
1290,1780,1413,1780,1413,1813,1290,1813
733,1830,796,1830,796,1863,733,1863
800,1833,876,1833,876,1866,800,1866
883,1840,953,1840,953,1870,883,1870
960,1838,1035,1843,1032,1875,958,1869
1040,1849,1131,1853,1129,1880,1039,1876
1136,1850,1226,1850,1226,1883,1136,1883
610,1866,673,1866,673,1900,610,1900
683,1872,807,1878,806,1905,682,1899
813,1876,873,1876,873,1903,813,1903
880,1876,926,1876,926,1906,880,1906
933,1882,1050,1886,1049,1911,932,1907
1060,1886,1163,1886,1163,1910,1060,1910
1173,1893,1270,1893,1270,1916,1173,1916
1281,1887,1345,1897,1341,1922,1277,1912
623,1940,713,1940,713,1970,623,1970
720,1943,780,1943,780,1973,720,1973
790,1950,870,1950,870,1973,790,1973
883,1950,1016,1950,1016,1976,883,1976
1030,1953,1076,1953,1076,1976,1030,1976
1086,1953,1166,1953,1166,1976,1086,1976
1176,1956,1260,1956,1260,1976,1176,1976
1266,1956,1323,1956,1323,1980,1266,1980
687,1977,794,1981,793,2003,686,1999
853,1980,870,1980,870,2000,853,2000
873,1980,1006,1980,1006,2003,873,2003
1036,1980,1113,1980,1113,2003,1036,2003
810,1983,853,1983,853,2000,810,2000
1123,1983,1246,1983,1246,2003,1123,2003
930,2006,1030,2006,1030,2020,930,2020
