823,210,953,210,953,230,823,230
1106,230,1223,230,1223,253,1106,253
865,233,1019,228,1020,259,866,263
1023,233,1090,233,1090,256,1023,256
600,240,740,240,740,266,600,266
753,240,770,240,770,263,753,263
770,240,856,240,856,263,770,263
1196,260,1296,260,1296,290,1196,290
1023,263,1113,263,1113,293,1023,293
1120,263,1193,263,1193,293,1120,293
860,266,1013,266,1013,296,860,296
690,270,786,270,786,300,690,300
793,270,853,270,853,300,793,300
590,273,683,273,683,306,590,306
513,276,583,276,583,306,513,306
1103,340,1243,340,1243,370,1103,370
1246,340,1313,340,1313,370,1246,370
1024,347,1096,340,1099,371,1027,378
828,348,962,340,964,373,830,381
973,350,1020,350,1020,373,973,373
504,347,579,357,575,391,500,382
703,350,820,350,820,380,703,380
582,356,696,351,697,379,583,384
1116,386,1190,386,1190,420,1116,420
640,390,740,390,740,426,640,426
746,389,850,393,849,427,745,423
946,390,1020,390,1020,423,946,423
1026,390,1110,390,1110,423,1026,423
856,393,936,393,936,426,856,426
1135,473,1236,468,1237,503,1137,508
1240,470,1330,470,1330,500,1240,500
1333,470,1386,470,1386,503,1333,503
600,483,786,483,786,520,600,520
486,486,600,486,600,523,486,523
440,490,486,490,486,523,440,523
886,613,966,613,966,656,886,656
1106,613,1190,613,1190,650,1106,650
973,616,1046,616,1046,650,973,650
1050,616,1100,616,1100,650,1050,650
800,623,883,623,883,663,800,663
680,626,796,626,796,666,680,666
1120,696,1196,696,1196,743,1120,743
1200,696,1290,696,1290,740,1200,740
1300,696,1403,696,1403,740,1300,740
1280,780,1403,780,1403,820,1280,820
1236,826,1330,826,1330,866,1236,866
1143,830,1236,830,1236,866,1143,866
1333,830,1406,830,1406,866,1333,866
533,850,583,850,583,886,533,886
453,853,526,853,526,890,453,890
1306,900,1413,900,1413,943,1306,943
1138,907,1299,902,1301,947,1140,953
1040,910,1130,910,1130,953,1040,953
526,923,586,923,586,963,526,963
460,926,533,926,533,970,460,970
1286,976,1416,976,1416,1020,1286,1020
1173,983,1276,983,1276,1026,1173,1026
1001,990,1166,981,1168,1027,1004,1036
460,1006,588,994,592,1037,464,1049
1118,1097,1422,1079,1425,1123,1120,1142
930,1103,1006,1103,1006,1143,930,1143
463,1116,540,1116,540,1156,463,1156
1251,1137,1352,1130,1355,1166,1253,1173
1356,1133,1423,1133,1423,1170,1356,1170
1210,1140,1250,1140,1250,1173,1210,1173
946,1143,1016,1143,1016,1183,946,1183
1130,1143,1206,1143,1206,1180,1130,1180
1020,1146,1123,1146,1123,1180,1020,1180
893,1153,943,1153,943,1186,893,1186
1328,1207,1429,1200,1431,1239,1330,1246
1171,1213,1336,1205,1338,1249,1173,1257
1123,1216,1170,1216,1170,1253,1123,1253
1016,1220,1063,1220,1063,1256,1016,1256
936,1223,1010,1223,1010,1260,936,1260
470,1240,543,1240,543,1276,470,1276
550,1240,600,1240,600,1273,550,1273
1373,1250,1436,1250,1436,1293,1373,1293
1220,1256,1293,1256,1293,1293,1220,1293
1300,1256,1363,1256,1363,1290,1300,1290
1176,1260,1213,1260,1213,1293,1176,1293
1106,1263,1173,1263,1173,1300,1106,1300
1006,1266,1100,1266,1100,1300,1006,1300
885,1274,999,1269,1001,1308,887,1313
810,1276,880,1276,880,1313,810,1313
1128,1336,1439,1319,1442,1364,1130,1381
940,1340,1020,1340,1020,1383,940,1383
1020,1340,1046,1340,1046,1376,1020,1376
473,1360,553,1360,553,1403,473,1403
560,1363,583,1363,583,1396,560,1396
1321,1377,1443,1371,1445,1414,1323,1420
1196,1380,1316,1380,1316,1416,1196,1416
1063,1386,1096,1386,1096,1420,1063,1420
1100,1386,1150,1386,1150,1423,1100,1423
1153,1386,1196,1386,1196,1420,1153,1420
880,1390,1003,1390,1003,1426,880,1426
1006,1390,1056,1390,1056,1423,1006,1423
746,1393,876,1393,876,1440,746,1440
1366,1446,1450,1446,1450,1490,1366,1490
1256,1449,1364,1453,1363,1490,1255,1486
946,1460,1010,1460,1010,1500,946,1500
1016,1463,1103,1463,1103,1500,1016,1500
756,1476,806,1476,806,1513,756,1513
475,1490,606,1485,607,1527,477,1531
1373,1553,1456,1553,1456,1596,1373,1596
985,1571,1346,1559,1347,1603,986,1616
713,1583,836,1583,836,1626,713,1626
475,1595,672,1586,674,1630,477,1639
1353,1620,1463,1620,1463,1670,1353,1670
1266,1630,1346,1630,1346,1663,1266,1663
1018,1640,1239,1631,1241,1676,1020,1685
963,1643,1013,1643,1013,1683,963,1683
726,1646,833,1646,833,1686,726,1686
906,1646,956,1646,956,1683,906,1683
478,1662,626,1655,628,1700,480,1707
1138,1770,1266,1765,1268,1818,1140,1823
995,1775,1126,1770,1128,1822,997,1827
860,1773,983,1773,983,1833,860,1833
686,1783,850,1783,850,1840,686,1840
915,1921,1166,1916,1167,1961,916,1967
805,1927,922,1921,924,1963,807,1968
790,1933,810,1933,810,1963,790,1963
1320,1956,1433,1956,1433,1993,1320,1993
1233,1960,1316,1960,1316,2003,1233,2003
1196,1963,1230,1963,1230,2000,1196,2000
1070,1966,1183,1966,1183,2010,1070,2010
1036,1970,1066,1970,1066,2006,1036,2006
886,1973,950,1973,950,2020,886,2020
960,1973,1020,1973,1020,2013,960,2013
630,1976,710,1976,710,2020,630,2020
713,1976,806,1976,806,2013,713,2013
813,1976,886,1976,886,2016,813,2016
536,1980,630,1980,630,2013,536,2013
1340,2006,1456,2006,1456,2046,1340,2046
1233,2010,1336,2010,1336,2053,1233,2053
1170,2013,1226,2013,1226,2056,1170,2056
960,2016,1070,2016,1070,2056,960,2056
1076,2016,1166,2016,1166,2053,1076,2053
520,2017,619,2025,616,2070,517,2062
893,2020,950,2020,950,2063,893,2063
673,2023,780,2023,780,2063,673,2063
790,2023,880,2023,880,2063,790,2063
626,2030,660,2030,660,2066,626,2066
896,2140,1070,2140,1070,2173,896,2173
770,2143,896,2143,896,2176,770,2176
676,2150,770,2150,770,2173,676,2173
753,2160,1316,2160,1316,2303,753,2303
