820,256,902,246,906,275,824,286
970,270,1092,251,1097,284,975,304
689,285,818,261,824,288,694,312
888,284,958,273,964,309,894,320
640,293,682,287,686,312,644,318
735,308,888,284,894,322,741,347
1070,296,1172,287,1176,330,1074,339
1000,306,1070,306,1070,350,1000,350
638,327,729,313,734,349,644,363
899,328,991,315,996,357,904,369
626,336,643,336,643,360,626,360
466,353,614,332,619,368,471,388
739,352,891,333,896,374,744,393
676,363,733,363,733,403,676,403
573,376,666,376,666,416,573,416
472,397,568,386,574,432,477,443
1130,390,1196,390,1196,423,1130,423
986,415,1124,394,1129,429,991,450
403,410,466,410,466,450,403,450
916,423,983,423,983,463,916,463
860,436,913,436,913,470,860,470
721,464,852,440,859,476,728,501
1013,466,1083,466,1083,506,1013,506
601,485,717,465,724,504,608,523
918,484,1004,469,1011,511,925,525
485,505,597,486,603,521,491,540
840,496,918,486,922,522,845,532
757,510,836,504,838,539,760,545
410,513,486,508,489,549,413,555
651,523,752,518,754,556,653,561
1230,530,1276,530,1276,566,1230,566
551,543,645,530,651,572,557,586
1133,543,1225,534,1229,569,1137,578
1036,563,1132,550,1138,589,1041,603
531,658,712,626,719,670,538,702
383,684,534,657,541,697,390,724
1025,713,1105,700,1111,739,1031,753
976,720,1023,720,1023,760,976,760
900,734,969,728,972,762,903,769
823,736,900,736,900,783,823,783
1223,753,1316,753,1316,800,1223,800
742,766,819,757,824,796,747,806
1120,781,1211,763,1220,809,1129,828
613,787,739,773,743,813,618,827
1050,786,1123,786,1123,833,1050,833
1245,843,1318,833,1325,876,1251,886
1166,854,1255,843,1261,890,1171,901
1270,886,1326,886,1326,923,1270,923
1172,903,1261,879,1272,919,1183,944
1088,913,1176,908,1178,945,1090,951
1253,953,1330,953,1330,1000,1253,1000
1090,991,1244,963,1253,1010,1098,1038
1000,1007,1088,997,1093,1039,1004,1049
461,1034,584,1012,591,1052,468,1074
1238,1036,1333,1021,1340,1061,1245,1077
1136,1053,1232,1044,1236,1089,1140,1098
1070,1063,1133,1063,1133,1113,1070,1113
954,1089,1062,1072,1068,1115,961,1132
474,1102,597,1079,605,1121,482,1144
1246,1102,1368,1087,1374,1135,1252,1150
1146,1121,1241,1110,1246,1152,1151,1162
1120,1140,1140,1140,1140,1166,1120,1166
992,1152,1105,1135,1111,1177,998,1194
566,1163,603,1163,603,1196,566,1196
490,1177,562,1166,567,1203,495,1213
1302,1197,1381,1186,1386,1221,1308,1233
583,1230,630,1230,630,1266,583,1266
502,1244,585,1230,592,1270,509,1283
1195,1261,1388,1226,1395,1265,1202,1300
1116,1274,1203,1264,1207,1302,1120,1312
1306,1284,1395,1273,1400,1312,1311,1323
1023,1293,1063,1293,1063,1326,1023,1326
1202,1304,1302,1289,1308,1327,1208,1343
948,1307,1014,1296,1020,1332,954,1343
1136,1313,1203,1313,1203,1346,1136,1346
1083,1323,1133,1323,1133,1356,1083,1356
600,1326,640,1326,640,1363,600,1363
521,1342,593,1328,601,1367,529,1381
1026,1333,1076,1333,1076,1366,1026,1366
1155,1379,1405,1335,1412,1373,1161,1417
950,1343,1023,1343,1023,1380,950,1380
890,1356,943,1356,943,1396,890,1396
610,1370,650,1370,650,1406,610,1406
843,1370,890,1370,890,1403,843,1403
532,1387,602,1376,608,1412,538,1424
756,1380,840,1380,840,1416,756,1416
1255,1407,1411,1379,1418,1416,1262,1445
1146,1390,1156,1390,1156,1413,1146,1413
1040,1400,1083,1400,1083,1436,1040,1436
968,1414,1037,1402,1044,1440,975,1453
1194,1417,1255,1411,1258,1445,1197,1451
1146,1423,1190,1423,1190,1463,1146,1463
1043,1441,1138,1430,1143,1468,1047,1479
1356,1450,1423,1450,1423,1486,1356,1486
986,1453,1040,1453,1040,1493,986,1493
1257,1467,1352,1458,1355,1493,1260,1502
630,1480,673,1480,673,1516,630,1516
555,1498,625,1486,631,1521,561,1533
1051,1506,1129,1501,1131,1536,1053,1541
993,1513,1046,1513,1046,1553,993,1553
1383,1536,1440,1536,1440,1573,1383,1573
823,1556,870,1556,870,1590,823,1590
1095,1596,1344,1551,1351,1589,1102,1634
575,1607,691,1588,698,1628,582,1647
1358,1598,1449,1594,1451,1633,1360,1637
1039,1610,1102,1600,1108,1636,1045,1646
1272,1620,1355,1610,1359,1645,1276,1655
1240,1633,1263,1633,1263,1666,1240,1666
1074,1661,1237,1631,1245,1670,1081,1701
784,1662,904,1639,912,1678,792,1701
1030,1670,1073,1670,1073,1706,1030,1706
587,1704,761,1668,769,1706,595,1742
980,1680,1023,1680,1023,1716,980,1716
809,1712,918,1696,923,1732,814,1747
1189,1755,1300,1731,1311,1782,1201,1806
598,1765,731,1737,739,1775,606,1803
1069,1781,1185,1753,1197,1803,1080,1831
954,1806,1062,1781,1075,1832,966,1858
800,1840,949,1807,961,1862,812,1895
1362,1882,1455,1865,1461,1900,1368,1916
1167,1885,1233,1872,1241,1910,1174,1923
1023,1918,1170,1885,1178,1924,1032,1957
1294,1894,1362,1888,1365,1925,1297,1932
1266,1906,1296,1906,1296,1940,1266,1940
1393,1910,1480,1910,1480,1950,1393,1950
1159,1926,1254,1912,1259,1949,1164,1962
913,1943,1019,1918,1029,1957,922,1982
1297,1942,1386,1924,1394,1963,1305,1981
1140,1940,1163,1940,1163,1973,1140,1973
1073,1946,1120,1946,1120,1986,1073,1986
1253,1950,1300,1950,1300,1990,1253,1990
1174,1963,1249,1958,1252,1996,1176,2001
1013,1963,1066,1963,1066,2003,1013,2003
943,1977,1006,1971,1009,2009,947,2015
1073,1991,1167,1975,1174,2014,1079,2030
856,1998,941,1984,947,2019,862,2034
1020,2003,1066,2003,1066,2043,1020,2043
783,2012,857,2003,862,2042,788,2052
930,2021,1006,2015,1009,2052,933,2058
700,2028,786,2020,789,2054,703,2063
833,2036,926,2036,926,2076,833,2076
693,2070,760,2070,760,2106,693,2106
760,2073,780,2073,780,2100,760,2100
871,2153,1387,2050,1412,2178,896,2281
1123,2093,1183,2084,1186,2110,1127,2118
1042,2112,1122,2096,1127,2122,1047,2138
930,2138,1038,2115,1044,2140,935,2164
