1078,339,1169,333,1171,366,1080,372
920,350,1072,335,1076,373,924,388
873,350,920,350,920,383,873,383
1246,373,1390,373,1390,420,1246,420
1150,380,1230,380,1230,430,1150,430
684,380,841,401,835,447,678,426
844,403,1149,386,1151,434,847,452
1353,423,1473,423,1473,483,1353,483
596,433,673,433,673,483,596,483
1263,433,1346,433,1346,483,1263,483
1146,444,1255,434,1260,485,1150,495
676,443,780,443,780,496,676,496
968,453,1139,445,1141,499,970,507
786,453,886,453,886,503,786,503
896,460,960,460,960,506,896,506
594,547,678,568,666,617,582,596
1396,556,1480,556,1480,600,1396,600
1232,563,1389,558,1390,596,1233,601
1143,570,1219,564,1222,605,1147,611
676,568,791,574,789,612,674,606
1083,573,1140,573,1140,613,1083,613
800,576,926,576,926,616,800,616
930,580,1072,566,1076,607,934,621
733,626,840,626,840,673,733,673
1141,630,1239,625,1242,677,1143,681
1243,626,1323,626,1323,673,1243,673
846,628,958,635,956,681,844,674
1056,630,1140,630,1140,680,1056,680
963,636,1050,636,1050,680,963,680
1480,730,1543,730,1543,783,1480,783
1373,733,1476,733,1476,773,1373,773
526,736,696,736,696,786,526,786
1256,736,1370,736,1370,786,1256,786
693,742,890,746,889,795,692,791
986,903,1073,903,1073,956,986,956
1213,906,1303,906,1303,950,1213,950
756,910,896,910,896,956,756,956
1073,910,1146,910,1146,946,1073,946
1153,910,1206,910,1206,950,1153,950
900,913,983,913,983,956,900,956
1220,993,1300,993,1300,1043,1220,1043
1306,996,1406,996,1406,1043,1306,1043
1416,996,1533,996,1533,1046,1416,1046
540,1006,703,1006,703,1053,540,1053
1350,1090,1433,1090,1433,1130,1350,1130
1436,1093,1530,1093,1530,1136,1436,1136
627,1100,706,1095,709,1139,630,1145
546,1100,626,1100,626,1143,546,1143
1130,1163,1220,1163,1220,1210,1130,1210
1230,1166,1403,1166,1403,1216,1230,1216
1413,1170,1526,1170,1526,1216,1413,1216
620,1173,710,1173,710,1220,620,1220
550,1176,626,1176,626,1223,550,1223
1093,1239,1257,1245,1256,1294,1091,1288
1266,1246,1376,1246,1376,1293,1266,1293
1386,1250,1523,1250,1523,1300,1386,1300
640,1256,710,1256,710,1300,640,1300
550,1263,629,1258,632,1302,553,1308
1020,1346,1093,1346,1093,1386,1020,1386
1100,1350,1163,1350,1163,1386,1100,1386
1203,1353,1524,1368,1522,1413,1201,1398
643,1370,713,1370,713,1413,643,1413
554,1377,636,1371,639,1415,557,1421
897,1392,992,1397,989,1445,894,1440
990,1393,1080,1393,1080,1433,990,1433
813,1400,893,1400,893,1446,813,1446
1086,1400,1130,1400,1130,1436,1086,1436
1140,1403,1216,1403,1216,1436,1140,1436
1223,1403,1270,1403,1270,1440,1223,1440
1276,1403,1370,1403,1370,1453,1276,1453
760,1410,806,1410,806,1446,760,1446
1373,1415,1521,1421,1519,1467,1371,1461
1020,1463,1080,1463,1080,1503,1020,1503
1090,1467,1174,1477,1169,1515,1085,1505
836,1480,886,1480,886,1520,836,1520
1324,1476,1436,1496,1428,1535,1317,1515
1436,1490,1520,1490,1520,1540,1436,1540
558,1504,689,1498,691,1543,560,1549
1057,1564,1212,1576,1209,1614,1054,1602
789,1587,909,1574,913,1616,794,1630
1210,1576,1406,1592,1402,1636,1207,1619
556,1614,749,1591,754,1631,561,1654
1434,1592,1516,1600,1512,1638,1430,1630
1030,1630,1080,1630,1080,1666,1030,1666
976,1633,1026,1633,1026,1670,976,1670
1087,1628,1292,1647,1289,1686,1083,1668
796,1640,910,1640,910,1683,796,1683
1310,1653,1400,1653,1400,1693,1310,1693
1411,1650,1521,1665,1515,1713,1404,1699
558,1681,708,1661,714,1706,564,1726
936,1750,1046,1750,1046,1803,936,1803
1060,1748,1184,1753,1182,1801,1058,1796
1195,1756,1318,1771,1311,1828,1187,1813
763,1775,922,1760,927,1812,768,1827
884,1883,1139,1868,1141,1913,886,1928
1138,1876,1210,1887,1205,1926,1132,1915
870,1900,890,1900,890,1926,870,1926
1023,1916,1073,1916,1073,1953,1023,1953
1090,1916,1116,1916,1116,1950,1090,1950
1125,1911,1225,1933,1216,1971,1116,1949
956,1923,1010,1923,1010,1960,956,1960
886,1934,949,1927,953,1965,890,1971
797,1944,883,1937,886,1975,800,1981
1240,1943,1263,1943,1263,1973,1240,1973
1271,1937,1346,1955,1338,1991,1262,1974
720,1953,796,1953,796,2000,720,2000
1347,1950,1455,1968,1449,2003,1341,1986
1020,1956,1116,1956,1116,1993,1020,1993
960,1963,1006,1963,1006,2000,960,2000
1127,1959,1207,1972,1201,2010,1121,1998
624,1970,715,1965,718,1999,627,2005
864,1976,942,1971,945,2006,867,2011
1206,1976,1256,1976,1256,2016,1206,2016
1264,1980,1364,1992,1359,2036,1259,2025
758,1992,856,1985,858,2023,760,2029
1370,2010,1390,2010,1390,2033,1370,2033
1390,2003,1470,2011,1465,2049,1386,2040
610,2013,703,2013,703,2053,610,2053
961,2071,1046,2061,1048,2087,964,2096
1050,2063,1113,2063,1113,2086,1050,2086
843,2087,957,2062,965,2096,851,2121
754,2104,847,2085,854,2117,761,2136
831,2085,1315,2097,1312,2221,828,2209
