761,210,1832,210,1832,435,761,435
1202,430,1338,430,1338,477,1202,477
1349,430,1533,430,1533,477,1349,477
1538,430,1790,430,1790,482,1538,482
1795,435,1995,435,1995,493,1795,493
425,609,635,609,635,682,425,682
651,609,850,609,850,682,651,682
866,614,966,614,966,682,866,682
987,614,1155,614,1155,682,987,682
1181,614,1401,614,1401,693,1181,693
1422,614,1533,614,1533,687,1422,687
1569,614,1743,614,1743,693,1569,693
1764,624,1984,624,1984,703,1764,703
2016,630,2073,630,2073,693,2016,693
2110,616,2313,646,2301,730,2097,700
1407,682,1527,682,1527,771,1407,771
447,690,664,701,660,776,443,765
677,698,829,698,829,771,677,771
845,698,908,698,908,771,845,771
939,698,1155,698,1155,777,939,777
1170,698,1233,698,1233,771,1170,771
1270,698,1386,698,1386,771,1270,771
1548,703,1685,703,1685,777,1548,777
1706,703,1895,703,1895,782,1706,782
1905,708,2068,708,2068,792,1905,792
2085,711,2270,719,2267,800,2081,792
961,777,1734,793,1732,877,959,860
713,1018,971,1018,971,1134,713,1134
1312,1029,1569,1029,1569,1155,1312,1155
1003,1032,1278,1040,1275,1146,1000,1138
1602,1035,1950,1044,1946,1164,1598,1154
278,1302,498,1302,498,1407,278,1407
509,1312,703,1312,703,1396,509,1396
740,1309,1204,1325,1201,1417,737,1401
1228,1338,1449,1338,1449,1417,1228,1417
1611,1338,1869,1338,1869,1449,1611,1449
2068,1354,2388,1354,2388,1443,2068,1443
278,1459,435,1459,435,1543,278,1543
499,1446,963,1460,960,1556,496,1543
950,1464,1270,1464,1270,1559,950,1559
1607,1478,1902,1487,1899,1580,1604,1572
1958,1496,2283,1496,2283,1585,1958,1585
2278,1501,2383,1501,2383,1590,2278,1590
273,1680,430,1680,430,1779,273,1779
449,1671,676,1701,663,1801,436,1771
998,1703,1189,1711,1185,1797,994,1789
1197,1706,1338,1706,1338,1811,1197,1811
1648,1722,1758,1722,1758,1806,1648,1806
2079,1722,2362,1722,2362,1821,2079,1821
278,1848,388,1848,388,1926,278,1926
410,1835,727,1848,724,1943,406,1931
740,1858,903,1858,903,1947,740,1947
913,1869,1081,1869,1081,1953,913,1953
1244,1874,1391,1874,1391,1963,1244,1963
1097,1879,1228,1879,1228,1963,1097,1963
1407,1871,1616,1882,1611,1987,1402,1976
273,1947,926,1967,923,2061,270,2041
1107,1989,1170,1989,1170,2068,1107,2068
1170,1984,1333,1984,1333,2068,1170,2068
2115,2016,2184,2016,2184,2100,2115,2100
2189,2021,2352,2021,2352,2100,2189,2100
284,2168,554,2180,550,2283,280,2272
572,2184,792,2184,792,2289,572,2289
813,2194,1170,2194,1170,2299,813,2299
2110,2247,2189,2247,2189,2341,2110,2341
2178,2247,2341,2247,2341,2336,2178,2336
289,2331,506,2339,503,2443,286,2435
525,2337,868,2344,866,2452,523,2446
887,2352,1076,2352,1076,2457,887,2457
2100,2415,2331,2415,2331,2504,2100,2504
299,2493,462,2493,462,2588,299,2588
477,2514,624,2514,624,2593,477,2593
2094,2572,2157,2572,2157,2651,2094,2651
2163,2577,2320,2577,2320,2656,2163,2656
304,2667,514,2667,514,2766,304,2766
530,2677,719,2677,719,2772,530,2772
740,2693,892,2693,892,2787,740,2787
745,2871,913,2871,913,2950,745,2950
934,2877,1029,2877,1029,2955,934,2955
1050,2882,1197,2882,1197,2961,1050,2961
1202,2877,1375,2877,1375,2976,1202,2976
1386,2892,1554,2892,1554,2976,1386,2976
1575,2897,1851,2910,1847,2994,1571,2981
341,3123,441,3123,441,3197,341,3197
453,3129,639,3143,634,3215,447,3201
645,3139,845,3139,845,3218,645,3218
1570,3173,1956,3191,1952,3267,1566,3249
1990,3195,2285,3204,2283,3277,1988,3268
1958,3207,1989,3207,1989,3255,1958,3255
745,3312,882,3312,882,3386,745,3386
897,3318,1065,3318,1065,3396,897,3396
1086,3328,1233,3328,1233,3402,1086,3402
1254,3339,1412,3339,1412,3407,1254,3407
1433,3347,1640,3357,1637,3430,1430,3420
1659,3360,1858,3360,1858,3438,1659,3438
483,3386,619,3386,619,3449,483,3449
635,3393,910,3406,907,3466,632,3454
929,3412,1060,3412,1060,3470,929,3470
1081,3417,1176,3417,1176,3475,1081,3475
1197,3421,1461,3433,1458,3493,1194,3481
1481,3430,1718,3436,1716,3508,1479,3501
1738,3450,1959,3460,1957,3513,1735,3504
1981,3449,2132,3467,2124,3538,1973,3520
530,3538,726,3546,724,3613,528,3606
735,3559,866,3559,866,3617,735,3617
887,3564,1060,3564,1060,3622,887,3622
1097,3568,1393,3580,1390,3644,1095,3632
1417,3591,1522,3591,1522,3648,1417,3648
1554,3601,1732,3601,1732,3659,1554,3659
1753,3606,1942,3606,1942,3675,1753,3675
1958,3617,2089,3617,2089,3680,1958,3680
677,3620,904,3629,902,3683,675,3674
939,3638,1029,3638,1029,3690,939,3690
1029,3636,1377,3653,1374,3712,1026,3695
1397,3657,1613,3666,1611,3721,1394,3712
1638,3672,1922,3681,1921,3737,1636,3728
1045,3709,1198,3717,1196,3757,1043,3749
1208,3706,1472,3726,1468,3778,1204,3757
1480,3727,1559,3727,1559,3774,1480,3774
