757,687,1219,705,1215,803,753,784
936,790,986,790,986,810,936,810
620,838,708,845,705,879,617,872
710,850,796,850,796,886,710,886
800,856,846,856,846,890,800,890
850,860,923,860,923,893,850,893
926,866,1013,866,1013,900,926,900
1023,873,1066,873,1066,906,1023,906
1080,880,1153,880,1153,910,1080,910
627,879,725,888,722,921,624,912
1153,881,1245,888,1242,923,1151,915
727,885,795,890,792,925,724,919
1251,884,1371,902,1365,939,1246,921
793,893,823,893,823,926,793,926
834,894,925,901,922,936,831,929
926,906,950,906,950,936,926,936
963,906,1010,906,1010,936,963,936
1020,910,1070,910,1070,943,1020,943
1073,913,1130,913,1130,946,1073,946
1133,917,1355,933,1353,967,1131,951
840,932,1052,948,1049,984,837,969
1050,948,1148,954,1146,989,1048,983
750,1040,853,1040,853,1086,750,1086
863,1050,973,1050,973,1093,863,1093
980,1050,1083,1050,1083,1100,980,1100
1090,1061,1227,1065,1226,1111,1088,1106
586,1153,663,1153,663,1186,586,1186
667,1151,748,1157,746,1189,664,1182
756,1156,830,1156,830,1193,756,1193
830,1158,941,1164,939,1201,828,1195
940,1166,990,1166,990,1203,940,1203
990,1170,1030,1170,1030,1203,990,1203
1093,1175,1192,1182,1189,1222,1090,1215
1263,1184,1387,1189,1386,1224,1262,1219
573,1206,640,1206,640,1243,573,1243
663,1205,845,1215,842,1253,661,1243
843,1220,963,1220,963,1256,843,1256
1090,1230,1203,1230,1203,1266,1090,1266
1223,1236,1388,1245,1386,1282,1221,1273
566,1293,633,1293,633,1333,566,1333
637,1296,730,1307,725,1342,633,1331
853,1308,931,1313,929,1348,851,1342
930,1320,986,1320,986,1353,930,1353
1103,1323,1146,1323,1146,1356,1103,1356
1270,1325,1382,1331,1379,1370,1268,1364
563,1356,701,1363,699,1399,561,1392
706,1366,776,1366,776,1403,706,1403
780,1370,858,1375,856,1407,778,1403
861,1369,945,1377,942,1415,857,1407
943,1380,993,1380,993,1410,943,1410
1070,1383,1150,1383,1150,1416,1070,1416
996,1386,1066,1386,1066,1416,996,1416
560,1399,824,1410,822,1448,558,1437
870,1416,916,1416,916,1450,870,1450
920,1420,983,1420,983,1453,920,1453
1266,1436,1313,1436,1313,1470,1266,1470
1313,1440,1380,1440,1380,1473,1313,1473
553,1493,666,1493,666,1533,553,1533
676,1500,770,1500,770,1543,676,1543
806,1503,916,1503,916,1550,806,1550
773,1506,803,1506,803,1540,773,1540
1263,1530,1310,1530,1310,1563,1263,1563
1310,1533,1376,1533,1376,1566,1310,1566
550,1560,643,1560,643,1606,550,1606
646,1563,793,1563,793,1610,646,1610
800,1573,876,1573,876,1613,800,1613
1260,1596,1306,1596,1306,1633,1260,1633
1310,1600,1376,1600,1376,1636,1310,1636
550,1630,620,1630,620,1666,550,1666
620,1640,686,1640,686,1670,620,1670
1256,1663,1303,1663,1303,1700,1256,1700
1306,1666,1376,1666,1376,1703,1306,1703
543,1706,636,1706,636,1750,543,1750
640,1713,720,1713,720,1753,640,1753
726,1716,793,1716,793,1753,726,1753
1280,1743,1310,1743,1310,1780,1280,1780
1306,1746,1373,1746,1373,1783,1306,1783
723,1796,796,1796,796,1830,723,1830
800,1800,846,1800,846,1833,800,1833
850,1803,913,1803,913,1836,850,1836
916,1803,990,1803,990,1843,916,1843
993,1806,1063,1806,1063,1843,993,1843
1070,1805,1190,1818,1186,1858,1066,1845
530,1920,576,1920,576,1956,530,1956
581,1920,666,1931,661,1966,576,1955
663,1926,756,1926,756,1963,663,1963
1067,1946,1255,1959,1252,1999,1064,1986
1253,1960,1381,1965,1379,2004,1251,1998
693,2023,763,2023,763,2063,693,2063
763,2026,843,2026,843,2066,763,2066
847,2030,920,2040,915,2076,842,2066
923,2040,996,2040,996,2076,923,2076
1003,2045,1099,2053,1095,2095,999,2086
1103,2056,1196,2056,1196,2096,1103,2096
570,2066,633,2066,633,2106,570,2106
637,2071,768,2082,766,2117,634,2106
773,2086,833,2086,833,2116,773,2116
840,2086,890,2086,890,2123,840,2123
893,2092,1017,2096,1016,2131,892,2127
1023,2095,1135,2104,1132,2141,1020,2132
1140,2109,1244,2113,1243,2147,1138,2143
1250,2114,1322,2120,1318,2158,1247,2152
566,2170,663,2170,663,2220,566,2220
666,2180,736,2180,736,2223,666,2223
740,2183,830,2183,830,2226,740,2226
837,2184,985,2193,982,2241,834,2232
990,2203,1046,2203,1046,2243,990,2243
1053,2206,1146,2206,1146,2253,1053,2253
1150,2210,1243,2210,1243,2253,1150,2253
1243,2216,1313,2216,1313,2256,1243,2256
627,2229,748,2235,746,2271,625,2264
756,2236,823,2236,823,2273,756,2273
827,2235,979,2247,975,2292,823,2280
980,2253,1086,2253,1086,2293,980,2293
1093,2258,1235,2266,1232,2304,1091,2296
880,2294,1014,2301,1013,2335,878,2328
1016,2306,1060,2306,1060,2336,1016,2336
