798,277,1241,313,1232,425,789,389
974,401,1026,408,1022,433,970,425
1027,411,1091,417,1089,442,1024,436
1094,418,1185,431,1181,456,1090,443
670,457,755,465,752,500,667,492
756,467,839,473,836,511,754,505
840,476,883,476,883,513,840,513
886,483,956,483,956,516,886,516
960,484,1043,493,1039,528,956,520
1300,493,1376,493,1376,526,1300,526
680,497,769,506,766,542,677,532
1050,500,1090,500,1090,533,1050,533
1266,506,1290,506,1290,530,1266,530
1100,504,1168,509,1166,541,1097,536
1173,505,1257,510,1255,542,1171,538
771,506,834,516,829,549,765,538
836,520,860,520,860,550,836,550
873,517,958,524,956,559,871,552
963,530,983,530,983,556,963,556
996,530,1040,530,1040,560,996,560
1284,537,1362,527,1366,558,1288,568
1043,536,1090,536,1090,570,1043,570
1093,540,1146,540,1146,573,1093,573
1226,540,1286,540,1286,570,1226,570
1150,543,1223,543,1223,573,1150,573
880,556,940,556,940,593,880,593
940,559,1069,572,1066,608,936,596
1070,576,1146,576,1146,610,1070,610
793,660,890,660,890,706,793,706
900,668,1005,673,1002,718,898,712
1010,670,1108,675,1106,724,1008,719
1113,676,1243,676,1243,723,1113,723
630,761,715,768,712,804,627,797
1282,776,1402,760,1406,794,1287,810
717,765,785,771,782,805,714,799
804,770,975,783,972,819,801,806
1120,783,1210,783,1210,823,1120,823
976,786,1016,786,1016,816,976,816
1020,786,1060,786,1060,816,1020,816
1243,833,1399,814,1403,849,1247,868
630,820,693,820,693,853,630,853
716,822,871,831,869,866,714,857
870,836,886,836,886,863,870,863
883,833,960,833,960,866,883,866
1120,836,1223,836,1223,870,1120,870
956,840,996,840,996,870,956,870
1288,911,1393,892,1400,929,1295,947
630,903,690,903,690,940,630,940
694,903,783,918,777,953,688,938
896,916,966,916,966,950,896,950
1133,920,1176,920,1176,950,1133,950
970,923,1023,923,1023,956,970,956
623,966,670,966,670,1000,623,1000
676,970,730,970,730,1003,676,1003
736,971,825,977,822,1009,734,1003
827,973,936,983,932,1018,824,1008
936,976,1094,981,1093,1016,935,1010
1096,980,1156,980,1156,1013,1096,1013
1333,1006,1393,1006,1393,1043,1333,1043
623,1008,814,1013,813,1049,622,1043
1310,1013,1330,1013,1330,1043,1310,1043
813,1016,870,1016,870,1050,813,1050
936,1023,956,1023,956,1050,936,1050
960,1020,1020,1020,1020,1053,960,1053
1333,1046,1393,1046,1393,1083,1333,1083
623,1050,693,1050,693,1083,623,1083
623,1108,754,1115,752,1146,621,1139
753,1116,843,1116,843,1146,753,1146
850,1114,928,1121,926,1153,847,1146
930,1116,993,1116,993,1153,930,1153
1100,1120,1156,1120,1156,1153,1100,1153
1160,1120,1196,1120,1196,1150,1160,1150
1200,1120,1240,1120,1240,1150,1200,1150
996,1123,1043,1123,1043,1153,996,1153
1043,1123,1093,1123,1093,1156,1043,1156
620,1150,866,1150,866,1183,620,1183
1330,1150,1393,1150,1393,1183,1330,1183
1306,1156,1330,1156,1330,1183,1306,1183
933,1160,956,1160,956,1186,933,1186
960,1156,1020,1156,1020,1190,960,1190
620,1186,690,1186,690,1220,620,1220
1330,1190,1393,1190,1393,1223,1330,1223
1306,1196,1326,1196,1326,1223,1306,1223
620,1246,730,1246,730,1280,620,1280
736,1250,836,1250,836,1280,736,1280
843,1253,916,1253,916,1283,843,1283
920,1253,946,1253,946,1283,920,1283
953,1253,1013,1253,1013,1286,953,1286
1016,1256,1063,1256,1063,1286,1016,1286
1066,1256,1110,1256,1110,1286,1066,1286
1113,1256,1163,1256,1163,1293,1113,1293
1163,1256,1253,1256,1253,1290,1163,1290
616,1286,713,1286,713,1320,616,1320
713,1290,863,1290,863,1323,713,1323
910,1293,953,1293,953,1323,910,1323
956,1293,1016,1293,1016,1326,956,1326
1283,1293,1326,1293,1326,1326,1283,1326
1330,1293,1393,1293,1393,1326,1330,1326
616,1373,720,1373,720,1410,616,1410
726,1376,813,1376,813,1413,726,1413
850,1373,954,1378,953,1417,848,1412
823,1383,846,1383,846,1413,823,1413
1283,1383,1333,1383,1333,1420,1283,1420
1326,1383,1390,1383,1390,1416,1326,1416
613,1436,716,1436,716,1473,613,1473
726,1440,810,1440,810,1476,726,1476
816,1440,870,1440,870,1476,816,1476
880,1443,973,1443,973,1480,880,1480
1330,1450,1390,1450,1390,1483,1330,1483
1293,1456,1326,1456,1326,1483,1293,1483
610,1500,700,1500,700,1543,610,1543
703,1500,836,1500,836,1540,703,1540
843,1503,916,1503,916,1540,843,1540
1263,1516,1326,1516,1326,1553,1263,1553
1330,1516,1393,1516,1393,1553,1330,1553
610,1563,676,1563,676,1600,610,1600
680,1570,743,1570,743,1600,680,1600
1266,1580,1326,1580,1326,1616,1266,1616
1330,1583,1393,1583,1393,1620,1330,1620
606,1636,693,1636,693,1676,606,1676
700,1636,773,1636,773,1673,700,1673
783,1640,843,1640,843,1676,783,1676
1280,1656,1326,1656,1326,1693,1280,1693
1333,1660,1393,1660,1393,1696,1333,1696
780,1713,850,1713,850,1746,780,1746
853,1713,896,1713,896,1746,853,1746
900,1713,960,1713,960,1746,900,1746
963,1716,1030,1716,1030,1753,963,1753
1033,1720,1100,1720,1100,1753,1033,1753
1104,1715,1217,1728,1212,1768,1100,1755
603,1833,650,1833,650,1873,603,1873
650,1837,729,1846,726,1878,647,1869
730,1840,816,1840,816,1873,730,1873
1104,1848,1263,1866,1258,1905,1099,1887
1257,1863,1400,1878,1396,1917,1253,1902
760,1923,823,1923,823,1960,760,1960
824,1926,899,1921,901,1959,827,1964
903,1926,970,1926,970,1963,903,1963
973,1931,1045,1937,1042,1971,971,1966
1047,1937,1137,1951,1131,1989,1041,1975
1137,1951,1222,1958,1219,1994,1134,1987
646,1966,706,1966,706,2003,646,2003
710,1968,831,1977,829,2011,708,2002
836,1973,896,1973,896,2006,836,2006
900,1973,943,1973,943,2010,900,2010
950,1978,1065,1987,1062,2021,947,2013
1066,1987,1169,1995,1166,2031,1064,2023
1171,2000,1273,2014,1269,2046,1167,2033
1278,2008,1348,2023,1340,2060,1270,2045
650,2056,740,2056,740,2103,650,2103
743,2063,806,2063,806,2100,743,2100
810,2063,890,2063,890,2103,810,2103
898,2062,1033,2075,1029,2115,894,2102
1036,2080,1090,2080,1090,2123,1036,2123
1093,2090,1176,2090,1176,2130,1093,2130
1183,2100,1266,2100,1266,2140,1183,2140
706,2109,817,2113,816,2145,705,2141
826,2110,890,2110,890,2143,826,2143
887,2109,1022,2122,1019,2158,884,2146
1270,2113,1333,2113,1333,2153,1270,2153
1027,2123,1129,2134,1125,2171,1023,2160
1134,2136,1264,2155,1259,2191,1129,2172
870,2154,944,2159,943,2187,868,2183
944,2157,1063,2173,1059,2205,939,2189
1063,2176,1103,2176,1103,2206,1063,2206
